
Birth-death simulation object with 141 species and 26 extant species

Details for some species:

Extinction times (NA means extant)
[1] 34.13308 42.12178 42.54408 32.15560 39.57234 35.09945


Speciation times 
[1] 49.26651 47.79724 47.70614 46.24099 45.76597 39.62514


Species parents (NA for initial)
[1] NA  1  1  1  1  1


Species status (extinct or extant)
[1] "extinct" "extinct" "extinct" "extinct" "extinct" "extinct"


For more details on vector y, try sim$y, with y one of
TE TS PAR EXTANT



$TE
  [1] 34.1330797 42.1217793 42.5440769 32.1555987 39.5723382 35.0994533
  [7] 27.9033850 44.2498343 42.0185988 29.9860883 40.3341326 23.4659733
 [13] 36.6239752 30.1588543 33.2573511 31.1521348 30.8766311 39.6963088
 [19] 33.2308823 30.6647863 33.5625501 19.9305704 11.0346698 16.8020224
 [25] 22.3319325 22.4365661 33.4086915 38.1583627 23.5547966 26.8786531
 [31] 28.4858821 25.5029810 12.4197849 14.9628694 15.1397406 15.0195667
 [37]         NA 14.2092272 17.3140099 20.6975638 29.6610198 19.8631402
 [43] 12.4559928 15.0532284 29.9059569 27.8035420 29.1314483 25.2194009
 [49] 21.2774486 14.9609987 12.3610829 17.1077448 13.4981592 19.1570069
 [55] 13.8494565 10.9258286         NA         NA 12.5175593  5.6643005
 [61] 17.4372164 18.5631691 16.6905484 15.3328627 25.7842364 23.4802642
 [67] 30.2654046 28.7271709 17.1014329 14.1900106  6.4495500 16.7016199
 [73] 13.2929684 13.1593019  1.4097569         NA         NA         NA
 [79] 12.9781346  6.7616270 11.5164126 13.9925605 11.6651894 17.2647339
 [85] 13.8606895 26.8053833 20.2190005 16.8243572 15.2396603 11.8270761
 [91]         NA 11.6020169 16.9387607 15.5227677 18.1423713 13.0997186
 [97] 15.0056086 11.4231292         NA         NA  4.1023903 12.2655201
[103]  2.8799445 13.3119169         NA         NA 16.5442192  3.1749796
[109]  7.5167707  3.2415415  5.8223843  5.4902462  4.1389560         NA
[115] 10.1067468  9.6505868  0.7367865  6.8705021         NA         NA
[121]         NA  1.4786767         NA  6.6210955  0.9673349         NA
[127]         NA  2.1823523         NA         NA  1.6720319  0.4913238
[133]         NA  1.0452750         NA         NA  0.4551717         NA
[139]         NA         NA  0.9341056

$TS
  [1] 49.2665115 47.7972428 47.7061441 46.2409949 45.7659730 39.6251354
  [7] 34.8489534 44.5572562 45.2421407 44.0110004 42.7026929 37.2268317
 [13] 36.8400419 39.5799429 38.4722638 36.4991922 34.3623068 41.2604296
 [19] 39.9688115 30.9351714 34.6785574 33.6683051 29.5591302 27.5769179
 [25] 25.6713733 33.6404604 33.8291292 38.5621079 33.6528563 33.4405638
 [31] 31.7869152 29.8423065 26.3410762 25.8121560 25.5646660 21.6539092
 [37] 15.6258665 23.6970303 23.6910856 31.6047053 31.1120104 26.3847640
 [43] 25.9923155 32.3811165 32.0081388 31.5310837 30.4986249 31.6839660
 [49] 29.0107831 16.9771364 15.4492344 20.4524351 20.6375051 19.3971376
 [55] 16.3263387 11.0853555  6.2249924  2.1425756 23.7260038 13.8394740
 [61] 22.8466340 21.5427791 17.1178794 15.6230331 29.7352061 29.4356642
 [67] 30.3972907 29.8507065 22.8648317 14.3665810 12.4155071 17.6789204
 [73] 14.7012414 14.1261408  3.4664566  2.1578402  1.1085408  0.1555530
 [79] 20.3993449 19.4418932 15.6534928 14.1463536 13.4023572 19.4388992
 [85] 20.6534577 27.4188406 26.6908936 25.2446162 18.7161948 16.2146046
 [91] 13.9646844 11.7550821 19.6757467 18.3001104 20.0054782 19.8717946
 [97] 16.7942522 12.3985699  8.7824239  6.7907248  5.7708147 19.2422831
[103] 14.0995111 15.2458939  7.5960724  1.0885187 16.6400633 14.4390063
[109] 10.0262276  3.2740437  7.3857888  6.0691949  6.0460392  5.2987096
[115] 12.9037586 11.3886890  9.1396783  9.0829958  3.9467608  7.6532624
[121]  5.2204763  3.8522483  0.9876979  8.9539078  2.9043766  1.0392829
[127]  3.7238526  7.0304974  6.7517317  1.9472949  5.5065370  4.9101250
[133]  3.2899890  1.5298748  1.5151757  4.0040319  2.4215046  2.3710773
[139]  1.8748177  0.3780741  1.5375184

$PAR
  [1]  NA   1   1   1   1   1   1   2   3   4   4   4   4   5   6   6   7  10
 [19]  10  10  12  12  12  12  12  15  16  19  22  22  22  22  23  23  23  23
 [37]  23  24  25  26  26  26  26  30  30  30  30  31  32  33  33  35  36  36
 [55]  36  37  37  37  40  43  44  44  44  44  46  46  47  48  49  51  51  53
 [73]  53  55  57  57  57  57  59  59  59  59  59  61  62  66  66  66  79  79
 [91]  79  83  85  85  88  88  89  91  91  91  91  96  96  97  99  99 102 102
[109] 103 103 105 105 105 105 108 108 108 108 108 109 113 114 114 117 117 117
[127] 121 124 124 127 128 128 128 129 130 131 131 133 133 136 137

$EXTANT
  [1] FALSE FALSE FALSE FALSE FALSE FALSE FALSE FALSE FALSE FALSE FALSE FALSE
 [13] FALSE FALSE FALSE FALSE FALSE FALSE FALSE FALSE FALSE FALSE FALSE FALSE
 [25] FALSE FALSE FALSE FALSE FALSE FALSE FALSE FALSE FALSE FALSE FALSE FALSE
 [37]  TRUE FALSE FALSE FALSE FALSE FALSE FALSE FALSE FALSE FALSE FALSE FALSE
 [49] FALSE FALSE FALSE FALSE FALSE FALSE FALSE FALSE  TRUE  TRUE FALSE FALSE
 [61] FALSE FALSE FALSE FALSE FALSE FALSE FALSE FALSE FALSE FALSE FALSE FALSE
 [73] FALSE FALSE FALSE  TRUE  TRUE  TRUE FALSE FALSE FALSE FALSE FALSE FALSE
 [85] FALSE FALSE FALSE FALSE FALSE FALSE  TRUE FALSE FALSE FALSE FALSE FALSE
 [97] FALSE FALSE  TRUE  TRUE FALSE FALSE FALSE FALSE  TRUE  TRUE FALSE FALSE
[109] FALSE FALSE FALSE FALSE FALSE  TRUE FALSE FALSE FALSE FALSE  TRUE  TRUE
[121]  TRUE FALSE  TRUE FALSE FALSE  TRUE  TRUE FALSE  TRUE  TRUE FALSE FALSE
[133]  TRUE FALSE  TRUE  TRUE FALSE  TRUE  TRUE  TRUE FALSE

