
Birth-death simulation object with 120 species and 39 extant species

Details for some species:

Extinction times (NA means extant)
[1] 41.44079 33.84929 31.41978 39.01555 33.88963 40.19055


Speciation times 
[1] 49.26651 48.10358 44.47505 44.33820 43.41443 40.26883


Species parents (NA for initial)
[1] NA  1  1  1  1  2


Species status (extinct or extant)
[1] "extinct" "extinct" "extinct" "extinct" "extinct" "extinct"


For more details on vector y, try sim$y, with y one of
TE TS PAR EXTANT



$TE
  [1] 41.4407851 33.8492935 31.4197822 39.0155480 33.8896253 40.1905468
  [7] 10.3482634 37.9552118 39.4938565 24.5760406 36.1109814 21.4339803
 [13] 19.2717978  4.8618920  6.1209543 12.8314490 31.0968569 27.9205559
 [19] 21.8227569 13.9916513 20.9740943  3.3399737 20.2563639         NA
 [25]  6.0434117         NA         NA         NA  6.5328619  0.8161068
 [31]  6.0158296 25.1862990 21.5802881 17.4424467 16.0200451 21.0690271
 [37] 15.2578676 14.6598065 15.1260703 17.5254995  3.5984070  1.6547961
 [43]  1.5169102         NA         NA  8.7327010         NA  3.6578973
 [49]  2.3974352  3.1686508         NA         NA         NA         NA
 [55]  1.9318498         NA         NA  1.0874837         NA 31.7951079
 [61] 20.5505661 29.3880557 26.5857586 17.7896389 23.8688185 18.0877503
 [67] 21.4103584 14.3802526 22.3848872 13.6517307  3.6498515         NA
 [73]  2.1735984         NA         NA  7.8082337         NA  2.1678320
 [79]         NA  0.9935086         NA  6.7927850         NA  0.4280605
 [85]         NA 13.0150429 14.5995802 14.8026390  6.2489095  4.9995014
 [91]         NA  1.7251018         NA  1.8478066  1.5829436         NA
 [97]         NA         NA 11.5931465 11.2329732  8.9929559         NA
[103]         NA  4.6722388  4.3884423         NA         NA 10.9476145
[109]  3.9418844  2.1670524         NA         NA         NA  5.8276696
[115]  5.5995607         NA         NA         NA         NA         NA

$TS
  [1] 49.26651148 48.10357561 44.47505081 44.33820224 43.41442582 40.26883454
  [7] 39.68249513 42.96723324 42.45979704 38.80079040 37.54633237 29.11345358
 [13] 28.33188260 16.02769677 15.62141278 15.40442991 35.34689192 30.19671214
 [19] 27.67823475 24.70419844 26.43954432 26.75269114 21.66593347 14.78290435
 [25]  8.83859974  8.02388922  7.24782362  6.27740434  7.42775614  6.89823196
 [31]  6.85039382 32.30325451 27.01774212 22.05509924 21.94049068 23.33861855
 [37] 17.19279597 26.39289294 19.01303221 18.52339654  8.52680327  7.61722083
 [43]  5.85289298  4.10944279  3.45134440  9.93969847  8.56506434  6.67519007
 [49]  4.59245889  3.84055328  2.40418722  7.00289294  1.33297357  0.78396493
 [55]  2.56758020  0.74704211  0.71577244  7.15761594  2.02136668 32.02219267
 [61] 31.15346277 30.90031807 29.00212825 28.02139984 26.56062136 19.21585129
 [67] 22.93795894 15.96683271 24.07792601 18.05377711  7.10913255  6.39997947
 [73]  5.46073271  2.28497962  0.17627120  9.63119854  6.69605551  6.11302403
 [79]  1.98794122  5.52080362  2.31370851  6.87972147  0.04200739  0.48385314
 [85]  6.25823194 21.73492857 15.66059567 22.95661855 17.62322252  5.79534475
 [91]  3.28190829  2.36434998  8.69075440  5.19714936  2.93695669  3.76769607
 [97]  1.73213675  1.39219806 15.04199863 15.95135213 13.01587185 10.01426106
[103]  0.48709838  7.26993964  4.93582955  2.01944488  0.02916715 11.90878395
[109]  9.39089130  3.09696178  2.37822140  1.31119282  1.64069195  7.26501753
[115]  6.62087474  6.12299716  5.97084899  3.00757865  2.06556575  0.65909259

$PAR
  [1]  NA   1   1   1   1   2   2   4   4   5   7   7   7   7   7   7  10  10
 [19]  10  10  12  13  13  14  14  14  14  14  15  15  15  17  19  19  19  20
 [37]  20  22  22  22  22  22  22  22  22  24  24  26  26  26  26  27  27  27
 [55]  28  28  28  29  30  32  32  32  32  32  32  35  36  37  38  38  42  42
 [73]  43  45  45  46  47  47  47  48  51  52  54  56  58  64  68  69  70  71
 [91]  72  73  76  78  80  85  85  85  88  89  89  89  91  93  93  93  98 101
[109] 101 102 102 102 106 109 109 115 115 116 117 118

$EXTANT
  [1] FALSE FALSE FALSE FALSE FALSE FALSE FALSE FALSE FALSE FALSE FALSE FALSE
 [13] FALSE FALSE FALSE FALSE FALSE FALSE FALSE FALSE FALSE FALSE FALSE  TRUE
 [25] FALSE  TRUE  TRUE  TRUE FALSE FALSE FALSE FALSE FALSE FALSE FALSE FALSE
 [37] FALSE FALSE FALSE FALSE FALSE FALSE FALSE  TRUE  TRUE FALSE  TRUE FALSE
 [49] FALSE FALSE  TRUE  TRUE  TRUE  TRUE FALSE  TRUE  TRUE FALSE  TRUE FALSE
 [61] FALSE FALSE FALSE FALSE FALSE FALSE FALSE FALSE FALSE FALSE FALSE  TRUE
 [73] FALSE  TRUE  TRUE FALSE  TRUE FALSE  TRUE FALSE  TRUE FALSE  TRUE FALSE
 [85]  TRUE FALSE FALSE FALSE FALSE FALSE  TRUE FALSE  TRUE FALSE FALSE  TRUE
 [97]  TRUE  TRUE FALSE FALSE FALSE  TRUE  TRUE FALSE FALSE  TRUE  TRUE FALSE
[109] FALSE FALSE  TRUE  TRUE  TRUE FALSE FALSE  TRUE  TRUE  TRUE  TRUE  TRUE

