
Birth-death simulation object with 108 species and 36 extant species

Details for some species:

Extinction times (NA means extant)
[1] 47.46047 41.68885 45.99680 39.73230 26.01536 39.95685


Speciation times 
[1] 49.26651 47.85363 46.42357 42.76810 42.00992 39.99700


Species parents (NA for initial)
[1] NA  1  2  2  2  4


Species status (extinct or extant)
[1] "extinct" "extinct" "extinct" "extinct" "extinct" "extinct"


For more details on vector y, try sim$y, with y one of
TE TS PAR EXTANT



$TE
  [1] 47.4604710 41.6888533 45.9968021 39.7323035 26.0153583 39.9568539
  [7] 35.3055899 11.9262453 28.9375095 23.0385487 31.0723048 13.2242977
 [13] 29.8856731 19.2015864  5.5805991 17.1634382 13.1838760 17.1243708
 [19] 24.5716304 15.0994503 14.6095657  5.8335004  6.4448896  4.3870082
 [25] 14.8498446 11.5488885 23.1182079 12.0164125  9.8782932 12.5701077
 [31]  4.2550620  2.6285856  5.1876011         NA         NA  6.4344709
 [37] 21.1025990 10.8946468  2.9492023  6.0419023  5.4061995  3.3139992
 [43]  5.9972593  5.2766560         NA  2.4293689         NA         NA
 [49]         NA  3.1446884  9.2469792         NA  1.4479515         NA
 [55]  4.8043314  6.1692781         NA  5.5412393  4.1773757         NA
 [61]         NA  6.1839840         NA  1.4017393  6.7740172  6.0841163
 [67]  0.7331181  2.7998517         NA         NA  2.5639193         NA
 [73]         NA         NA  0.5345766         NA         NA  4.7758680
 [79]         NA  2.6842609  1.2074785         NA  6.5615288         NA
 [85]         NA  2.5322623         NA  7.0003650         NA         NA
 [91]  1.5522396         NA         NA  1.9081386  4.6150878         NA
 [97]         NA  3.0059460         NA         NA  0.9461189  3.7461466
[103]         NA  4.0750858         NA         NA  0.5797941         NA

$TS
  [1] 49.2665115 47.8536343 46.4235681 42.7680987 42.0099188 39.9970004
  [7] 37.9486009 26.0405296 37.7092364 24.9113888 37.2726913 32.3295131
 [13] 32.2068227 34.7855280 25.5051636 24.7058975 20.8098564 19.3135142
 [19] 32.9124434 18.6455655 17.5992415 12.3332133 10.8467548  5.7736970
 [25] 22.7446905 13.7897550 24.9202788 15.8546947 16.4125991 15.6521641
 [31]  7.1064390  6.5365160  9.8547878  9.3248699  8.3622210  7.9686178
 [37] 21.3055436 12.9955891 10.2381704  9.7711932  8.1525837  6.2542534
 [43]  6.2406819  5.7521188  8.8238462  5.9963617  6.8686423  3.1384316
 [49]  2.2754175  6.5418639 11.7170725 10.2083738  9.6063933  6.9619919
 [55]  6.3740679  7.2396171  5.6920363  6.3023629  5.9534909  2.2590912
 [61]  1.2835509  6.4962145  6.3996362  3.8956803  9.8032882  9.2399779
 [67]  7.1691192  3.8671845  2.7734388  1.4345617  8.6008609  4.9384690
 [73]  4.5848654  2.5759813  1.8317850  5.6689038  5.4539975  6.2564180
 [79]  6.4347159  4.5584960  3.9162996  0.3478815  7.4384289  8.4083786
 [85]  6.1508911  2.7576808  2.2746988  8.0719352  2.9270242  1.1116076
 [91]  2.1024122  0.3237029  4.5169873  2.0939674  7.6335824  0.1726470
 [97]  5.5287552  5.0199332  1.7621513  1.0598347  2.0962474  5.9211534
[103]  5.7433827  5.5625882  5.5778968  4.2384738  5.2515256  1.3631214

$PAR
  [1]  NA   1   2   2   2   4   5   5   7   8   9   9   9  11  12  12  12  12
 [19]  14  15  15  15  15  15  16  17  19  20  21  21  22  22  23  23  23  23
 [37]  25  26  29  33  33  33  33  33  34  34  35  35  35  36  38  39  39  39
 [55]  40  41  41  47  47  49  49  50  50  50  52  52  52  52  52  52  53  53
 [73]  53  54  54  55  55  58  62  63  63  63  65  66  67  67  67  71  71  72
 [91]  73  74  79  81  84  84  85  85  85  90  93  95 102 102 103 103 105 105

$EXTANT
  [1] FALSE FALSE FALSE FALSE FALSE FALSE FALSE FALSE FALSE FALSE FALSE FALSE
 [13] FALSE FALSE FALSE FALSE FALSE FALSE FALSE FALSE FALSE FALSE FALSE FALSE
 [25] FALSE FALSE FALSE FALSE FALSE FALSE FALSE FALSE FALSE  TRUE  TRUE FALSE
 [37] FALSE FALSE FALSE FALSE FALSE FALSE FALSE FALSE  TRUE FALSE  TRUE  TRUE
 [49]  TRUE FALSE FALSE  TRUE FALSE  TRUE FALSE FALSE  TRUE FALSE FALSE  TRUE
 [61]  TRUE FALSE  TRUE FALSE FALSE FALSE FALSE FALSE  TRUE  TRUE FALSE  TRUE
 [73]  TRUE  TRUE FALSE  TRUE  TRUE FALSE  TRUE FALSE FALSE  TRUE FALSE  TRUE
 [85]  TRUE FALSE  TRUE FALSE  TRUE  TRUE FALSE  TRUE  TRUE FALSE FALSE  TRUE
 [97]  TRUE FALSE  TRUE  TRUE FALSE FALSE  TRUE FALSE  TRUE  TRUE FALSE  TRUE

