
Birth-death simulation object with 189 species and 55 extant species

Details for some species:

Extinction times (NA means extant)
[1] 26.78589 30.50795 39.63035 39.58437 26.94520 12.02486


Speciation times 
[1] 49.26651 47.03348 41.79858 41.63956 40.65689 39.68621


Species parents (NA for initial)
[1] NA  1  1  1  1  1


Species status (extinct or extant)
[1] "extinct" "extinct" "extinct" "extinct" "extinct" "extinct"


For more details on vector y, try sim$y, with y one of
TE TS PAR EXTANT



$TE
  [1] 26.7858916 30.5079456 39.6303511 39.5843741 26.9451965 12.0248646
  [7] 39.8108341 18.2789922 12.2174335 17.6551518 22.3494474 12.1235941
 [13] 16.2519263 11.7967078 25.1053982 22.5511599 21.5894083 15.0159275
 [19] 31.5913031  6.0969600 16.3844338 23.0305202 19.7330283  6.4845826
 [25]  9.0971983 32.5215303 30.4603138 30.7879792 12.2440139 15.3975579
 [31] 26.6803510 12.0078655 12.0111882 15.1957986 14.5858800  6.9372162
 [37] 13.8857954 14.0917860 10.8678657  4.0143892  8.1644364  6.3796996
 [43] 13.0772836 14.1755433 20.9153784         NA         NA 36.4087198
 [49] 28.9537120 15.7735249 13.4939635 13.9532434 13.1412185 14.4486291
 [55] 11.1805866 16.8704828 14.4060780 12.4050387         NA         NA
 [61]         NA  3.9529725  6.2775553         NA  0.6133386 19.9072621
 [67]  1.0813614  1.1870811  2.8095866         NA         NA 19.2062836
 [73] 11.7791342 15.2222253 14.6560265 14.9059660 13.9843756 17.0465357
 [79] 15.1055960 13.7930274 14.3175772 15.9242251 15.3795490  7.3530265
 [85]  6.4271001         NA  1.4548083  3.4593780         NA         NA
 [91]  1.6026389         NA  7.2973380  5.6685936         NA  5.4256306
 [97]         NA         NA 11.0677320 11.2368632  4.3568786         NA
[103]         NA 20.6090297 16.0064115         NA  0.5957720         NA
[109]  3.8037207         NA         NA 19.9889316  9.0576524 12.2737023
[115] 15.4712296 13.8726130 16.9255822 15.7806474 14.1763256  1.8912991
[121]  5.9875699  2.2090176         NA         NA         NA         NA
[127]         NA  4.3150022         NA         NA         NA         NA
[133]         NA         NA         NA  1.2713129  1.6122995         NA
[139] 19.4472870 15.1651691  4.0331443         NA         NA         NA
[145]         NA         NA 12.1176771 11.4730828  8.9974978  1.6979694
[151]  4.9108057  1.4506355         NA  1.8656607         NA         NA
[157]         NA         NA  2.5410160  0.1915222         NA         NA
[163]  1.4910293 12.9085841 15.4265278 14.8526163         NA 10.9406835
[169]  4.5894926  5.4959977  1.2526466         NA         NA         NA
[175]  2.5740250         NA         NA         NA 13.5237250 14.0871590
[181] 17.3805334 13.8429102 10.5976772  7.4222613  0.8325450         NA
[187] 12.5513938  2.9911863         NA

$TS
  [1] 49.2665115 47.0334755 41.7985843 41.6395622 40.6568882 39.6862079
  [7] 43.7787346 41.2987176 33.1430952 28.5166841 25.3014816 23.4291832
 [13] 18.9380160 12.3369409 40.6765878 29.9294272 27.1897417 19.5990948
 [19] 31.9598402 22.8079098 22.0665046 27.1788350 20.5955445 13.7028062
 [25] 12.1568571 38.0419591 34.3437958 32.6972772 29.7066421 27.2391993
 [31] 27.0074932 22.8797976 23.9633363 16.1348324 15.5161382 20.9236616
 [37] 15.6289724 15.3213196 12.4166391 12.3936945 10.7325639  8.5116465
 [43] 17.1600682 16.4795169 25.6555396  8.2163768 12.0556747 36.6237141
 [49] 28.9848694 26.6892067 21.0887050 16.0201492 21.2229515 21.3319636
 [55] 20.4753305 19.7936753 15.2974244 14.3429793  8.1084750  9.6410147
 [61]  6.7104276  5.8322955 10.7139830  8.3015439 13.4295387 25.4694155
 [67]  7.0488179  7.3349095  6.4708647  6.0646054  3.0607503 23.9683911
 [73] 23.8838118 18.8787587 18.3013505 18.1570701 14.3135110 20.4450046
 [79] 18.5354315 14.6063550 19.7648199 16.7372424 19.0970460  9.1761325
 [85]  8.7934730  7.8142430  6.4615760  5.9505091  0.8752962  4.8919674
 [91]  4.3850058  9.8624947  8.3499233  6.8762464  6.7753219  6.3704679
 [97]  4.5150534  4.3573534 13.3328323 11.2749916  6.7738522  6.0388984
[103]  0.8247714 24.7713115 21.4586425  5.6986944  2.1631565  5.8570944
[109]  5.1908289  1.2496598  2.1142338 22.8215252 13.7730441 13.0660104
[115] 17.8202805 17.5460766 19.3801000 15.8572552 14.6865845  7.6505604
[121]  6.5738708  7.7726515  5.2743028  3.3148894  6.2774345  5.5410915
[127]  2.1920151  5.8146823  4.3534061  4.1393344  6.6361108  5.8204942
[133]  5.7855682  4.8081384  1.6104971  1.4580015  4.4344530  1.2708731
[139] 21.3968287 19.7403197  4.1807972  2.7616917  1.5382122  0.9841735
[145]  0.1437121  0.7216595 13.0594596 12.2596946 11.2325161  7.7240158
[151]  6.4184115  4.1950746  4.9534443  3.7723379  1.8661565  4.9728225
[157]  1.5295500  1.1339923  4.6416227  4.4667636  1.6005093  0.3175789
[163]  3.5650991 20.5712841 19.1076996 16.6805228  0.8754812 11.0388579
[169] 10.4046345  5.5204377  2.4869102  2.2353169  1.1075575  0.5641189
[175]  4.0519151  1.4615299  0.6453197  0.8456865 14.3357495 18.3540770
[181] 18.0585438 17.9758170 15.1308917  9.1933314  1.6205603  2.6648840
[187] 14.0819494  7.4407252  1.6086487

$PAR
  [1]  NA   1   1   1   1   1   2   4   5   5   6   6   6   6   7   8   8   8
 [19]   9   9   9  10  12  12  12  15  15  15  16  16  16  16  17  18  18  20
 [37]  20  20  20  20  20  20  21  21  22  24  25  26  29  29  29  30  32  33
 [55]  36  36  36  36  36  40  40  40  41  42  43  45  46  47  47  47  47  50
 [73]  50  53  53  53  53  54  54  54  55  55  56  60  60  60  61  61  61  62
 [91]  62  63  63  63  64  64  64  64  65  65  65  65  65  66  66  68  68  69
[109]  69  70  71  72  73  73  74  74  81  81  81  85  85  86  86  86  87  87
[127]  87  88  88  90  92  94  94  95  97  97 102 102 104 105 106 106 106 107
[145] 110 111 113 113 113 122 122 122 123 123 123 125 126 127 131 133 133 134
[163] 137 139 140 140 142 149 149 150 150 150 153 153 156 156 157 160 164 165
[181] 165 165 166 169 171 175 179 184 185

$EXTANT
  [1] FALSE FALSE FALSE FALSE FALSE FALSE FALSE FALSE FALSE FALSE FALSE FALSE
 [13] FALSE FALSE FALSE FALSE FALSE FALSE FALSE FALSE FALSE FALSE FALSE FALSE
 [25] FALSE FALSE FALSE FALSE FALSE FALSE FALSE FALSE FALSE FALSE FALSE FALSE
 [37] FALSE FALSE FALSE FALSE FALSE FALSE FALSE FALSE FALSE  TRUE  TRUE FALSE
 [49] FALSE FALSE FALSE FALSE FALSE FALSE FALSE FALSE FALSE FALSE  TRUE  TRUE
 [61]  TRUE FALSE FALSE  TRUE FALSE FALSE FALSE FALSE FALSE  TRUE  TRUE FALSE
 [73] FALSE FALSE FALSE FALSE FALSE FALSE FALSE FALSE FALSE FALSE FALSE FALSE
 [85] FALSE  TRUE FALSE FALSE  TRUE  TRUE FALSE  TRUE FALSE FALSE  TRUE FALSE
 [97]  TRUE  TRUE FALSE FALSE FALSE  TRUE  TRUE FALSE FALSE  TRUE FALSE  TRUE
[109] FALSE  TRUE  TRUE FALSE FALSE FALSE FALSE FALSE FALSE FALSE FALSE FALSE
[121] FALSE FALSE  TRUE  TRUE  TRUE  TRUE  TRUE FALSE  TRUE  TRUE  TRUE  TRUE
[133]  TRUE  TRUE  TRUE FALSE FALSE  TRUE FALSE FALSE FALSE  TRUE  TRUE  TRUE
[145]  TRUE  TRUE FALSE FALSE FALSE FALSE FALSE FALSE  TRUE FALSE  TRUE  TRUE
[157]  TRUE  TRUE FALSE FALSE  TRUE  TRUE FALSE FALSE FALSE FALSE  TRUE FALSE
[169] FALSE FALSE FALSE  TRUE  TRUE  TRUE FALSE  TRUE  TRUE  TRUE FALSE FALSE
[181] FALSE FALSE FALSE FALSE FALSE  TRUE FALSE FALSE  TRUE

