
Birth-death simulation object with 147 species and 59 extant species

Details for some species:

Extinction times (NA means extant)
[1] 33.10513 46.69991 37.44379 27.29427 30.63909 37.87851


Speciation times 
[1] 49.26651 48.09472 45.43420 35.92474 33.48911 40.79223


Species parents (NA for initial)
[1] NA  1  1  1  1  3


Species status (extinct or extant)
[1] "extinct" "extinct" "extinct" "extinct" "extinct" "extinct"


For more details on vector y, try sim$y, with y one of
TE TS PAR EXTANT



$TE
  [1] 33.1051265 46.6999148 37.4437869 27.2942668 30.6390897 37.8785113
  [7] 35.5934730 29.4448621 30.6855404 26.9683436 17.5099031 26.3245430
 [13] 30.3783534 34.7303961 32.1633866 26.3243556 29.6386900 15.1142685
 [19] 12.8620992 15.2873249 21.5460163 31.8108554 22.0482967 14.2215178
 [25] 15.1140679         NA 24.5844150 14.3352597 18.5671444 15.1692520
 [31] 20.4424797 14.3471917 14.8295234 14.8935187  5.8377570 11.2990983
 [37] 13.7065504 11.9754174 10.5366190  3.4391309  0.4232503         NA
 [43] 14.2370719 13.2632435 19.9562151 13.8001261 13.3437704 15.2717261
 [49] 13.3053614 13.5893967 14.1410153 11.6479988         NA  4.2666135
 [55]         NA  2.1624051 15.1888142  5.3677101         NA         NA
 [61] 13.8851655 13.1431045 13.8927405 13.5964114 12.5786149 10.4196125
 [67]  3.9764843         NA  2.3623139         NA         NA  1.6195498
 [73]         NA         NA         NA  6.8598259  2.7222211         NA
 [79]  1.8962490 13.9548096         NA         NA         NA  4.5461895
 [85]         NA  5.1598122         NA         NA         NA  3.6586493
 [91]         NA  0.2014037  2.1473332  0.7116712         NA  2.5406176
 [97]         NA         NA  3.6805310  1.2225476         NA         NA
[103]  0.5510161  1.4066705         NA  0.2533372         NA         NA
[109]  3.4695991         NA         NA  4.2792925  5.4182096         NA
[115]         NA         NA         NA         NA  1.7150849         NA
[121]         NA         NA         NA         NA         NA         NA
[127]         NA  2.5197994         NA  0.3743527         NA         NA
[133]         NA  1.7149192         NA         NA         NA  3.0462901
[139]         NA         NA         NA         NA         NA  0.2401794
[145]         NA         NA         NA

$TS
  [1] 49.26651148 48.09471511 45.43420481 35.92473723 33.48911388 40.79223003
  [7] 40.01687143 38.58750864 35.76581665 34.61744475 32.98032508 28.44925301
 [13] 32.77165461 38.54298359 38.90185285 35.22866267 32.45342958 31.69796077
 [19] 20.39800768 31.15020329 33.14879482 31.87792452 29.67224502 29.90211028
 [25] 25.68696336 19.66923786 30.63553518 18.97142825 25.37663400 24.01034313
 [31] 29.46571699 27.31187835 17.62557560 19.42113215 17.62177221 19.12932753
 [37] 17.04238889 14.77411497 11.29120019  8.46535803  6.57019028  3.64896873
 [43] 18.20251311 15.23926893 22.65077526 18.40492445 16.20195881 16.55969231
 [49] 18.19779420 17.59767074 14.82905812 14.21324529 11.73989809  9.37806787
 [55]  8.68856437  6.51754284 15.62629833 13.64167189  8.20512818  2.61742414
 [61] 14.71249233 16.05293333 15.18889043 13.94859255 16.24023936 11.31499304
 [67]  9.91772764  8.37736297  8.03581314  5.08424013  7.21801747  1.85544403
 [73]  1.51333350  0.50171010  2.16964549 11.68032951  6.77261683  4.42426159
 [79]  2.44441089 14.48314558  5.81273965  5.42101077  5.05175895  4.84576920
 [85]  4.16161635  6.36765551  4.43670969  4.21833023  0.11473890  6.49703286
 [91]  5.93571231  3.20200463  3.17767125  1.39200010  4.86216478  8.18611337
 [97]  8.14598397  6.98096135  5.99876423  2.14260320  2.79084131  0.78302935
[103]  2.73410351  6.25776533  4.07586191  3.09671358  2.94375871  4.46105395
[109]  4.18037846  1.60090079  2.86686448  7.91641333  5.67455423  4.28956072
[115]  3.79378546  1.77582432  0.32550610  6.12969717  6.08444093  5.45873231
[121]  5.15031394  3.75765129  3.31254479  0.05331779  1.58629506  0.62404149
[127]  4.02733815  3.32151844  0.69841622  5.66220325  4.88308121  5.10244849
[133]  0.13937111  3.26872777  0.84591523  3.50233740  2.69642681  4.88346006
[139]  2.03647159  4.68503617  3.63028422  0.51352482  3.67876252  3.28694119
[145]  1.78547496  1.34071535  0.52245683

$PAR
  [1]  NA   1   1   1   1   3   3   3   4   4   4   4   5   6   7   9  10  11
 [19]  11  13  15  16  16  18  18  19  20  20  21  21  23  23  24  25  25  26
 [37]  26  26  26  26  26  26  28  28  29  32  32  33  34  35  35  35  35  35
 [55]  35  35  36  38  40  42  44  46  46  49  50  53  53  53  53  54  55  55
 [73]  55  55  56  58  58  59  60  63  67  67  67  67  67  68  68  68  68  69
 [91]  69  69  69  70  71  76  76  76  77  78  81  83  85  86  88  88  88  95
[109]  95  95  96  97  98  99  99 101 101 104 104 104 104 104 105 108 110 111
[127] 114 114 115 118 120 121 121 122 122 127 128 130 130 132 132 132 140 140
[145] 140 140 146

$EXTANT
  [1] FALSE FALSE FALSE FALSE FALSE FALSE FALSE FALSE FALSE FALSE FALSE FALSE
 [13] FALSE FALSE FALSE FALSE FALSE FALSE FALSE FALSE FALSE FALSE FALSE FALSE
 [25] FALSE  TRUE FALSE FALSE FALSE FALSE FALSE FALSE FALSE FALSE FALSE FALSE
 [37] FALSE FALSE FALSE FALSE FALSE  TRUE FALSE FALSE FALSE FALSE FALSE FALSE
 [49] FALSE FALSE FALSE FALSE  TRUE FALSE  TRUE FALSE FALSE FALSE  TRUE  TRUE
 [61] FALSE FALSE FALSE FALSE FALSE FALSE FALSE  TRUE FALSE  TRUE  TRUE FALSE
 [73]  TRUE  TRUE  TRUE FALSE FALSE  TRUE FALSE FALSE  TRUE  TRUE  TRUE FALSE
 [85]  TRUE FALSE  TRUE  TRUE  TRUE FALSE  TRUE FALSE FALSE FALSE  TRUE FALSE
 [97]  TRUE  TRUE FALSE FALSE  TRUE  TRUE FALSE FALSE  TRUE FALSE  TRUE  TRUE
[109] FALSE  TRUE  TRUE FALSE FALSE  TRUE  TRUE  TRUE  TRUE  TRUE FALSE  TRUE
[121]  TRUE  TRUE  TRUE  TRUE  TRUE  TRUE  TRUE FALSE  TRUE FALSE  TRUE  TRUE
[133]  TRUE FALSE  TRUE  TRUE  TRUE FALSE  TRUE  TRUE  TRUE  TRUE  TRUE FALSE
[145]  TRUE  TRUE  TRUE

