
Birth-death simulation object with 145 species and 48 extant species

Details for some species:

Extinction times (NA means extant)
[1] 33.55722 37.14375       NA 33.04396 31.45864 31.09858


Speciation times 
[1] 49.11595 43.73214 40.52103 38.29955 33.91313 37.22830


Species parents (NA for initial)
[1] NA  1  1  1  1  3


Species status (extinct or extant)
[1] "extinct" "extinct" "extant"  "extinct" "extinct" "extinct"


For more details on vector y, try sim$y, with y one of
TE TS PAR EXTANT



$TE
  [1] 33.5572203 37.1437518         NA 33.0439627 31.4586428 31.0985819
  [7] 27.8074952 25.0904206 10.5248834 14.4486641 12.1166374  7.9777259
 [13]         NA 22.0751636 32.6307333  1.9743089  7.9956320  3.8554760
 [19] 14.1549902 33.0208389 31.6174850 17.2283663 22.4517354 14.4147305
 [25]         NA  1.2756656         NA  1.7263433  6.0272363         NA
 [31]  6.4569769  8.0822676  6.2064866 14.5246031 19.9237865 20.0875664
 [37] 15.5561307 12.4309092 18.9832761 13.7750128  2.8184765  7.4033019
 [43]  1.6706299         NA  6.8371907         NA  1.1350043  2.3555445
 [49]         NA         NA  8.0241702 26.9773701 14.0636966 12.6797786
 [55] 19.4835047 12.4402950 15.3654584 19.8292221 11.4464009 15.2358580
 [61] 18.7460021 12.7550101 11.4374532 12.8479464         NA         NA
 [67]  4.7850876         NA  4.4775060         NA  2.5067025         NA
 [73]         NA         NA  2.6131478         NA         NA  1.6170899
 [79] 10.5372254 22.1292990 15.0397960 15.0590871         NA 13.9913839
 [85] 12.9501458 10.8576473  6.9105159  5.7894344         NA  3.3254656
 [91]         NA         NA         NA  0.9015750         NA         NA
 [97]  1.9631102  3.0354239         NA  2.5212140 13.3024106 12.7692382
[103] 11.0354066  6.2945481 19.9381822 14.1260265  5.2875645 10.8084923
[109]         NA  3.8644795         NA         NA         NA         NA
[115]         NA         NA  6.5441075  1.0894016  5.0231975  4.9350662
[121]         NA         NA  1.5900019         NA         NA  0.1970518
[127]         NA  3.8068371  0.4434926  2.3501862  0.4917417         NA
[133]         NA         NA         NA         NA  4.6668448  2.3727541
[139]         NA         NA  1.2220551         NA         NA  3.0301174
[145]         NA

$TS
  [1] 49.11595465 43.73214025 40.52103242 38.29954787 33.91312573 37.22830428
  [7] 31.39321285 28.46052786 15.58348371 14.93749940 12.85063807 11.00319478
 [13]  0.26371777 36.48246778 33.37994702 28.27751262 13.02692401 10.74910398
 [19] 36.24365494 34.24745771 31.97064045 26.85305606 23.63226209 15.24372303
 [25] 11.42580240  9.88667941  5.19480520 10.49894040  9.90813702  9.61459622
 [31] 10.23845138  8.93722437  6.43748954 30.59727868 25.69654987 21.04140440
 [37] 19.11869110 16.19560025 19.33568437 17.89100374  5.04560866  9.85448841
 [43]  7.08818384  4.39600802  8.96188081  6.19956849  9.30977333  8.06121955
 [49]  5.06875798  0.48314178  9.83333735 29.24276470 27.37439800 23.81375211
 [55] 19.92723669 17.82732472 15.97193885 22.78671568 19.98595132 20.27719453
 [61] 18.90826519 17.45015804 13.92687367 12.85879467 15.82256844  9.03776372
 [67]  7.73731517  6.78557992  6.49785817  5.15228033  3.65758244  3.77800035
 [73]  2.46540167  2.84802460  7.22601795  5.64480730  4.42546080  8.22073152
 [79] 26.65481907 23.56033044 23.48405327 15.33935573 12.45763150 17.28681141
 [85] 13.44825118 11.71859159  7.98238735  6.26311229  3.67418623  5.56859220
 [91]  2.47150094  1.57533933  6.60137885  4.48033026  3.89011612  3.12051227
 [97]  2.60008763  6.14737794  4.97713565  2.62776143 13.97390962 13.00143127
[103] 11.84937341 10.87073328 22.23988687 20.37047768  8.31929394 11.32058966
[109]  1.21756880  4.39933503  3.13995470  1.54402689  0.54971954  2.21342943
[115]  5.42638852  0.08638957 10.46172609 10.03608381  7.29176283  7.25426966
[121]  1.04345296  0.80651244  2.83040190  2.75027958  1.49365900  1.78266210
[127]  2.73866025  6.55660100  6.26936297  5.75471603  3.52178235  2.07523740
[133]  1.63154567  0.91699860  2.32137167  1.53342706  4.84913144  3.33759934
[139]  2.41095771  0.80401209  2.87966001  2.82649281  0.65642673  3.24619433
[145]  3.03117658

$PAR
  [1]  NA   1   1   1   1   3   3   3   3   3   3   3   3   4   5   8   9  12
 [19]  14  14  14  14  14  16  16  16  16  17  17  17  18  18  18  19  19  19
 [37]  19  19  22  22  25  26  26  27  28  29  30  30  30  30  31  34  34  34
 [55]  34  34  34  35  35  36  37  37  38  38  40  42  42  43  43  43  44  46
 [73]  46  47  48  48  49  51  53  53  54  59  59  62  63  65  65  66  68  69
 [91]  72  72  75  76  76  77  77  78  78  78  79  79  79  79  80  81  83  86
[109]  92  94  95  95  96  97  98  99 104 104 104 104 109 109 111 111 112 114
[127] 115 118 118 118 118 118 126 126 127 127 129 129 129 129 131 131 136 138
[145] 138

$EXTANT
  [1] FALSE FALSE  TRUE FALSE FALSE FALSE FALSE FALSE FALSE FALSE FALSE FALSE
 [13]  TRUE FALSE FALSE FALSE FALSE FALSE FALSE FALSE FALSE FALSE FALSE FALSE
 [25]  TRUE FALSE  TRUE FALSE FALSE  TRUE FALSE FALSE FALSE FALSE FALSE FALSE
 [37] FALSE FALSE FALSE FALSE FALSE FALSE FALSE  TRUE FALSE  TRUE FALSE FALSE
 [49]  TRUE  TRUE FALSE FALSE FALSE FALSE FALSE FALSE FALSE FALSE FALSE FALSE
 [61] FALSE FALSE FALSE FALSE  TRUE  TRUE FALSE  TRUE FALSE  TRUE FALSE  TRUE
 [73]  TRUE  TRUE FALSE  TRUE  TRUE FALSE FALSE FALSE FALSE FALSE  TRUE FALSE
 [85] FALSE FALSE FALSE FALSE  TRUE FALSE  TRUE  TRUE  TRUE FALSE  TRUE  TRUE
 [97] FALSE FALSE  TRUE FALSE FALSE FALSE FALSE FALSE FALSE FALSE FALSE FALSE
[109]  TRUE FALSE  TRUE  TRUE  TRUE  TRUE  TRUE  TRUE FALSE FALSE FALSE FALSE
[121]  TRUE  TRUE FALSE  TRUE  TRUE FALSE  TRUE FALSE FALSE FALSE FALSE  TRUE
[133]  TRUE  TRUE  TRUE  TRUE FALSE FALSE  TRUE  TRUE FALSE  TRUE  TRUE FALSE
[145]  TRUE

