
Birth-death simulation object with 299 species and 141 extant species

Details for some species:

Extinction times (NA means extant)
[1] 34.77028 39.41623 35.47871 34.63338 32.86214 36.53058


Speciation times 
[1] 49.11595 41.42200 40.47274 39.84150 36.27443 40.44907


Species parents (NA for initial)
[1] NA  1  1  1  1  2


Species status (extinct or extant)
[1] "extinct" "extinct" "extinct" "extinct" "extinct" "extinct"


For more details on vector y, try sim$y, with y one of
TE TS PAR EXTANT



$TE
  [1] 34.7702764 39.4162273 35.4787089 34.6333833 32.8621433 36.5305797
  [7] 34.9534579 28.4096666 15.4474563  9.8473063 29.5374813 23.9552982
 [13] 15.5125146 23.3123322 14.4928306 14.1951314 29.2491334 14.9113273
 [19] 23.4848675 13.8249596 16.9969891 14.3663259 10.3152459 12.2624330
 [25] 14.2711375 12.8177224 24.1497971 16.1459633 14.1797686  9.7657625
 [31] 16.2296375 17.6861675 11.1903504 14.1916258         NA 12.2310000
 [37] 13.0144589  5.0535580  2.3348401         NA 30.5236744 31.0206188
 [43] 16.2649091 24.1344550 22.4982487 18.8226331  9.5703692         NA
 [49] 14.4710672 11.0106394  7.4586871 14.0067994 12.4118883 15.2450594
 [55] 16.8235733 16.3959685 15.3631680 14.2666802         NA 14.6153245
 [61] 14.0350750 13.9768720 12.3966696         NA  9.8466981  3.0276411
 [67]  8.7522385 14.1377889 11.4514396 12.0379553  6.6412702         NA
 [73]  6.5251558  3.5836151  0.6055237         NA         NA         NA
 [79]  6.3789181         NA         NA         NA         NA         NA
 [85]         NA 29.9247731 17.1201907 17.7137437 17.0501666 17.6584301
 [91] 10.9127508         NA         NA         NA         NA         NA
 [97] 20.2493864 15.5874622 10.9413691 13.1321935 13.8269688 11.7242528
[103] 18.3217680 16.8592835  9.4443262 14.9686067         NA  0.2913365
[109]         NA 12.3847313  8.2215325  4.4775308         NA         NA
[115] 15.8915116  1.5914064  9.0283090  4.2567281  0.4043230         NA
[121] 10.0073388         NA  0.9227810         NA         NA         NA
[127]         NA         NA  4.5339038  3.2145447         NA         NA
[133] 14.5767043 15.7140031  3.3824106 15.8612315  9.5519049         NA
[139]         NA         NA  2.5805232         NA  1.8944520 12.1647172
[145] 13.2971706 13.2740144 13.7497748         NA 11.4497889         NA
[151]  7.3020604         NA         NA         NA         NA         NA
[157] 13.5199983 11.5208649  2.3390597         NA  2.9991753         NA
[163]         NA         NA  2.0564836  5.5961820         NA         NA
[169]         NA         NA         NA         NA         NA         NA
[175]         NA         NA         NA 10.3629435 15.6321146         NA
[181]  5.1191995  4.6450470         NA 17.8361834 15.2434956  2.2407896
[187]         NA  4.6745306         NA         NA         NA  1.3860286
[193]         NA         NA         NA         NA         NA         NA
[199] 11.5414873         NA         NA         NA         NA  4.5823012
[205]  4.6880758         NA         NA         NA         NA         NA
[211] 11.3483225  4.6379943         NA         NA         NA         NA
[217]  3.4901359         NA         NA         NA         NA  3.4106517
[223]  0.3314661         NA         NA  3.8487590         NA         NA
[229]  1.8171822         NA  0.1349853         NA         NA 10.0561193
[235]         NA  3.2275582         NA  2.2786232         NA         NA
[241]         NA         NA         NA  4.3654526         NA  0.1738665
[247]         NA         NA  1.4171041         NA         NA         NA
[253]  5.1260002  3.5785271         NA         NA         NA         NA
[259]         NA         NA         NA         NA         NA         NA
[265]         NA         NA         NA  1.8146776  0.6926545 13.1967853
[271] 11.6129180         NA  2.1623583  3.0049012         NA         NA
[277]         NA         NA         NA         NA         NA         NA
[283]  3.5545224  1.8696273         NA         NA         NA         NA
[289]         NA         NA         NA  0.1260503  0.3126239         NA
[295]  5.0063086         NA         NA  0.8521465         NA

$TS
  [1] 49.11595465 41.42200372 40.47274111 39.84150063 36.27442903 40.44907200
  [7] 37.57518135 37.44927258 35.64637696 34.22103816 33.43369850 32.86720774
 [13] 26.98660537 23.93743141 16.57704639 16.00189987 32.57222728 28.52178515
 [19] 24.21513968 22.83303180 19.97675877 19.61163282 18.11786358 17.14493359
 [25] 14.35934061 31.82122429 26.82853522 18.29283171 16.32178004 15.68189980
 [31] 30.37044018 26.39265432 24.07698641 21.12962524 19.51736619 19.19720973
 [37] 16.30168024 17.29156379 12.42761920 13.67069940 31.78699235 31.06284821
 [43] 30.41355591 26.86383474 25.52890834 22.03258686 21.95579133 19.84200769
 [49] 15.23715855 17.49388128  9.99223346 25.61545976 21.52259760 19.47660295
 [55] 18.49934213 26.30753784 19.88893737 19.53091149 12.89540990 15.26393249
 [61] 15.64825332 15.42341860 14.09238517 12.36408772 10.00915878  6.18591183
 [67] 17.43380124 14.19424982 14.03287907 12.16609620  6.79247774  6.25605918
 [73]  8.87428820  8.47754963  8.01839382  3.43951797 13.66071306 12.51783160
 [79] 11.12310403  5.55587647  3.97839771  3.30077455  3.02307607  2.44274173
 [85]  0.08492937 30.04424050 27.53899800 18.33645354 19.80464832 18.85213895
 [91] 16.96107494  7.03295114  3.68077059  1.49622743  1.31474135 14.63138814
 [97] 20.59313197 20.00788460 17.42741619 16.75989423 14.80671041 17.93526273
[103] 21.02346692 17.07502022 18.87732088 15.13022087  9.92170690  5.07465074
[109]  1.39476524 14.97945495 12.95365191  7.70786557  7.61230495  5.66457300
[115] 16.69558323 13.31224805 12.00930031  5.75935914  4.46591204  0.90327219
[121] 10.86617544  7.69669931  7.89191516  4.96218940  0.98280269  0.27675971
[127]  0.18476660  9.70945209  6.73872113  6.58788242  2.16996462  1.11712534
[133] 19.45638282 18.56228930 17.61282344 18.53197400 10.92490466  2.87049015
[139]  9.54755339  7.37847284  7.32438701  5.29598978  4.57349495 13.71087067
[145] 14.10993822 15.89181040 15.70378842 13.55220127 13.49238903  9.07320275
[151]  9.04866203  7.21269220  7.11344061  4.89202104  3.42543728  0.80836897
[157] 14.61768099 11.53990014  3.66805303  5.04927219  3.09343803  6.28610312
[163]  2.74507146  2.30971775  9.65810857  5.70695455  5.33642467  1.12944333
[169]  6.13341862  4.90722412  2.98899372  0.10814313  5.43199872  4.69200823
[175]  1.38013351  4.31818396  3.52194187 15.84658324 15.67879546 10.39160600
[181]  7.28849698  7.02561240  4.76880271 18.07624133 17.14809441  2.66733574
[187]  0.53599071  5.18256140  6.16351521  5.92763121  5.44792316  4.85567118
[193]  4.10741648  3.54574911  3.05475612  2.80266495  2.77403365  4.45811983
[199] 13.46919677  4.72772431  4.00595071  6.05733494  5.31323907  6.84768561
[205]  6.27641092  0.44002062  2.06120633  2.05952022  2.67394605  0.80359536
[211] 13.57874942 13.52842107  0.17470003  5.25168318  4.67781417  2.68813978
[217]  3.98288884  4.01784715  0.82732082  2.74902650  1.53258892  5.28718278
[223]  2.63099040  1.44363423  0.58055068  4.04026796  3.85744673  3.60788355
[229]  1.96170400 13.78941352  1.97966978  4.73978138  1.76582539 16.31164622
[235]  5.01801470  3.84201016  0.75574805  3.80882355  3.50572651  2.56505116
[241]  0.75705118  0.36216712  3.59527535  5.22797159  4.76400229  0.34213213
[247]  1.75010209  1.05487619  2.04653332  0.24963673  0.36169236 11.81488095
[253]  6.19669914  5.53301197  2.47173447  0.16908280  3.92612517  0.45230464
[259]  1.08919957  1.82575568  0.57510193  2.56451827  2.50048096  1.52431195
[265]  5.59341650  5.44935563  0.20487895  2.82666985  2.36112892 16.27965028
[271] 11.78471840  0.81027102  3.76638880  3.07692281  0.52661394  2.23566382
[277]  0.11991844  0.32329846  0.74167222  1.42667370  0.21905937 10.37115006
[283]  4.38095722  2.50982655  1.98615418  1.84853589  0.45497604  1.31655158
[289]  1.56956664  0.84088681  0.05768376  2.13223910  0.42580178  0.42772617
[295]  6.13563468  1.99278612  0.26245461  1.21076739  1.40238667

$PAR
  [1]  NA   1   1   1   1   2   3   4   4   5   9   9   9   9   9   9  10  10
 [19]  10  10  10  10  10  10  10  11  13  13  15  15  17  18  18  18  18  18
 [37]  22  23  23  24  26  26  26  26  26  26  26  26  26  28  30  31  31  31
 [55]  31  32  32  32  33  34  35  35  35  35  35  35  36  37  37  38  38  38
 [73]  39  39  39  39  40  40  40  40  40  40  40  40  40  43  43  47  48  48
 [91]  48  48  48  48  48  52  53  53  53  53  53  54  56  56  57  58  59  59
[109]  59  62  63  64  64  66  67  69  69  72  72  72  77  77  78  78  78  78
[127]  78  79  79  79  83  83  89  89  89  90  91  92  96  96  96  96  96 100
[145] 101 105 105 105 105 107 107 107 107 107 108 108 110 111 113 114 114 116
[163] 116 116 117 118 118 119 123 123 124 124 128 128 128 130 130 133 135 135
[181] 135 135 135 136 136 138 138 139 140 140 141 141 141 141 141 141 141 142
[199] 144 150 150 152 152 153 153 153 154 154 155 156 157 157 160 162 162 163
[217] 165 167 168 170 171 173 173 173 173 174 174 176 176 178 180 182 183 185
[235] 189 190 191 192 193 196 196 197 200 202 202 202 207 207 208 208 210 211
[253] 212 212 214 214 215 220 221 223 224 228 228 228 230 230 230 232 232 234
[271] 234 235 236 239 239 240 242 247 248 249 251 252 252 252 252 257 257 264
[289] 265 265 265 269 272 275 282 284 285 292 296

$EXTANT
  [1] FALSE FALSE FALSE FALSE FALSE FALSE FALSE FALSE FALSE FALSE FALSE FALSE
 [13] FALSE FALSE FALSE FALSE FALSE FALSE FALSE FALSE FALSE FALSE FALSE FALSE
 [25] FALSE FALSE FALSE FALSE FALSE FALSE FALSE FALSE FALSE FALSE  TRUE FALSE
 [37] FALSE FALSE FALSE  TRUE FALSE FALSE FALSE FALSE FALSE FALSE FALSE  TRUE
 [49] FALSE FALSE FALSE FALSE FALSE FALSE FALSE FALSE FALSE FALSE  TRUE FALSE
 [61] FALSE FALSE FALSE  TRUE FALSE FALSE FALSE FALSE FALSE FALSE FALSE  TRUE
 [73] FALSE FALSE FALSE  TRUE  TRUE  TRUE FALSE  TRUE  TRUE  TRUE  TRUE  TRUE
 [85]  TRUE FALSE FALSE FALSE FALSE FALSE FALSE  TRUE  TRUE  TRUE  TRUE  TRUE
 [97] FALSE FALSE FALSE FALSE FALSE FALSE FALSE FALSE FALSE FALSE  TRUE FALSE
[109]  TRUE FALSE FALSE FALSE  TRUE  TRUE FALSE FALSE FALSE FALSE FALSE  TRUE
[121] FALSE  TRUE FALSE  TRUE  TRUE  TRUE  TRUE  TRUE FALSE FALSE  TRUE  TRUE
[133] FALSE FALSE FALSE FALSE FALSE  TRUE  TRUE  TRUE FALSE  TRUE FALSE FALSE
[145] FALSE FALSE FALSE  TRUE FALSE  TRUE FALSE  TRUE  TRUE  TRUE  TRUE  TRUE
[157] FALSE FALSE FALSE  TRUE FALSE  TRUE  TRUE  TRUE FALSE FALSE  TRUE  TRUE
[169]  TRUE  TRUE  TRUE  TRUE  TRUE  TRUE  TRUE  TRUE  TRUE FALSE FALSE  TRUE
[181] FALSE FALSE  TRUE FALSE FALSE FALSE  TRUE FALSE  TRUE  TRUE  TRUE FALSE
[193]  TRUE  TRUE  TRUE  TRUE  TRUE  TRUE FALSE  TRUE  TRUE  TRUE  TRUE FALSE
[205] FALSE  TRUE  TRUE  TRUE  TRUE  TRUE FALSE FALSE  TRUE  TRUE  TRUE  TRUE
[217] FALSE  TRUE  TRUE  TRUE  TRUE FALSE FALSE  TRUE  TRUE FALSE  TRUE  TRUE
[229] FALSE  TRUE FALSE  TRUE  TRUE FALSE  TRUE FALSE  TRUE FALSE  TRUE  TRUE
[241]  TRUE  TRUE  TRUE FALSE  TRUE FALSE  TRUE  TRUE FALSE  TRUE  TRUE  TRUE
[253] FALSE FALSE  TRUE  TRUE  TRUE  TRUE  TRUE  TRUE  TRUE  TRUE  TRUE  TRUE
[265]  TRUE  TRUE  TRUE FALSE FALSE FALSE FALSE  TRUE FALSE FALSE  TRUE  TRUE
[277]  TRUE  TRUE  TRUE  TRUE  TRUE  TRUE FALSE FALSE  TRUE  TRUE  TRUE  TRUE
[289]  TRUE  TRUE  TRUE FALSE FALSE  TRUE FALSE  TRUE  TRUE FALSE  TRUE

