
Birth-death simulation object with 221 species and 79 extant species

Details for some species:

Extinction times (NA means extant)
[1] 35.94525 38.17339 25.74853 31.16831 23.73854 14.93442


Speciation times 
[1] 49.11595 44.33988 43.21300 41.45886 34.36962 34.41608


Species parents (NA for initial)
[1] NA  1  1  2  3  4


Species status (extinct or extant)
[1] "extinct" "extinct" "extinct" "extinct" "extinct" "extinct"


For more details on vector y, try sim$y, with y one of
TE TS PAR EXTANT



$TE
  [1] 35.945253874 38.173387734 25.748530577 31.168309779 23.738544897
  [6] 14.934416445 25.785504437 29.113755519 15.619496625 18.589818983
 [11] 23.102069064 22.982339218 19.441206459 18.073634216 18.008732949
 [16] 13.232323456 17.973183015 25.445684717 24.868073788 14.406436886
 [21] 14.650861465 27.302670003 20.098362309 16.221398412 14.969251834
 [26] 11.157965955 12.921944861 20.532656757 19.668934023 13.397679095
 [31] 10.101593044 20.405045799 12.424701699 19.493440317 18.864737590
 [36] 18.436373897 13.440318643 23.193079420 23.898745095 17.422116972
 [41] 12.667316731 15.098949164 12.569774268 15.074891781 20.453422648
 [46] 11.137756130  7.378802406 23.304456510 21.898338596 19.171029251
 [51] 11.413788849 12.849825352 10.885710473 18.543323176 17.920501352
 [56] 17.960193253 11.877566466 19.805812561 14.226274471 12.312378634
 [61] 10.486690653  7.491554362           NA 17.846668322 11.185836651
 [66] 12.079172250  8.308242694 18.940680255 12.684193250 12.938409942
 [71] 16.483659758  7.312033459 13.582370067 14.514534506  0.420151102
 [76]  3.527739532  5.705367731 11.834170963           NA  8.934762241
 [81]  0.564014280           NA           NA 12.097826896 11.744777856
 [86] 11.939950473 11.014091911 19.366144090 13.784254411 13.171008830
 [91] 12.667042818 12.277540286  1.320980004           NA           NA
 [96]           NA  7.848995514           NA 10.534241362  9.033507142
[101]           NA  3.226749736           NA           NA           NA
[106]           NA 15.130923956 12.071950645  7.004807959 10.815428483
[111] 14.142992456 13.844096858  3.170529382  9.166664684           NA
[116]           NA  3.920653106           NA           NA           NA
[121]  0.182161829           NA           NA           NA           NA
[126]  5.887822162  5.119413785           NA           NA           NA
[131]  7.236690308  5.009129836           NA           NA  0.984767505
[136]  4.317144822           NA  0.202383448           NA  0.110681407
[141]  1.526887729  0.508415077  1.104838396           NA           NA
[146]           NA           NA           NA           NA           NA
[151]           NA 11.874470086           NA           NA  7.009690062
[156]  5.073022501  3.807997352           NA  7.165782315           NA
[161]           NA  0.717307748  1.635530149           NA           NA
[166]           NA           NA           NA           NA           NA
[171]  0.547809004           NA  3.325836566  3.732774528           NA
[176]           NA           NA  1.225322211           NA  0.075162963
[181]  4.539383140  2.296260441           NA  2.544033522  6.643178828
[186]           NA           NA  1.454812346           NA           NA
[191]           NA  2.491313020  2.125071426  0.006222509           NA
[196]           NA           NA           NA           NA  4.976387923
[201]           NA           NA           NA  2.314565171           NA
[206]  0.932824749  3.916561922  1.274979153           NA           NA
[211]           NA           NA           NA           NA  2.115713330
[216]           NA           NA  2.346408772           NA           NA
[221]  2.366503066

$TS
  [1] 49.11595465 44.33988450 43.21299526 41.45885742 34.36961573 34.41608456
  [7] 31.88938235 31.79052737 29.85523425 29.54955643 24.20231572 24.19611032
 [13] 20.54814503 19.48119981 18.98572693 18.35424637 31.19383472 30.77535850
 [19] 29.33886571 26.11118700 29.12188402 27.36647555 25.66086890 19.72730142
 [25] 16.94744897 25.72187008 25.24734761 21.06173120 20.77276971 20.08911175
 [31] 13.93936681 22.94472089 22.20270831 20.52817968 20.34524962 19.84411681
 [37] 26.02058035 28.40935499 25.97076332 23.63864373 21.72332840 20.93291574
 [43] 18.79097136 22.48219506 21.89714049 15.97919167 15.85402363 23.88528803
 [49] 23.52279639 22.16698479 16.14932605 15.77145677 11.29138874 18.69501912
 [55] 19.97399992 19.73979312 22.12298620 20.13078898 16.27902886 24.15658008
 [61] 13.18182135 14.40623459 14.09998515 22.21200393 21.56605797 21.33600941
 [67] 12.53438469 22.71128194 15.25592917 13.33280433 16.80796369 14.57964469
 [73] 14.28893967 22.42399133 16.71110754 12.94978486 12.63500791 11.99133484
 [79] 13.16685434 12.47679750  8.45133703 12.92971674  4.13609012 17.16637273
 [85] 15.20919756 13.40490906 12.41161970 20.50510477 15.12839822 13.69095484
 [91] 12.91081513 21.86690885 14.47217928 12.19104721  7.24367369  5.15642612
 [97]  9.69134629  3.16392148 11.66790507  9.74594951  5.57839070  8.28742701
[103]  3.35873718  2.68257255  1.99561492  2.99899270 16.41168475 12.64457171
[109] 12.25642594 12.24246046 16.06476961 14.85749395 12.85498190 12.20203749
[115]  7.84750852  6.67741170  4.78454950  1.72125810  6.26947390  5.09290507
[121]  0.91388399  6.74450244  0.08134649  4.56930308  3.12271870  7.01804251
[127]  5.91463193  5.54778795  4.38459655 12.59290680 12.10129383 10.39003564
[133]  8.96074235  7.69150691 11.30946406 11.93874234  3.55384681  5.36166912
[139]  2.13047490  0.13401387  4.51593939  0.75512928  2.01890000  2.44300891
[145]  1.02929775  3.90745204  3.84586252  1.16498965 10.16047058  3.92456272
[151]  3.44208539 12.09223778  9.57925629  9.06828936  8.76622305  8.22594316
[157]  5.89735181  8.02933713  7.60154058  5.28108235  1.96776830  1.92397240
[163]  1.66198251  8.76693213  0.60443658  1.65699227  0.45585023  0.72767522
[169]  2.25784978  0.06303904  3.78857936  7.24716539  7.17426137  4.70217164
[175]  4.55307045  4.29515579  2.70336876  8.38058461  5.95309067  0.31889336
[181]  4.64169101  3.26526113  7.19528680  3.99267598  7.10268362  1.27513838
[187]  0.24003871  3.61114621  1.68471076  1.53883717  6.43832058  5.64464305
[193]  4.95197208  0.84823589  0.38604050  0.78327671  0.43808763  5.04602286
[199]  4.51362378  5.36522765  7.52562792  6.45161624  5.52460243  4.82647343
[205]  0.94243090  3.06709972  6.80144411  2.55796333  0.66926081  0.60779535
[211]  0.34732641  4.13775981  4.72261703  4.29558717  3.29202608  7.20326663
[217]  1.97867946  3.70511310  3.29454269  4.09482458  3.29101389

$PAR
  [1]  NA   1   1   2   3   4   5   5   5   5   5   5   6   6   6   6   7   7
 [19]   7   7   9   9   9   9   9  10  10  10  10  13  16  17  17  17  17  17
 [37]  18  19  20  20  20  20  20  21  21  21  21  26  26  26  26  26  26  30
 [55]  33  35  37  37  37  39  41  43  43  44  45  45  46  49  51  52  57  57
 [73]  59  60  60  60  61  61  62  62  62  63  63  66  66  66  66  68  69  72
 [91]  72  74  75  76  76  76  77  79  80  80  81  82  82  82  82  83  84  85
[109]  85  86  92  92  92  93  93  93  93  93  94  94  94  95  95  96  96 102
[127] 102 102 102 108 108 109 109 109 110 113 113 115 115 115 116 119 120 122
[145] 124 129 129 129 130 130 130 131 131 131 131 131 132 133 133 133 134 135
[163] 135 136 137 138 138 142 144 144 146 149 149 149 149 149 150 153 153 153
[181] 154 154 156 157 158 158 158 160 161 162 164 164 164 164 168 169 169 172
[199] 172 173 178 178 183 183 183 184 185 188 189 191 191 193 198 198 198 201
[217] 212 213 214 216 218

$EXTANT
  [1] FALSE FALSE FALSE FALSE FALSE FALSE FALSE FALSE FALSE FALSE FALSE FALSE
 [13] FALSE FALSE FALSE FALSE FALSE FALSE FALSE FALSE FALSE FALSE FALSE FALSE
 [25] FALSE FALSE FALSE FALSE FALSE FALSE FALSE FALSE FALSE FALSE FALSE FALSE
 [37] FALSE FALSE FALSE FALSE FALSE FALSE FALSE FALSE FALSE FALSE FALSE FALSE
 [49] FALSE FALSE FALSE FALSE FALSE FALSE FALSE FALSE FALSE FALSE FALSE FALSE
 [61] FALSE FALSE  TRUE FALSE FALSE FALSE FALSE FALSE FALSE FALSE FALSE FALSE
 [73] FALSE FALSE FALSE FALSE FALSE FALSE  TRUE FALSE FALSE  TRUE  TRUE FALSE
 [85] FALSE FALSE FALSE FALSE FALSE FALSE FALSE FALSE FALSE  TRUE  TRUE  TRUE
 [97] FALSE  TRUE FALSE FALSE  TRUE FALSE  TRUE  TRUE  TRUE  TRUE FALSE FALSE
[109] FALSE FALSE FALSE FALSE FALSE FALSE  TRUE  TRUE FALSE  TRUE  TRUE  TRUE
[121] FALSE  TRUE  TRUE  TRUE  TRUE FALSE FALSE  TRUE  TRUE  TRUE FALSE FALSE
[133]  TRUE  TRUE FALSE FALSE  TRUE FALSE  TRUE FALSE FALSE FALSE FALSE  TRUE
[145]  TRUE  TRUE  TRUE  TRUE  TRUE  TRUE  TRUE FALSE  TRUE  TRUE FALSE FALSE
[157] FALSE  TRUE FALSE  TRUE  TRUE FALSE FALSE  TRUE  TRUE  TRUE  TRUE  TRUE
[169]  TRUE  TRUE FALSE  TRUE FALSE FALSE  TRUE  TRUE  TRUE FALSE  TRUE FALSE
[181] FALSE FALSE  TRUE FALSE FALSE  TRUE  TRUE FALSE  TRUE  TRUE  TRUE FALSE
[193] FALSE FALSE  TRUE  TRUE  TRUE  TRUE  TRUE FALSE  TRUE  TRUE  TRUE FALSE
[205]  TRUE FALSE FALSE FALSE  TRUE  TRUE  TRUE  TRUE  TRUE  TRUE FALSE  TRUE
[217]  TRUE FALSE  TRUE  TRUE FALSE

