
Birth-death simulation object with 89 species and 30 extant species

Details for some species:

Extinction times (NA means extant)
[1] 16.01561 34.71716 17.49650 30.44315 22.07413 22.93158


Speciation times 
[1] 49.11595 35.09291 33.01729 30.92261 29.02746 27.69546


Species parents (NA for initial)
[1] NA  1  1  1  1  1


Species status (extinct or extant)
[1] "extinct" "extinct" "extinct" "extinct" "extinct" "extinct"


For more details on vector y, try sim$y, with y one of
TE TS PAR EXTANT



$TE
 [1] 16.01560861 34.71716151 17.49649783 30.44315225 22.07412556 22.93157597
 [7] 12.00118995 13.69993709 13.55736684 27.83402231 23.59952091 21.85084841
[13] 17.99973005  5.37567186  8.69360929 18.29904822          NA 24.37773985
[19] 13.59171809 15.80296223  7.44152585  5.57036188          NA 14.62635336
[25] 11.69874056 14.61654383  8.58466005  7.21161047          NA 19.86229554
[31] 10.69881309          NA  1.79075046  2.69177461          NA          NA
[37] 13.97324867 12.33266943 17.03585834 11.14874596  2.22637957 10.28397043
[43]          NA  5.73184035          NA  0.73496475  4.32720566  4.55097213
[49]          NA 14.57835678 19.14057047  2.55735847          NA          NA
[55]  6.39291422  0.10399727  1.55483897  3.67649346  1.37375314          NA
[61]  1.56703253          NA          NA          NA 15.92380070 14.43573247
[67]  8.91829022          NA  2.20513108          NA  1.51692478          NA
[73]          NA          NA  1.02126124          NA          NA          NA
[79]  4.68753165          NA          NA          NA          NA          NA
[85]          NA  0.18341294          NA  0.08832668  0.14977826

$TS
 [1] 49.1159547 35.0929083 33.0172924 30.9226063 29.0274572 27.6954568
 [7] 25.0415857 21.8415389 20.1508838 28.7338551 28.0649863 27.8893007
[13] 19.9772395 13.3800863 17.0094998 19.4739678 16.8934610 24.3791045
[19] 24.1282247 19.6688430  9.3956484  6.5456638  6.2704871 14.7207501
[25] 11.7706637 15.3944970  9.6031653  9.5363231  4.3815537 21.7613503
[31] 21.6428834  9.1396486  8.7321355  9.4016006  2.7912852  0.6259630
[37] 21.1958634 19.7823390 17.2275724 12.3563173 11.5945563 11.1226076
[43]  7.9044499  6.3640066  5.6288315  2.2009354  7.9376622  7.4906830
[49]  1.1601414 19.5570858 19.2759573 18.8912101 13.6921781 11.5733761
[55]  8.5192081  8.4123984  7.6219516  6.3046918  4.9467326  4.1993988
[61]  7.5349691  6.1908097  0.2519686  7.3488766 16.7338001 16.2788963
[67]  8.9978801  4.8564334  4.1761817  7.2762200  3.6213773  1.8836367
[73]  7.8930961  1.5388944  4.9413366  4.2445337  1.2991480  7.3247586
[79]  6.9090912  0.4458767  0.1798207  0.4285059  4.2032200  0.8366005
[85]  1.8812338  0.8066908  1.1956049  0.2700211  0.7568037

$PAR
 [1] NA  1  1  1  1  1  1  1  3  5  5  5  7  7  8  9  9 11 11 13 14 14 14 15 15
[26] 17 17 17 17 19 19 21 21 27 29 29 31 31 31 31 31 31 32 32 33 33 34 34 35 37
[51] 37 38 38 40 41 41 41 41 41 41 43 44 45 48 50 52 52 52 52 54 54 54 55 56 58
[76] 59 60 61 61 62 70 72 73 74 78 84 85 85 87

$EXTANT
 [1] FALSE FALSE FALSE FALSE FALSE FALSE FALSE FALSE FALSE FALSE FALSE FALSE
[13] FALSE FALSE FALSE FALSE  TRUE FALSE FALSE FALSE FALSE FALSE  TRUE FALSE
[25] FALSE FALSE FALSE FALSE  TRUE FALSE FALSE  TRUE FALSE FALSE  TRUE  TRUE
[37] FALSE FALSE FALSE FALSE FALSE FALSE  TRUE FALSE  TRUE FALSE FALSE FALSE
[49]  TRUE FALSE FALSE FALSE  TRUE  TRUE FALSE FALSE FALSE FALSE FALSE  TRUE
[61] FALSE  TRUE  TRUE  TRUE FALSE FALSE FALSE  TRUE FALSE  TRUE FALSE  TRUE
[73]  TRUE  TRUE FALSE  TRUE  TRUE  TRUE FALSE  TRUE  TRUE  TRUE  TRUE  TRUE
[85]  TRUE FALSE  TRUE FALSE FALSE

