
Birth-death simulation object with 344 species and 86 extant species

Details for some species:

Extinction times (NA means extant)
[1] 34.63602 36.52798 37.55409 37.36516 30.25228 27.68763


Speciation times 
[1] 49.11595 42.17054 41.53238 38.51787 35.42671 40.45258


Species parents (NA for initial)
[1] NA  1  1  1  1  2


Species status (extinct or extant)
[1] "extinct" "extinct" "extinct" "extinct" "extinct" "extinct"


For more details on vector y, try sim$y, with y one of
TE TS PAR EXTANT



$TE
  [1] 34.6360165 36.5279751 37.5540889 37.3651592 30.2522752 27.6876331
  [7] 24.4681183 28.3155923 35.8819444 20.6288484 10.8434764 23.7352255
 [13] 19.8650062 25.8738595 14.9696340 25.5303315 29.5776322 15.0206622
 [19] 24.1185190 18.5716565 14.0291565 19.2563862  7.8374103 13.2571861
 [25] 13.1380292 20.2352678 27.8365421 15.0987866 21.6789828 16.8689132
 [31] 17.1404857 13.7872051 26.0233395 28.9032136 18.4511302 20.6540721
 [37] 19.9485592 17.5304927 22.9740130 13.6018831 13.3418745 20.6852875
 [43] 28.0267020 19.1993584 23.5263515 23.9216843 12.5721999 19.0099086
 [49] 20.3199816 14.4041897 12.8064413 12.5873050 12.2709680 10.6596613
 [55]  5.6717808  4.7279341 12.3049582 26.5164874 16.6206356 29.0321806
 [61] 12.3602972 18.5218657 17.9393732 11.9090136  5.4588592 26.0960266
 [67] 24.8773565 26.6498329 21.2235638 11.7652456 21.6561380 14.1713853
 [73] 24.0114516 21.2900377  5.6280920 15.3041391  3.1929475 14.4587183
 [79] 21.7882191 23.2062742 20.6034170 13.6273577 12.3157718 14.0863770
 [85]         NA  6.5164407         NA 12.1508882 10.7223561 13.3086644
 [91]  9.2790948 14.1300743 28.3098895 14.5065581 15.1756212 12.1238167
 [97]  5.6764215 11.4440522  4.1173560  6.5847831  6.5242558 18.7574233
[103] 13.9707048 21.3065338 17.4318589 12.8690450  7.3501045 11.1002484
[109]  6.2886141 11.5216960 11.9342480  8.7129995  7.4828229 15.2154880
[115]  2.9374251  2.7238329         NA 14.0416900 12.6424550  9.9260653
[121]  7.2693546  4.4178562  8.9737602         NA         NA  4.6069366
[127] 13.4694952 11.7020317 14.3880195 10.4207418 25.8636128 21.4867097
[133] 21.5102808 20.0890608 13.8401359 12.6422224 10.2900086         NA
[139]  6.4528535         NA  2.8108427 15.1629768 23.3290843 12.7475099
[145] 14.7871559 15.3596771 14.1123897 18.5423678 20.4842729  7.3011064
[151] 10.4614921 14.9444189  3.6106083 15.6264270 14.4286365 13.6702496
[157] 14.2289195 12.1885325         NA 14.6566314  9.2400532 11.0737361
[163] 10.6741559 10.7139960  5.8477126         NA 12.9097411  7.4624520
[169]         NA         NA         NA 14.7974321         NA  1.0555350
[175]         NA 13.5411066 11.4932734  9.6876909  0.8480451  5.4731483
[181] 14.6750246 16.8653723 12.0563815 11.2106720  8.6536867  4.2440682
[187]  0.8279751         NA 17.7310953 23.7393047 18.0683600 13.2981250
[193]  1.3050726         NA 12.7146879 13.4643345 20.5556267  2.7117184
[199] 11.1076556         NA         NA 17.7042896         NA 14.4573856
[205] 12.1895720 14.1154598  3.0207262  3.6286085  2.8063106         NA
[211] 11.2385181         NA  1.7646147         NA  4.4473814  3.7532515
[217]         NA         NA         NA         NA 13.4297208         NA
[223]  1.6036440         NA  4.1050340         NA  0.4505807         NA
[229]         NA 14.0258485 25.1512583 11.3486857 13.1531881 14.5514058
[235] 14.9120765 16.7326386         NA  8.7686814  2.3301416  4.1187581
[241] 13.9438536 15.9163584 11.1893457  2.3308724         NA         NA
[247] 14.5209864         NA  5.9300201         NA  4.3692289  4.5110061
[253]  0.8972307         NA         NA  2.4955541  4.1240073  2.5946896
[259]  5.7994695  0.8447291         NA  2.1631396  2.3893457         NA
[265]         NA         NA 13.9948660  5.8978229         NA         NA
[271]  2.8994452  1.2930598         NA         NA         NA  1.9218972
[277]  7.6231510 10.9791062 12.8280855 16.4053956 16.1433196 15.0823718
[283] 10.7612415  1.0405018         NA         NA         NA         NA
[289]         NA         NA         NA         NA  1.3924975  0.9108715
[295]  6.5201613         NA         NA         NA         NA         NA
[301]         NA         NA  1.5419499         NA         NA  3.7991623
[307]  1.0745709  0.5130841         NA         NA  3.5364108 12.2288100
[313] 15.1513717         NA         NA         NA  1.6626066         NA
[319]         NA  1.6257818         NA  2.0250119         NA         NA
[325]         NA         NA  0.3464033  3.6337614  2.2582984  3.4163034
[331]  0.5441863         NA  0.2473334         NA 14.7278083         NA
[337]         NA         NA         NA         NA         NA  1.3463164
[343]         NA         NA

$TS
  [1] 49.11595465 42.17054030 41.53238154 38.51786508 35.42671433 40.45257979
  [7] 39.12057424 39.33134381 38.68167614 38.41241295 36.80282936 36.10745418
 [13] 28.53816066 28.52235302 27.23110819 30.32048122 38.04939249 32.92410614
 [19] 31.32448391 27.73576628 24.69705142 19.96325726 18.49013626 14.63763461
 [25] 13.90599896 31.13476771 29.85310284 26.70580101 27.92098537 22.05108871
 [31] 18.39639103 16.16138737 26.17231503 31.82559448 31.79694155 29.40151490
 [37] 28.61738791 24.98832050 24.83972306 17.64754627 15.03099670 30.47351265
 [43] 28.71138065 24.38798644 26.63797990 25.21989380 20.98551640 20.40056591
 [49] 21.74970472 16.42397978 15.25224967 18.33584775 12.72510674 11.79248079
 [55] 11.05054246 10.15321368 28.74981974 27.25374842 23.92853630 29.79846202
 [61] 24.98657311 21.58426928 18.60792316 15.19016630 24.97055215 30.76915038
 [67] 27.87863681 26.84522312 22.73398503 22.29148617 27.00540619 25.36610378
 [73] 24.74013281 23.22677976 19.46054488 19.24055444 24.65484067 21.20347965
 [79] 25.61264096 24.47116099 24.99793309 14.00975831 12.88453570 15.11264295
 [85] 10.58978973  8.54306371  9.76940194 22.30347091 16.42585279 14.05004605
 [91] 13.00154500 16.97793415 29.44117568 18.76219319 16.61012614 24.77725394
 [97] 18.96420672 13.43688936  8.32529543  7.82781712  7.41455036 30.10171175
[103] 27.29071809 27.81556072 26.60973859 13.08213488 25.38283104 24.09007525
[109] 17.63142643 18.06199360 16.18309092 13.71718471  8.36835795 18.36564252
[115] 17.53778486  9.87207079  3.39323029 23.42786667 23.52951337 10.00788258
[121]  8.80647778  5.47711353  8.99450155  6.88748012  0.08953578 15.20584573
[127] 14.31343116 12.90346758 15.15813939 12.23830287 29.08147436 24.46319571
[133] 23.83523808 22.07966690 14.36872906 13.02148528 12.35206111 11.97500643
[139] 12.57695927  8.25156988  7.17337827 20.08573862 27.28216693 23.62719528
[145] 23.07438294 22.77891085 22.56816189 21.28680720 20.63763553 15.67606183
[151] 19.44419392 19.27651176 14.52456375 16.09435430 15.12059361 14.57863673
[157] 14.46845415 13.54349903  7.82953489 16.84777328 12.86919763 13.50873353
[163] 12.25687299 11.74580860 10.58091516  7.64144699 15.29742647  9.47254336
[169]  9.17541613  5.03857637  1.56944729 15.15292534  9.93304743  6.05678491
[175]  5.12319880 14.75446845 13.46548340 12.75028697  9.66597172  8.19405844
[181] 23.64223254 22.19673858 13.99289145 11.44473109 11.16149215 10.61734066
[187]  6.59038044  1.48667584 18.44029073 26.23869430 18.69863726 17.36127654
[193] 22.41891669 19.77741877 14.99195626 14.89473941 20.59370324 20.55724893
[199] 11.50933217 10.07369336  8.75969705 19.26852529 17.20653808 16.45224824
[205] 13.23432077 17.11467516  6.73838338 12.21950297  7.44821288  2.91761391
[211] 12.36526185  6.69678148  8.35049109  6.95777793  6.82158280  4.45802110
[217]  2.70567854  0.91182309  1.14057972  0.94162481 14.96442754  6.71134882
[223]  3.98591315  0.81052085  4.28748305  0.06760054  8.56097466  5.56051202
[229]  6.63361633 16.18100428 25.55753070 16.03045736 14.16352484 22.14637761
[235] 19.30936148 17.33398876 11.95995379  9.84297902  8.63605040  7.47316428
[241] 17.14761993 16.09599278 11.42089730  6.58737055  5.80652090  0.45537101
[247] 14.63712916  4.96503326  8.29351112  4.70453771  4.40239125  9.87170881
[253]  8.98020198  6.44150154  2.15838951  4.23194664  7.11175486  7.03193155
[259]  6.77277086  5.16134332  3.78820118  2.19117643  2.77619678  1.35979124
[265]  4.24101701  0.87690688 14.65901162  6.23301788  2.56395681  0.23626896
[271]  7.44983829  3.40706276  5.47255485  3.26289727  0.88799853  3.91369083
[277] 12.44543673 13.87785770 19.47222140 19.00447417 16.66581519 16.25024310
[283] 11.11682877  3.81171940  2.02550209  1.27451006  8.45509545  6.17544373
[289]  3.14535467  2.36804971  1.21193365  3.25721134  1.54588700  6.66904509
[295]  6.85487382  5.59857931  2.94517033  4.86836197  1.04806109  3.34578924
[301]  0.10356877  0.48593939  2.52229720  5.50817670  3.40178211  4.23151023
[307]  3.85312655  2.11143106  1.99922549  1.06446102  3.56238759 13.29591200
[313] 15.82975519  2.97363628  0.60656444  5.41258723  3.07419630  0.56004462
[319]  0.52405697  2.14274598  2.82588039  2.18042425  1.82333052  0.37866485
[325]  1.52934962  0.63083495  5.46844666  4.59411764  3.93742846  3.77821862
[331]  3.53886987  2.70417451  1.84728249  1.28916424 15.68637227  2.13162728
[337]  1.31934430  0.32800029  1.85706817  1.10397461  0.51663110  2.10380603
[343]  1.95252255  1.46397023

$PAR
  [1]  NA   1   1   1   1   2   2   3   3   3   7   7   7   7   7   8   9  10
 [19]  10  11  11  11  11  11  11  12  12  12  13  15  15  15  16  18  18  18
 [37]  18  18  18  18  18  19  19  19  20  20  20  20  21  21  21  23  23  23
 [55]  23  23  26  26  26  27  28  28  28  28  29  34  36  36  36  36  37  37
 [73]  37  37  38  38  39  42  45  45  46  47  47  50  55  55  56  57  57  57
 [91]  57  59  60  61  61  65  65  65  65  65  65  66  66  67  67  70  71  71
[109]  72  75  75  75  75  76  77  77  77  80  81  85  85  85  87  87  87  88
[127]  88  88  89  89  93  96  96  96  96  96  96  97  98  99  99 102 103 103
[145] 103 107 107 107 107 107 108 108 108 109 109 109 109 109 109 110 110 112
[163] 112 112 112 113 114 115 115 115 117 118 120 124 124 126 126 126 126 126
[181] 132 133 135 137 137 139 140 140 142 143 146 146 147 147 147 147 148 149
[199] 150 150 150 151 151 151 151 152 153 158 159 159 162 166 168 169 169 169
[217] 169 169 170 171 172 173 173 173 174 175 179 179 180 181 190 192 192 193
[235] 193 193 193 193 193 193 194 194 194 194 194 194 196 198 201 201 201 203
[253] 203 203 203 207 208 208 208 208 213 213 214 214 216 217 221 222 223 224
[271] 227 227 228 228 228 229 232 233 234 234 235 235 237 237 237 237 239 244
[289] 244 244 245 248 250 252 253 254 254 260 260 261 261 265 269 271 271 273
[307] 273 274 274 274 276 279 282 284 286 287 287 288 289 290 294 297 298 298
[325] 300 300 304 304 304 304 307 307 308 308 313 314 325 326 327 334 334 336
[343] 336 342

$EXTANT
  [1] FALSE FALSE FALSE FALSE FALSE FALSE FALSE FALSE FALSE FALSE FALSE FALSE
 [13] FALSE FALSE FALSE FALSE FALSE FALSE FALSE FALSE FALSE FALSE FALSE FALSE
 [25] FALSE FALSE FALSE FALSE FALSE FALSE FALSE FALSE FALSE FALSE FALSE FALSE
 [37] FALSE FALSE FALSE FALSE FALSE FALSE FALSE FALSE FALSE FALSE FALSE FALSE
 [49] FALSE FALSE FALSE FALSE FALSE FALSE FALSE FALSE FALSE FALSE FALSE FALSE
 [61] FALSE FALSE FALSE FALSE FALSE FALSE FALSE FALSE FALSE FALSE FALSE FALSE
 [73] FALSE FALSE FALSE FALSE FALSE FALSE FALSE FALSE FALSE FALSE FALSE FALSE
 [85]  TRUE FALSE  TRUE FALSE FALSE FALSE FALSE FALSE FALSE FALSE FALSE FALSE
 [97] FALSE FALSE FALSE FALSE FALSE FALSE FALSE FALSE FALSE FALSE FALSE FALSE
[109] FALSE FALSE FALSE FALSE FALSE FALSE FALSE FALSE  TRUE FALSE FALSE FALSE
[121] FALSE FALSE FALSE  TRUE  TRUE FALSE FALSE FALSE FALSE FALSE FALSE FALSE
[133] FALSE FALSE FALSE FALSE FALSE  TRUE FALSE  TRUE FALSE FALSE FALSE FALSE
[145] FALSE FALSE FALSE FALSE FALSE FALSE FALSE FALSE FALSE FALSE FALSE FALSE
[157] FALSE FALSE  TRUE FALSE FALSE FALSE FALSE FALSE FALSE  TRUE FALSE FALSE
[169]  TRUE  TRUE  TRUE FALSE  TRUE FALSE  TRUE FALSE FALSE FALSE FALSE FALSE
[181] FALSE FALSE FALSE FALSE FALSE FALSE FALSE  TRUE FALSE FALSE FALSE FALSE
[193] FALSE  TRUE FALSE FALSE FALSE FALSE FALSE  TRUE  TRUE FALSE  TRUE FALSE
[205] FALSE FALSE FALSE FALSE FALSE  TRUE FALSE  TRUE FALSE  TRUE FALSE FALSE
[217]  TRUE  TRUE  TRUE  TRUE FALSE  TRUE FALSE  TRUE FALSE  TRUE FALSE  TRUE
[229]  TRUE FALSE FALSE FALSE FALSE FALSE FALSE FALSE  TRUE FALSE FALSE FALSE
[241] FALSE FALSE FALSE FALSE  TRUE  TRUE FALSE  TRUE FALSE  TRUE FALSE FALSE
[253] FALSE  TRUE  TRUE FALSE FALSE FALSE FALSE FALSE  TRUE FALSE FALSE  TRUE
[265]  TRUE  TRUE FALSE FALSE  TRUE  TRUE FALSE FALSE  TRUE  TRUE  TRUE FALSE
[277] FALSE FALSE FALSE FALSE FALSE FALSE FALSE FALSE  TRUE  TRUE  TRUE  TRUE
[289]  TRUE  TRUE  TRUE  TRUE FALSE FALSE FALSE  TRUE  TRUE  TRUE  TRUE  TRUE
[301]  TRUE  TRUE FALSE  TRUE  TRUE FALSE FALSE FALSE  TRUE  TRUE FALSE FALSE
[313] FALSE  TRUE  TRUE  TRUE FALSE  TRUE  TRUE FALSE  TRUE FALSE  TRUE  TRUE
[325]  TRUE  TRUE FALSE FALSE FALSE FALSE FALSE  TRUE FALSE  TRUE FALSE  TRUE
[337]  TRUE  TRUE  TRUE  TRUE  TRUE FALSE  TRUE  TRUE

