
Birth-death simulation object with 219 species and 63 extant species

Details for some species:

Extinction times (NA means extant)
[1] 41.49154 36.08219 38.94516 42.96304 40.28787 33.57878


Speciation times 
[1] 49.11595 47.77040 47.47891 43.73786 42.82170 39.80648


Species parents (NA for initial)
[1] NA  1  1  1  1  2


Species status (extinct or extant)
[1] "extinct" "extinct" "extinct" "extinct" "extinct" "extinct"


For more details on vector y, try sim$y, with y one of
TE TS PAR EXTANT



$TE
  [1] 41.49154302 36.08219466 38.94516287 42.96304327 40.28786678 33.57877693
  [7] 28.79332299 42.38285480 35.78677738 20.09165740 22.59020458 33.35506912
 [13] 42.78549888 44.23364943 42.84736996 40.64424860 24.94567340 35.22811210
 [19] 18.71003647 30.40508685 13.35991391 15.56829788 18.51336469 16.47002233
 [25] 14.87512299 25.37372556 23.37804927 12.31334321 32.66453908 17.22233149
 [31] 27.35989042 26.10718398 26.41972016 22.39793436 15.11805880 29.39766662
 [37] 15.78965251 12.93778914 25.94393791 14.91791523 19.00314980 14.09834175
 [43]  6.60523316 21.93678115 13.64268456 11.47000693 17.13405687 13.07608860
 [49] 10.86036898 12.03840262 22.77254040 14.36781914 19.26216456 10.29396662
 [55] 23.08737437  8.28150691 12.91837008 27.46021737 19.01976338 14.97228126
 [61] 17.15006223 12.76157609 17.25885274  6.76672575 14.87669771 15.24264964
 [67] 16.02555455 16.91047643 11.39749604 21.82517781 14.93009417 13.72232601
 [73] 13.50791380 10.66120928  9.48648260  7.78913278 12.64808770 10.78414160
 [79] 23.67642101 11.62538635 13.24510663 14.55608963 10.56539797  6.98762372
 [85] 14.54067580  8.09507581 16.39046328 12.14248138 12.37027456 13.71320211
 [91] 14.33759014 11.71051629 11.08609729 26.49356818 19.03891917 21.84164145
 [97] 18.93814344 19.11860839  2.38209242 11.03467174  4.47236910 15.03121475
[103]  1.56105183          NA 14.22461290 11.18306313 16.51522237          NA
[109]  5.11555384  6.14584111  9.01646507 14.64144456 14.04425562 12.36301359
[115]          NA  2.07763166 12.96102509 10.87257770  5.72840393  3.97359462
[121]          NA          NA 15.16922109  3.90362393          NA          NA
[127]  3.57951791          NA          NA          NA  3.31106952          NA
[133]          NA  4.42435466  2.17134865          NA          NA 11.14625551
[139] 10.14713760  6.13530075          NA          NA          NA          NA
[145]          NA          NA  8.38377368  3.79920610          NA          NA
[151]          NA  6.04537055  0.07077238          NA  0.19265720          NA
[157]          NA          NA          NA          NA  6.41568651  1.89849082
[163]          NA 10.54509806  8.14719463  2.52745990  0.52140864  0.79678288
[169]  0.34289883          NA          NA  1.05672344          NA          NA
[175]          NA          NA  0.81048089          NA          NA  0.86028320
[181]          NA  3.16949165  2.57932513  5.20014766          NA  0.96356650
[187]          NA          NA          NA  1.93385192          NA          NA
[193]          NA          NA          NA          NA          NA  6.39274870
[199]          NA          NA          NA  3.15108121          NA          NA
[205]  0.72383206          NA          NA          NA  6.25812040  4.25149735
[211]  6.05494565  6.89172189          NA  3.31952587          NA          NA
[217]  3.45153575          NA          NA

$TS
  [1] 49.115954651 47.770398792 47.478914969 43.737859567 42.821704551
  [6] 39.806479107 36.367228459 46.374589116 43.536350706 38.599413023
 [11] 36.759142661 34.362172988 45.639311433 44.333751107 43.456239330
 [16] 43.033887470 38.979329818 36.376957612 31.663727977 30.469833855
 [21] 28.342430653 27.046552440 25.178657741 21.933538316 20.531950096
 [26] 27.383028708 25.600944176 22.652011404 33.479439350 30.844219007
 [31] 29.559077072 29.417482605 28.521530887 25.709427397 25.012627991
 [36] 30.833117307 26.532356192 24.311138101 27.060679016 21.775280810
 [41] 20.950392979 14.462675638 14.075530663 25.443477006 19.201011759
 [46] 16.021599107 18.778011522 18.578990881 14.026534759 13.971801151
 [51] 23.727210898 18.793957527 27.532941066 26.532595576 25.352455364
 [56] 23.256520073 19.069503847 30.301224826 20.791618974 21.369242464
 [61] 18.571726560 18.233947368 17.353376036  7.348364214 17.245423764
 [66] 17.194815268 17.873946557 17.069633632 12.553327592 25.580361596
 [71] 15.289295135 15.117268363 20.032417551 12.199215516 10.288306857
 [76]  9.852081612 14.686040163 13.938627058 29.321372619 28.698456042
 [81] 17.841685372 17.356523043 14.976349321 17.947136478 15.659226058
 [86] 17.110481451 16.403356776 15.364731579 17.625152978 14.476444420
 [91] 14.532249097 13.395996990 11.164482018 26.899440169 26.151079536
 [96] 26.440261980 22.745284807 21.217373051 20.073513786 14.463422500
[101] 11.889045613 15.217031160  9.810498589  7.984973589 16.629835691
[106] 11.214673594 17.292878620 15.830100162 14.158315943 14.040224811
[111] 12.213084780 19.141775149 14.992919314 12.856296652  7.432869839
[116]  4.910876221 13.822135338 12.790439315  7.345790048  7.212870166
[121]  8.620601922  7.037930780 16.184608199 13.249795031  7.884185416
[126]  9.417179053  7.084467481  9.108403467  3.318086210  6.529295973
[131]  6.258906945  6.172566823  4.388341176  8.558798723  5.287634649
[136]  0.003959972 12.927310315 11.189478706 10.256983088  7.934135939
[141]  5.339624260  4.229317351  5.572863031  0.679656998  0.654357204
[146]  0.553577278  9.103639933  4.277769881  2.063515170  3.115659829
[151]  2.679448540  6.393777522  4.723305531  3.457352235  5.577117950
[156]  0.352208874  0.220195144  2.493321515  1.378140816  8.329731110
[161]  8.146229399  5.901171235 10.676636945 10.625372412  9.946041287
[166]  4.703704539  2.582246502  4.137904777  4.078149097  3.535857830
[171]  1.493910008  2.550627795  4.279140896  1.125617568  0.123721853
[176]  0.282230514  3.482998985  3.446417825  2.269857453  1.418723249
[181]  0.166545161  4.323811421  2.788568582  7.619049223  3.205618800
[186]  9.283552711  9.046944018  8.749770082  3.878229826  2.006472769
[191]  2.944986561  0.911101342  0.178372546  0.439393758  2.360952059
[196]  1.593387358  0.468840676  6.918501915  9.113850629  8.866413180
[201]  6.065417179  4.212158344  4.127280476  0.026704006  2.942592770
[206]  0.369718484  0.799079876  0.591398783  6.731222065  8.073685322
[211]  7.084944872  8.048679036  2.178629140  3.772117416  1.516059775
[216]  6.878859306  5.978716760  1.058172308  0.141215239

$PAR
  [1]  NA   1   1   1   1   2   2   3   4   6   6   6   8   8   8   8   9   9
 [19]  10  10  10  10  10  10  10  11  11  11  17  17  17  17  17  17  17  19
 [37]  19  19  21  21  21  21  21  22  24  25  28  28  28  28  30  30  31  32
 [55]  34  35  35  36  37  38  38  38  38  43  45  45  47  48  49  54  54  54
 [73]  56  56  56  56  57  57  58  58  60  60  60  61  62  66  66  66  73  73
 [91]  77  78  78  79  79  80  80  80  80  80  80  84  84  84  86  86  89  89
[109]  89  89  92  95  99  99  99  99 100 100 101 101 103 104 105 108 108 110
[127] 110 111 116 119 119 120 120 121 121 122 124 124 124 124 125 125 126 126
[145] 126 126 128 128 128 129 129 130 130 130 131 132 132 133 133 134 134 134
[163] 137 137 137 137 137 142 143 143 149 150 153 153 153 154 155 155 155 158
[181] 158 160 160 161 162 163 163 163 163 163 166 170 173 174 178 178 178 184
[199] 186 187 188 188 188 188 191 192 195 196 198 199 199 200 200 202 205 210
[217] 210 215 218

$EXTANT
  [1] FALSE FALSE FALSE FALSE FALSE FALSE FALSE FALSE FALSE FALSE FALSE FALSE
 [13] FALSE FALSE FALSE FALSE FALSE FALSE FALSE FALSE FALSE FALSE FALSE FALSE
 [25] FALSE FALSE FALSE FALSE FALSE FALSE FALSE FALSE FALSE FALSE FALSE FALSE
 [37] FALSE FALSE FALSE FALSE FALSE FALSE FALSE FALSE FALSE FALSE FALSE FALSE
 [49] FALSE FALSE FALSE FALSE FALSE FALSE FALSE FALSE FALSE FALSE FALSE FALSE
 [61] FALSE FALSE FALSE FALSE FALSE FALSE FALSE FALSE FALSE FALSE FALSE FALSE
 [73] FALSE FALSE FALSE FALSE FALSE FALSE FALSE FALSE FALSE FALSE FALSE FALSE
 [85] FALSE FALSE FALSE FALSE FALSE FALSE FALSE FALSE FALSE FALSE FALSE FALSE
 [97] FALSE FALSE FALSE FALSE FALSE FALSE FALSE  TRUE FALSE FALSE FALSE  TRUE
[109] FALSE FALSE FALSE FALSE FALSE FALSE  TRUE FALSE FALSE FALSE FALSE FALSE
[121]  TRUE  TRUE FALSE FALSE  TRUE  TRUE FALSE  TRUE  TRUE  TRUE FALSE  TRUE
[133]  TRUE FALSE FALSE  TRUE  TRUE FALSE FALSE FALSE  TRUE  TRUE  TRUE  TRUE
[145]  TRUE  TRUE FALSE FALSE  TRUE  TRUE  TRUE FALSE FALSE  TRUE FALSE  TRUE
[157]  TRUE  TRUE  TRUE  TRUE FALSE FALSE  TRUE FALSE FALSE FALSE FALSE FALSE
[169] FALSE  TRUE  TRUE FALSE  TRUE  TRUE  TRUE  TRUE FALSE  TRUE  TRUE FALSE
[181]  TRUE FALSE FALSE FALSE  TRUE FALSE  TRUE  TRUE  TRUE FALSE  TRUE  TRUE
[193]  TRUE  TRUE  TRUE  TRUE  TRUE FALSE  TRUE  TRUE  TRUE FALSE  TRUE  TRUE
[205] FALSE  TRUE  TRUE  TRUE FALSE FALSE FALSE FALSE  TRUE FALSE  TRUE  TRUE
[217] FALSE  TRUE  TRUE

