
Birth-death simulation object with 121 species and 39 extant species

Details for some species:

Extinction times (NA means extant)
[1] 11.60975 20.52868 16.39051 20.70028 23.06760 10.98928


Speciation times 
[1] 45.87733 37.31289 36.19665 28.41005 23.15934 21.24124


Species parents (NA for initial)
[1] NA  1  1  1  1  1


Species status (extinct or extant)
[1] "extinct" "extinct" "extinct" "extinct" "extinct" "extinct"


For more details on vector y, try sim$y, with y one of
TE TS PAR EXTANT



$TE
  [1] 11.6097545 20.5286751 16.3905100 20.7002832 23.0675976 10.9892783
  [7] 18.6028941 30.1925886 21.0099979 13.2216500 16.1644295 29.5048564
 [13] 18.1073569 10.0975845 24.7499373  6.4088903 15.3525246  8.7624211
 [19] 11.8859870 10.2746988  9.9790779  9.8268566 13.6072565 11.0084707
 [25] 14.4620212  7.3340096 11.7913269 18.0629138 15.8889348         NA
 [31] 10.4692862  9.2805911         NA  8.9980352  7.2874572 14.7359851
 [37] 23.8970760 11.0367870 19.6674769 11.5923358 10.6251405  9.9883011
 [43] 11.2513280 11.5984979 13.9009908  8.0902416         NA  2.1029614
 [49]         NA  0.1301364 10.8919075  8.9945659         NA         NA
 [55]         NA  1.7577379  8.4449530 10.6163238 19.2791906 11.6392593
 [61] 10.0559490  6.2058908  0.7239831  5.1932496         NA  6.1023985
 [67]         NA  0.9214460  3.7201834         NA 11.8782218  8.9407449
 [73]  2.0462441  1.6029901         NA  9.3726319  8.1837452  9.5282038
 [79] 14.2230828         NA  6.0105455  3.8876716         NA         NA
 [85]         NA  2.0552650  5.4353653  5.2590997         NA  5.6867494
 [91]  4.8661563         NA  5.5553638         NA         NA         NA
 [97]         NA  4.2135357         NA         NA         NA  6.1528379
[103]  4.1493348         NA         NA         NA         NA         NA
[109]  1.8036457         NA         NA         NA  4.4754566  1.6759889
[115]         NA         NA         NA         NA         NA         NA
[121]         NA

$TS
  [1] 45.8773276 37.3128922 36.1966549 28.4100484 23.1593414 21.2412411
  [7] 19.3840670 35.0384017 30.3583122 25.4926248 34.9212018 34.5712255
 [13] 20.6072381 17.0627726 25.4793536 23.4833830 18.0003531 12.8249529
 [19] 11.9342571 11.9091187 25.5706702 22.5183293 20.3088280 19.3169350
 [25] 16.2930981 14.2366463 13.5073448 21.5436764 19.5706064 18.9772760
 [31] 10.7324287 25.0540824 13.0289096  9.2143913  9.1313095 17.5648628
 [37] 23.9657082 15.3090694 22.0913338 14.6201462 19.6976526 18.7850698
 [43] 12.3320496 19.4707091 18.0342699 11.5913637 10.3403248  6.3421835
 [49]  6.1922090  1.9186239 16.2854910 10.2141359  6.3701840  4.6760588
 [55]  4.5026229  2.0776329 14.3482336 12.8385187 19.6556675 16.6494223
 [61] 10.2200104  6.8024406  6.6975548  6.6092159  6.3092298  6.1496921
 [67]  4.2862337  6.1175048  4.8495885  3.5940478 14.4436458  9.1362613
 [73]  9.0136999  2.3191602  0.3938140 12.1836570  8.9625859 11.9196470
 [79] 15.6701779 11.9541433  6.5353516  6.2043716  1.9671775  0.2132548
 [85]  2.0905395  6.8506034  6.5553819  6.4776726  6.4069582  9.8277353
 [91]  8.6921763  6.6607347  6.4100771  1.3072639  4.9369065  1.6434940
 [97]  0.2301709  6.2906106  3.4316238  6.7278559  7.9580406  7.6926853
[103]  6.5694910  6.1681295  3.7448227  0.5958821  3.2416089  3.1690332
[109]  2.3293440  1.2297573  1.7564919  6.2160979  6.2055440  2.9179190
[115]  1.0183264  2.2034739  0.3346681  1.3800661  1.6966289  0.6153435
[121]  0.4215048

$PAR
  [1]  NA   1   1   1   1   1   1   2   2   2   3   3   3   3   4   4   6   6
 [19]   6   6   9   9  10  10  10  10  10  11  11  11  14  15  16  16  16  17
 [37]  21  21  22  22  23  23  27  28  30  30  30  30  30  30  32  33  33  33
 [55]  33  33  38  40  41  41  46  47  47  47  47  47  47  48  48  49  51  52
 [73]  52  53  53  57  57  58  60  60  63  63  65  65  70  73  73  73  73  76
 [91]  77  80  80  80  82  85  85  86  86  90  91  91  92  92  95  95  99  99
[109]  99  99 101 103 103 105 107 108 111 112 116 118 120

$EXTANT
  [1] FALSE FALSE FALSE FALSE FALSE FALSE FALSE FALSE FALSE FALSE FALSE FALSE
 [13] FALSE FALSE FALSE FALSE FALSE FALSE FALSE FALSE FALSE FALSE FALSE FALSE
 [25] FALSE FALSE FALSE FALSE FALSE  TRUE FALSE FALSE  TRUE FALSE FALSE FALSE
 [37] FALSE FALSE FALSE FALSE FALSE FALSE FALSE FALSE FALSE FALSE  TRUE FALSE
 [49]  TRUE FALSE FALSE FALSE  TRUE  TRUE  TRUE FALSE FALSE FALSE FALSE FALSE
 [61] FALSE FALSE FALSE FALSE  TRUE FALSE  TRUE FALSE FALSE  TRUE FALSE FALSE
 [73] FALSE FALSE  TRUE FALSE FALSE FALSE FALSE  TRUE FALSE FALSE  TRUE  TRUE
 [85]  TRUE FALSE FALSE FALSE  TRUE FALSE FALSE  TRUE FALSE  TRUE  TRUE  TRUE
 [97]  TRUE FALSE  TRUE  TRUE  TRUE FALSE FALSE  TRUE  TRUE  TRUE  TRUE  TRUE
[109] FALSE  TRUE  TRUE  TRUE FALSE FALSE  TRUE  TRUE  TRUE  TRUE  TRUE  TRUE
[121]  TRUE

