
Birth-death simulation object with 293 species and 106 extant species

Details for some species:

Extinction times (NA means extant)
[1] 31.67710 39.74599 26.58099 26.02462 24.43739 20.94280


Speciation times 
[1] 45.87733 41.83118 35.89855 35.06581 32.18859 34.18895


Species parents (NA for initial)
[1] NA  1  1  1  1  3


Species status (extinct or extant)
[1] "extinct" "extinct" "extinct" "extinct" "extinct" "extinct"


For more details on vector y, try sim$y, with y one of
TE TS PAR EXTANT



$TE
  [1] 31.6771009 39.7459852 26.5809888 26.0246197 24.4373903 20.9427979
  [7] 20.2172731 22.7652905 28.3790151 17.2126073 27.0770658 25.6220081
 [13] 22.9672413 21.9577676 11.7882492 17.2279518 24.8317692 13.0305217
 [19] 11.7893402 19.7178835  8.2645016 26.2627382 24.6412035 24.1578931
 [25]  6.3425562 25.6872665 14.7235752 13.8507637 19.4237353  9.4513294
 [31] 14.3135776  9.4776878  4.3798393 20.7362926  9.4614333 23.9071901
 [37] 17.9148116 20.3449636 21.1346046 10.7095555 18.8372495 13.2874285
 [43] 10.1256363 10.7263821 11.8289648 10.9950629  5.4363506 27.7073898
 [49]  6.8150856  4.7942998 16.0505117 16.4267724 13.0047530 14.1824087
 [55] 20.8800794  8.9422424 11.1281509 15.4066886 10.1155670         NA
 [61]  9.2840185 11.7065250 15.3192936  9.2160916 11.0233190 10.2461851
 [67]  7.7726611 11.9092009 10.3888556  7.4887554  4.4535154         NA
 [73]  5.2664787  1.0793162 11.4324223  9.8782595 10.9315095 17.2131995
 [79] 20.3028936 14.9474421 10.6427957         NA  2.7339697 11.1056803
 [85]  0.8681612 14.4754544  9.5579271  9.0641349         NA 14.2503289
 [91]  9.0233425 10.8400570 11.6541781         NA 11.6839226         NA
 [97]  1.9044547         NA  1.1790860         NA  4.8943850  5.7386757
[103]  1.3521628         NA         NA  4.0152681         NA  7.1917063
[109]  3.1383738  3.1438854  3.3463064         NA         NA  3.0771025
[115] 12.1249509  3.9027289  1.4840838         NA         NA  0.2289007
[121]  8.5801852         NA  5.1519584         NA         NA         NA
[127] 11.5976553         NA  5.2778901         NA         NA         NA
[133]  2.5710257  3.9784060         NA         NA  3.1803808         NA
[139]         NA 10.9574597  7.9452270  7.5700520  8.4773205  9.7507332
[145]         NA  2.4769113         NA  1.7647332  1.7676054  7.0423769
[151] 11.5768035  5.9541183         NA  4.0553256         NA         NA
[157]  2.5774283         NA         NA  1.3332280         NA         NA
[163]  5.8819479 11.7818729  6.4593122  5.7220028  2.0294524  5.3513071
[169]         NA         NA         NA  0.1949740         NA         NA
[175] 11.6099672 10.8559337 10.3886959         NA 10.4068728  6.2079629
[181]  0.4839942  4.0362104         NA  5.6456709         NA  4.9278270
[187]         NA  3.0544050  6.0330808  2.2427786  4.8612035  4.3980446
[193]         NA         NA  6.4262318  4.9808719         NA         NA
[199]         NA 11.8085522 11.3659360  8.6233747         NA         NA
[205]  2.7395777         NA         NA         NA         NA  2.7603372
[211]         NA         NA         NA  4.7948143  4.5188885         NA
[217]         NA         NA         NA         NA         NA         NA
[223]         NA         NA         NA  1.6295549         NA 10.2815792
[229]         NA         NA  1.8105827         NA         NA  4.4145275
[235]         NA         NA         NA  2.9447179  0.9673676         NA
[241]  0.3889285         NA  4.4253087         NA         NA         NA
[247]         NA         NA         NA  0.8074849  3.6025843         NA
[253]         NA         NA         NA  4.3002201  0.6136602  2.1378913
[259]  1.4430491         NA         NA  2.8006163  2.0004034  0.9339246
[265]         NA         NA         NA         NA  1.6015647         NA
[271]  0.9908538         NA         NA  2.1296211         NA  2.2903485
[277]  1.1263962         NA  2.8801275         NA         NA  1.4662824
[283]  1.2604588  1.6456986         NA  3.2290408  2.7971844         NA
[289]         NA  0.7925633         NA  0.3857759  0.2458303

$TS
  [1] 45.87732762 41.83118317 35.89854830 35.06580538 32.18858549 34.18895200
  [7] 29.27372804 31.14802533 30.05642966 29.28208976 29.71684184 27.15504268
 [13] 29.38359993 28.89915529 24.74198609 22.80248649 28.81513535 28.21718282
 [19] 21.15523092 20.99559842 17.55985482 26.50597072 26.24802463 28.92140108
 [25] 28.90688024 27.52581795 23.06029402 26.21044169 24.36188238 22.68450559
 [31] 18.42728228 18.29896569 15.92787713 21.38249339 19.31453557 25.72953782
 [37] 28.03923546 24.19212610 22.58915873 20.51663147 19.37514367 15.86647880
 [43] 12.80919857 12.00436503 15.69737979 13.59231462  9.02333539 28.18561549
 [49]  8.11566301  6.90593413 20.95752864 19.73173477 17.14414305 15.44014527
 [55] 24.92786731 13.97348136 17.95924984 16.11875881 15.33514598 10.50023695
 [61] 16.63991361 16.62832164 16.59350607 16.56456784 15.45711002 13.85284005
 [67] 12.89258914 11.97606449 11.94692030  8.97666063  6.90749608  6.82897800
 [73]  6.67709838  6.65272475 11.74957371 10.72022013 20.31032756 24.16270677
 [79] 21.39192513 16.44153294 13.03038684  6.85948692  6.26636545 16.96726948
 [85] 16.25270535 16.83976760 10.63513490 10.12806328  6.21983030 15.61188521
 [91] 10.62014669 13.79578108 14.78839118 13.06714694 12.42057195  9.28322189
 [97]  6.75765065  6.46203306  4.46891814  6.27214346  6.22802643  6.32617802
[103]  6.48527039  6.37498305  6.11237335  4.17458777  2.12148403 18.73783724
[109] 23.03633179  6.19882577  3.83559402  2.92304087  5.78199849  5.68391405
[115] 14.86458170  7.00681961  4.17215804  1.06193420  4.73119465  1.21045963
[121] 10.36593189 11.59461761  5.56178350  1.81839063  0.76020781  0.36471285
[127] 11.87981889  5.56792630  6.42784499  6.21867574  5.94177538  2.32688610
[133]  6.18896252  6.12231467  0.10666725  6.20214667  3.52239541  4.97114523
[139]  0.37961824 13.05433917 10.25772808 15.18599126 10.26184130  9.86616645
[145]  6.89894544  6.84490438  6.58608694  6.13198724  4.37012619 14.20514694
[151] 12.88240862  6.07955147  3.91361215  6.83540158  6.66384903  1.09665368
[157]  6.17187282  0.44240014  3.06492964  4.89164799  2.63925792  3.47321367
[163]  9.58666194 12.33597138  6.77925899  6.27145777  6.19490238  6.05684502
[169]  0.82423174  2.99420972  2.57242892  4.17688400  1.46073728  1.97165137
[175] 12.21202175 11.11067192 10.82801700  9.41393478 12.26864135  6.80488103
[181]  6.71452611  6.37401723  6.29233805  6.11439438  0.51880072  5.60194746
[187]  2.44871065  3.44813192  7.00016291  6.95040428  6.12865614  5.54560302
[193]  5.40544128  6.56349566  6.48441531  6.13603891  6.08268324  4.87982733
[199]  2.54923869 11.99085472 11.73391354 11.17131303  6.52026942  6.13229202
[205]  5.23778470  3.35529041  3.18508359  1.47598810  5.15831983  6.10646301
[211]  5.45606134  0.87280917  0.30924034  6.81360001  6.73888811  4.61701802
[217]  4.24715560  3.86153471  0.92972861  6.36083402  4.92137777  3.47970576
[223]  2.30497320  1.14610524  6.03696640  4.06249282  2.50084509 10.81135632
[229]  8.83831881  6.34662701  6.29749259  3.56025878  1.80526467  4.80225350
[235]  6.65871626  6.43911268  6.02016250  3.01908144  2.15990675  2.45519438
[241]  6.11920116  5.13755564  5.10807386  3.07525770  1.01237886  0.16534424
[247]  4.58756763  0.90421580  2.46824980  2.29101275  6.04300729  5.21959845
[253]  1.50822791  4.50705276  0.59489717  6.00121662  4.82340142  6.55740834
[259]  6.51323697  5.64075940  1.57876344  5.82453642  2.80932112  1.89205388
[265]  0.07136351  0.94273498  0.16274908  1.31772926  3.80282522  1.63929745
[271]  2.24602860  1.79643381  6.48682368  6.17847426  6.12484544  3.67259088
[277]  2.11861995  3.54082747  2.88447226  0.83780706  3.65418076  1.94729581
[283]  6.28668396  2.17108020  5.70010400  4.53360748  3.81903603  2.49740741
[289]  0.80147739  2.66034790  2.72104845  1.99786319  1.07157598

$PAR
  [1]  NA   1   1   1   1   3   3   4   4   4   5   6   8   8   8   8   9  10
 [19]  10  10  10  12  12  13  13  13  13  14  14  14  15  15  15  16  16  17
 [37]  18  18  18  18  19  19  19  19  21  21  21  24  25  25  27  27  27  27
 [55]  28  28  30  30  30  30  31  31  31  32  32  32  32  32  33  33  33  33
 [73]  33  33  35  35  37  38  38  40  45  49  50  51  51  57  59  59  60  61
 [91]  61  62  64  64  65  67  71  71  71  72  72  73  74  74  74  74  74  77
[109]  78  82  82  82  83  83  84  85  85  85  89  89  91  92  94  94  94  94
[127]  95  96  97  98  98  99 100 100 100 101 103 104 105 108 108 109 109 109
[145] 109 109 109 109 109 115 115 116 119 122 122 128 129 131 133 134 136 138
[163] 141 142 145 145 145 145 145 146 146 147 147 149 150 150 150 150 151 154
[181] 154 154 155 155 156 157 160 162 163 163 166 167 167 178 178 178 178 178
[199] 178 179 179 179 181 181 181 181 181 181 183 184 186 187 187 189 190 190
[217] 193 193 193 194 194 194 194 194 196 197 198 202 202 203 203 204 204 211
[235] 215 215 215 216 216 217 220 220 220 220 221 221 225 225 227 227 229 229
[253] 229 230 230 231 231 235 235 235 236 237 241 241 244 245 247 250 251 254
[271] 257 257 258 258 259 260 260 262 262 268 269 269 273 274 275 275 275 275
[289] 275 276 283 288 288

$EXTANT
  [1] FALSE FALSE FALSE FALSE FALSE FALSE FALSE FALSE FALSE FALSE FALSE FALSE
 [13] FALSE FALSE FALSE FALSE FALSE FALSE FALSE FALSE FALSE FALSE FALSE FALSE
 [25] FALSE FALSE FALSE FALSE FALSE FALSE FALSE FALSE FALSE FALSE FALSE FALSE
 [37] FALSE FALSE FALSE FALSE FALSE FALSE FALSE FALSE FALSE FALSE FALSE FALSE
 [49] FALSE FALSE FALSE FALSE FALSE FALSE FALSE FALSE FALSE FALSE FALSE  TRUE
 [61] FALSE FALSE FALSE FALSE FALSE FALSE FALSE FALSE FALSE FALSE FALSE  TRUE
 [73] FALSE FALSE FALSE FALSE FALSE FALSE FALSE FALSE FALSE  TRUE FALSE FALSE
 [85] FALSE FALSE FALSE FALSE  TRUE FALSE FALSE FALSE FALSE  TRUE FALSE  TRUE
 [97] FALSE  TRUE FALSE  TRUE FALSE FALSE FALSE  TRUE  TRUE FALSE  TRUE FALSE
[109] FALSE FALSE FALSE  TRUE  TRUE FALSE FALSE FALSE FALSE  TRUE  TRUE FALSE
[121] FALSE  TRUE FALSE  TRUE  TRUE  TRUE FALSE  TRUE FALSE  TRUE  TRUE  TRUE
[133] FALSE FALSE  TRUE  TRUE FALSE  TRUE  TRUE FALSE FALSE FALSE FALSE FALSE
[145]  TRUE FALSE  TRUE FALSE FALSE FALSE FALSE FALSE  TRUE FALSE  TRUE  TRUE
[157] FALSE  TRUE  TRUE FALSE  TRUE  TRUE FALSE FALSE FALSE FALSE FALSE FALSE
[169]  TRUE  TRUE  TRUE FALSE  TRUE  TRUE FALSE FALSE FALSE  TRUE FALSE FALSE
[181] FALSE FALSE  TRUE FALSE  TRUE FALSE  TRUE FALSE FALSE FALSE FALSE FALSE
[193]  TRUE  TRUE FALSE FALSE  TRUE  TRUE  TRUE FALSE FALSE FALSE  TRUE  TRUE
[205] FALSE  TRUE  TRUE  TRUE  TRUE FALSE  TRUE  TRUE  TRUE FALSE FALSE  TRUE
[217]  TRUE  TRUE  TRUE  TRUE  TRUE  TRUE  TRUE  TRUE  TRUE FALSE  TRUE FALSE
[229]  TRUE  TRUE FALSE  TRUE  TRUE FALSE  TRUE  TRUE  TRUE FALSE FALSE  TRUE
[241] FALSE  TRUE FALSE  TRUE  TRUE  TRUE  TRUE  TRUE  TRUE FALSE FALSE  TRUE
[253]  TRUE  TRUE  TRUE FALSE FALSE FALSE FALSE  TRUE  TRUE FALSE FALSE FALSE
[265]  TRUE  TRUE  TRUE  TRUE FALSE  TRUE FALSE  TRUE  TRUE FALSE  TRUE FALSE
[277] FALSE  TRUE FALSE  TRUE  TRUE FALSE FALSE FALSE  TRUE FALSE FALSE  TRUE
[289]  TRUE FALSE  TRUE FALSE FALSE

