
Birth-death simulation object with 339 species and 126 extant species

Details for some species:

Extinction times (NA means extant)
[1] 37.27735 36.06663 36.18042 26.62773 20.70349 25.76206


Speciation times 
[1] 45.87733 42.70053 41.32938 38.82226 38.43561 38.34695


Species parents (NA for initial)
[1] NA  1  1  2  2  2


Species status (extinct or extant)
[1] "extinct" "extinct" "extinct" "extinct" "extinct" "extinct"


For more details on vector y, try sim$y, with y one of
TE TS PAR EXTANT



$TE
  [1] 37.27735362 36.06662565 36.18041844 26.62773239 20.70349444 25.76206279
  [7] 30.82872794 16.96848806 10.71045452 15.95296402 24.83437183 19.82410174
 [13] 32.52517408 18.98425316 10.82177975 24.88838156 24.30056716 14.95351241
 [19] 11.45255670 10.23226563 15.09192884  7.66495387 10.34035674 12.47985417
 [25] 16.35755762 11.38330997 14.61183847  8.88900823 11.11688792  5.64372547
 [31] 12.70376348 10.75647752 17.83442504  8.92711940 28.04031832 16.91762045
 [37] 22.68137629 26.21970306 12.47684962 13.88953263 10.65925138  8.53840253
 [43]  7.16047662  3.51791755  5.18067563  2.06167535          NA 10.86843223
 [49]          NA 11.45523923 25.81365833 10.99990974  9.54294965 11.70982621
 [55] 13.82179988 14.38783725  7.81924190  3.19513691  2.78829244  5.43479229
 [61]  6.34889457  2.48485939          NA  2.48054274 16.84986934          NA
 [67]  1.22259621 10.11504666 11.78676384 15.08771469  8.16722188 24.17578146
 [73] 17.83396002          NA 13.25656336 16.02392855          NA  0.59140739
 [79]  5.77441102 10.28303981 11.89926779  8.04250403 11.02179022  1.34789808
 [85]  2.77213880  8.42374208  3.57059131  5.85688766          NA          NA
 [91]  1.62188811  9.56896404  7.77075491          NA 11.68680872  0.32544907
 [97]  0.03414901 12.00880801 10.28319349 10.84192745 11.10127014  7.18452661
[103] 10.60035256 15.54085103          NA 11.08058352  7.55022468          NA
[109]  9.26430279 10.37456161          NA          NA  9.90307950  4.52372119
[115]  4.94302690  2.87899835  3.66880254  4.78126846  3.43037755  1.73658828
[121]          NA 11.40828035 13.87057810  7.29794470  6.73513806 14.45020259
[127]  3.63739510  6.40517989          NA  5.25877844  2.67068201          NA
[133]  4.67562103          NA  4.20040969          NA 10.03921829 10.77971680
[139]          NA  0.02340460          NA          NA 11.89593782 11.64980723
[145]  8.19504265 14.66454469 14.17153352 13.94323899 11.12649261 12.52584603
[151]  2.29929500          NA          NA  1.41365149 10.49752982          NA
[157]          NA  1.55368651  2.16420045          NA  2.78697977          NA
[163]          NA  1.99834862  1.90587900 15.06211106 11.42934628  6.76737616
[169]  5.69125609          NA          NA          NA  3.06378764          NA
[175]          NA  3.44723226          NA          NA          NA  1.09767942
[181]          NA          NA          NA  8.91688609 10.27310698 10.79930855
[187] 10.30864112 11.73022173  0.50129057  3.66128208  2.05900491          NA
[193]          NA  3.00568764          NA  8.31341570  3.82963443  3.06062737
[199]          NA  0.03501542  2.11598382  3.06241585  3.32657753  2.79724555
[205]  1.83752014  3.73315826  3.50465547          NA          NA          NA
[211]          NA          NA  3.71694578          NA  3.54227972  0.44363511
[217]          NA          NA          NA  3.49648772          NA  4.67603981
[223]          NA          NA          NA 10.37590483  4.33775730  1.54009136
[229]          NA 10.75749485          NA  1.53976474          NA          NA
[235]          NA  3.55231968          NA          NA          NA  4.67582452
[241]          NA  4.85971964          NA          NA          NA  0.67202211
[247]          NA          NA          NA          NA          NA          NA
[253]  4.82095159  0.97764648  0.12052288  1.78185056          NA  9.56171156
[259]  3.27048798  2.90646561          NA          NA  3.30848992  2.46240057
[265]  3.10351350  1.44688287          NA          NA          NA          NA
[271]  3.02393374  2.60970777          NA          NA  2.62879215  2.26440091
[277]          NA          NA          NA          NA  1.67223064  2.00312696
[283]          NA          NA          NA          NA  2.20721530  0.25692296
[289]  4.45845804          NA          NA          NA          NA          NA
[295]  9.75618520          NA  3.58681054          NA  3.01364575          NA
[301]          NA  2.33262904          NA          NA  2.35884268          NA
[307]          NA  0.97178540          NA  5.27010525  5.94265841  4.53421730
[313]          NA  2.40757116          NA  3.35648257  5.94019540          NA
[319]  1.45555161          NA          NA          NA          NA  5.94435067
[325]          NA          NA          NA          NA  0.31266013          NA
[331]          NA          NA          NA          NA          NA          NA
[337]          NA          NA          NA

$TS
  [1] 45.87732762 42.70052830 41.32938333 38.82225814 38.43560710 38.34694835
  [7] 37.85792029 30.58855260 28.26272390 28.27708002 25.61422087 23.17107786
 [13] 34.64617941 26.15490435 25.15975732 26.71135712 25.52742614 19.38803573
 [19] 18.68166305 17.50972033 17.29658718 15.43818588 11.96899167 27.70733802
 [25] 33.70655406 22.87973757 15.40446586 13.22787244 12.18979955 13.96339763
 [31] 16.33586531 11.28330002 22.19935728 12.80540854 33.41825710 30.68146920
 [37] 29.36983495 27.07988814 16.98784237 16.85521689 11.20336167 13.85746167
 [43]  9.35420008  6.96398600  6.78672372  6.64442639  6.51451888 12.06524792
 [49] 11.48794968 28.11531569 25.81788738 29.11169754 27.55467331 23.31981959
 [55] 15.63894293 15.42639380 10.83391717  6.33779814  6.30727716  6.36569767
 [61]  6.54110307  6.08892017  4.68672346  6.11126755 25.82042950 20.96647581
 [67] 13.41974851 21.60973809 20.48532850 17.12726531 12.31462808 24.69365303
 [73] 23.78256726 20.25452756 19.27118099 16.82477181 14.59190336 14.30388868
 [79] 13.00025332 22.38442005 18.26260095 14.35682723 13.85362659 10.25149644
 [85]  9.56295089  8.98633582  8.07082069  6.31187227  4.53405453  6.14911594
 [91]  5.91736959 17.93837016  9.88527180  2.73815312 11.99038783  4.06786289
 [97]  2.92496223 19.72264949 18.82819634 17.98603348 16.05216469 13.61835341
[103] 12.84316219 18.44484873  9.55369435 12.19856067  7.83994752  6.78444743
[109] 18.32224103 10.57119959  6.13940810  4.08134911 14.16531235  7.15660574
[115]  6.77545849  6.17413059  6.06764986  5.25551288  5.18621996  5.02155309
[121]  6.34275082 20.32767727 16.29051676 11.48491875 10.30886587 17.33665814
[127]  6.74408748  6.57145963  6.12362365  6.97229189  6.64973939  6.61148589
[133]  6.56746060  6.18906589  4.25745686  2.14117835 15.09808592 13.85038238
[139]  0.04975706  2.06526306  1.66484862  1.30641761 13.94835126 13.81877348
[145] 12.97504549 17.84895291 14.40054346 16.07399877 14.42379873 12.53751391
[151]  6.90275163  6.88769731  6.76227236  2.59439928 12.01623349  6.68900403
[157]  6.39898252  6.10560482  6.06381992  6.04004014  4.70199263  3.78667982
[163]  0.20252710  3.70291944  5.70022813 18.18026966 14.40647614  8.12708589
[169]  6.67045064  4.00901075  1.99699280  0.44595353  6.41444031  5.64692795
[175]  5.73733052  6.56276998  6.16109927  0.17125913  6.01768463  4.22789286
[181]  2.50689245  1.05075661  0.98012743 12.11075387 13.16189899 12.77416223
[187] 10.56464770 15.28340789  6.85156967  6.23140381  2.63351318  6.70266064
[193]  6.22739745  6.27768399  0.70690383 11.63859955  6.30120894  6.08886505
[199]  6.10308725  4.54922168  3.39913403  5.54752657  4.47276625  3.98134166
[205]  3.63768533 13.72449281 12.89678874  7.60205250  6.91524397  6.05896304
[211]  0.92932336  5.85556451  4.67760260  3.97885783  3.72707248  3.48919164
[217]  2.86200727  1.15144132  6.50618099  6.34790271  6.13321353  5.03143362
[223]  2.73224688  0.18654385  0.06114738 11.21970449  6.58790529  4.34719322
[229]  2.70380714 10.85713782  4.44036416  5.64580108  6.03841847  2.07663450
[235]  1.34061636  8.09731882  6.55654967  5.69162981  7.27605872  6.89422484
[241]  6.78311745  6.55823643  6.34040452  4.67762757  2.59131264  6.04900406
[247]  3.08063448  4.48652309  3.18688919  2.98145160  0.93577687  6.44364891
[253]  6.19607420  1.12844912  5.19565860  3.63986628  1.51515466 10.97899159
[259]  4.75626797  4.61377576  2.35665201  0.11005341  4.62580954  5.23474843
[265]  4.93003349  6.91399463  6.48508429  6.26863979  3.91489688  6.25989421
[271]  5.87786696  2.89058070  2.49786266  2.14057211  5.38747707  4.36208186
[277]  0.56420053  6.34074500  6.31284851  6.07380128  4.59946745  2.32993226
[283]  0.47064266  6.47108604  6.54695752  6.42138076  5.37105223  3.16586790
[289]  6.02838445  3.95557483  1.39484918  2.61204846  1.21102548  6.11033146
[295]  9.96549140  4.47692885  4.96921166  3.37516714  6.88479982  3.39542240
[301]  2.32033709  3.68228579  6.02240023  0.08054882  2.73806759  0.14506848
[307]  2.75780880  2.80975502  1.53702213  6.21274126  6.19728328  6.07343033
[313]  6.04381362  2.90039234  2.73153685  6.04138601  6.31410831  1.74114953
[319]  2.96332582  2.52233263  0.11077564  0.81817820  1.32338740  6.09220629
[325]  3.18829956  4.32788629  3.74855091  2.78036683  1.94154741  0.11884951
[331]  0.37246294  1.45604893  5.41972091  0.69960804  0.50132985  2.56294660
[337]  1.53927453  0.20545679  0.87531534

$PAR
  [1]  NA   1   1   2   2   2   4   4   4   5   5   5   7   8   8   9   9   9
 [19]   9   9   9   9   9  10  13  14  18  19  19  20  21  23  24  24  25  25
 [37]  25  25  25  26  28  30  30  30  30  30  30  34  34  35  36  37  37  37
 [55]  40  40  41  44  44  45  46  46  46  49  50  50  50  52  52  52  52  53
 [73]  53  53  53  53  53  53  53  54  54  55  55  57  57  57  57  58  59  60
 [91]  60  65  66  66  67  67  67  68  68  68  68  68  68  69  71  74  74  74
[109]  75  77  77  77  78  78  78  78  78  78  78  78  79  80  80  80  80  81
[127]  84  84  84  85  85  85  85  85  89  90  92  92  94  97  97  97  98  98
[145]  98  99  99 100 100 103 105 105 105 105 106 108 108 108 111 111 111 112
[163] 112 117 121 122 123 125 127 127 129 129 130 130 131 132 132 132 133 134
[181] 134 134 142 143 144 144 145 146 151 151 151 152 152 153 153 155 157 157
[199] 158 158 159 160 160 165 165 167 167 168 168 169 171 173 173 173 173 174
[217] 174 175 176 176 176 176 177 182 182 186 189 189 193 196 197 198 199 200
[235] 200 206 206 206 208 208 209 209 209 209 209 210 210 213 216 216 216 219
[253] 219 219 221 221 221 226 227 227 228 229 232 233 233 236 236 236 236 237
[271] 237 237 237 237 238 238 238 239 239 239 239 239 239 240 241 241 241 241
[289] 242 243 243 244 249 253 258 263 264 264 266 266 266 268 270 270 272 273
[307] 275 278 278 279 279 279 279 279 280 284 285 286 288 288 292 294 298 299
[325] 302 303 303 303 303 303 307 309 316 322 323 326 329 332 333

$EXTANT
  [1] FALSE FALSE FALSE FALSE FALSE FALSE FALSE FALSE FALSE FALSE FALSE FALSE
 [13] FALSE FALSE FALSE FALSE FALSE FALSE FALSE FALSE FALSE FALSE FALSE FALSE
 [25] FALSE FALSE FALSE FALSE FALSE FALSE FALSE FALSE FALSE FALSE FALSE FALSE
 [37] FALSE FALSE FALSE FALSE FALSE FALSE FALSE FALSE FALSE FALSE  TRUE FALSE
 [49]  TRUE FALSE FALSE FALSE FALSE FALSE FALSE FALSE FALSE FALSE FALSE FALSE
 [61] FALSE FALSE  TRUE FALSE FALSE  TRUE FALSE FALSE FALSE FALSE FALSE FALSE
 [73] FALSE  TRUE FALSE FALSE  TRUE FALSE FALSE FALSE FALSE FALSE FALSE FALSE
 [85] FALSE FALSE FALSE FALSE  TRUE  TRUE FALSE FALSE FALSE  TRUE FALSE FALSE
 [97] FALSE FALSE FALSE FALSE FALSE FALSE FALSE FALSE  TRUE FALSE FALSE  TRUE
[109] FALSE FALSE  TRUE  TRUE FALSE FALSE FALSE FALSE FALSE FALSE FALSE FALSE
[121]  TRUE FALSE FALSE FALSE FALSE FALSE FALSE FALSE  TRUE FALSE FALSE  TRUE
[133] FALSE  TRUE FALSE  TRUE FALSE FALSE  TRUE FALSE  TRUE  TRUE FALSE FALSE
[145] FALSE FALSE FALSE FALSE FALSE FALSE FALSE  TRUE  TRUE FALSE FALSE  TRUE
[157]  TRUE FALSE FALSE  TRUE FALSE  TRUE  TRUE FALSE FALSE FALSE FALSE FALSE
[169] FALSE  TRUE  TRUE  TRUE FALSE  TRUE  TRUE FALSE  TRUE  TRUE  TRUE FALSE
[181]  TRUE  TRUE  TRUE FALSE FALSE FALSE FALSE FALSE FALSE FALSE FALSE  TRUE
[193]  TRUE FALSE  TRUE FALSE FALSE FALSE  TRUE FALSE FALSE FALSE FALSE FALSE
[205] FALSE FALSE FALSE  TRUE  TRUE  TRUE  TRUE  TRUE FALSE  TRUE FALSE FALSE
[217]  TRUE  TRUE  TRUE FALSE  TRUE FALSE  TRUE  TRUE  TRUE FALSE FALSE FALSE
[229]  TRUE FALSE  TRUE FALSE  TRUE  TRUE  TRUE FALSE  TRUE  TRUE  TRUE FALSE
[241]  TRUE FALSE  TRUE  TRUE  TRUE FALSE  TRUE  TRUE  TRUE  TRUE  TRUE  TRUE
[253] FALSE FALSE FALSE FALSE  TRUE FALSE FALSE FALSE  TRUE  TRUE FALSE FALSE
[265] FALSE FALSE  TRUE  TRUE  TRUE  TRUE FALSE FALSE  TRUE  TRUE FALSE FALSE
[277]  TRUE  TRUE  TRUE  TRUE FALSE FALSE  TRUE  TRUE  TRUE  TRUE FALSE FALSE
[289] FALSE  TRUE  TRUE  TRUE  TRUE  TRUE FALSE  TRUE FALSE  TRUE FALSE  TRUE
[301]  TRUE FALSE  TRUE  TRUE FALSE  TRUE  TRUE FALSE  TRUE FALSE FALSE FALSE
[313]  TRUE FALSE  TRUE FALSE FALSE  TRUE FALSE  TRUE  TRUE  TRUE  TRUE FALSE
[325]  TRUE  TRUE  TRUE  TRUE FALSE  TRUE  TRUE  TRUE  TRUE  TRUE  TRUE  TRUE
[337]  TRUE  TRUE  TRUE

