
Birth-death simulation object with 167 species and 59 extant species

Details for some species:

Extinction times (NA means extant)
[1] 37.220338 33.691408 11.069254  8.892866 26.199149 15.566048


Speciation times 
[1] 45.87733 40.89035 36.12000 35.87528 29.11897 25.50270


Species parents (NA for initial)
[1] NA  1  2  3  3  3


Species status (extinct or extant)
[1] "extinct" "extinct" "extinct" "extinct" "extinct" "extinct"


For more details on vector y, try sim$y, with y one of
TE TS PAR EXTANT



$TE
  [1] 37.2203381 33.6914075 11.0692542  8.8928661 26.1991492 15.5660477
  [7]  2.2876297 14.6936683 10.1329126 10.3561021 10.2097201         NA
 [13] 11.8091720  9.4244453  9.4252680  6.5881491 11.7197521  8.9877013
 [19]  9.3357150 11.2934894  8.3974014  7.7470943         NA  2.8276103
 [25]  0.2572536         NA 11.2804629 10.8114901 12.1807579 10.1631469
 [31]  9.9393680 10.3975064 16.1086314 17.5895551 10.9810187 11.5196596
 [37] 12.0068797  8.4670110 10.8458406  8.5356399  9.2968796         NA
 [43]         NA         NA 18.3659683 13.0752506 13.7810571 12.2581419
 [49]  9.4904602 11.0108507  9.2464337 15.8227880 15.6735176  2.8215075
 [55]  4.5366772         NA 16.4782791 10.6078131  9.8853605 11.8966698
 [61]  9.2163564 10.3677967 11.5118017  8.4671227  3.7006692         NA
 [67]         NA 11.6092983 11.7231598 11.9033022 13.7625642 11.9528524
 [73] 10.0971359         NA  9.0435895  5.4629715         NA         NA
 [79]         NA         NA  8.0012376 11.2644910 10.8853379 11.4612465
 [85]  2.5229854 12.0983377 11.3587727  9.3151258         NA 10.9974233
 [91]         NA  4.0878587         NA 11.1695848  8.7294234         NA
 [97]         NA         NA         NA  9.8078293  7.1404508         NA
[103]         NA         NA  1.4250611         NA         NA 10.4696223
[109]  8.4374191  9.5414431 11.5869311         NA  2.9732465         NA
[115]         NA         NA  4.8606227  4.0228013 10.7938789         NA
[121]  1.6116743         NA         NA         NA         NA         NA
[127]         NA         NA         NA         NA         NA         NA
[133]  0.3960425         NA  9.9690733  8.5173790 10.5183269 10.9926408
[139]  7.9981699  8.5062753  8.1485875         NA  1.4037756         NA
[145]         NA  1.9104941         NA         NA 10.4164769 10.8281468
[151] 13.1214664  8.4082473         NA  2.3182823  1.8663907         NA
[157]         NA  7.9114442  9.8127400         NA         NA         NA
[163]         NA         NA         NA         NA         NA

$TS
  [1] 45.87732762 40.89034873 36.11999749 35.87528216 29.11896749 25.50269781
  [7] 24.43496469 16.72353230 16.46232052 12.01557031 23.52008601 21.10588258
 [13] 20.70090810 16.67986708 10.26897017 22.43304330 19.83143256 20.96912878
 [19] 14.94372739 13.35492892  9.00687132  7.83956159  7.25709676  5.22884694
 [25]  2.81864201  2.57326455 15.51516064 15.98276358 15.15609589 12.02343203
 [31] 10.20506928 10.95617441 18.89682999 18.35050898 15.16574464 20.67060033
 [37] 18.07388823 17.75474840 11.22302407 10.86213430 10.23690600  7.38425674
 [43]  6.90005712  3.50441563 20.21922430 19.62836463 19.34856889 14.67333494
 [49] 12.19896129 12.22086421 11.76257909 20.24227984 17.98268565  6.93996776
 [55]  6.71401761  6.66462724 17.51058066 17.45295972 10.46039538 13.83240409
 [61] 13.19820635 12.94187370 11.61768996  8.70419312  6.19552818  4.08156730
 [67]  0.05027143 14.07277806 12.69099650 12.25057370 16.46429489 15.35552739
 [73] 13.16340813 11.31858404 10.29441693  6.65139411  6.07148932  0.96470100
 [79]  3.12634517  1.28154675 18.49065346 16.26387292 14.34402393 14.03852974
 [85] 14.14240255 12.72151071 11.72721494 10.88118583 11.48719040 11.19921550
 [91]  3.00127313  6.49906695  1.01614303 11.42582278 13.17213110  5.54218471
 [97]  5.51888740  0.97809422  0.17029981 11.85645180  7.37235413  6.89026518
[103]  1.37410596  4.45425595  2.80722412  2.77130720  2.34132106 17.79433337
[109] 14.73646742 14.58128169 14.41007989  6.93295006  3.04394580  2.78409297
[115]  1.65427364  0.86866884  6.07097154  4.85025571 11.73887682  9.38322837
[121]  3.33032403  2.11076111  1.15338481  0.91377648  0.60563263 11.32608087
[127] 10.07759913  6.66634299  2.59401159  1.72300401  0.03707433  1.93145907
[133]  1.34412128  2.02482378 15.83064664 15.40957901 14.52395765 12.25172685
[139] 13.92853348  9.73191606  9.02654973  0.12522138  7.59180565  6.82111602
[145]  6.67090841  2.74047947  2.88632798  0.18213426 11.84868851 10.96782609
[151] 13.90733691  9.13721498  2.78957615  3.51893731  2.98089443  1.99843982
[157]  6.16302972 11.68499480 10.55606126  3.37425326  5.23473387  5.05112267
[163]  0.68314626  4.35538010  1.00988257  3.26939040  2.28743852

$PAR
  [1]  NA   1   2   3   3   3   3   3   3   3   4   4   4   4   4   6   6   7
 [19]   7   7   7   7   7   7   7   7   8   9   9   9   9  10  11  11  11  12
 [37]  12  12  12  12  12  12  12  12  13  13  13  13  13  14  14  16  16  16
 [55]  16  16  17  17  18  19  19  20  20  21  23  24  26  27  27  35  36  38
 [73]  38  38  38  42  42  42  43  43  45  46  46  46  48  48  49  49  50  50
 [91]  54  55  56  58  60  65  65  66  66  69  74  74  74  77  77  79  79  81
[109]  82  82  82  85  85  89  89  91  92  92  95  95  97  97  97  98  98 100
[127] 100 102 102 102 102 104 106 107 108 108 108 108 109 109 109 116 120 120
[145] 127 127 128 130 136 136 139 140 143 144 144 144 145 149 149 154 157 157
[163] 160 161 162 164 166

$EXTANT
  [1] FALSE FALSE FALSE FALSE FALSE FALSE FALSE FALSE FALSE FALSE FALSE  TRUE
 [13] FALSE FALSE FALSE FALSE FALSE FALSE FALSE FALSE FALSE FALSE  TRUE FALSE
 [25] FALSE  TRUE FALSE FALSE FALSE FALSE FALSE FALSE FALSE FALSE FALSE FALSE
 [37] FALSE FALSE FALSE FALSE FALSE  TRUE  TRUE  TRUE FALSE FALSE FALSE FALSE
 [49] FALSE FALSE FALSE FALSE FALSE FALSE FALSE  TRUE FALSE FALSE FALSE FALSE
 [61] FALSE FALSE FALSE FALSE FALSE  TRUE  TRUE FALSE FALSE FALSE FALSE FALSE
 [73] FALSE  TRUE FALSE FALSE  TRUE  TRUE  TRUE  TRUE FALSE FALSE FALSE FALSE
 [85] FALSE FALSE FALSE FALSE  TRUE FALSE  TRUE FALSE  TRUE FALSE FALSE  TRUE
 [97]  TRUE  TRUE  TRUE FALSE FALSE  TRUE  TRUE  TRUE FALSE  TRUE  TRUE FALSE
[109] FALSE FALSE FALSE  TRUE FALSE  TRUE  TRUE  TRUE FALSE FALSE FALSE  TRUE
[121] FALSE  TRUE  TRUE  TRUE  TRUE  TRUE  TRUE  TRUE  TRUE  TRUE  TRUE  TRUE
[133] FALSE  TRUE FALSE FALSE FALSE FALSE FALSE FALSE FALSE  TRUE FALSE  TRUE
[145]  TRUE FALSE  TRUE  TRUE FALSE FALSE FALSE FALSE  TRUE FALSE FALSE  TRUE
[157]  TRUE FALSE FALSE  TRUE  TRUE  TRUE  TRUE  TRUE  TRUE  TRUE  TRUE

