
Birth-death simulation object with 276 species and 97 extant species

Details for some species:

Extinction times (NA means extant)
[1] 13.69616 43.15634 41.61226 34.39085 10.62128 11.15403


Speciation times 
[1] 45.87733 44.37827 42.59746 40.93355 38.14610 37.05779


Species parents (NA for initial)
[1] NA  1  1  1  1  1


Species status (extinct or extant)
[1] "extinct" "extinct" "extinct" "extinct" "extinct" "extinct"


For more details on vector y, try sim$y, with y one of
TE TS PAR EXTANT



$TE
  [1] 13.6961567 43.1563439 41.6122623 34.3908515 10.6212831 11.1540304
  [7] 29.2971123 24.4842076 16.7138424 14.9522755 32.0598923 16.7036205
 [13] 25.5419214 28.3356088 25.2223012         NA 11.9258243 14.2033564
 [19] 10.8162384 12.5497415 11.3154367  9.3511904 15.9296758  9.5512356
 [25] 11.8424298         NA  9.7649627 29.2026737 10.8966446 24.5607529
 [31]  8.3957781 19.8110924 12.4714795 10.2372773 10.2438403 12.5682662
 [37] 33.8700313 33.0240013 16.9317609 22.2117483 26.7177548  9.7567889
 [43]  4.1348315  2.5411201  1.6420735 20.7950675 13.4811255 11.4311060
 [49]  9.5474671  8.0868345 12.1594488  7.2214140  9.3266929 18.3570404
 [55] 19.1881635 11.3900174 10.1008148 12.5435174 13.0984012 10.8584824
 [61]  3.3842931 11.2658762 10.5442686  9.1778114  9.2762999  8.1603408
 [67] 11.9810988 10.3921335 11.5082317 11.6582983 12.3415752 12.8802002
 [73]  9.0644593         NA  4.4583803         NA         NA  5.3217073
 [79]         NA 11.3280389 16.1514961 11.3957909 10.1402639 11.4703040
 [85] 11.0713236  1.5880797 10.6751546 14.8844970 11.2773050 11.8179326
 [91] 10.6296988 11.6795344  9.8171320         NA         NA  0.4647915
 [97]  1.5038868         NA  4.7329716  1.2424601         NA  4.1020292
[103]  4.8813192  0.9430829 17.0369037 12.3919036 15.1599627 12.5413411
[109] 11.4073738  4.4545135  8.9362485 11.5707347  7.1320730 11.8593553
[115]         NA         NA  9.9830359 11.4296728 10.6689934 11.1460453
[121] 10.6777288 11.5220794         NA  3.1881789  2.8241797         NA
[127]  4.1100810  3.9379761         NA  0.6743004  6.4190077 11.7430419
[133] 11.9878933         NA 12.4439530  8.0772794  9.8635933         NA
[139]         NA         NA         NA 11.6360164  9.4377358 10.9902225
[145] 11.9643749         NA         NA         NA         NA  2.6113431
[151]  1.6883796         NA  3.8725069         NA         NA         NA
[157]  9.3218983  9.8114350         NA  9.1040138         NA         NA
[163]         NA         NA         NA  4.5434879         NA         NA
[169]         NA         NA 10.8507080  0.3958384  3.8966806  1.5169884
[175]         NA         NA         NA  0.5647435         NA  1.5412823
[181]         NA         NA  1.1022590         NA         NA  8.8264685
[187]         NA  4.0930748  3.0662303  2.4802271         NA         NA
[193]         NA         NA         NA         NA  0.6358859  1.0231302
[199]  0.8386783  0.7276124         NA  0.1553711  2.2869457  2.6758542
[205]         NA 10.5026631  6.7701478         NA         NA         NA
[211]         NA  0.7315964         NA  3.8958093  0.9281029         NA
[217]         NA         NA         NA  3.1926114         NA  0.8150634
[223]  2.0487029         NA  6.4681926  3.7579428  0.2892919  0.8271008
[229]         NA  0.2095591         NA         NA  2.3665107  3.4183280
[235]         NA  0.3273033  3.6732929         NA         NA         NA
[241]         NA         NA         NA         NA         NA         NA
[247]  4.2264450         NA         NA         NA         NA  6.0900809
[253]         NA         NA         NA  2.2649736         NA  3.6358150
[259]         NA         NA         NA         NA  5.4106318  1.1960929
[265]  3.2183923  3.3476139  3.5738469         NA         NA  1.6496977
[271]         NA  0.7484727  0.7378824         NA         NA         NA

$TS
  [1] 45.8773276 44.3782696 42.5974553 40.9335499 38.1460960 37.0577918
  [7] 30.7394566 27.6540673 24.5065268 36.3360471 36.3475686 34.6366848
 [13] 32.5959271 31.7098920 27.8381268 23.5566600 22.4404200 18.6967058
 [19] 17.0909762 15.2623566 14.9787637 11.3197186 26.1725667 21.4164095
 [25] 19.2276470 12.4382764 11.9444368 30.6132789 26.2974998 27.9165928
 [31] 22.1514222 20.1260214 18.7918785 18.2309419 15.8944658 15.3852025
 [37] 35.9989874 33.8237087 20.5053737 31.9713364 30.9068246 11.0620839
 [43]  7.9398203  5.9964222  2.7843935 21.3459568 14.4832326 15.2003734
 [49] 12.8140130 13.3036009 12.9463253 12.7429924 11.2367353 22.6392047
 [55] 21.0335454 13.1150319 17.7582501 17.5770134 16.0840174 11.8929562
 [61]  8.7171023 14.2935931 21.0078683 14.8461562  9.4203476  9.2665080
 [67] 13.6036377 18.1722100 15.7751023 11.7317932 15.3224374 14.7331138
 [73] 10.2975074  7.0008320  6.5826664  6.5278266  6.4532203  6.2811006
 [79]  9.3471561 11.4646060 19.2620521 11.7490920 13.0101449 12.3557788
 [85] 15.8885100  6.5622396 11.7086226 16.7642385 15.9071284 12.9152709
 [91] 15.3591161 13.4623362  9.8263566  4.2746301  2.1782854  5.6461238
 [97]  3.0312816  1.4301349  5.5911150  4.7216101  8.7962127  7.1377926
[103]  6.5711306  1.4294627 18.6076472 17.8525717 17.3064311 16.1619643
[109] 12.2864430 11.6690647 10.4176249 11.6323725 15.2518119 12.1412303
[115]  6.3869464  1.7333036 15.5189941 12.1979852 11.5356173 12.3807099
[121] 12.3573877 14.7603459  4.6421951  7.4091946  7.0705353  5.7562513
[127]  4.4123460  6.9961307  6.7998073  1.0238521 17.1247623 15.7039488
[133] 14.8049917 15.6501547 13.8832125 10.8639141 10.7435754  6.8083569
[139]  6.1138726  4.4257578  1.3117674 12.5389526 11.8302811 12.3738724
[145] 12.6978955  2.2071315  1.8944912  6.9524355  4.4352877  6.0222986
[151]  3.9840428  6.5234242  4.1656281  6.6988861  6.6367399  0.6920573
[157] 10.3605465 10.0302550  7.5357452 14.0114065 11.7903487  2.2119581
[163]  1.0053808  6.5234821  6.0595508  5.7871265  2.1348232  0.0677985
[169]  2.8865946  1.1906080 11.6534977  4.8166203  4.5287698  2.5522225
[175]  2.4697791  1.0782099  0.8076600  5.1353400  4.9658025  4.8240275
[181]  5.0950330  6.2088257  6.8142869  1.0462008  0.1913837 13.4586421
[187]  9.0832284  8.8651830  6.8128689  6.7909779  1.6357573  1.1089408
[193]  0.4432764  6.2873280  0.1232770  0.1644475  2.9072323  2.3032972
[199]  3.4110561  3.9311607  6.1545555  4.1920709  3.8326530  6.4059508
[205]  4.3271929 13.1328876  9.9059739  0.8245476  6.1084524  4.3705297
[211]  0.1157120  0.8761141  0.3784492  6.1639607  2.9216709  2.0674307
[217]  2.5485918  1.5328938  1.1148984  5.4615579  3.5293670  5.0551998
[223]  3.3637989  0.2880629  9.8195978  7.6337816  5.4472815  1.4739963
[229]  2.2841958  2.1359526  1.5472093  1.0121684  4.9723687  3.5097949
[235]  3.1983196  6.9060310  6.6221558  6.5034201  3.8559847  1.5426585
[241]  1.3780144  0.5166928  6.9043906  6.3100263  6.1679012  6.0479113
[247]  5.6442982  3.6897404  2.3235368  0.9776574  0.2240150  6.7533915
[253]  6.1207854  3.2947929  1.5136154  6.1035666  6.5051892  6.2227164
[259]  6.1112569  4.6772570  2.8558609  1.1392401  5.8268816  5.4084313
[265]  3.8589036  3.5484612  4.1229853  3.3232026  2.4181017  3.2577347
[271]  2.3752805  3.1849729  1.1013537  0.4054117  0.7539422  0.1587161

$PAR
  [1]  NA   1   1   1   1   1   1   1   1   4   5   5   5   5   5   5   5   5
 [19]   5   5   5   5   6   6   6   6   6   7   8  10  10  10  10  10  10  10
 [37]  11  11  12  13  14  16  16  16  16  17  17  19  20  21  21  21  22  23
 [55]  24  24  25  25  25  26  26  29  31  31  31  31  33  34  34  34  35  35
 [73]  35  43  43  43  43  43  50  52  54  56  57  57  59  61  62  63  63  64
 [91]  68  68  73  74  74  75  76  76  77  77  79  79  79  79  81  81  81  81
[109]  83  83  83  84  85  85  86  86  88  89  89  90  90  91 100 101 101 101
[127] 101 102 102 104 105 106 106 108 108 110 110 110 110 115 116 117 117 120
[145] 122 123 123 124 124 125 126 128 128 129 129 130 131 131 131 134 134 134
[163] 134 138 138 138 138 138 139 139 144 148 148 149 149 149 149 150 150 150
[181] 152 155 159 159 159 160 161 161 161 161 161 162 162 164 175 176 178 178
[199] 180 181 182 182 182 183 183 186 186 187 188 190 191 192 192 194 199 199
[217] 200 200 200 201 202 204 205 205 207 207 209 210 215 215 215 216 220 220
[235] 221 225 225 226 227 227 228 230 236 238 238 238 238 238 239 239 239 243
[253] 243 244 244 245 252 252 252 253 253 253 257 259 259 259 260 260 260 264
[271] 264 268 271 271 272 275

$EXTANT
  [1] FALSE FALSE FALSE FALSE FALSE FALSE FALSE FALSE FALSE FALSE FALSE FALSE
 [13] FALSE FALSE FALSE  TRUE FALSE FALSE FALSE FALSE FALSE FALSE FALSE FALSE
 [25] FALSE  TRUE FALSE FALSE FALSE FALSE FALSE FALSE FALSE FALSE FALSE FALSE
 [37] FALSE FALSE FALSE FALSE FALSE FALSE FALSE FALSE FALSE FALSE FALSE FALSE
 [49] FALSE FALSE FALSE FALSE FALSE FALSE FALSE FALSE FALSE FALSE FALSE FALSE
 [61] FALSE FALSE FALSE FALSE FALSE FALSE FALSE FALSE FALSE FALSE FALSE FALSE
 [73] FALSE  TRUE FALSE  TRUE  TRUE FALSE  TRUE FALSE FALSE FALSE FALSE FALSE
 [85] FALSE FALSE FALSE FALSE FALSE FALSE FALSE FALSE FALSE  TRUE  TRUE FALSE
 [97] FALSE  TRUE FALSE FALSE  TRUE FALSE FALSE FALSE FALSE FALSE FALSE FALSE
[109] FALSE FALSE FALSE FALSE FALSE FALSE  TRUE  TRUE FALSE FALSE FALSE FALSE
[121] FALSE FALSE  TRUE FALSE FALSE  TRUE FALSE FALSE  TRUE FALSE FALSE FALSE
[133] FALSE  TRUE FALSE FALSE FALSE  TRUE  TRUE  TRUE  TRUE FALSE FALSE FALSE
[145] FALSE  TRUE  TRUE  TRUE  TRUE FALSE FALSE  TRUE FALSE  TRUE  TRUE  TRUE
[157] FALSE FALSE  TRUE FALSE  TRUE  TRUE  TRUE  TRUE  TRUE FALSE  TRUE  TRUE
[169]  TRUE  TRUE FALSE FALSE FALSE FALSE  TRUE  TRUE  TRUE FALSE  TRUE FALSE
[181]  TRUE  TRUE FALSE  TRUE  TRUE FALSE  TRUE FALSE FALSE FALSE  TRUE  TRUE
[193]  TRUE  TRUE  TRUE  TRUE FALSE FALSE FALSE FALSE  TRUE FALSE FALSE FALSE
[205]  TRUE FALSE FALSE  TRUE  TRUE  TRUE  TRUE FALSE  TRUE FALSE FALSE  TRUE
[217]  TRUE  TRUE  TRUE FALSE  TRUE FALSE FALSE  TRUE FALSE FALSE FALSE FALSE
[229]  TRUE FALSE  TRUE  TRUE FALSE FALSE  TRUE FALSE FALSE  TRUE  TRUE  TRUE
[241]  TRUE  TRUE  TRUE  TRUE  TRUE  TRUE FALSE  TRUE  TRUE  TRUE  TRUE FALSE
[253]  TRUE  TRUE  TRUE FALSE  TRUE FALSE  TRUE  TRUE  TRUE  TRUE FALSE FALSE
[265] FALSE FALSE FALSE  TRUE  TRUE FALSE  TRUE FALSE FALSE  TRUE  TRUE  TRUE

