
Birth-death simulation object with 272 species and 86 extant species

Details for some species:

Extinction times (NA means extant)
[1] 35.22316 43.02216 31.15133 26.86632 37.48540 34.44900


Speciation times 
[1] 45.87733 45.61970 40.86574 38.84096 39.64560 37.71401


Species parents (NA for initial)
[1] NA  1  1  1  3  3


Species status (extinct or extant)
[1] "extinct" "extinct" "extinct" "extinct" "extinct" "extinct"


For more details on vector y, try sim$y, with y one of
TE TS PAR EXTANT



$TE
  [1] 35.2231609 43.0221567 31.1513251 26.8663244 37.4853992 34.4490031
  [7] 10.9204479 29.5486780 23.3578505 28.3563626  6.1830079 15.6259266
 [13]  8.6691816 28.2723878 17.5063118 17.3413283 11.7625840  8.8116884
 [19] 27.1862279 22.0039602 23.8797698 23.6422785 27.3742647 26.2512395
 [25] 29.1241516 22.3718590 19.7265872 17.4360431 11.9007114  3.7140347
 [31]  0.5106649         NA         NA 21.6676756 24.6016487 18.6845062
 [37]  8.9286564 32.8677872 20.5887658 17.3483645 11.5265376 12.6195616
 [43]  9.7462781 28.1059237 27.7014994 28.0249476 17.2425614 27.3577729
 [49] 26.0907930 23.3759918 28.2145611 15.2854148 20.8909746 23.1931053
 [55] 25.9675276 17.1969225 24.2400815 21.3854736  8.4213768  8.8442114
 [61]  3.8600343         NA         NA  2.8804865  0.7202370         NA
 [67]  6.2400769  2.4209220         NA  1.0268408         NA         NA
 [73] 20.2104981         NA 13.9704587 20.2349369 18.5777638 14.3227874
 [79] 28.0690059 24.3173182  9.8854677 10.0291605 22.5062695 25.5065406
 [85] 24.2660771  7.3928988 23.8039915 23.4115915 11.6484903  9.3782151
 [91]  2.5059093  4.9324164         NA 22.9273153 22.9994631 15.3732578
 [97]         NA 11.6126253 23.0329864 27.9646279 21.3077320 19.9828260
[103] 10.4446596 11.0756644  8.5074786 13.3480737 25.5314211 11.9015290
[109]  9.4842722  8.8676172 23.3316395 16.4815696 11.2981835         NA
[115]         NA  3.5865293  3.1589284         NA         NA         NA
[121] 15.2124680 12.0092462 11.2638569  3.5398121 24.5048789 20.8403571
[127]         NA 17.4692658 13.2370472 16.3403763  2.7366314  4.5270928
[133]         NA         NA         NA         NA         NA         NA
[139] 10.1904068 12.8860410 16.0459067 12.4035897  6.3056271  6.9931282
[145]  6.2627271         NA  2.0213783  6.3727206  5.9182835         NA
[151]  9.4670997  7.3290230  0.2703393         NA         NA         NA
[157]  9.1081059  2.1240551 13.5479475 15.2453352 10.5207826 10.1388461
[163]  5.8098230  3.2726075  1.5254429         NA  0.0550568         NA
[169]         NA  2.2042822         NA         NA  4.0975016  1.4042830
[175]         NA         NA         NA         NA  2.5570733 18.3478685
[181] 20.1283672 10.4029981  5.7746318 10.4642883 12.8018962  1.6857430
[187]         NA         NA         NA         NA         NA  0.6083570
[193] 11.6174028 12.1331787 11.9076724         NA         NA         NA
[199]         NA         NA         NA         NA         NA         NA
[205]         NA         NA  3.1439885  3.4614409         NA  7.6776143
[211] 17.6007760 10.7251395  9.2107970  8.2180299         NA         NA
[217]  1.8499986  1.0040782         NA         NA 11.7829169  8.9505710
[223]  5.5872037         NA         NA         NA  0.6619268         NA
[229] 17.2251958 11.8615223 12.2635222 10.0892424 11.4875394         NA
[235]         NA         NA         NA         NA  1.9744710         NA
[241]         NA 11.8236683 10.4687835 10.2476518  7.6670704         NA
[247]         NA  9.5417004  9.7282443 10.6918718 12.3090383         NA
[253]         NA         NA         NA         NA         NA 11.0514072
[259] 10.9899548         NA         NA  3.7390483         NA         NA
[265]  0.4957237         NA         NA         NA         NA  0.2729870
[271]  0.6997741         NA

$TS
  [1] 45.87732762 45.61970271 40.86574026 38.84096306 39.64559644 37.71400878
  [7] 32.55858654 38.83797238 34.99168688 34.27758576 33.39937172 31.71042969
 [13] 35.75979267 28.35520748 26.44920073 17.55650222 14.71830262 12.07748084
 [19] 34.70360633 31.44813568 31.22200695 28.55947473 33.67167065 30.86338051
 [25] 29.26206659 28.54552280 26.36251356 19.27104175 18.50042615 11.22844350
 [31]  6.90002446  6.87255726  6.23151662 26.63540129 25.02517613 20.27306519
 [37] 16.83765420 34.41965374 21.36640469 20.88839973 14.46376744 13.06834289
 [43] 31.75150693 30.76807384 30.68932440 30.20186771 28.79508586 28.40791913
 [49] 26.19392721 25.22546979 30.95339698 28.03451948 27.39253674 28.18945695
 [55] 27.11607940 25.96783846 26.21598075 21.88291195 20.10282086  9.54507990
 [61]  6.95116717  6.45846662  5.80242636  6.64062448  6.02737407  6.70790116
 [67]  6.50005826  4.43509973  2.52169105  1.40026353  1.18712484  0.17361955
 [73] 25.15778726 13.59524895 18.38724350 26.20605648 19.08655264 17.94816926
 [79] 28.64038215 26.70619798 23.74761993 18.27039981 28.81359192 28.59532828
 [85] 25.55727549 15.74876205 25.92180756 24.71255314 17.50172294 15.55603196
 [91]  6.94502150  6.58103273  0.02912985 23.34896504 23.33580650 21.51305920
 [97]  3.60751120 16.18203464 24.14456095 28.31914907 23.30855819 22.84170746
[103] 14.46923170 11.65209919 11.58593329 14.05085250 27.87728062 15.62208425
[109] 10.59813546  9.84656010 24.15056742 24.51956802 13.61248609 10.29073372
[115]  6.88782296  6.43920467  6.09054266  2.92618885  6.15973260  6.15838885
[121] 22.94606047 13.61857560 11.38298264 10.95874381 26.28006644 26.15166848
[127] 10.28310494 24.33880103 21.10545365 18.76860146  6.20826942  6.11369783
[133]  3.53680715  4.35723311  3.95306287  5.22295243  1.01480786  4.84315937
[139] 19.18068911 18.74418260 16.88613392 16.71337438 12.24251998  8.58586813
[145]  6.84507488  6.82749688  6.59976852  6.37525938  6.31652264  6.26077821
[151] 25.24910711 16.65443776  6.05354482  1.79026860  3.04216380  2.82153751
[157] 10.71312107 10.51402616 17.41380378 16.55030064 13.55359281 16.21094291
[163]  6.83811097  6.79607480  6.02601909  5.63922689  2.25710781  1.59163606
[169]  0.75074155  6.22899273  6.03256523  5.12366157  4.94583479  4.52932706
[175]  4.23321387  6.14499263  6.11404354  3.52619247  2.79720563 22.64457290
[181] 21.75846412 21.18461933 10.71080958 14.82401781 13.84991898  2.72453343
[187]  1.40915269  0.85089769  6.40880902  3.48637563  2.81746476  2.28930446
[193] 17.31985413 14.43776631 13.96066983  6.47334912  3.04889727  0.51453498
[199]  0.30997887  3.95406133  0.12958669  2.27979475  0.23866174  4.83040169
[205]  2.29763112  1.42534501  5.46736823  3.88735025  1.58693679 21.34883173
[211] 20.70162770 16.48527229 11.85666101 10.41251416  6.89859804  2.00935536
[217]  6.25936024  6.09942194  1.93564410  3.43876243 13.87302128 13.03144758
[223]  6.44624468  3.12686815  0.43291805  0.10074969  1.08048303  0.16782707
[229] 17.61352730 17.06604413 16.64657024 13.78856726 14.42925094  9.48183451
[235]  6.63980876  6.53228442  4.49775016  3.43289835  3.77857131  1.06965373
[241]  0.69466684 12.87181695 12.86444149 10.90843651  9.06490844  3.09204487
[247]  0.30114538 15.31235922 12.77910265 12.50152693 14.18813514  6.75701243
[253]  6.60678554  6.03991754  2.08919777  1.12256521  1.15413908 11.15672505
[259] 15.12930760  6.68731079  2.07557797  4.19933626  1.57422618  0.75022993
[265]  0.60492307  5.58242988  2.75165859  2.64253973  0.05921135  0.64853413
[271]  2.70300181  0.95446166

$PAR
  [1]  NA   1   1   1   3   3   3   4   4   4   4   4   6   7   7   7   7   7
 [19]   8   9   9   9  10  10  11  11  11  11  11  11  11  11  11  12  12  12
 [37]  12  13  13  15  17  17  19  20  20  21  21  21  21  21  23  23  23  24
 [55]  24  26  27  27  27  30  30  30  30  31  31  32  32  32  32  32  32  33
 [73]  34  37  40  43  43  43  46  47  47  47  51  51  52  52  53  57  59  59
 [91]  61  61  69  73  73  73  74  75  76  79  81  81  81  81  81  82  84  86
[109]  86  86  87  88  90  90  91  91  91  91  92  92  94 103 105 105 107 107
[127] 109 112 112 112 114 115 115 116 116 117 118 120 121 121 121 121 122 124
[145] 124 124 124 124 124 124 126 130 132 135 136 136 139 139 140 140 140 142
[163] 143 146 146 146 146 146 146 147 147 147 147 147 147 149 149 150 150 151
[181] 151 151 151 152 152 153 156 156 158 158 158 158 159 159 159 164 166 166
[199] 167 171 171 172 172 173 175 175 177 177 177 181 182 182 182 183 183 186
[217] 189 189 189 190 194 194 196 196 202 202 204 204 210 210 210 210 212 214
[235] 215 215 215 215 217 218 220 222 222 222 222 224 224 230 231 232 233 234
[253] 234 234 234 237 238 243 248 252 252 253 253 253 254 260 260 260 260 266
[271] 267 268

$EXTANT
  [1] FALSE FALSE FALSE FALSE FALSE FALSE FALSE FALSE FALSE FALSE FALSE FALSE
 [13] FALSE FALSE FALSE FALSE FALSE FALSE FALSE FALSE FALSE FALSE FALSE FALSE
 [25] FALSE FALSE FALSE FALSE FALSE FALSE FALSE  TRUE  TRUE FALSE FALSE FALSE
 [37] FALSE FALSE FALSE FALSE FALSE FALSE FALSE FALSE FALSE FALSE FALSE FALSE
 [49] FALSE FALSE FALSE FALSE FALSE FALSE FALSE FALSE FALSE FALSE FALSE FALSE
 [61] FALSE  TRUE  TRUE FALSE FALSE  TRUE FALSE FALSE  TRUE FALSE  TRUE  TRUE
 [73] FALSE  TRUE FALSE FALSE FALSE FALSE FALSE FALSE FALSE FALSE FALSE FALSE
 [85] FALSE FALSE FALSE FALSE FALSE FALSE FALSE FALSE  TRUE FALSE FALSE FALSE
 [97]  TRUE FALSE FALSE FALSE FALSE FALSE FALSE FALSE FALSE FALSE FALSE FALSE
[109] FALSE FALSE FALSE FALSE FALSE  TRUE  TRUE FALSE FALSE  TRUE  TRUE  TRUE
[121] FALSE FALSE FALSE FALSE FALSE FALSE  TRUE FALSE FALSE FALSE FALSE FALSE
[133]  TRUE  TRUE  TRUE  TRUE  TRUE  TRUE FALSE FALSE FALSE FALSE FALSE FALSE
[145] FALSE  TRUE FALSE FALSE FALSE  TRUE FALSE FALSE FALSE  TRUE  TRUE  TRUE
[157] FALSE FALSE FALSE FALSE FALSE FALSE FALSE FALSE FALSE  TRUE FALSE  TRUE
[169]  TRUE FALSE  TRUE  TRUE FALSE FALSE  TRUE  TRUE  TRUE  TRUE FALSE FALSE
[181] FALSE FALSE FALSE FALSE FALSE FALSE  TRUE  TRUE  TRUE  TRUE  TRUE FALSE
[193] FALSE FALSE FALSE  TRUE  TRUE  TRUE  TRUE  TRUE  TRUE  TRUE  TRUE  TRUE
[205]  TRUE  TRUE FALSE FALSE  TRUE FALSE FALSE FALSE FALSE FALSE  TRUE  TRUE
[217] FALSE FALSE  TRUE  TRUE FALSE FALSE FALSE  TRUE  TRUE  TRUE FALSE  TRUE
[229] FALSE FALSE FALSE FALSE FALSE  TRUE  TRUE  TRUE  TRUE  TRUE FALSE  TRUE
[241]  TRUE FALSE FALSE FALSE FALSE  TRUE  TRUE FALSE FALSE FALSE FALSE  TRUE
[253]  TRUE  TRUE  TRUE  TRUE  TRUE FALSE FALSE  TRUE  TRUE FALSE  TRUE  TRUE
[265] FALSE  TRUE  TRUE  TRUE  TRUE FALSE FALSE  TRUE

