
Birth-death simulation object with 216 species and 109 extant species

Details for some species:

Extinction times (NA means extant)
[1] 41.73236 22.42955 43.29778 39.24823 40.14844 18.30377


Speciation times 
[1] 45.87733 45.02955 44.43617 40.74313 40.67824 37.72330


Species parents (NA for initial)
[1] NA  1  1  2  2  2


Species status (extinct or extant)
[1] "extinct" "extinct" "extinct" "extinct" "extinct" "extinct"


For more details on vector y, try sim$y, with y one of
TE TS PAR EXTANT



$TE
  [1] 41.7323627 22.4295521 43.2977764 39.2482290 40.1484372 18.3037683
  [7] 19.2469010 16.6874772 39.6291155 41.6386930 22.1939350 23.3652220
 [13] 20.3619940 10.2544518  8.9957842 11.1092356  9.5657010 11.6173583
 [19] 11.6781609 17.5527068  7.4760673  9.1167255  9.8851551 14.2261724
 [25]  9.8122851         NA 17.0268027  8.1702501  4.5745872 15.5255022
 [31]  9.6937893 10.6776900  9.3325705 11.7242995 13.1941107 13.1042741
 [37]  7.8875890  8.2600575  8.6979294 10.3531604  0.5705039  0.4729127
 [43]  5.2205880         NA         NA  4.1107026  1.5202517         NA
 [49]  2.5690882         NA  4.7206083 12.6085976         NA 11.3902219
 [55]  9.9044288  8.6354391  7.9438518  8.8455499         NA         NA
 [61]         NA  4.2933330         NA  1.0047273  5.4324712         NA
 [67]  3.6451410  0.1488511         NA  1.9262923  2.3641275         NA
 [73]         NA  5.5984282         NA         NA         NA         NA
 [79] 12.4368396  6.5264587  9.1849882         NA  0.9736846         NA
 [85]         NA         NA         NA         NA         NA         NA
 [91]  0.1261359  5.7210278         NA         NA         NA  1.0652790
 [97]  3.2522354         NA         NA         NA  5.6598727         NA
[103]         NA         NA         NA         NA         NA         NA
[109]  1.1215166  1.5439916         NA  0.7077158  0.5298914  6.0412065
[115]  0.1703976  1.2100906  6.3961433  4.7488996         NA  1.4458495
[121]         NA  0.9346901         NA         NA  1.3396881         NA
[127]  1.1722122  0.9679974         NA         NA         NA         NA
[133]  4.0802106  3.2050286  0.8351406         NA         NA  3.6438325
[139]         NA         NA         NA         NA         NA         NA
[145]  2.2760964         NA         NA         NA         NA  0.6917905
[151]         NA         NA         NA  1.7651314  4.8097401         NA
[157]         NA  1.1459343  2.6100533  1.6694110  0.9125643  0.9232358
[163]         NA         NA  0.3253416         NA         NA         NA
[169]         NA  2.7455914         NA         NA         NA         NA
[175]  1.1865613         NA         NA         NA  5.1411904         NA
[181]         NA  3.8184255         NA         NA  2.4397898         NA
[187]         NA         NA  1.2923831  0.5755907         NA         NA
[193]         NA  1.3941539         NA         NA         NA         NA
[199]         NA  0.4667536         NA         NA         NA         NA
[205]         NA         NA         NA         NA         NA         NA
[211]         NA  1.8105556         NA         NA         NA         NA

$TS
  [1] 45.87732762 45.02955062 44.43616598 40.74313174 40.67824251 37.72329715
  [7] 32.11599065 29.44615061 43.74085312 43.31787499 29.22187404 24.28793305
 [13] 24.30706673 19.72822902 26.53708391 25.51428423 16.48511671 15.84626876
 [19] 13.18277989 24.25995537 21.19855035  9.79931503 16.68354439 14.83543896
 [25] 19.68872603 18.49989164 17.22015510 11.15566979  8.59721970 17.19101702
 [31] 16.97251459 14.57633032 14.17997511 14.17953210 14.01492659 13.60873265
 [37] 11.32032026 10.64177049 12.49543748 11.01193615  6.48817485  6.48720107
 [43]  6.46029641  5.91217697  1.51541916  8.38615359  6.93028449  6.51308378
 [49]  6.30946222  6.26756229  5.22197552 13.35525618 12.44876605 14.07824996
 [55] 13.75612109 10.40807728  9.71864863  9.73947018  6.22730453  6.17769879
 [61]  6.17353358  6.07060699  1.19169729  4.05697299  6.42831223  5.51787586
 [67]  6.90010457  5.69053716  6.34842765  6.08527257  6.09113539  6.12277482
 [73]  6.12153878  6.07507085  3.65828726  6.95860326  6.31076102  6.28170938
 [79] 12.99028288 12.81108973  9.55801898  6.19775685  3.40149446  2.27430518
 [85]  0.04396224  2.22152524  6.16942263  3.53108456  1.55675059  6.76118150
 [91]  6.69944557  6.62301737  6.16092008  5.98370180  5.50994107  3.08625102
 [97]  4.81803092  2.53763618  6.61502099  6.37876335  6.36658457  6.24342001
[103]  0.72892124  6.06030660  4.59866615  1.26149488  1.51531481  6.87115923
[109]  6.81963789  3.14753593  2.90954134  1.01308306  6.73426345  6.62680780
[115]  3.93413071  3.87355350  6.50573891  6.17791416  6.12835380  5.68581712
[121]  6.02400485  4.87462624  0.89725882  0.25018789  4.69253668  4.36387946
[127]  1.34264791  4.79370726  4.49432050  1.99448538  0.24382329  5.36986269
[133]  6.32616007  6.29512805  6.16956460  4.00730317  2.13648408  6.10832690
[139]  1.95000028  1.73804758  0.49352947  4.51603869  4.18880087  6.37838754
[145]  6.18610670  5.87258707  0.93656572  0.63801223  6.67464050  2.37602871
[151]  2.11217971  1.23782326  6.10361741  2.25327268  5.46706845  3.44322836
[157]  3.41914894  2.34100907  4.12631669  2.45659331  2.06065354  2.29195087
[163]  1.97119917  3.33176029  3.22797257  2.98119307  6.05617981  5.11301817
[169]  5.11457452  2.84964646  0.54822797  4.47827848  3.50535120  2.34302422
[175]  1.54617330  6.07361294  5.96801264  6.15750324  6.06640647  4.82660617
[181]  4.46774907  4.44605810  3.90544174  0.36141764  5.48213722  3.83131063
[187]  2.77154079  1.86771510  2.97488912  1.94671259  0.22077507  0.20737450
[193]  0.76567623  1.60152585  0.55206660  4.24410878  4.28111278  1.16052090
[199]  4.22037105  0.69078071  6.05701062  5.96258655  1.68132716  4.18444032
[205]  2.59363282  0.05994606  1.06364651  1.42404838  0.62970206  1.46598647
[211]  0.51828493  4.03319471  0.98182375  3.78968341  2.26836933  3.08440304

$PAR
  [1]  NA   1   1   2   2   2   2   2   3   3   6   6   8   8  11  11  14  14
 [19]  14  15  15  15  16  16  21  21  21  21  21  25  25  25  25  25  25  25
 [37]  25  25  26  26  26  26  26  26  26  29  29  29  29  29  29  31  31  33
 [55]  33  37  37  38  41  41  41  41  41  42  43  44  46  47  48  48  49  50
 [73]  50  50  50  53  53  53  54  55  57  59  59  59  59  60  65  66  66  67
 [91]  67  67  67  67  69  69  71  75  76  76  76  76  76  77  77  77  78  80
[109]  80  88  88  88  90  90  90  90  91  91  91  91  92  93  93  93  94  94
[127]  94  95  95  95  95  99 100 100 100 100 100 102 102 102 104 105 105 108
[145] 108 108 108 108 109 110 111 111 114 115 118 119 121 122 125 126 128 129
[163] 130 132 132 132 133 133 135 135 140 142 142 142 143 144 144 145 145 145
[181] 146 146 146 147 149 149 149 151 153 162 163 163 166 168 168 169 172 174
[199] 176 177 178 178 180 181 183 184 186 187 188 194 195 196 196 201 205 212

$EXTANT
  [1] FALSE FALSE FALSE FALSE FALSE FALSE FALSE FALSE FALSE FALSE FALSE FALSE
 [13] FALSE FALSE FALSE FALSE FALSE FALSE FALSE FALSE FALSE FALSE FALSE FALSE
 [25] FALSE  TRUE FALSE FALSE FALSE FALSE FALSE FALSE FALSE FALSE FALSE FALSE
 [37] FALSE FALSE FALSE FALSE FALSE FALSE FALSE  TRUE  TRUE FALSE FALSE  TRUE
 [49] FALSE  TRUE FALSE FALSE  TRUE FALSE FALSE FALSE FALSE FALSE  TRUE  TRUE
 [61]  TRUE FALSE  TRUE FALSE FALSE  TRUE FALSE FALSE  TRUE FALSE FALSE  TRUE
 [73]  TRUE FALSE  TRUE  TRUE  TRUE  TRUE FALSE FALSE FALSE  TRUE FALSE  TRUE
 [85]  TRUE  TRUE  TRUE  TRUE  TRUE  TRUE FALSE FALSE  TRUE  TRUE  TRUE FALSE
 [97] FALSE  TRUE  TRUE  TRUE FALSE  TRUE  TRUE  TRUE  TRUE  TRUE  TRUE  TRUE
[109] FALSE FALSE  TRUE FALSE FALSE FALSE FALSE FALSE FALSE FALSE  TRUE FALSE
[121]  TRUE FALSE  TRUE  TRUE FALSE  TRUE FALSE FALSE  TRUE  TRUE  TRUE  TRUE
[133] FALSE FALSE FALSE  TRUE  TRUE FALSE  TRUE  TRUE  TRUE  TRUE  TRUE  TRUE
[145] FALSE  TRUE  TRUE  TRUE  TRUE FALSE  TRUE  TRUE  TRUE FALSE FALSE  TRUE
[157]  TRUE FALSE FALSE FALSE FALSE FALSE  TRUE  TRUE FALSE  TRUE  TRUE  TRUE
[169]  TRUE FALSE  TRUE  TRUE  TRUE  TRUE FALSE  TRUE  TRUE  TRUE FALSE  TRUE
[181]  TRUE FALSE  TRUE  TRUE FALSE  TRUE  TRUE  TRUE FALSE FALSE  TRUE  TRUE
[193]  TRUE FALSE  TRUE  TRUE  TRUE  TRUE  TRUE FALSE  TRUE  TRUE  TRUE  TRUE
[205]  TRUE  TRUE  TRUE  TRUE  TRUE  TRUE  TRUE FALSE  TRUE  TRUE  TRUE  TRUE

