
Birth-death simulation object with 265 species and 66 extant species

Details for some species:

Extinction times (NA means extant)
[1] 24.02558 41.11162 25.51394 25.30655 28.96145 23.46005


Speciation times 
[1] 45.87733 45.10000 39.78686 43.76848 37.96073 36.27501


Species parents (NA for initial)
[1] NA  1  1  2  3  3


Species status (extinct or extant)
[1] "extinct" "extinct" "extinct" "extinct" "extinct" "extinct"


For more details on vector y, try sim$y, with y one of
TE TS PAR EXTANT



$TE
  [1] 24.02557777 41.11162220 25.51394152 25.30655126 28.96144843 23.46005194
  [7] 18.70973766 33.28863019 14.01770411 29.83406561 25.19239684 26.60489053
 [13] 31.39701423 31.54156617  9.84622159 23.64347966 22.28360813 27.85194281
 [19] 16.37687433  9.72998540 10.28970817 10.60046622 14.48362457 29.67163904
 [25] 15.37235485 28.01039054 29.14607053 24.61399104 15.69665581 20.34530419
 [31] 11.71743252 12.05512801 12.44338763 10.16871523 10.94624989  8.74870541
 [37] 16.19033419 23.63271540 15.50618759 15.53489113 27.66677400 11.77867529
 [43] 12.57965508 11.35644892 10.28208645 29.39522937          NA 19.20721069
 [49] 11.15102176 10.71060308 17.53436864 23.66353766 10.96319433  7.99067421
 [55] 11.25406863 18.33918059 13.23018106  8.13815324 11.50948952  9.47105710
 [61] 11.21427405 15.91303097 10.67282273 15.66371803 17.87715101  8.50382933
 [67] 20.47581870  7.49900056 10.52753403  8.59177866 10.94018606  2.33245779
 [73]          NA  1.56967234  4.47067951          NA 10.86000984          NA
 [79] 10.25224615 10.24441427 23.13125268 14.36376946 10.74125196  7.37583588
 [85] 11.96490128 11.62871999  8.04461614 12.72914295 11.74855516  9.87066934
 [91]  6.56291968 14.94441965 10.29593057          NA 11.93303842 20.89227092
 [97] 11.52669425 10.09122152 25.98322795 22.18238893 19.19357804 16.46593799
[103] 10.82346650  9.30530816 11.55341433  7.14783166  7.12281601  0.60218980
[109] 10.62743817  9.35256226 10.94607588  9.88157824 13.30628197 18.13405291
[115]          NA          NA          NA          NA  0.45953491  3.47884845
[121]          NA  9.57309417  6.29924066  4.70572493  2.45215528 10.27497641
[127]  8.34631968 15.00528149  9.34349315  8.16012496          NA 15.59057680
[133] 11.57153329  1.38527186 13.57841720  8.71843065  6.42895143          NA
[139]  0.31843977 13.57787901 14.01449665  6.44640630 10.74441042 18.20454585
[145] 15.24647847 10.65479976 12.65238238 10.82796989 15.32864160 18.98279517
[151]  7.17587240 11.51581331 10.40173792  8.87265863          NA  2.97820135
[157]          NA 11.13495436 10.79710149 14.71455820 10.61274585          NA
[163]          NA          NA 11.09031913 10.24493416 11.55404256  9.17910371
[169]  1.99602667  0.81954768  1.19314319  6.51433769  6.03343639  1.25743555
[175]  1.57069418  1.20382094  3.36028499  1.78188517          NA  9.68812438
[181]  7.40636187          NA  4.82860199 14.50333154  8.36436339          NA
[187]          NA  3.94247143          NA 14.34421287          NA  0.03962362
[193]          NA  7.74337851  6.61030272  4.39843092          NA          NA
[199]          NA          NA          NA  1.38080057          NA          NA
[205] 10.50791163  8.80145694 11.70194244  8.72949978  1.27166785          NA
[211]          NA          NA          NA  9.27695657  7.68083008  2.98758295
[217]          NA          NA  2.54814192          NA  7.82128349  0.42600001
[223]  0.38696259  2.97305700  5.57241770          NA  1.27906543          NA
[229]          NA          NA          NA          NA          NA  4.16325924
[235]          NA  1.72186964          NA  2.02779587          NA  0.23387167
[241]          NA          NA          NA          NA          NA          NA
[247]          NA          NA  1.33069024  2.72187561  1.74597484  2.92100568
[253]          NA  2.37366489          NA          NA          NA  2.25817777
[259]          NA          NA  0.61129101          NA          NA          NA
[265]          NA

$TS
  [1] 45.8773276 45.1000024 39.7868564 43.7684796 37.9607338 36.2750135
  [7] 26.6378308 36.0578873 37.8828569 37.3624684 36.2047581 31.8472290
 [13] 31.7612900 31.7150192 30.9016302 25.2770919 31.7258678 31.1501311
 [19] 30.1489710 29.9777743 14.7801763 14.3095557 29.8666891 31.4460680
 [25] 30.8735610 29.6243272 29.5794883 29.2111443 30.2769092 23.2902570
 [31] 21.0350144 15.3792852 14.5042639 11.8596584 10.9996280 23.9625177
 [37] 23.7248250 28.3374467 22.6375168 17.4370429 29.9016310 22.2189231
 [43] 19.4841675 13.3893669 23.7727841 29.4981151 23.4020575 23.0223951
 [49] 21.0702360 25.8325783 24.4098770 23.6775973 19.3252277 17.2475022
 [55] 23.1793072 20.5990381 14.0524119 13.8275842 11.8359819 10.3469564
 [61] 20.5526402 20.8951110 17.6461742 27.7725456 29.0732143 18.5063379
 [67] 22.9588319 14.7681246 21.2540052 19.8068402 13.0120907  8.4832908
 [73]  6.0805590  6.0722143  4.5475607  2.3195839 18.0692873 14.5888336
 [79] 13.7717478 12.5240676 23.8025773 17.0747119 12.9493757 16.7043482
 [85] 12.3088560 12.2838608  8.7062991 16.6539714 12.0062139 10.5182618
 [91] 15.8279465 16.6922462 14.8666193 11.1823371 23.4106088 22.9554784
 [97] 22.6816557 21.2137421 26.0796970 24.6954326 23.6739157 19.0142656
[103] 18.9600259 16.2398008 12.9841827 12.9058753  9.0855883  8.6236837
[109] 20.9639100 11.5042015 11.2728677 10.6486624 17.0484481 19.1291056
[115]  5.9395791  5.4874117  3.1955211  2.1314587  0.7953281  5.5073950
[121]  4.2573450 12.4433624  6.8693916  5.1850546  3.4874367 15.5852768
[127] 10.8015366 16.2286543 12.8474806 10.4453313  8.5470947 16.3211751
[133] 14.8338505  6.8216769 13.9703132  8.7689944  6.5240613  3.3752010
[139]  3.1889964 21.9959675 18.0347710 13.8298654 13.2576244 21.9603218
[145] 16.0844217 13.0188256 14.2802565 12.6135788 24.0498428 19.6901998
[151] 14.7786616 11.7807807 10.9330529  9.9154190  6.9658372  5.9378849
[157]  3.7578679 15.5551353 12.0966107 16.0466375 15.4987118  2.9695747
[163]  0.2735357  2.0918901 11.5478022 12.5870748 12.0775933  9.5642532
[169]  9.9491790  7.0190994  6.8607592  6.8484107  6.7458983  4.6439043
[175]  4.0276638  1.2130791  5.8575179  2.1658330  2.2395566 14.2194795
[181] 12.4654414  6.7029352  6.5394599 15.3927501 12.2334250  7.5837554
[187]  6.7666523  6.0628354  3.8109972 15.6192322  0.8714281 10.4949673
[193]  9.1999467  7.8819009  6.9435317  5.0412555  6.2725862  3.8127503
[199]  6.5376349  6.4842443  3.1903167  2.0723604  5.3930934  3.9251038
[205] 10.6288457 10.0786548 12.0757733  9.0356913  6.5085969  6.3890598
[211]  6.1715794  1.9917637  4.9321293 11.0706651  8.7014579  6.4741064
[217]  1.9008075  0.5271188  2.7161409  0.1035165  8.4135269  6.4929733
[223]  4.4110355  6.9981708  6.1455944  4.9861062  4.1828848  1.0136861
[229]  2.4124314  6.2567950  6.4709797  2.9637319  1.9441040  5.2708719
[235]  3.6866554  4.6861342  6.2206082  4.8358377  1.3527140  1.7087890
[241]  4.3060952  3.9937026  2.4343507  2.4358804  1.0213167  6.1155029
[247]  5.5598554  0.7872744  5.1553124  5.0838656  2.0486566  4.9431177
[253]  3.8025658  3.8333170  1.2889902  1.1645833  5.9929384  3.6536280
[259]  2.1514982  1.2636091  1.5334559  1.9002395  2.2121984  0.1553545
[265]  1.8634541

$PAR
  [1]  NA   1   1   2   3   3   3   4   5   5   5   5   5   5   5   7   9   9
 [19]   9   9   9   9  10  12  12  12  12  12  15  15  15  15  15  15  15  16
 [37]  16  17  19  19  20  20  20  20  23  25  25  25  25  29  29  29  29  29
 [55]  30  30  32  33  34  34  36  37  37  38  41  42  45  45  47  47  47  47
 [73]  47  47  47  47  49  50  50  50  51  53  53  54  54  54  54  55  55  58
 [91]  61  62  63  63  64  64  64  64  65  65  65  65  65  66  66  66  66  66
[109]  67  68  68  68  69  70  72  72  72  73  73  74  74  77  78  78  78  82
[127]  83  84  84  84  87  88  91  91  93  94  94  94  94  95  95  95  95  97
[145]  97  97  98  98 100 101 103 103 104 104 108 108 108 109 109 113 113 115
[163] 115 121 122 126 126 127 130 131 131 131 131 131 131 131 134 138 139 140
[181] 142 142 142 145 146 151 155 155 155 160 164 166 169 169 169 169 171 171
[199] 172 173 174 175 177 177 180 180 181 181 182 182 182 182 183 185 185 186
[217] 186 186 187 187 192 192 192 193 193 197 197 197 198 199 200 200 204 209
[235] 209 213 216 216 217 222 226 226 226 227 230 231 231 233 234 234 235 237
[253] 237 238 241 242 246 246 246 246 249 251 257 259 262

$EXTANT
  [1] FALSE FALSE FALSE FALSE FALSE FALSE FALSE FALSE FALSE FALSE FALSE FALSE
 [13] FALSE FALSE FALSE FALSE FALSE FALSE FALSE FALSE FALSE FALSE FALSE FALSE
 [25] FALSE FALSE FALSE FALSE FALSE FALSE FALSE FALSE FALSE FALSE FALSE FALSE
 [37] FALSE FALSE FALSE FALSE FALSE FALSE FALSE FALSE FALSE FALSE  TRUE FALSE
 [49] FALSE FALSE FALSE FALSE FALSE FALSE FALSE FALSE FALSE FALSE FALSE FALSE
 [61] FALSE FALSE FALSE FALSE FALSE FALSE FALSE FALSE FALSE FALSE FALSE FALSE
 [73]  TRUE FALSE FALSE  TRUE FALSE  TRUE FALSE FALSE FALSE FALSE FALSE FALSE
 [85] FALSE FALSE FALSE FALSE FALSE FALSE FALSE FALSE FALSE  TRUE FALSE FALSE
 [97] FALSE FALSE FALSE FALSE FALSE FALSE FALSE FALSE FALSE FALSE FALSE FALSE
[109] FALSE FALSE FALSE FALSE FALSE FALSE  TRUE  TRUE  TRUE  TRUE FALSE FALSE
[121]  TRUE FALSE FALSE FALSE FALSE FALSE FALSE FALSE FALSE FALSE  TRUE FALSE
[133] FALSE FALSE FALSE FALSE FALSE  TRUE FALSE FALSE FALSE FALSE FALSE FALSE
[145] FALSE FALSE FALSE FALSE FALSE FALSE FALSE FALSE FALSE FALSE  TRUE FALSE
[157]  TRUE FALSE FALSE FALSE FALSE  TRUE  TRUE  TRUE FALSE FALSE FALSE FALSE
[169] FALSE FALSE FALSE FALSE FALSE FALSE FALSE FALSE FALSE FALSE  TRUE FALSE
[181] FALSE  TRUE FALSE FALSE FALSE  TRUE  TRUE FALSE  TRUE FALSE  TRUE FALSE
[193]  TRUE FALSE FALSE FALSE  TRUE  TRUE  TRUE  TRUE  TRUE FALSE  TRUE  TRUE
[205] FALSE FALSE FALSE FALSE FALSE  TRUE  TRUE  TRUE  TRUE FALSE FALSE FALSE
[217]  TRUE  TRUE FALSE  TRUE FALSE FALSE FALSE FALSE FALSE  TRUE FALSE  TRUE
[229]  TRUE  TRUE  TRUE  TRUE  TRUE FALSE  TRUE FALSE  TRUE FALSE  TRUE FALSE
[241]  TRUE  TRUE  TRUE  TRUE  TRUE  TRUE  TRUE  TRUE FALSE FALSE FALSE FALSE
[253]  TRUE FALSE  TRUE  TRUE  TRUE FALSE  TRUE  TRUE FALSE  TRUE  TRUE  TRUE
[265]  TRUE

