
Birth-death simulation object with 387 species and 156 extant species

Details for some species:

Extinction times (NA means extant)
[1] 16.30561 30.13352 21.84441 19.45391 17.04463 10.47290


Speciation times 
[1] 45.87733 45.83154 31.35727 25.06908 22.44457 22.32102


Species parents (NA for initial)
[1] NA  1  1  1  1  1


Species status (extinct or extant)
[1] "extinct" "extinct" "extinct" "extinct" "extinct" "extinct"


For more details on vector y, try sim$y, with y one of
TE TS PAR EXTANT



$TE
  [1] 16.305610216 30.133516654 21.844412108 19.453911561 17.044627400
  [6] 10.472901156 12.045018060 21.377298427 15.408918410 15.485317940
 [11] 11.325545239 35.986313139 38.687150632 33.042300673 32.862589186
 [16] 29.654837981  9.611816511 11.850567105 16.864450008           NA
 [21] 14.374592597 10.809166640 15.897463353 13.653554508 10.834722189
 [26]  5.250103049  7.338458236 37.972525400 35.617211112 33.081934588
 [31] 21.496027481 21.542516852 20.007346687  7.547398498  9.888458905
 [36] 10.145182382 10.616957039 15.387687981  7.785328735 11.069112827
 [41] 15.160074527 15.335663299 11.394025151  9.962672561           NA
 [46]           NA  3.309147148 10.804326202  6.138196291           NA
 [51]  1.625605594           NA  4.699877061 30.753707328 31.667663347
 [56] 23.520582248 28.072652106 10.308948269  8.736970878 10.270601846
 [61] 19.113337920 15.860936633  9.343330707  8.831255804  9.185238669
 [66]  5.553429626 12.603897293  0.588990294 15.743364546 11.958685677
 [71] 11.115445464  3.647395432  3.200754449  1.105294373           NA
 [76]  9.871950359           NA           NA  4.830268318           NA
 [81]  2.042678771           NA           NA 18.693828895 16.547313075
 [86] 10.921102152 10.851574347 11.586906777 11.373494681  9.178238248
 [91] 10.766192517 16.546360778 11.577840733           NA  4.078691405
 [96]  6.319471688  0.951703399  0.268771534           NA  6.170722853
[101]           NA  2.708315434           NA           NA           NA
[106]  5.793967020  0.728552382  2.722937551           NA  0.254340116
[111]  8.656544709 15.793423659 15.961708011  9.745425759  9.683176285
[116] 14.078243234  9.178685024 11.462599091 10.713089516           NA
[121]           NA  5.139633519           NA  4.931948925  4.345495346
[126]  0.718689313  0.606079394  4.933273047  5.080518942  0.950521662
[131]           NA           NA           NA           NA  4.074179857
[136]           NA  2.551773776  1.909030643           NA           NA
[141]           NA           NA  3.047993644           NA           NA
[146]           NA           NA 10.164268445 16.638124759 12.003154551
[151] 10.847317826  8.876885948 10.272911900  4.928091807 10.291162273
[156]           NA           NA  3.198446130  4.485334622           NA
[161]           NA  1.320178444  0.398423276  0.428230214           NA
[166]  0.668749955           NA           NA           NA           NA
[171]           NA  4.417034709           NA           NA           NA
[176]           NA           NA  0.212564951 15.068119703 12.234251530
[181]  8.086463896 10.371472380 11.717397709 11.610518683 25.730023148
[186] 10.790183849  6.961840000 11.885983000 12.078707410  8.640442082
[191]  5.882557040           NA  3.676735328           NA  0.593273762
[196]           NA           NA  2.548972953  0.811167095           NA
[201]           NA  2.954699299  4.088835789           NA           NA
[206]           NA  0.567992641  2.233169066  0.441536198           NA
[211]           NA           NA           NA           NA           NA
[216]           NA 11.884411874 10.219597406 10.396350251  3.924023977
[221]           NA 16.460897176  9.190746730  9.647040829  7.788935176
[226]  7.604925964  8.114332426           NA           NA  2.926407683
[231]  0.402067005           NA  3.484784455           NA           NA
[236]  3.548670186  4.364846891  2.056513618           NA  0.628665126
[241]           NA           NA  0.612713967  9.590404141 12.405071562
[246]  7.256529652           NA  5.920567842  2.535470143           NA
[251]  0.692864347           NA           NA           NA  7.126993425
[256]  4.457100934  5.833713129           NA  0.199662160           NA
[261]           NA           NA           NA  3.213778177  3.372243225
[266]  3.537259910           NA  2.507252415  1.725321679           NA
[271]  2.340454122           NA           NA           NA 11.040466994
[276]  8.557001761  7.960951590           NA           NA  3.038143035
[281]  3.204590345           NA           NA  2.106689204           NA
[286]           NA  2.158093591  3.307547034  5.065310455           NA
[291]           NA           NA           NA  0.888076581           NA
[296]  1.586605660           NA  5.456245201           NA           NA
[301]           NA  1.908757581  5.966133060  3.275867428  0.755034424
[306]  5.089568417  3.768386562  0.006961362  1.626090443           NA
[311]  8.167724793           NA           NA  7.263288032           NA
[316]  3.734227628           NA           NA           NA           NA
[321]           NA           NA  1.893858783  6.366260611  4.478218898
[326]           NA           NA  2.462281577  4.590730846  4.297858903
[331]  5.068823715  0.259630071           NA  2.283670855           NA
[336]           NA           NA           NA           NA  2.299650086
[341]           NA           NA  4.410806297           NA  5.814387928
[346]  2.385860564  5.180643285           NA  3.401876118  2.390089310
[351]           NA           NA  4.130439783           NA           NA
[356]           NA  0.437637442           NA  1.700780776           NA
[361]           NA           NA           NA           NA  1.361693775
[366]           NA  1.967269852           NA           NA  0.029113737
[371]           NA           NA           NA           NA           NA
[376]           NA           NA  3.719654895           NA           NA
[381]           NA           NA           NA           NA           NA
[386]           NA           NA

$TS
  [1] 45.8773276 45.8315404 31.3572738 25.0690798 22.4445710 22.3210219
  [7] 22.0031179 21.7738819 18.0468286 17.1560647 17.1230768 43.2469505
 [13] 40.1795741 39.4962665 34.0348236 31.0238333 25.5972188 24.3619125
 [19] 18.0679971 17.2411394 14.9435676 11.5707187 17.9386228 15.4391015
 [25] 15.9982931 12.4038235 11.4505490 41.7173907 39.5095132 34.9177621
 [31] 33.9914709 24.5888951 21.4431534 19.0670150 14.2379668 10.8669380
 [37] 10.7040052 21.2822167 19.2146275 17.7559747 16.0958106 17.1660947
 [43] 15.7573339 11.2659311  7.9954939  6.4375009  5.8432424 14.3729646
 [49]  6.8333537  6.7375371  6.4429102  6.1315305  6.1191486 34.6400504
 [55] 31.6812844 30.3692744 29.9939445 20.3018894 13.5888064 13.5820585
 [61] 20.1233135 19.6630166 16.9164996 16.8542108 14.2036473  9.5724350
 [67] 12.6629654 11.1665094 16.0601105 14.2558379 13.9100720  6.8059140
 [73]  6.3033968  1.8086606  0.7461469 11.2065631  4.4012930  6.2664078
 [79]  5.8533766  5.0823238  2.9974213  6.0779575  6.0265248 31.8441279
 [85] 18.7287085 15.2386727 14.6510538 14.3482979 11.5783552 10.6087897
 [91] 19.3313068 16.5716995 12.7748592  6.7552717  6.6541201  6.5814135
 [97]  6.3310510  6.1766957  6.0295264  6.6869888  6.6113819  6.3792914
[103]  3.8321430  6.0141065  4.2753746  6.1589430  2.0595957  3.0279751
[109]  3.9323478  1.6366552 26.7134811 26.6465062 24.7173627 13.1223026
[115] 10.2851705 19.2969451 15.2174803 13.6303960 11.2851584  4.4791834
[121]  6.5241096  6.3921159  6.2605561  6.0338457  5.9034397  3.7400795
[127]  3.0862609  6.4605645  6.4221510  6.2795215  6.1200727  4.7705892
[133]  0.3258767  6.1688263  5.9779272  2.9834065  4.2607693  2.2005357
[139]  0.5968280  3.2046336  0.5572228  2.7875654  3.6297001  2.8176122
[145]  2.6392993  0.7028142  1.5182549 21.2393174 18.1361273 15.9066500
[151] 26.2838496 22.7761806 15.0516028 14.2073028 10.7844870  3.2194305
[157]  4.9312319  6.2782398  6.2099197  6.1475925  1.0003669  2.4472245
[163]  1.7971878  0.9824896  5.7952499  6.0353992  5.5169886  6.0187910
[169]  1.3658526  2.8521185  0.8225983  6.0551141  2.4321203  1.5996510
[175]  2.0939336  1.9157411  1.5522419  1.6382964 19.5796030 17.2718248
[181] 14.8510530 14.7020869 16.7386399 12.6720810 25.8825924 17.9371110
[187] 16.0982935 14.1771437 13.0507946 11.9067442  6.9288062  6.5507602
[193]  6.4186121  1.1321648  1.9458164  1.2554546  0.8953858  3.7364195
[199]  3.3866298  6.1349767  6.0866883  5.8894987  4.4062196  4.2218866
[205]  1.5380473  2.6126718  1.3920574  3.7522612  0.6625150  4.4691482
[211]  0.8087763  1.1148470  0.8927378  0.5602136  0.8629223  0.2913269
[217] 16.5576499 13.2462658 13.7776438 13.1328934 12.5943436 16.5887643
[223] 14.2351114 11.7570076 15.2321075  9.6075283  8.6770989  6.7715688
[229]  6.6967328  6.5987899  6.5504229  4.3834474  5.0601396  2.8829891
[235]  2.4772119  5.7880796  5.5651998  4.0108006  2.4209203  1.5799993
[241]  1.3694419  0.3754284  1.4382456 13.2978876 12.9446537 10.7514179
[247] 11.7968305  6.6413601  6.3551024  5.7204764  9.7273858  6.9337255
[253]  6.1202021  2.5830202 13.0101631  6.4492278  6.0925830  4.3635100
[259]  2.0070656  0.1564263  6.5673832  6.5041429  6.4540418  6.2773945
[265]  4.6167887  6.0999974  2.8225351  2.5279104  1.9551141  1.5464789
[271]  5.4469280  0.7704425  0.7282389 12.8841133 12.4370227 11.7181624
[277] 11.5588225  1.4762616  6.5868377  6.2348253  6.0233187  3.6679613
[283]  6.7683857  6.5159094  6.5355868  6.5126769  2.5372552  6.3312793
[289]  6.1968779  4.7301039  6.0609589  2.6020679  6.1352385  5.6898742
[295]  3.6242322  2.7648108  6.2433296  6.1141844  4.3738378  6.3764949
[301]  6.3727872  6.3335851  6.3315959  3.7472205  1.8194323  6.1905129
[307]  5.8506480  0.7562351  3.8169361  2.9442856  8.8793761  3.4818342
[313]  1.0927093 11.4081368  0.4054160  6.4281788  6.4032071  6.2301094
[319]  6.0621648  6.0893449  6.5401115  6.4867674  2.4767364  6.4026224
[325]  6.3176538  0.4278320  5.4221681  6.2080511  6.0197061  5.8977398
[331]  6.0492354  0.9474688  0.2854236  4.9209715  2.5260339  0.7559811
[337]  2.4368528  2.7537036  0.7823453  5.8369106  1.0745589  0.7065247
[343]  6.2583576  6.1053725  6.3207696  3.3922700  6.1612375  0.9513766
[349]  4.5665599  6.2743798  6.1388742  6.0386854  5.4783602  3.5185274
[355]  4.2085586  6.2333988  5.2754836  1.1476121  2.4619992  6.1901477
[361]  6.1675886  0.3952895  5.9564382  0.2076830  2.0775721  6.1590500
[367]  2.7850950  2.4692458  4.0911992  4.6823278  2.1786869  0.8487886
[373]  1.6868094  1.5142337  1.2587349  0.6920723  1.6734632  3.9458419
[379]  1.7774417  1.3561553  0.7797674  0.4858737  0.4011029  0.6604102
[385]  0.4231277  0.6656377  0.2552422

$PAR
  [1]  NA   1   1   1   1   1   1   1   1   1   1   2   2   2   2   2   3   4
 [19]   5   5   6   6   7   7  11  11  11  12  13  14  14  17  17  17  17  17
 [37]  17  18  18  18  18  20  20  20  20  20  20  25  26  26  26  26  26  30
 [55]  31  31  31  33  35  35  38  38  38  38  39  39  40  40  41  43  43  45
 [73]  45  45  45  48  50  51  51  51  51  53  53  54  58  58  58  58  58  60
 [91]  62  63  65  66  66  66  66  66  66  68  68  68  72  73  73  78  78  82
[109]  83  83  84  84  84  86  90  91  91  91  91  94  95  95  95  97  97  97
[127]  98 100 100 100 101 101 101 102 102 102 104 104 104 105 105 108 109 109
[145] 109 109 110 111 111 111 112 112 117 117 117 120 121 122 122 122 126 127
[163] 127 127 128 129 130 131 131 132 132 134 136 136 140 144 144 145 148 148
[181] 148 148 149 150 151 151 151 152 153 153 154 154 154 156 157 157 157 158
[199] 158 159 159 159 160 160 162 165 165 166 167 168 169 173 174 177 178 178
[217] 180 180 181 181 181 183 183 183 186 190 190 191 191 191 192 193 200 200
[235] 200 201 201 201 201 201 204 205 206 217 218 219 220 220 220 220 221 221
[253] 221 221 223 228 229 229 229 229 230 230 230 230 230 231 232 234 235 235
[271] 237 240 243 244 245 247 247 247 248 248 249 249 251 251 252 252 254 256
[289] 256 256 257 258 261 261 261 261 262 262 262 263 263 263 263 263 263 264
[307] 266 270 271 271 274 274 274 275 278 279 279 279 279 280 283 283 283 284
[325] 285 285 286 288 288 288 289 291 293 294 295 295 296 297 299 300 300 300
[343] 301 301 302 302 306 313 316 317 317 317 317 319 320 321 322 322 323 325
[361] 325 327 329 333 337 347 354 355 360 361 361 361 363 363 363 363 365 366
[379] 368 369 370 370 371 374 374 376 386

$EXTANT
  [1] FALSE FALSE FALSE FALSE FALSE FALSE FALSE FALSE FALSE FALSE FALSE FALSE
 [13] FALSE FALSE FALSE FALSE FALSE FALSE FALSE  TRUE FALSE FALSE FALSE FALSE
 [25] FALSE FALSE FALSE FALSE FALSE FALSE FALSE FALSE FALSE FALSE FALSE FALSE
 [37] FALSE FALSE FALSE FALSE FALSE FALSE FALSE FALSE  TRUE  TRUE FALSE FALSE
 [49] FALSE  TRUE FALSE  TRUE FALSE FALSE FALSE FALSE FALSE FALSE FALSE FALSE
 [61] FALSE FALSE FALSE FALSE FALSE FALSE FALSE FALSE FALSE FALSE FALSE FALSE
 [73] FALSE FALSE  TRUE FALSE  TRUE  TRUE FALSE  TRUE FALSE  TRUE  TRUE FALSE
 [85] FALSE FALSE FALSE FALSE FALSE FALSE FALSE FALSE FALSE  TRUE FALSE FALSE
 [97] FALSE FALSE  TRUE FALSE  TRUE FALSE  TRUE  TRUE  TRUE FALSE FALSE FALSE
[109]  TRUE FALSE FALSE FALSE FALSE FALSE FALSE FALSE FALSE FALSE FALSE  TRUE
[121]  TRUE FALSE  TRUE FALSE FALSE FALSE FALSE FALSE FALSE FALSE  TRUE  TRUE
[133]  TRUE  TRUE FALSE  TRUE FALSE FALSE  TRUE  TRUE  TRUE  TRUE FALSE  TRUE
[145]  TRUE  TRUE  TRUE FALSE FALSE FALSE FALSE FALSE FALSE FALSE FALSE  TRUE
[157]  TRUE FALSE FALSE  TRUE  TRUE FALSE FALSE FALSE  TRUE FALSE  TRUE  TRUE
[169]  TRUE  TRUE  TRUE FALSE  TRUE  TRUE  TRUE  TRUE  TRUE FALSE FALSE FALSE
[181] FALSE FALSE FALSE FALSE FALSE FALSE FALSE FALSE FALSE FALSE FALSE  TRUE
[193] FALSE  TRUE FALSE  TRUE  TRUE FALSE FALSE  TRUE  TRUE FALSE FALSE  TRUE
[205]  TRUE  TRUE FALSE FALSE FALSE  TRUE  TRUE  TRUE  TRUE  TRUE  TRUE  TRUE
[217] FALSE FALSE FALSE FALSE  TRUE FALSE FALSE FALSE FALSE FALSE FALSE  TRUE
[229]  TRUE FALSE FALSE  TRUE FALSE  TRUE  TRUE FALSE FALSE FALSE  TRUE FALSE
[241]  TRUE  TRUE FALSE FALSE FALSE FALSE  TRUE FALSE FALSE  TRUE FALSE  TRUE
[253]  TRUE  TRUE FALSE FALSE FALSE  TRUE FALSE  TRUE  TRUE  TRUE  TRUE FALSE
[265] FALSE FALSE  TRUE FALSE FALSE  TRUE FALSE  TRUE  TRUE  TRUE FALSE FALSE
[277] FALSE  TRUE  TRUE FALSE FALSE  TRUE  TRUE FALSE  TRUE  TRUE FALSE FALSE
[289] FALSE  TRUE  TRUE  TRUE  TRUE FALSE  TRUE FALSE  TRUE FALSE  TRUE  TRUE
[301]  TRUE FALSE FALSE FALSE FALSE FALSE FALSE FALSE FALSE  TRUE FALSE  TRUE
[313]  TRUE FALSE  TRUE FALSE  TRUE  TRUE  TRUE  TRUE  TRUE  TRUE FALSE FALSE
[325] FALSE  TRUE  TRUE FALSE FALSE FALSE FALSE FALSE  TRUE FALSE  TRUE  TRUE
[337]  TRUE  TRUE  TRUE FALSE  TRUE  TRUE FALSE  TRUE FALSE FALSE FALSE  TRUE
[349] FALSE FALSE  TRUE  TRUE FALSE  TRUE  TRUE  TRUE FALSE  TRUE FALSE  TRUE
[361]  TRUE  TRUE  TRUE  TRUE FALSE  TRUE FALSE  TRUE  TRUE FALSE  TRUE  TRUE
[373]  TRUE  TRUE  TRUE  TRUE  TRUE FALSE  TRUE  TRUE  TRUE  TRUE  TRUE  TRUE
[385]  TRUE  TRUE  TRUE

