
Birth-death simulation object with 202 species and 44 extant species

Details for some species:

Extinction times (NA means extant)
[1] 28.80486 27.73930 36.59319 38.55721 40.47898 31.12569


Speciation times 
[1] 45.87733 45.03451 44.22220 43.45313 41.80610 40.56424


Species parents (NA for initial)
[1] NA  1  1  1  1  1


Species status (extinct or extant)
[1] "extinct" "extinct" "extinct" "extinct" "extinct" "extinct"


For more details on vector y, try sim$y, with y one of
TE TS PAR EXTANT



$TE
  [1] 28.80486292 27.73929977 36.59318578 38.55720550 40.47897790 31.12568779
  [7] 22.84835239 31.12165531 26.36754386 37.76098608 38.66073101 33.39146094
 [13] 34.97440627 20.52833213 27.36784777 43.80924955 32.50757008 34.30087193
 [19] 10.34702529 20.71644200 28.84173021 27.69651009 35.68625813 24.23196618
 [25] 25.10230338 19.08195640 20.06685761 20.95794679 26.39895699 31.34336402
 [31] 24.88315207 24.64376415 15.54429898 19.38620619 11.82763338 12.10908065
 [37]  9.69891093 10.90707872 10.75884548 18.32062704 30.29881063 19.22412528
 [43] 16.28885630 20.48951342 22.98569324 14.25406738  8.22759106 15.23569999
 [49] 11.52992094 11.21920600 11.05349067 32.46001501 27.72381614 13.91612862
 [55] 10.07125863 18.07058404 10.53808789 11.16564588 12.64595495 22.11903875
 [61] 30.11674852 17.06110090 22.41680083 13.24005235 21.11607245 10.13199822
 [67] 20.02179127  8.30080375 11.55061898  9.21423697 10.30503665 10.92912306
 [73] 20.99405014 22.93171979 10.53740550 11.52971524 16.63735369 13.27003569
 [79] 20.15509695 11.90591612  8.52225024 25.80034067 14.84688689 10.76762095
 [85] 13.30913905 10.83436276 22.22773084  9.42308532 10.95042037 14.84488422
 [91]          NA  2.03151341 10.75056690  8.38951496  9.85437951  8.30812511
 [97]  5.72494467 16.20039894 10.55250469 10.97927270 11.64300993 11.31142851
[103] 20.31863912 21.49987115 21.61635780 11.52345065 10.00744869  8.48186360
[109] 10.17032337  9.04646398  8.01268266          NA          NA          NA
[115]  5.66511589          NA          NA          NA  7.45817984  0.04286891
[121] 10.50884030 16.56814476  8.64129085 10.11575265 10.40677903 12.00946156
[127] 11.34146849          NA  8.27221660  9.60770285  8.31522903          NA
[133]          NA          NA  1.22920462          NA  5.93595615  2.98802078
[139]          NA  9.59463472 10.80892330  9.90177012 10.89162458 10.32042572
[145] 11.33439453  3.58030848          NA          NA  7.11163255          NA
[151]          NA          NA          NA  0.45490323  2.48608910  9.63101173
[157]  7.95716831 10.98543913 13.16296531 10.99175973          NA  0.87805292
[163]          NA          NA          NA          NA          NA          NA
[169]          NA  4.28773589 10.42531970  4.64552616 10.00577475          NA
[175]          NA          NA          NA          NA          NA  5.79048599
[181]  6.16169017          NA          NA  0.03740720  1.41044194          NA
[187]          NA  1.42802952          NA          NA          NA  3.15668346
[193]  3.71738174          NA  5.73707227          NA          NA          NA
[199]  3.66397244  4.31765437  5.71357489  2.34102753

$TS
  [1] 45.87732762 45.03450760 44.22219618 43.45313222 41.80609860 40.56423553
  [7] 36.69663821 31.64200072 30.13839029 42.62323706 42.05996108 39.62757075
 [13] 35.35960640 31.78513314 29.66787620 43.98525653 40.64038738 40.23183409
 [19] 39.89708459 37.05414805 33.37087934 32.82432933 42.01824156 31.39698033
 [25] 30.22359241 24.52816229 22.22277918 27.63008804 36.08476081 32.09479012
 [31] 27.17222102 25.81668202 24.80867932 20.66670561 15.43208627 14.44980564
 [37] 11.80188853 35.31590572 29.56392134 28.66745841 31.69479884 31.07077565
 [43] 19.81341313 20.93674213 24.15894908 21.43115708 17.04315343 16.86479401
 [49] 13.91481982 13.53049720 13.04058893 33.45055090 31.78574379 27.26988330
 [55] 27.24912099 25.85950931 25.19057478 21.72731378 12.75096169 26.10464650
 [61] 31.19309731 25.86872342 23.88646186 23.21417108 22.48324678 19.51093037
 [67] 21.34872579 15.70250835 15.73915994 15.65279740 13.69293427 11.83622672
 [73] 23.25184171 23.00819639 18.20578039 24.70449435 22.61733558 16.79135415
 [79] 20.24088504 17.45124375 11.47060051 25.93910006 24.73246839 18.45138083
 [85] 17.94900229 13.63530756 22.36875546 16.86077145 13.26364614 15.65698244
 [91] 10.40155992  8.82394362 12.89657869 12.25329257 10.86820609  9.58826406
 [97] 11.80108613 16.41640080 10.85961846 23.79499573 13.98442020 13.15998388
[103] 21.29475029 22.75142508 22.70476298 18.73359214 14.93580623 11.52324798
[109] 16.68631205 15.95797837 11.15752445  6.39601655  6.00788951  1.69659733
[115]  6.62533459  6.08033072  5.66592903  4.51663743  8.34455747  6.58342005
[121] 10.62090018 18.10146696 16.84606889 15.31851788 13.55757549 13.18912646
[127] 18.27906830 11.22518166 11.04449373 10.08605294  9.60427817  6.31576237
[133]  0.47404724  0.13855756  4.85251331  6.35071587  6.32785153  3.92050786
[139]  0.72362971 13.92004380 13.78076337 11.84056341 11.14795592 15.58278970
[145] 11.44266399  6.45867873  6.14092175  1.98648698  9.27211100  0.05723607
[151]  4.31685443  4.15748815  6.24305359  2.93881397  6.24646893 11.89514334
[157] 12.76028239 13.86045530 13.73079683 12.82131493  3.85744030  1.03970353
[163]  1.00878355  7.18140941  0.66916054  0.08668394  5.39275172  2.53185157
[169]  2.20664750  6.06959998 11.08782930 12.99402478 11.52392395  1.36389882
[175]  6.40386942  2.94804461  2.61482222  4.16790888  1.08788096  7.61686309
[181]  6.57749218  5.61977449  1.96264201  1.87604003  7.38285150  6.42298571
[187]  6.25299052  5.05478453  2.79668363  1.08487333  6.74423526  6.74289092
[193]  6.60343921  0.36013551  6.11750320  3.98588794  3.81334062  1.02839217
[199]  5.70822379  6.51196588  6.16135564  6.03305139

$PAR
  [1]  NA   1   1   1   1   1   1   1   1   2   2   2   2   2   2   3   3   6
 [19]   6   6   7   7  11  14  14  14  14  15  18  19  19  19  19  19  19  19
 [37]  19  20  20  20  22  24  26  27  33  33  33  33  35  35  35  38  38  39
 [55]  39  39  39  39  39  40  41  42  42  42  42  43  46  46  47  47  49  49
 [73]  54  55  55  57  57  57  58  58  58  60  60  64  64  64  65  66  66  68
 [91]  68  68  70  70  70  70  71  75  75  76  76  76  77  83  83  83  84  84
[109]  85  88  88  91  91  91  92  92  92  92  96  97  99 100 100 100 101 101
[127] 106 107 110 110 110 112 113 113 116 120 120 120 120 123 123 123 124 127
[145] 127 128 128 128 131 134 135 135 136 136 137 140 141 144 144 144 147 147
[163] 147 149 151 151 153 153 154 155 157 158 158 161 164 164 164 167 168 172
[181] 172 175 176 176 180 181 181 182 182 184 185 185 185 186 187 188 188 189
[199] 191 192 200 200

$EXTANT
  [1] FALSE FALSE FALSE FALSE FALSE FALSE FALSE FALSE FALSE FALSE FALSE FALSE
 [13] FALSE FALSE FALSE FALSE FALSE FALSE FALSE FALSE FALSE FALSE FALSE FALSE
 [25] FALSE FALSE FALSE FALSE FALSE FALSE FALSE FALSE FALSE FALSE FALSE FALSE
 [37] FALSE FALSE FALSE FALSE FALSE FALSE FALSE FALSE FALSE FALSE FALSE FALSE
 [49] FALSE FALSE FALSE FALSE FALSE FALSE FALSE FALSE FALSE FALSE FALSE FALSE
 [61] FALSE FALSE FALSE FALSE FALSE FALSE FALSE FALSE FALSE FALSE FALSE FALSE
 [73] FALSE FALSE FALSE FALSE FALSE FALSE FALSE FALSE FALSE FALSE FALSE FALSE
 [85] FALSE FALSE FALSE FALSE FALSE FALSE  TRUE FALSE FALSE FALSE FALSE FALSE
 [97] FALSE FALSE FALSE FALSE FALSE FALSE FALSE FALSE FALSE FALSE FALSE FALSE
[109] FALSE FALSE FALSE  TRUE  TRUE  TRUE FALSE  TRUE  TRUE  TRUE FALSE FALSE
[121] FALSE FALSE FALSE FALSE FALSE FALSE FALSE  TRUE FALSE FALSE FALSE  TRUE
[133]  TRUE  TRUE FALSE  TRUE FALSE FALSE  TRUE FALSE FALSE FALSE FALSE FALSE
[145] FALSE FALSE  TRUE  TRUE FALSE  TRUE  TRUE  TRUE  TRUE FALSE FALSE FALSE
[157] FALSE FALSE FALSE FALSE  TRUE FALSE  TRUE  TRUE  TRUE  TRUE  TRUE  TRUE
[169]  TRUE FALSE FALSE FALSE FALSE  TRUE  TRUE  TRUE  TRUE  TRUE  TRUE FALSE
[181] FALSE  TRUE  TRUE FALSE FALSE  TRUE  TRUE FALSE  TRUE  TRUE  TRUE FALSE
[193] FALSE  TRUE FALSE  TRUE  TRUE  TRUE FALSE FALSE FALSE FALSE

