
Birth-death simulation object with 184 species and 48 extant species

Details for some species:

Extinction times (NA means extant)
[1] 36.12373 10.44188 37.59259 29.64926 28.95030 12.18861


Speciation times 
[1] 45.87733 44.11756 43.89561 43.24505 30.94602 19.64706


Species parents (NA for initial)
[1] NA  1  1  1  2  2


Species status (extinct or extant)
[1] "extinct" "extinct" "extinct" "extinct" "extinct" "extinct"


For more details on vector y, try sim$y, with y one of
TE TS PAR EXTANT



$TE
  [1] 36.1237286 10.4418803 37.5925852 29.6492574 28.9503021 12.1886127
  [7] 11.8747175 11.8605655 40.6157157 28.0970690 20.9355433 26.3875790
 [13] 26.8859273 19.4984849  8.8065916 11.3518101 17.1202605 11.6308558
 [19] 31.0161337 30.2392826 38.6780967 18.7103598 28.3441319 25.0373107
 [25] 24.5510589 22.6352426 13.5228523  9.8811211         NA  9.1635633
 [31] 10.1979764 16.8461423 12.6063273 29.6494980 13.8599012 25.9802784
 [37] 24.7509120 14.2615366 13.1349325         NA  6.7155881  9.1945712
 [43] 12.0139657 24.1445896 14.4681761 11.8691178 24.5134658 11.6469089
 [49] 10.0072793 10.5811993 10.5559276         NA         NA  3.4727708
 [55] 24.0443444 16.8209982 11.4999593  9.2364992  4.3916127 17.6045460
 [61] 20.2521609 20.2978890 16.1402281  9.1558029 11.1440408  1.3075413
 [67] 25.3354281 23.8476921 19.8563597 20.0170245 15.5692495 14.2100679
 [73]  9.7696465 11.6059782  5.6154793  1.0625265  2.7923079         NA
 [79] 11.4705451  9.8139603  9.5703916 16.8189483 19.7765916  9.7649236
 [85]  3.4772923 12.7335094 11.3275972 10.1466115  7.7353942         NA
 [91]  4.7585424         NA 15.6935779 12.4882014 11.8658695 17.8226525
 [97]  9.4604617 15.2882430 17.8425751  4.2296280  5.9773717  8.0064557
[103] 12.6622560  0.2737626  4.3115926         NA 11.4540473 10.0164916
[109] 11.7001773  4.0662094  7.1979217  4.6432958  2.7856650  4.5546839
[115]         NA  3.5152813  4.9011627 11.7920695 14.8542702         NA
[121]  7.8548932  4.2610817         NA         NA  1.8892506  4.2897263
[127]  1.5240316         NA  6.6340161  5.5540995         NA         NA
[133]  0.6683702  4.5696578  6.1637894         NA  4.2799123  0.4768927
[139]  5.1693292  3.4068510  2.3102399  0.3835635         NA         NA
[145]         NA         NA  2.3720537         NA  6.5287198  4.5797666
[151]         NA         NA         NA  3.7715593  2.6259185         NA
[157]         NA  2.6588849         NA         NA         NA  3.7938877
[163]         NA  0.7753265         NA         NA         NA  2.1259749
[169]         NA         NA  1.4032307         NA         NA         NA
[175]         NA         NA         NA         NA         NA         NA
[181]         NA         NA         NA         NA

$TS
  [1] 45.8773276 44.1175622 43.8956059 43.2450492 30.9460239 19.6470552
  [7] 19.0149716 12.0039024 42.9979479 41.5057164 37.3694322 29.8245797
 [13] 30.6610774 19.5235296 19.1739104 18.4285848 17.9512450 16.7395425
 [19] 42.6595479 39.8855908 39.3412354 29.7847302 28.7441966 25.7401517
 [25] 29.0452367 28.5133762 16.3438314 14.9578533 13.4874811 11.7811971
 [31] 10.8972189 16.9480051 14.8446749 41.9577599 31.9005739 28.8715479
 [37] 28.2024788 26.5969286 14.7795947  6.8802522  6.7764400  9.4407469
 [43] 13.0988193 36.1889656 21.8091221 14.0267864 26.4807324 23.0403479
 [49] 19.9557600 16.4290310 14.4892989  4.4069334  0.8152806  6.7690386
 [55] 27.0716049 26.0566948 20.1674966 16.5854897 14.7061631 26.1338939
 [61] 25.5769056 25.4712463 19.6294716 11.8390356 12.9491968  3.7866153
 [67] 25.5659403 25.1622697 24.7752092 24.7340753 18.6057576 17.3089534
 [73]  9.9538388 12.4196650  8.8696874  7.5722554  6.7400753  6.1037891
 [79] 20.0479274 19.7339300 18.5974750 18.4770844 24.1262706 10.2729034
 [85]  9.9292507 12.8710019 11.6859559 16.1706243 14.5354492  6.6304963
 [91]  6.4954562  6.1657351 19.3219232 17.2700125 17.2687443 19.3488537
 [97] 13.8032326 17.3553674 22.9107673  6.9452940  6.3832196 11.5411024
[103] 14.0762741  8.3205090  6.1157986  0.6521944 13.4635863 19.3392824
[109] 15.3695074  4.7436597  9.7479020  8.9087994  8.5104143  6.9439618
[115]  5.7299679  6.0406005  5.6407020 12.0671318 15.2297469  9.0827834
[121]  8.0968785  6.9433590  6.5598015  4.3987239  6.5970343  4.5738089
[127]  3.9665443  0.5691152  8.0505056  6.6572266  4.7767767  6.6775115
[133]  6.4926386  6.4908677  6.2468254  5.4341389  5.2972151  6.1605834
[139]  6.0567173  5.0994267  2.5445212  1.2076345  0.3695159  2.7090878
[145]  6.6559987  6.3274385  6.0906332  6.0409049  6.6632171  6.2730108
[151]  4.7563510  5.7884362  5.3284705  5.3967700  3.5466459  1.8150411
[157]  1.7717621  5.1474605  4.0107011  4.5422575  1.0853308  6.6283432
[163]  4.1557485  2.4490458  4.7778956  4.2889138  4.2622427  2.7700955
[169]  1.7230196  1.5152954  1.4956093  4.8073511  4.3092270  0.8411499
[175]  2.9183834  2.1296696  1.7899885  0.1976959  3.9856816  0.2330516
[181]  0.8082171  0.1447372  1.2936004  1.0272080

$PAR
  [1]  NA   1   1   1   2   2   2   2   3   3   4   4   5   6   6   6   6   7
 [19]   9  10  10  10  10  11  12  13  15  15  15  15  15  16  18  19  20  22
 [37]  22  26  27  29  29  30  33  34  35  35  38  38  38  38  38  40  40  41
 [55]  44  44  45  45  45  47  47  47  49  49  51  52  55  55  55  56  56  56
 [73]  58  59  59  59  59  59  60  60  60  60  61  64  64  65  65  72  72  75
 [91]  76  77  79  79  79  80  80  81  83  85  85  87  89  89  92  92  95  96
[109]  98 100 102 102 102 104 104 105 105 107 108 111 113 113 113 113 114 114
[127] 115 115 120 120 120 122 122 122 122 122 122 123 123 123 123 123 123 127
[145] 129 130 130 130 132 132 132 133 133 136 138 138 138 147 147 148 148 149
[163] 152 152 153 154 154 155 157 157 157 158 158 159 160 160 160 161 163 166
[181] 170 170 175 176

$EXTANT
  [1] FALSE FALSE FALSE FALSE FALSE FALSE FALSE FALSE FALSE FALSE FALSE FALSE
 [13] FALSE FALSE FALSE FALSE FALSE FALSE FALSE FALSE FALSE FALSE FALSE FALSE
 [25] FALSE FALSE FALSE FALSE  TRUE FALSE FALSE FALSE FALSE FALSE FALSE FALSE
 [37] FALSE FALSE FALSE  TRUE FALSE FALSE FALSE FALSE FALSE FALSE FALSE FALSE
 [49] FALSE FALSE FALSE  TRUE  TRUE FALSE FALSE FALSE FALSE FALSE FALSE FALSE
 [61] FALSE FALSE FALSE FALSE FALSE FALSE FALSE FALSE FALSE FALSE FALSE FALSE
 [73] FALSE FALSE FALSE FALSE FALSE  TRUE FALSE FALSE FALSE FALSE FALSE FALSE
 [85] FALSE FALSE FALSE FALSE FALSE  TRUE FALSE  TRUE FALSE FALSE FALSE FALSE
 [97] FALSE FALSE FALSE FALSE FALSE FALSE FALSE FALSE FALSE  TRUE FALSE FALSE
[109] FALSE FALSE FALSE FALSE FALSE FALSE  TRUE FALSE FALSE FALSE FALSE  TRUE
[121] FALSE FALSE  TRUE  TRUE FALSE FALSE FALSE  TRUE FALSE FALSE  TRUE  TRUE
[133] FALSE FALSE FALSE  TRUE FALSE FALSE FALSE FALSE FALSE FALSE  TRUE  TRUE
[145]  TRUE  TRUE FALSE  TRUE FALSE FALSE  TRUE  TRUE  TRUE FALSE FALSE  TRUE
[157]  TRUE FALSE  TRUE  TRUE  TRUE FALSE  TRUE FALSE  TRUE  TRUE  TRUE FALSE
[169]  TRUE  TRUE FALSE  TRUE  TRUE  TRUE  TRUE  TRUE  TRUE  TRUE  TRUE  TRUE
[181]  TRUE  TRUE  TRUE  TRUE

