
Birth-death simulation object with 391 species and 131 extant species

Details for some species:

Extinction times (NA means extant)
[1] 44.41198 40.75070 36.92135 11.89135 25.08172 41.69719


Speciation times 
[1] 45.87733 45.48780 45.30024 42.88353 41.95693 41.82799


Species parents (NA for initial)
[1] NA  1  1  2  2  2


Species status (extinct or extant)
[1] "extinct" "extinct" "extinct" "extinct" "extinct" "extinct"


For more details on vector y, try sim$y, with y one of
TE TS PAR EXTANT



$TE
  [1] 44.41198152 40.75070004 36.92135311 11.89135338 25.08172283 41.69719366
  [7] 32.88772013 32.41108106 36.91416886 34.88793310 15.46072594 15.55747059
 [13] 14.69127600 11.16756509 36.98396132 34.91075237 29.11567447 32.49066136
 [19] 27.29604085 31.01251796 11.14809450 35.11848569 26.09950989 16.32319954
 [25]  7.84698385 14.96477432 26.30921618 31.67610255 30.14043887 21.73277601
 [31] 22.11122010  8.55681067 10.58116951 11.48878375 20.69019922 12.17009130
 [37] 17.42201157 26.99685358 21.08348999 11.06641434  3.68470416 11.24836979
 [43] 10.14449230 22.24472219 20.28716090          NA  9.37280413  8.17770983
 [49]  9.13661192 23.88571938 19.27042076 20.12652627 17.93507646 22.58490899
 [55] 19.42616786 10.11894345          NA 11.72727657  9.33243225  3.64156713
 [61] 15.62915659 11.98983577 10.88663846  3.29666722 10.03221731 15.76861761
 [67] 10.26062155 14.76354939  9.37718806  6.16133199 24.82066699 10.71380407
 [73]  7.26240514  4.58856533          NA  2.11586094  7.59236282  9.75076233
 [79]  9.70255535 21.82479701 16.39591661 20.60546270 10.34227779 23.00053150
 [85] 22.60413144  7.38613335  8.46366987          NA          NA          NA
 [91]          NA 11.36850377  7.06621979          NA  6.28730794  1.05740987
 [97] 19.58653202  3.85479587  2.11561787 19.44315416  4.48884176  0.29624366
[103]          NA  8.85594234  9.61593496          NA 14.41040260  7.98124929
[109] 11.69248592  9.79178806 17.43043513 17.30625485  5.53134335 10.79485823
[115] 14.77637261  1.44025754  7.39167865  2.74666128          NA  3.93848965
[121]          NA          NA          NA  5.29421648  4.25588906  4.16318379
[127]          NA          NA  8.25183729  5.72960227  5.10996658  3.46460936
[133]          NA  3.75479769  2.17491139          NA          NA          NA
[139]  0.81712540  5.28060968 11.90976911 17.97377503 17.03608314 14.74085267
[145]  9.84960661  2.25872950 11.63742427 11.46422826 16.64905273  8.34705565
[151] 11.06439332  7.50830813  5.95887883          NA  5.27198594 18.51493169
[157] 20.67718704 19.02999080  5.88454793  3.41924509  1.49387746          NA
[163]          NA          NA          NA          NA  3.11910144          NA
[169] 10.92971433 10.81407411 13.00426561 10.43065796 10.81334138  8.53845588
[175]  8.21531295  1.74956739          NA          NA          NA  0.01603345
[181]          NA 15.19438443 12.50282919 18.50369645 11.72344369 19.02050816
[187] 14.79554584  9.86885457 16.87311820  5.34074975  1.85551906  3.14338227
[193] 12.57333493 10.72052149  9.42586075 10.87018874 11.10308435 10.33612385
[199]  9.94303032  5.49874289 17.26354899 17.77323567          NA  3.84682958
[205]  1.90004345  3.70675906          NA  2.75440398  2.58176814  5.45596120
[211]          NA          NA          NA          NA  0.20458974          NA
[217]          NA  9.11909486 12.15704479  3.96460222  3.06500221          NA
[223]          NA          NA  0.95477442 12.27347957 11.09025445 16.78901982
[229]  7.56190633  8.99581559  8.55750402  7.66508238  7.53765632  5.48502490
[235]          NA 10.72792402 11.48272371 12.13201056 10.45672474 15.77788996
[241]          NA          NA  1.43713395  3.84608871          NA          NA
[247]  0.19940867          NA          NA          NA  1.61446637          NA
[253]          NA          NA  4.51499992  2.80571126  1.32127223          NA
[259]  9.71628800          NA  4.55570964          NA  7.90311395 10.58347000
[265] 10.91493701  8.02278505  7.17857817  4.72768435          NA  5.07560932
[271]          NA          NA 13.85439055 10.63326505          NA          NA
[277]          NA          NA  2.58532871  0.34717738  0.15052151  0.42894758
[283]  0.23960314          NA          NA          NA  1.13103361          NA
[289]  0.74978040  9.14545335          NA          NA          NA          NA
[295]          NA  1.22564609  0.91441946  4.00707613  5.60749739          NA
[301]  7.22120430  0.88745190  6.46565323          NA          NA 11.21143938
[307]          NA          NA  0.29706289          NA  1.41594347          NA
[313]          NA  0.07334107          NA          NA          NA          NA
[319]  1.49320620          NA  5.08275183  6.19822682          NA          NA
[325]  4.25178862          NA          NA  2.26760801          NA          NA
[331]          NA          NA          NA          NA 11.21724987 10.95227594
[337]          NA  2.17551321          NA  1.40413112          NA  0.29278368
[343]          NA  0.42794877  3.68879535  5.66649360  2.95214378          NA
[349]          NA  5.20114713          NA          NA  3.40193457          NA
[355]          NA  3.83774213          NA  4.23891832          NA          NA
[361]          NA          NA          NA 10.54746542          NA          NA
[367]  1.66600954          NA          NA  1.82219786          NA  3.76361394
[373]  5.37811820          NA  1.92784825          NA          NA          NA
[379]          NA          NA          NA          NA  2.33167868          NA
[385]  1.67853357          NA          NA          NA          NA          NA
[391]          NA

$TS
  [1] 45.87732762 45.48779931 45.30024151 42.88353489 41.95693296 41.82798633
  [7] 38.52763424 38.28780239 37.97038209 36.71217295 30.68984898 16.93357722
 [13] 16.29939778 13.31573147 39.98679442 38.08304220 35.39480816 33.40921842
 [19] 28.38578155 38.51045870 37.73303760 36.43784890 29.01248166 28.23283317
 [25] 19.76650650 36.52279057 31.33532882 33.07474912 32.40862831 28.57038330
 [31] 26.27570054 24.19821773 15.58196854 13.25889265 21.25099851 13.29159534
 [37] 33.40025971 33.15774643 27.21759557 20.14120531 18.72139296 16.06595287
 [43] 26.42499248 27.21239562 26.51847859 14.49936186 11.21029614 12.31341715
 [49] 12.29788932 26.30828484 23.15742642 22.57838118 19.33079016 28.07962793
 [55] 25.49119710 18.44326149 12.59304653 15.65488842 13.99470656  6.43895024
 [61] 16.05174994 15.06314246 14.05063079 13.99891325 11.43535728 24.32189760
 [67] 20.68279567 15.00433594 12.88138311 10.67033046 25.10240992 21.62146069
 [73]  7.74855911  6.88192576  6.75646700  5.47647407  9.91101680 12.15929547
 [79] 11.86104892 27.61332287 25.24083781 25.36423356 25.10156869 25.05740221
 [85] 24.95361013 17.11104067 10.36164884  0.47285266  6.27935991  6.26383406
 [91]  4.19744366 13.82554459  7.19361411  6.75759394  6.63670769  3.79525685
 [97] 20.49036155  6.94283955  6.23331690 20.62641166  6.86223233  6.25451786
[103]  6.15956280  8.98765664 10.84191394 10.24027589 26.31871551 18.76793475
[109] 20.88279736 21.53311465 20.66027291 18.47187013 24.61676909 24.28097055
[115] 23.41728194 11.62004621  7.81455508  7.39165332  6.03342178  4.56262696
[121]  5.32974476  2.33638853  1.23099999  7.18059924  6.17146168  6.11564121
[127]  2.66150818  6.36498120 19.71743825  6.62000877  6.07710660  6.14827302
[133]  6.42683314  6.24675489  6.07859201  6.24730739  3.41239798  0.87604998
[139]  6.76511473  6.50878626 26.22186254 25.13457126 22.18512952 22.17769902
[145] 11.18735923  8.92359666 20.29814195 17.28760486 20.39407464 12.39500724
[151] 11.34130840  8.62533455  6.40751892  6.26886655  6.24109470 20.20520808
[157] 23.14156697 20.69411006  6.63979543  6.33905732  6.33061299  6.11926923
[163]  6.91864674  6.56781291  6.04743312  0.84032624  5.50567790  4.36894809
[169] 19.05539271 15.36357129 13.17242047 11.45290069 10.94584458  8.64733655
[175]  8.26892929  4.15751100  1.53486532  6.21123958  2.19301618  6.60074886
[181]  5.59356160 15.88568378 13.89062760 20.40990877 18.33055811 20.91742944
[187] 19.85538821 18.94913089 17.25724928 10.84045575  6.66117312  6.43961689
[193] 16.66291740 12.08653997 14.15939093 12.33382270 11.74678080 11.64174345
[199] 10.36458608  6.22781434 19.99421329 20.13827617  6.20224977  6.18320817
[205]  6.09925008  3.78029909  6.11751752  5.25837125  3.48319110  6.90513502
[211]  4.65417469  3.37744518  1.78597515  0.62552937  5.18203038  4.44592193
[217]  0.94218033 11.82873556 13.51933242  6.54126457  4.89708176  2.21467600
[223]  1.75115887  3.12678817 19.08923393 19.57740156 19.09105663 17.94361717
[229] 15.45887825 15.24111481 10.00293889  9.80523696  9.49974446  6.88177998
[235]  5.15185185 13.36085095 13.41344324 13.33884039 12.03041649 19.65708151
[241]  5.07799756  4.21347273  2.79080217  6.08536975  2.89362514  2.44636419
[247]  2.14176731  1.47513890  1.06355349  4.20268159  3.09011537  0.32509263
[253]  5.10974704  5.08492507  4.58684977  4.34364728  4.11901798  1.30759593
[259] 10.39548927  6.91699541  4.64720832  4.24974624 14.56477654 11.29346666
[265] 12.74126809 10.15604952  7.80198111  9.25438336  6.40785484  5.69845203
[271]  0.09813821 11.67123096 19.14630535 16.74243565  4.69865549  1.36390540
[277]  0.88324447  3.35475666  3.27544654  1.64026703  0.68668394  1.64985851
[283]  1.46462937  1.00873110  0.18837356  1.56578990  1.36050103  0.87179916
[289]  3.26125966  9.93394613  6.89680709  6.81271584  4.56651839  1.28737139
[295] 11.04066483  8.56947358  6.44521373  6.05020171  5.90112927  0.28803424
[301]  9.51414842  6.98795263  6.68382977  6.55870481  5.94900744 19.10924028
[307]  4.31680977  1.22208073  0.34286131  1.48696984  2.97707833  1.00882499
[313]  6.33573574  6.69066382  4.86162840  3.54309950  3.45145694  2.69080056
[319]  1.79488449  0.60048972  9.26191937  8.80243524  5.82466992  6.54426725
[325]  6.42285034  6.31254738  6.17806275  3.25159749  6.35108006  6.25172801
[331]  6.11426181  2.60219879  5.11890049  3.59379948 13.62260913 12.48008112
[337]  1.25716859  5.53017140  2.11227174  2.24844998  2.01188818  2.76615389
[343]  0.99039773  2.03314864  6.48757987  6.37041024  6.31577895  6.30418140
[349]  6.66422220  6.62170494  1.91832429  1.10798247  6.32686208  6.31825545
[355]  6.01825961  5.63722840  0.30266022  6.10500197  6.08908261  0.22716699
[361]  0.30485085  1.48162014  2.60836772 12.46312506  0.04511129  2.01606689
[367]  6.13302037  5.38369918  3.96401901  6.40907200  6.38462714  6.44092189
[373]  6.03782547  5.18793791  4.12852465  0.04083876  5.79126204  1.58434613
[379]  0.82112311  6.06227627  4.26547072  1.84083820  2.46465479  4.87541097
[385]  4.30875091  1.23851930  1.78565392  2.45118509  0.09784434  1.22473365
[391]  0.16955489

$PAR
  [1]  NA   1   1   2   2   2   3   3   3   4   4   4   4   4   5   5   5   5
 [19]   5   7   9  10  11  11  11  20  20  21  21  21  21  21  21  21  24  25
 [37]  26  26  26  26  26  26  27  30  30  32  32  34  34  37  37  37  37  38
 [55]  39  40  40  41  41  41  42  42  42  42  42  43  43  43  43  43  44  45
 [73]  46  46  46  46  48  49  49  54  54  55  55  55  55  56  56  57  60  60
 [91]  60  62  64  64  64  64  67  70  70  72  74  75  75  77  78  79  80  81
[109]  82  83  83  83  84  85  85  86  86  86  89  89  90  90  90  93  94  94
[127]  94  95  97  98  98  99 101 101 101 102 102 102 106 106 107 107 107 107
[145] 108 108 109 109 113 113 113 113 113 113 113 114 115 115 116 116 116 116
[163] 118 118 118 123 126 128 129 129 129 129 129 129 129 133 133 136 137 139
[181] 140 141 141 142 143 144 144 144 144 145 146 146 147 147 148 148 148 150
[199] 150 153 156 158 159 159 159 160 161 161 162 163 163 164 164 164 165 165
[217] 168 169 170 180 180 180 180 181 184 186 186 187 187 187 190 190 190 190
[235] 191 193 195 195 196 202 205 205 205 207 207 211 212 213 213 215 216 217
[253] 220 220 220 221 221 223 225 225 225 225 226 227 229 229 229 233 234 234
[271] 235 236 240 240 241 241 241 242 242 243 245 247 247 248 250 253 253 253
[289] 256 259 260 260 261 262 264 268 268 268 269 269 272 272 272 272 272 273
[307] 275 275 275 278 279 283 291 292 292 292 293 293 293 294 295 295 295 296
[325] 296 296 296 296 297 297 297 302 305 305 306 306 310 313 315 316 316 317
[343] 317 318 321 321 321 321 322 322 324 324 325 325 326 327 327 329 330 330
[361] 331 333 334 335 341 344 346 347 348 349 349 350 353 353 354 354 359 359
[379] 359 367 367 370 374 377 377 378 380 381 382 384 386

$EXTANT
  [1] FALSE FALSE FALSE FALSE FALSE FALSE FALSE FALSE FALSE FALSE FALSE FALSE
 [13] FALSE FALSE FALSE FALSE FALSE FALSE FALSE FALSE FALSE FALSE FALSE FALSE
 [25] FALSE FALSE FALSE FALSE FALSE FALSE FALSE FALSE FALSE FALSE FALSE FALSE
 [37] FALSE FALSE FALSE FALSE FALSE FALSE FALSE FALSE FALSE  TRUE FALSE FALSE
 [49] FALSE FALSE FALSE FALSE FALSE FALSE FALSE FALSE  TRUE FALSE FALSE FALSE
 [61] FALSE FALSE FALSE FALSE FALSE FALSE FALSE FALSE FALSE FALSE FALSE FALSE
 [73] FALSE FALSE  TRUE FALSE FALSE FALSE FALSE FALSE FALSE FALSE FALSE FALSE
 [85] FALSE FALSE FALSE  TRUE  TRUE  TRUE  TRUE FALSE FALSE  TRUE FALSE FALSE
 [97] FALSE FALSE FALSE FALSE FALSE FALSE  TRUE FALSE FALSE  TRUE FALSE FALSE
[109] FALSE FALSE FALSE FALSE FALSE FALSE FALSE FALSE FALSE FALSE  TRUE FALSE
[121]  TRUE  TRUE  TRUE FALSE FALSE FALSE  TRUE  TRUE FALSE FALSE FALSE FALSE
[133]  TRUE FALSE FALSE  TRUE  TRUE  TRUE FALSE FALSE FALSE FALSE FALSE FALSE
[145] FALSE FALSE FALSE FALSE FALSE FALSE FALSE FALSE FALSE  TRUE FALSE FALSE
[157] FALSE FALSE FALSE FALSE FALSE  TRUE  TRUE  TRUE  TRUE  TRUE FALSE  TRUE
[169] FALSE FALSE FALSE FALSE FALSE FALSE FALSE FALSE  TRUE  TRUE  TRUE FALSE
[181]  TRUE FALSE FALSE FALSE FALSE FALSE FALSE FALSE FALSE FALSE FALSE FALSE
[193] FALSE FALSE FALSE FALSE FALSE FALSE FALSE FALSE FALSE FALSE  TRUE FALSE
[205] FALSE FALSE  TRUE FALSE FALSE FALSE  TRUE  TRUE  TRUE  TRUE FALSE  TRUE
[217]  TRUE FALSE FALSE FALSE FALSE  TRUE  TRUE  TRUE FALSE FALSE FALSE FALSE
[229] FALSE FALSE FALSE FALSE FALSE FALSE  TRUE FALSE FALSE FALSE FALSE FALSE
[241]  TRUE  TRUE FALSE FALSE  TRUE  TRUE FALSE  TRUE  TRUE  TRUE FALSE  TRUE
[253]  TRUE  TRUE FALSE FALSE FALSE  TRUE FALSE  TRUE FALSE  TRUE FALSE FALSE
[265] FALSE FALSE FALSE FALSE  TRUE FALSE  TRUE  TRUE FALSE FALSE  TRUE  TRUE
[277]  TRUE  TRUE FALSE FALSE FALSE FALSE FALSE  TRUE  TRUE  TRUE FALSE  TRUE
[289] FALSE FALSE  TRUE  TRUE  TRUE  TRUE  TRUE FALSE FALSE FALSE FALSE  TRUE
[301] FALSE FALSE FALSE  TRUE  TRUE FALSE  TRUE  TRUE FALSE  TRUE FALSE  TRUE
[313]  TRUE FALSE  TRUE  TRUE  TRUE  TRUE FALSE  TRUE FALSE FALSE  TRUE  TRUE
[325] FALSE  TRUE  TRUE FALSE  TRUE  TRUE  TRUE  TRUE  TRUE  TRUE FALSE FALSE
[337]  TRUE FALSE  TRUE FALSE  TRUE FALSE  TRUE FALSE FALSE FALSE FALSE  TRUE
[349]  TRUE FALSE  TRUE  TRUE FALSE  TRUE  TRUE FALSE  TRUE FALSE  TRUE  TRUE
[361]  TRUE  TRUE  TRUE FALSE  TRUE  TRUE FALSE  TRUE  TRUE FALSE  TRUE FALSE
[373] FALSE  TRUE FALSE  TRUE  TRUE  TRUE  TRUE  TRUE  TRUE  TRUE FALSE  TRUE
[385] FALSE  TRUE  TRUE  TRUE  TRUE  TRUE  TRUE

