
Birth-death simulation object with 263 species and 84 extant species

Details for some species:

Extinction times (NA means extant)
[1] 27.82068 16.60741 11.00793 25.62311 37.75196 17.81200


Speciation times 
[1] 45.87733 41.76969 38.93882 38.77474 38.02246 28.37797


Species parents (NA for initial)
[1] NA  1  1  1  1  1


Species status (extinct or extant)
[1] "extinct" "extinct" "extinct" "extinct" "extinct" "extinct"


For more details on vector y, try sim$y, with y one of
TE TS PAR EXTANT



$TE
  [1] 27.82067740 16.60740869 11.00793465 25.62311208 37.75196188 17.81200298
  [7] 40.18138423 30.01943900 11.77645741 16.02321970 18.20780275 30.56612430
 [13] 28.97086596 10.15549205 35.05291332 30.97032645 26.02621262 19.03627074
 [19] 15.84503679 20.47467459  9.50207939 31.26994807 11.05843871  9.56750610
 [25] 10.80735763 18.78533700 11.43863001 14.95371120 11.54730788  9.25551335
 [31] 18.78926381 22.08601576 11.51111508  8.65212626  1.57675616 20.06255307
 [37]          NA  7.60359851 11.87962773  8.20916427 17.28366747 10.50621301
 [43] 13.06939945 13.90873298  8.39443692  8.89213255  9.20250051 14.77397012
 [49]          NA          NA          NA  4.15095077  1.47103246 28.39519340
 [55] 10.15326660 10.03738461 15.90513140 13.29199295  9.69904627  9.11163819
 [61]  8.67183102 10.77163974  8.14684115 10.49998719 10.21007478 10.80533331
 [67] 13.15705163  8.65635966  2.66484246  2.37816638 11.39619221 10.38293540
 [73]  5.72614544          NA  4.41317339          NA          NA  0.44724739
 [79]          NA 22.44378766  9.54998182  4.16488005 12.58358198 18.01299068
 [85] 12.01344615 10.06573905 10.38710108  5.88801944 10.62809861  9.51055525
 [91]  9.88764264 12.24521059 11.35936164          NA  9.71320571  5.55424379
 [97]  1.67934850  2.29979772  0.37871858  7.08964470  2.09927288  1.82094090
[103]  1.46308013 10.21488544  1.78417893  5.03774446  5.45579795  2.88666339
[109]  4.19423518  4.46969152          NA          NA          NA          NA
[115]          NA 25.17556937 13.80776234 13.07388159  7.68545940 11.81980616
[121] 11.55911105  9.32468619          NA  5.21784665 10.73127315 20.85047924
[127] 11.14450622 10.28200349  9.59000509  1.68747243  9.33932378  0.09726652
[133]  6.42534996          NA          NA          NA          NA          NA
[139]          NA          NA  1.98060789          NA          NA          NA
[145]  7.87693121  5.00856652  3.53365028  5.27142193          NA  3.88904461
[151]  0.97107757          NA  0.11722670  3.25943589  2.43676163  5.51373568
[157]          NA  3.60647883          NA          NA 11.60246002 12.53617402
[163]  8.08980336 14.49267187 14.65584853  9.61860469 11.44691367  9.15905982
[169] 11.54259860  8.73136090  3.92008389  2.20387120  3.59737827  2.82212832
[175]          NA 14.83476002 10.21152124  3.49185948          NA          NA
[181]  6.33197706          NA          NA          NA          NA          NA
[187]  3.67272945          NA          NA          NA          NA  6.01695751
[193]          NA          NA  3.88185127          NA          NA  0.18486335
[199]  0.47905891  4.68567455          NA 12.00453731 14.14545613  8.74854465
[205] 13.82729713  7.31400293 13.00881054  8.98737406          NA          NA
[211]          NA          NA          NA  2.26824440  1.55176361          NA
[217]          NA          NA          NA          NA          NA          NA
[223]  3.57385608          NA  0.58036376          NA          NA  0.72964313
[229]  1.99741454  4.34266300          NA          NA          NA          NA
[235]  4.80560999  9.58220623 11.78794477 11.08199929 11.83275632  8.61934584
[241]  9.64721125          NA          NA          NA          NA          NA
[247]          NA  1.01686610          NA          NA          NA  4.25451304
[253]          NA          NA          NA  7.02286977          NA          NA
[259]          NA          NA  0.73514704          NA          NA

$TS
  [1] 45.8773276 41.7696926 38.9388202 38.7747359 38.0224601 28.3779713
  [7] 40.9639943 34.8609249 28.6012908 25.6199927 23.6071173 33.3784227
 [13] 31.3953346 15.6380679 35.3971360 32.4731212 28.0750468 25.7454641
 [19] 25.5141444 20.5615700 17.8789887 34.7432718 18.4594942 14.2163977
 [25] 21.5236015 21.1140665 22.6404039 21.3240082 12.7478506 21.8632552
 [31] 24.3687587 23.1459107 21.2070300 10.9382485 10.2969614 31.6271824
 [37] 14.9775827 10.9996666 16.4489679 18.4233923 18.3174150 17.8933504
 [43] 16.7509955 20.5531927 10.8021788  9.9278737  9.9095063 22.0073745
 [49]  7.0025195  6.7904346  4.4693475  4.4031774  3.7823622 31.3268979
 [55] 27.9944834 26.0256722 20.1146367 13.3236511 12.6095719  9.1611689
 [61] 15.4213527 14.2076047  8.2412314 17.9419880 14.4446081 14.2481407
 [67] 15.2807407 15.0749898 19.5860488  9.2439317 19.0680291 17.9860221
 [73]  6.8411457  5.2927736  5.1769533  1.3763158  0.2929786  2.5494627
 [79]  3.0138387 27.5318137 22.8386727 18.6344548 15.3791369 24.7556726
 [85] 14.8410190 12.7076416 12.8827729  9.7296164 11.0529455 10.8147923
 [91] 11.5631871 14.8992380 11.3921978  8.7278045 11.4764251  6.5304277
 [97]  6.2276181  2.9056764  8.9411900  8.6463718  5.3280708  5.2984040
[103] 18.5038620 11.2093286  6.7793482  6.7675343  6.4694432  6.4565521
[109]  6.2728052  6.1889689  6.1441960  6.1142724  0.1672467  5.0018502
[115]  0.8438916 26.0431641 21.9587881 20.9974394 19.4009493 13.5338024
[121] 12.9180763  9.7343996  6.9096340  6.8292189 14.8028973 21.0549263
[127] 11.9115334 11.4878554 10.1602655  6.4496676 10.6266749  6.7898081
[133]  6.7815533  6.6940571  6.5265078  1.9068563  1.4546519  1.0134391
[139]  6.4361363  2.0382622  6.8262954  6.2699358  4.7391457  2.7708995
[145]  8.9855538  6.1314454  5.8688167  6.6278595  6.3001872  4.9699594
[151]  2.9505485  1.9443698  5.7015568  5.2479287  5.4219177  6.1864225
[157]  6.0720021  4.4833040  2.7253909  0.1535719 20.5468984 18.3584790
[163] 14.6503194 18.9759294 17.2198492 16.0875790 14.4777794  9.6328949
[169] 12.7318735 11.9724225  6.3017809  6.0957477  4.7843395  4.0107803
[175]  6.5066873 20.9604392 11.3401270  5.7436657  6.5196364  6.5187846
[181]  6.4842808  6.4667604  5.1498479  1.8114369  6.3614573  2.5317041
[187]  4.8569343  1.8164468  0.2851569  6.1037075  6.0408161  6.5855166
[193]  6.2931343  6.1586501  6.1223684  0.7462492  0.1260920  5.0197091
[199]  3.5022176  6.1806863  5.5568314 19.9659933 16.7043262 15.8494124
[205] 14.6159317 12.3042377 14.4032265  9.1816591  6.2777473  6.2528678
[211]  3.9241366  4.3494649  6.1625307  5.4032178  3.5487310  2.3528765
[217]  0.5907273  3.4718121  1.6429387  2.1064197  4.0422764  6.0381765
[223]  4.0196873  3.7680662  3.4702113  2.3263132  1.4209812  6.3177368
[229]  2.8889225  6.0422354  2.8468109  0.3700460  0.3603209  1.2352955
[235]  6.1515854 17.1344542 12.8179537 13.0984406 12.1214295 10.6899625
[241] 11.4341025  6.2376974  0.6212949  2.8872242  3.4734720  2.6647839
[247]  1.2428398  1.5459021  0.3548509  1.3879204  6.0883455  4.5260988
[253]  1.6486599  1.0156340  5.5422281 12.3876438  0.9336805  4.3438657
[259]  2.5885952  0.5731797  2.1856304  0.1081742  1.4798673

$PAR
  [1]  NA   1   1   1   1   1   2   2   2   2   2   3   3   3   4   4   4   4
 [19]   6   6   6   8   9   9  10  10  11  11  14  18  19  19  19  21  21  22
 [37]  23  24  25  27  27  27  27  30  30  30  30  31  35  35  35  35  35  36
 [55]  36  36  36  37  37  38  39  39  40  41  42  42  43  43  44  45  48  48
 [73]  49  49  49  49  49  50  53  55  55  55  55  56  56  56  61  61  64  64
 [91]  65  67  68  68  69  69  69  69  70  70  70  70  71  72  73  73  73  73
[109]  73  73  73  73  74  75  79  80  81  81  81  81  81  82  82  82  83  84
[127]  86  86  86  88  90  94  94  94  94  94  94  94  96  97  99  99  99 101
[145] 103 103 103 105 105 105 105 105 106 108 109 110 110 111 114 115 117 117
[163] 117 118 118 118 118 119 120 120 123 123 123 123 124 126 127 130 132 132
[181] 132 134 134 134 139 139 141 143 143 146 146 148 148 148 149 152 153 155
[199] 155 156 157 161 161 164 166 166 167 168 171 171 171 172 175 175 175 175
[217] 175 182 183 186 187 190 190 190 191 191 191 192 193 194 194 198 198 199
[235] 200 202 202 204 204 204 206 210 211 212 213 213 220 225 226 227 228 230
[253] 231 231 235 236 242 255 255 257 258 258 261

$EXTANT
  [1] FALSE FALSE FALSE FALSE FALSE FALSE FALSE FALSE FALSE FALSE FALSE FALSE
 [13] FALSE FALSE FALSE FALSE FALSE FALSE FALSE FALSE FALSE FALSE FALSE FALSE
 [25] FALSE FALSE FALSE FALSE FALSE FALSE FALSE FALSE FALSE FALSE FALSE FALSE
 [37]  TRUE FALSE FALSE FALSE FALSE FALSE FALSE FALSE FALSE FALSE FALSE FALSE
 [49]  TRUE  TRUE  TRUE FALSE FALSE FALSE FALSE FALSE FALSE FALSE FALSE FALSE
 [61] FALSE FALSE FALSE FALSE FALSE FALSE FALSE FALSE FALSE FALSE FALSE FALSE
 [73] FALSE  TRUE FALSE  TRUE  TRUE FALSE  TRUE FALSE FALSE FALSE FALSE FALSE
 [85] FALSE FALSE FALSE FALSE FALSE FALSE FALSE FALSE FALSE  TRUE FALSE FALSE
 [97] FALSE FALSE FALSE FALSE FALSE FALSE FALSE FALSE FALSE FALSE FALSE FALSE
[109] FALSE FALSE  TRUE  TRUE  TRUE  TRUE  TRUE FALSE FALSE FALSE FALSE FALSE
[121] FALSE FALSE  TRUE FALSE FALSE FALSE FALSE FALSE FALSE FALSE FALSE FALSE
[133] FALSE  TRUE  TRUE  TRUE  TRUE  TRUE  TRUE  TRUE FALSE  TRUE  TRUE  TRUE
[145] FALSE FALSE FALSE FALSE  TRUE FALSE FALSE  TRUE FALSE FALSE FALSE FALSE
[157]  TRUE FALSE  TRUE  TRUE FALSE FALSE FALSE FALSE FALSE FALSE FALSE FALSE
[169] FALSE FALSE FALSE FALSE FALSE FALSE  TRUE FALSE FALSE FALSE  TRUE  TRUE
[181] FALSE  TRUE  TRUE  TRUE  TRUE  TRUE FALSE  TRUE  TRUE  TRUE  TRUE FALSE
[193]  TRUE  TRUE FALSE  TRUE  TRUE FALSE FALSE FALSE  TRUE FALSE FALSE FALSE
[205] FALSE FALSE FALSE FALSE  TRUE  TRUE  TRUE  TRUE  TRUE FALSE FALSE  TRUE
[217]  TRUE  TRUE  TRUE  TRUE  TRUE  TRUE FALSE  TRUE FALSE  TRUE  TRUE FALSE
[229] FALSE FALSE  TRUE  TRUE  TRUE  TRUE FALSE FALSE FALSE FALSE FALSE FALSE
[241] FALSE  TRUE  TRUE  TRUE  TRUE  TRUE  TRUE FALSE  TRUE  TRUE  TRUE FALSE
[253]  TRUE  TRUE  TRUE FALSE  TRUE  TRUE  TRUE  TRUE FALSE  TRUE  TRUE

