
Birth-death simulation object with 384 species and 181 extant species

Details for some species:

Extinction times (NA means extant)
[1] 39.82053 24.80120 35.37590 11.70740 19.85383 27.09726


Speciation times 
[1] 45.87733 44.12892 41.76865 36.42043 33.73852 31.47728


Species parents (NA for initial)
[1] NA  1  1  2  2  2


Species status (extinct or extant)
[1] "extinct" "extinct" "extinct" "extinct" "extinct" "extinct"


For more details on vector y, try sim$y, with y one of
TE TS PAR EXTANT



$TE
  [1] 39.820534704 24.801204515 35.375900235 11.707403039 19.853825401
  [6] 27.097263993 10.453768355           NA 32.877243923 27.997423864
 [11] 24.999570463 20.538998597 22.990838005 10.721435824 12.295530045
 [16] 12.539119208 25.887940548 20.854186639 22.607529523 20.027879578
 [21] 21.861241875  9.458581565 11.067778267 11.966643778  2.391101632
 [26]           NA           NA           NA           NA 31.155302456
 [31] 24.825586588 13.593378991 13.273783122 11.653545020 18.924264059
 [36] 19.420652820 18.724309719 17.589632834 10.192630012           NA
 [41]           NA  1.673978759           NA           NA  7.472104113
 [46] 25.200357793 26.473451955 19.040624862           NA 14.230336197
 [51] 10.327277178  9.424630514 22.086168082 11.820078981 12.443812290
 [56] 11.974898447           NA 21.792565006 18.889097534 26.141201718
 [61] 11.205303591 15.426566172 12.220951232  6.033217227  4.471638697
 [66]  3.715557510  9.935810238  8.633257774 10.779060463  5.227538593
 [71] 11.271603795 20.102464156 10.261845042 11.195017958           NA
 [76]  7.858783332  7.678919852 19.409832293 13.886379289 11.760336684
 [81]  0.745042526 22.127219076 18.037068627 13.429549193 16.333813495
 [86] 11.200300463  7.236513361  7.180826989  8.333029801           NA
 [91]           NA           NA           NA           NA  9.587542133
 [96]  7.245675740  4.593031250           NA  5.385094109  7.772034460
[101] 14.027713297           NA 11.312951368 10.904865744  9.878875984
[106] 12.713036004  9.229733060           NA           NA  4.741604395
[111]  0.558054494  0.459070567 13.905820594 20.562508109 16.532251013
[116]           NA 11.112521244 11.060056232 11.517674212 11.812940939
[121] 14.360498062           NA  9.140641463           NA           NA
[126]           NA           NA  3.076653849           NA           NA
[131]           NA  5.514640959           NA           NA           NA
[136]  0.387058489           NA  5.007516417  4.606563974           NA
[141]           NA 13.907812229  7.694671560           NA           NA
[146]           NA           NA           NA 14.965505623 13.093784203
[151] 12.572381023 15.671310506 10.328182064           NA  3.615979837
[156]           NA  1.511807417           NA           NA           NA
[161]           NA           NA           NA           NA           NA
[166]           NA 11.457529986 10.707317212  9.966950703  8.451256286
[171]  7.624228540  4.571048298           NA  1.042406594           NA
[176]  2.944199330           NA  4.202255539 11.920541280  7.285025016
[181] 14.045489017 11.615392072  9.154859221           NA           NA
[186]  0.975640013           NA           NA  3.113232897           NA
[191]  1.175226746           NA           NA           NA  0.978070221
[196]  0.958489960  1.691103452           NA           NA  2.545310867
[201]           NA           NA           NA           NA  6.360305400
[206]           NA           NA           NA           NA  5.039225827
[211]           NA           NA           NA  0.837064581           NA
[216] 10.921746095 11.313344863  7.866045626 14.708661211 10.475189678
[221]           NA           NA           NA           NA  1.137592211
[226]  0.325199917  3.392766618           NA           NA           NA
[231]  0.535873422           NA  0.861701380           NA  0.400794892
[236]           NA           NA           NA  1.280948153           NA
[241]           NA           NA  7.953603874 11.502691695  4.793310810
[246]           NA  5.434062488  3.866095245  1.567746265           NA
[251]  4.075704595           NA           NA           NA           NA
[256]           NA  0.941394847           NA           NA           NA
[261]  0.262158884  5.676094310           NA           NA  4.843832478
[266]           NA  3.238085754           NA           NA  3.851965244
[271]           NA           NA           NA           NA           NA
[276]           NA           NA  0.100102383  0.386658124 10.029873299
[281] 11.123334949  8.463218165 11.242565551 12.118567058 10.584767016
[286]  5.434081062           NA           NA  0.944315289  4.723690589
[291]           NA  2.043372968           NA  2.925428716           NA
[296]           NA           NA           NA  1.837316204           NA
[301]  4.764757740           NA           NA           NA  1.419590757
[306]           NA           NA           NA           NA           NA
[311]           NA           NA           NA           NA           NA
[316]           NA           NA           NA           NA  3.496977614
[321]           NA  4.103493396  2.508230435  1.049587738           NA
[326]           NA 10.110320617  8.721359337  7.216272676  8.889687983
[331] 10.838187127           NA  4.063468096  1.840471765  4.969248635
[336]           NA  1.684979003           NA  6.131425280  2.057174898
[341]           NA           NA           NA           NA           NA
[346]  0.377192957           NA           NA           NA           NA
[351]           NA           NA           NA           NA           NA
[356]           NA           NA  1.231558660  1.282604123           NA
[361]           NA           NA  3.116751187           NA           NA
[366]           NA           NA  3.449764185           NA           NA
[371]  0.252349494  0.267643594  0.815611200           NA           NA
[376]           NA           NA           NA           NA           NA
[381]           NA           NA           NA  0.006053802

$TS
  [1] 45.877327615 44.128924830 41.768646315 36.420433072 33.738515681
  [6] 31.477280103 25.279064535 35.475956930 35.378410191 32.026322533
 [11] 26.119976041 23.347803714 23.229437581 21.992542825 20.499227256
 [16] 13.294463638 28.339497357 26.556938477 23.077988456 23.941499429
 [21] 22.823256012 21.757766353 14.061409428 12.385465489  6.562202896
 [26]  6.077041363  2.119279783  1.922588427  1.285804658 33.306137804
 [31] 32.947661982 22.308420939 18.146249300 13.922671995 19.812218410
 [36] 26.762822403 22.386768182 19.641230192 16.710495581  5.038689231
 [41]  3.686052964  5.037548984  3.485528551  1.877863345 31.813714189
 [46] 31.551378819 26.789260803 21.598103818 16.433612098 17.896729274
 [51] 13.689919754 23.963433042 23.357595729 21.333321415 19.546964441
 [56] 18.942152438  0.009614401 26.589085580 20.881609224 28.768882953
 [61] 28.340036291 27.764900943 15.651017694  9.741663662  6.967771199
 [66]  5.629574953 13.295253740 11.257899247 11.109895363 10.453963850
 [71] 21.995365599 20.652445846 20.383078375 16.060751663 14.266587441
 [76]  9.874537742  9.501860696 22.661588170 20.576457935 18.300724007
 [81] 13.926252919 23.500358302 22.777696985 19.391022818 16.866204769
 [86] 11.676381213 27.384014798 19.398089624 12.548766060  6.832751214
 [91]  6.761964280  6.741371220  6.259475711  5.101291267  9.980248707
 [96]  8.166140942  7.241106183  7.197371176  6.315598965 19.784335708
[101] 16.068077313 11.588855709 18.998810304 17.982903015 11.848939106
[106] 13.974787088 11.238353546  7.499683327  6.890678330  6.489366141
[111]  3.842671007  8.566823333 13.948331690 22.196554759 20.178427434
[116] 15.779651944 13.845557861 15.744936502 13.054038145 19.222478276
[121] 14.623125715  9.130183229 11.160873317  6.786210735  6.045463268
[126]  3.668655229  6.434091311  3.528403811  3.117960864  2.823607704
[131]  6.370833476  6.178033439  3.580081727  3.125749715  1.903830983
[136]  6.857014050  5.801709469  6.915703953  6.416494468  2.135698666
[141]  6.128233986 14.645453303  7.899200045  6.744116207  5.155053671
[146]  4.990686640  1.614411230  0.517419551 18.820508167 16.609518142
[151] 16.502609025 16.276135648 11.120083732  6.173038801  6.099273835
[156]  0.172363276  6.124410797  6.106579508  3.839026158  2.633889370
[161]  6.035435872  2.366822749  1.444976954  4.718270713  3.991205949
[166]  3.116573732 15.617373356 12.135668425 10.143667396  9.498513952
[171]  7.675950895  6.532053291  6.135535475  5.465099656  4.858708851
[176]  3.277991080  1.598405319 11.456967923 12.572541656 16.507239063
[181] 15.009289804 12.453675369 11.978521987  6.884637592  6.005239585
[186]  5.520129273  6.319081128  5.111181618  5.494573266  0.152139823
[191]  6.075424368  4.012963318  2.091674138  3.510630234  3.131726779
[196]  2.286361122  6.166285760  6.104426927  1.909204812  6.816563973
[201]  6.723707550  3.322511782  1.431135310  6.898898239  6.690822664
[206]  6.318998135  6.356349392  6.152517330  1.670381547  6.550122907
[211]  5.759171253  4.690258817  4.635220797  4.154004357  0.237975250
[216] 16.056182350 15.652931043 14.552529774 15.300450389 14.479882861
[221] 11.037266829  3.815969183  2.322325457  2.284600527  5.374125137
[226]  4.402356802  3.708933292  3.818352156  3.129728071  2.528951976
[231]  6.029869902  5.022387100  0.893128118  2.875669032  2.099895511
[236]  1.819728695  1.678931531  2.250308964  8.917006316  3.214422516
[241]  1.855943734  1.337061240  8.157921462 13.052356967  6.691645578
[246]  6.640287290  6.483944716  6.291882782  4.139835541  3.377704633
[251]  5.112316870  4.816905460  4.228622282  2.906772082  1.130562593
[256]  3.461800352  2.915951344  3.713327572  1.919463780  1.153608394
[261]  1.534034568  6.701096258  2.103827049  0.940359627  6.530515800
[266]  6.180179405  3.493954819  0.378754649  5.988072694  4.989459153
[271]  4.138633789  5.068574506  0.060007686  1.143708240  0.356852565
[276]  2.059041444  0.901437870  3.746016070  3.828126067 15.473390260
[281] 13.764429677 14.747764628 12.679545232 12.865935133 10.845669102
[286]  6.218672839  2.941192070  0.942575457  0.959355262  5.088861556
[291]  2.096648626  2.424042177  3.660262692  3.082058385  2.805804366
[296]  0.793731487  1.661988356  7.079079463  2.532986833  1.838202588
[301]  6.599398014  6.590023648  6.310882372  6.200671732  1.944684212
[306]  6.465513293  2.887180346  0.204121963  4.596369890  3.648758561
[311]  3.411171014  2.538882484  1.934672769  2.412185528  0.170689868
[316]  1.288799085  5.736687664  0.635145164  0.451266638  6.034672898
[321]  4.716198906  4.378364547  3.814956056  2.752829224  0.266640515
[326]  1.237738804 12.052455524  8.864826864  8.654436393 12.730228512
[331] 12.203372495  0.345460598  6.691819320  6.634373641  6.466672892
[336]  6.404640268  2.722829489  6.586983324  6.185183335  6.171678975
[341]  1.511490772  1.261154155  0.214013076  6.042014945  6.026580211
[346]  2.896122025  1.449046777  1.023711868  1.876625104  2.189621134
[351]  2.157826171  3.394216629  0.095841135  0.852819876  0.332061026
[356]  0.005944426  4.015413846  6.358711703  6.087017731  6.083130460
[361]  5.177749560  6.351220180  6.274062382  5.721094094  2.196343672
[366]  1.822977770  1.303138490  5.179180912  4.876591071  0.992551315
[371]  0.418445983  0.415375155  2.136245742  2.253049426  4.795132456
[376]  3.704168715  2.002168958  1.501931825  6.250996947  0.977268437
[381]  1.328744865  4.123317254  2.362123056  0.322308217

$PAR
  [1]  NA   1   1   2   2   2   2   3   3   4   4   4   4   4   4   4   5   5
 [19]   5   7   7   7   8   8   8   8   8   8   8   9   9  12  14  14  15  17
 [37]  18  22  22  25  25  26  26  27  31  31  31  32  32  33  33  36  36  36
 [55]  36  38  43  45  45  46  46  46  49  49  49  49  51  51  51  51  52  52
 [73]  52  52  52  52  52  53  54  56  56  61  61  61  61  61  62  62  63  64
 [91]  64  65  65  65  68  70  70  70  70  71  71  71  73  73  74  75  75  75
[109]  75  75  75  77  79  82  83  84  84  87  87  88  88  88  89  90  90  90
[127]  91  91  91  91  92  93  93  93  93  97  97  98  98  98  99 100 102 102
[145] 102 102 102 102 103 103 104 104 107 108 108 108 109 109 109 109 110 111
[163] 111 112 112 112 116 116 116 116 116 116 116 116 116 116 116 117 118 120
[181] 120 120 120 122 122 122 124 124 125 125 127 127 127 131 131 131 132 132
[199] 134 136 136 136 137 138 138 138 139 139 141 144 144 144 145 146 147 149
[217] 150 150 151 151 153 154 154 154 155 157 157 159 159 159 161 161 162 164
[235] 165 165 165 166 170 173 174 177 178 180 184 184 184 184 184 184 186 186
[253] 186 186 188 189 191 192 193 194 199 200 201 202 204 204 204 204 206 206
[271] 206 207 208 209 209 211 211 212 214 216 216 217 218 220 221 221 221 222
[289] 223 225 228 230 231 232 234 234 237 239 240 240 245 245 245 246 246 247
[307] 249 250 252 252 252 253 257 258 258 261 262 263 263 265 269 269 269 272
[325] 274 278 282 282 282 284 284 295 298 298 298 298 298 301 301 302 302 302
[343] 303 304 304 304 304 306 307 309 309 310 311 314 314 314 320 333 333 333
[361] 333 335 335 336 336 336 336 338 345 345 348 350 352 358 361 361 361 361
[379] 362 364 366 369 375 380

$EXTANT
  [1] FALSE FALSE FALSE FALSE FALSE FALSE FALSE  TRUE FALSE FALSE FALSE FALSE
 [13] FALSE FALSE FALSE FALSE FALSE FALSE FALSE FALSE FALSE FALSE FALSE FALSE
 [25] FALSE  TRUE  TRUE  TRUE  TRUE FALSE FALSE FALSE FALSE FALSE FALSE FALSE
 [37] FALSE FALSE FALSE  TRUE  TRUE FALSE  TRUE  TRUE FALSE FALSE FALSE FALSE
 [49]  TRUE FALSE FALSE FALSE FALSE FALSE FALSE FALSE  TRUE FALSE FALSE FALSE
 [61] FALSE FALSE FALSE FALSE FALSE FALSE FALSE FALSE FALSE FALSE FALSE FALSE
 [73] FALSE FALSE  TRUE FALSE FALSE FALSE FALSE FALSE FALSE FALSE FALSE FALSE
 [85] FALSE FALSE FALSE FALSE FALSE  TRUE  TRUE  TRUE  TRUE  TRUE FALSE FALSE
 [97] FALSE  TRUE FALSE FALSE FALSE  TRUE FALSE FALSE FALSE FALSE FALSE  TRUE
[109]  TRUE FALSE FALSE FALSE FALSE FALSE FALSE  TRUE FALSE FALSE FALSE FALSE
[121] FALSE  TRUE FALSE  TRUE  TRUE  TRUE  TRUE FALSE  TRUE  TRUE  TRUE FALSE
[133]  TRUE  TRUE  TRUE FALSE  TRUE FALSE FALSE  TRUE  TRUE FALSE FALSE  TRUE
[145]  TRUE  TRUE  TRUE  TRUE FALSE FALSE FALSE FALSE FALSE  TRUE FALSE  TRUE
[157] FALSE  TRUE  TRUE  TRUE  TRUE  TRUE  TRUE  TRUE  TRUE  TRUE FALSE FALSE
[169] FALSE FALSE FALSE FALSE  TRUE FALSE  TRUE FALSE  TRUE FALSE FALSE FALSE
[181] FALSE FALSE FALSE  TRUE  TRUE FALSE  TRUE  TRUE FALSE  TRUE FALSE  TRUE
[193]  TRUE  TRUE FALSE FALSE FALSE  TRUE  TRUE FALSE  TRUE  TRUE  TRUE  TRUE
[205] FALSE  TRUE  TRUE  TRUE  TRUE FALSE  TRUE  TRUE  TRUE FALSE  TRUE FALSE
[217] FALSE FALSE FALSE FALSE  TRUE  TRUE  TRUE  TRUE FALSE FALSE FALSE  TRUE
[229]  TRUE  TRUE FALSE  TRUE FALSE  TRUE FALSE  TRUE  TRUE  TRUE FALSE  TRUE
[241]  TRUE  TRUE FALSE FALSE FALSE  TRUE FALSE FALSE FALSE  TRUE FALSE  TRUE
[253]  TRUE  TRUE  TRUE  TRUE FALSE  TRUE  TRUE  TRUE FALSE FALSE  TRUE  TRUE
[265] FALSE  TRUE FALSE  TRUE  TRUE FALSE  TRUE  TRUE  TRUE  TRUE  TRUE  TRUE
[277]  TRUE FALSE FALSE FALSE FALSE FALSE FALSE FALSE FALSE FALSE  TRUE  TRUE
[289] FALSE FALSE  TRUE FALSE  TRUE FALSE  TRUE  TRUE  TRUE  TRUE FALSE  TRUE
[301] FALSE  TRUE  TRUE  TRUE FALSE  TRUE  TRUE  TRUE  TRUE  TRUE  TRUE  TRUE
[313]  TRUE  TRUE  TRUE  TRUE  TRUE  TRUE  TRUE FALSE  TRUE FALSE FALSE FALSE
[325]  TRUE  TRUE FALSE FALSE FALSE FALSE FALSE  TRUE FALSE FALSE FALSE  TRUE
[337] FALSE  TRUE FALSE FALSE  TRUE  TRUE  TRUE  TRUE  TRUE FALSE  TRUE  TRUE
[349]  TRUE  TRUE  TRUE  TRUE  TRUE  TRUE  TRUE  TRUE  TRUE FALSE FALSE  TRUE
[361]  TRUE  TRUE FALSE  TRUE  TRUE  TRUE  TRUE FALSE  TRUE  TRUE FALSE FALSE
[373] FALSE  TRUE  TRUE  TRUE  TRUE  TRUE  TRUE  TRUE  TRUE  TRUE  TRUE FALSE

