
Birth-death simulation object with 341 species and 83 extant species

Details for some species:

Extinction times (NA means extant)
[1] 37.85036 49.11918 29.52466 25.97611 30.83141 30.15035


Speciation times 
[1] 49.26651 49.25082 43.72603 39.93295 39.74207 39.29560


Species parents (NA for initial)
[1] NA  1  1  1  1  1


Species status (extinct or extant)
[1] "extinct" "extinct" "extinct" "extinct" "extinct" "extinct"


For more details on vector y, try sim$y, with y one of
TE TS PAR EXTANT



$TE
  [1] 37.85035662 49.11918122 29.52465783 25.97611445 30.83141147 30.15034967
  [7] 29.11423967 18.98477684 34.61887615 31.29284411 22.02252853 20.89481750
 [13] 20.99665799 15.98972107 12.05058891 20.23624597 33.72832283 24.40340821
 [19] 28.72219545 26.12704780 28.77290694 25.98175664 18.70745768 26.54321792
 [25] 24.10707322 17.11394791 10.86352639 12.64827216 26.69215717 19.41722421
 [31] 12.36776653 16.43005587 14.97237223 11.17955334 12.10561143  7.21598644
 [37] 32.57079720 24.99721259 20.06811972 20.62047610 17.56261157 14.78020635
 [43] 28.84969182 18.16659258 13.59269336 20.05138002 20.01700841 14.63530503
 [49] 15.14518737 18.86004131 14.50122402 13.09931041 11.02354369 14.68533688
 [55] 17.14914398 12.59736082 13.68875773 12.88362248  0.85186727 10.85324483
 [61] 12.54790203  5.47052943 24.24544698 20.55187258 16.84729353 10.59699392
 [67] 15.12659670 19.27080055 13.32168627 15.69448414 14.20748708 21.73477483
 [73] 17.11142645 22.04735363 14.72263349 20.64620585 19.11917705 15.03367282
 [79] 14.10855315 15.55493141 14.34543034 13.94988611 14.88213488 16.86143502
 [85] 12.81579262 12.88040897 14.87358294 12.81969700          NA  7.45620816
 [91]  1.59490931  2.36017443          NA  2.29166075 14.04567562 13.57380369
 [97] 15.38392914 18.34127078 14.15934396 15.44011636  1.25087398 13.36099000
[103] 20.57176406 13.48751675 13.36515815 14.13824491 15.59457330 16.22620662
[109] 12.41341058 13.78590205 14.22174096 12.41563942 14.85466934 13.00037820
[115]  9.48566685 15.07300392 11.47044546 12.61547872 15.34265694  4.81785287
[121]          NA          NA          NA          NA 14.20406775 15.14738760
[127] 11.09922824 14.57832630 12.77889080  9.71816361          NA  0.51794673
[133]  2.21484999 13.87146804 12.19522773 24.21946008 14.92929162 18.52659374
[139] 13.20453832 15.25231247 14.70083451 14.55288561 19.31705756  8.33661325
[145] 15.98352814          NA 14.39259586          NA  7.31753690 13.78523769
[151] 13.79197648  2.76088958          NA  0.50914889  0.88514103  2.67556034
[157] 17.54232451 15.95951005          NA 14.75232213          NA  3.98740619
[163]  3.87747764          NA          NA          NA  9.14911653 20.03085087
[169] 15.33768584 13.99318574 15.21840713 12.36985973 13.60309345 14.55057083
[175] 16.65860616  4.34402657 14.82958921  9.26462600  2.76500694  6.66489152
[181]          NA          NA  5.04118785  4.01022090          NA          NA
[187] 14.66766096 18.26614074 14.37758080 13.01687495          NA  6.18726344
[193]          NA  4.46220070  2.28213075          NA          NA 18.18988461
[199] 26.52592176 13.86394224 11.76213550  0.66037460 12.80387455 14.56355220
[205] 12.55413011 12.61523249  4.28568016 14.77995538 15.05283251 12.64459479
[211]          NA  2.61257988  1.92376054 13.09837365          NA          NA
[217]  1.61488619          NA  9.24599799          NA  2.82388016          NA
[223]          NA  4.74749029          NA          NA          NA          NA
[229]          NA          NA          NA 20.97627408 17.17138193 14.94064749
[235] 15.72268407 14.77560586 11.30111850          NA 15.05275851 10.86639027
[241]  7.33031224 10.48728502          NA 11.71640595  5.05970012          NA
[247]          NA  3.61278573          NA  0.62961190 11.39540233          NA
[253]  0.26129632          NA          NA          NA          NA  6.91072564
[259]  0.32862408  1.41248200          NA          NA  0.99900108          NA
[265] 16.50716823 12.30129409 15.15935181 14.96576692          NA          NA
[271]          NA  4.35934538  0.61808033  9.15231750  7.36706759  0.56731544
[277]  1.61221634  1.38190740          NA 14.81508851 13.28453636  0.13021173
[283]  1.44992577          NA  5.17539668  3.28703050          NA          NA
[289]          NA  4.86437299  4.47527878  1.56139996          NA          NA
[295]  0.06024142          NA 18.46302748 11.73737613 14.59993999 13.05115138
[301]  8.06359417  6.70587110          NA          NA  3.63037309          NA
[307]  5.51507763  3.02157211          NA  8.20314972  0.58286177          NA
[313]  1.44358782  0.41169787          NA  2.93229774          NA          NA
[319]  0.19788382          NA          NA          NA 13.95684917          NA
[325]  6.35026615  6.82547466  1.98527285  2.32094972          NA  0.29414052
[331]  0.12826579          NA          NA  0.59557965          NA          NA
[337]          NA          NA          NA          NA          NA

$TS
  [1] 49.26651148 49.25081913 43.72603155 39.93295150 39.74206721 39.29560247
  [7] 41.42186711 30.97668411 35.24098532 31.69440925 31.07611761 27.65546402
 [13] 32.13370178 31.99838881 36.23014424 33.80645988 37.13101902 31.57853468
 [19] 29.45699322 29.28995131 29.27606206 29.17660059 24.14557829 29.51301055
 [25] 24.40617712 25.55450461 25.04458978 24.40351666 27.43803436 21.99884108
 [31] 21.28278710 18.69256542 16.15739675 14.36774448 14.32020720 12.30889095
 [37] 33.61423003 32.58496993 26.27107865 25.99170217 23.20339638 21.09527556
 [43] 34.23690781 28.67487202 19.07271561 25.20871517 23.80169395 18.40436909
 [49] 23.67473969 19.34913814 18.76593315 14.28687503 13.53756797 20.04594894
 [55] 17.60650042 16.78289688 14.29101026 17.31845554 14.05650289 13.34529433
 [61] 13.28528762 10.93947654 24.84184010 23.73737578 23.26121440 20.95943373
 [67] 22.70181207 20.56519900 18.11921649 17.74311580 20.47282696 31.91642029
 [73] 22.79862774 22.38244922 22.16898323 22.14289381 20.73350872 19.98551298
 [79] 22.79748727 20.83040132 15.91008963 21.73282088 19.92877274 19.58388085
 [85] 17.33384412 19.58073039 19.10614531 12.86488775  9.87637784  9.04763970
 [91]  5.94364019  5.33937623 10.89466047  5.49534522 20.81769413 21.63169711
 [97] 17.40288560 20.78537595 19.09297771 15.52259884 19.95697225 15.51341276
[103] 27.55151301 27.42141711 25.83778452 21.54461606 20.34393085 16.37683340
[109] 15.77034732 14.81598078 15.74906496 15.86494379 15.79522701 14.59625811
[115] 14.02330566 16.39578874 15.53946632 13.78126722 18.91247518  6.62009784
[121]  4.96168135  3.25500404  3.12492104  8.21355714 20.47489953 15.62572382
[127] 19.80900589 18.99651337 17.40230259 12.05186328  9.40158508  7.08026894
[133]  4.02214835 14.44360538 13.77253700 27.14351983 23.93629246 21.01690037
[139] 17.10907129 15.41378150 25.40366292 21.26048406 19.55367063 13.56547035
[145] 19.20131746 14.74416283 14.58635202 11.89695591 11.81714401 15.09376706
[151] 18.68296792  4.96253420  3.59997911  2.98584411  4.83380253  3.90788153
[157] 19.57126037 17.09635661 16.82877747 15.81455227  9.04039801  6.26948268
[163]  5.64148604  2.02976915  1.93855146  0.81734497 27.13784998 20.17632182
[169] 17.77115589 17.37205833 20.68010565 19.15993806 21.22752539 18.24860515
[175] 17.86723353  9.72294379 17.45148745 10.84724429  7.90714636  6.79843551
[181]  5.11225138  5.10294981 10.65711530 10.13585753  7.57399889  2.76290877
[187] 19.08490360 18.55709094 15.02501878 13.95189798 11.76332469  9.15756204
[193]  7.41203814  7.01576174  6.84429901  6.32996374  1.82709730 27.08448763
[199] 26.82246007 20.15214224 13.01813607  9.38503412 15.93850151 15.04895579
[205] 18.97806921 15.68048048 12.88184657 18.34084731 16.91930198 14.24636727
[211]  9.51141645  8.45384481  4.80898815 16.01729672  7.66740365  5.20909941
[217]  2.97365533  1.15871606  9.84374978  6.46845863  2.97055737  2.68116785
[223]  0.40706563  8.99823199  5.50045567  4.72497228  3.47032944  1.79189304
[229]  1.35526268  0.66076524  0.17513354 24.69123370 21.35405821 20.28331972
[235] 17.32757612 16.82263663 12.99847138  6.36566671 17.56359788 14.86983374
[241] 12.53193343 11.59476995 10.86342948 15.63500372  6.61496583  5.04603372
[247]  2.84479576  5.97893360  5.01331906  2.30168650 14.06682608  3.59686551
[253]  2.07424231  0.84571377  2.24703466  9.64109105  1.08300677  7.56476670
[259]  5.87123475  3.45163474  2.80784166  1.07876935  1.00421082  0.26244808
[265] 22.27957176 21.24138667 19.32766290 16.27097610  4.32331385  2.57702553
[271] 11.92577127 10.19495266  9.73073430  9.72619948  8.84773511  6.48031304
[277]  5.67554063  3.85312195  1.18572348 14.87891740 13.73815953  5.21842044
[283]  4.66480535  2.21050845  5.47700913  5.44946035  1.01583564  1.31166276
[289]  8.56977251  7.02797711  6.25850121  3.24276128  3.19218067  2.98301082
[295]  2.21132414  1.34336552 18.51063179 19.02739583 17.71246404 15.14838847
[301]  8.78174791  8.44283667  5.75183565  3.43005804  6.07517867  4.63545570
[307]  8.64575882  5.94587478  2.57207464  9.37695087  8.70758949  4.48952040
[313]  3.23633055  2.13809537  0.34225819  5.94922458  4.84212516  5.80830235
[319]  1.27557675  2.25969483  1.25042170  0.20240008 14.23902076  6.84800327
[325]  9.28796160  8.05925419  3.17835099  2.98618837  3.99669904  4.41444048
[331]  1.42812895  0.71111006  2.84360904  2.15348405  1.55865753  0.01379995
[337]  0.97006429  0.88061197  1.11995142  0.48204166  0.31584612

$PAR
  [1]  NA   1   1   1   1   1   3   3   4   4   4   4   5   5   6   6   7   7
 [19]   7   7   7   8  11  13  13  14  14  14  15  15  15  15  15  15  15  15
 [37]  16  16  16  16  16  16  17  18  23  26  26  26  27  27  27  27  27  28
 [55]  28  28  28  31  31  34  35  36  39  39  39  39  40  41  41  41  42  43
 [73]  44  44  44  44  44  44  47  47  48  49  49  49  49  54  54  56  59  59
 [91]  59  59  62  62  64  65  65  67  67  67  68  71  72  72  72  75  75  75
[109]  75  75  78  81  82  82  82  85  86  86  87  89  91  91  92  93  95  95
[127]  96  96  99 101 101 101 101 102 102 103 103 104 104 104 105 105 105 105
[145] 107 111 114 115 115 117 119 120 121 121 124 124 125 125 127 129 131 132
[163] 132 132 132 132 136 137 137 137 138 138 141 141 142 144 145 146 146 146
[181] 146 146 148 148 148 154 157 157 159 159 159 159 159 161 161 161 165 167
[199] 167 167 167 167 170 170 171 171 172 173 173 173 176 176 176 177 179 179
[217] 185 185 191 191 191 191 191 192 193 194 196 197 197 197 197 198 198 198
[235] 200 200 201 202 205 205 207 207 207 209 211 211 211 212 212 213 214 216
[253] 216 216 217 219 222 224 224 225 226 227 228 228 232 233 233 236 238 238
[271] 241 241 241 241 241 243 243 243 243 244 244 245 246 246 248 248 249 253
[289] 256 256 256 256 259 259 260 261 265 267 267 268 271 271 271 271 272 272
[307] 273 273 273 274 275 282 283 284 284 289 289 291 293 294 294 295 298 302
[325] 310 311 311 313 317 318 318 321 324 327 330 332 333 333 335 335 340

$EXTANT
  [1] FALSE FALSE FALSE FALSE FALSE FALSE FALSE FALSE FALSE FALSE FALSE FALSE
 [13] FALSE FALSE FALSE FALSE FALSE FALSE FALSE FALSE FALSE FALSE FALSE FALSE
 [25] FALSE FALSE FALSE FALSE FALSE FALSE FALSE FALSE FALSE FALSE FALSE FALSE
 [37] FALSE FALSE FALSE FALSE FALSE FALSE FALSE FALSE FALSE FALSE FALSE FALSE
 [49] FALSE FALSE FALSE FALSE FALSE FALSE FALSE FALSE FALSE FALSE FALSE FALSE
 [61] FALSE FALSE FALSE FALSE FALSE FALSE FALSE FALSE FALSE FALSE FALSE FALSE
 [73] FALSE FALSE FALSE FALSE FALSE FALSE FALSE FALSE FALSE FALSE FALSE FALSE
 [85] FALSE FALSE FALSE FALSE  TRUE FALSE FALSE FALSE  TRUE FALSE FALSE FALSE
 [97] FALSE FALSE FALSE FALSE FALSE FALSE FALSE FALSE FALSE FALSE FALSE FALSE
[109] FALSE FALSE FALSE FALSE FALSE FALSE FALSE FALSE FALSE FALSE FALSE FALSE
[121]  TRUE  TRUE  TRUE  TRUE FALSE FALSE FALSE FALSE FALSE FALSE  TRUE FALSE
[133] FALSE FALSE FALSE FALSE FALSE FALSE FALSE FALSE FALSE FALSE FALSE FALSE
[145] FALSE  TRUE FALSE  TRUE FALSE FALSE FALSE FALSE  TRUE FALSE FALSE FALSE
[157] FALSE FALSE  TRUE FALSE  TRUE FALSE FALSE  TRUE  TRUE  TRUE FALSE FALSE
[169] FALSE FALSE FALSE FALSE FALSE FALSE FALSE FALSE FALSE FALSE FALSE FALSE
[181]  TRUE  TRUE FALSE FALSE  TRUE  TRUE FALSE FALSE FALSE FALSE  TRUE FALSE
[193]  TRUE FALSE FALSE  TRUE  TRUE FALSE FALSE FALSE FALSE FALSE FALSE FALSE
[205] FALSE FALSE FALSE FALSE FALSE FALSE  TRUE FALSE FALSE FALSE  TRUE  TRUE
[217] FALSE  TRUE FALSE  TRUE FALSE  TRUE  TRUE FALSE  TRUE  TRUE  TRUE  TRUE
[229]  TRUE  TRUE  TRUE FALSE FALSE FALSE FALSE FALSE FALSE  TRUE FALSE FALSE
[241] FALSE FALSE  TRUE FALSE FALSE  TRUE  TRUE FALSE  TRUE FALSE FALSE  TRUE
[253] FALSE  TRUE  TRUE  TRUE  TRUE FALSE FALSE FALSE  TRUE  TRUE FALSE  TRUE
[265] FALSE FALSE FALSE FALSE  TRUE  TRUE  TRUE FALSE FALSE FALSE FALSE FALSE
[277] FALSE FALSE  TRUE FALSE FALSE FALSE FALSE  TRUE FALSE FALSE  TRUE  TRUE
[289]  TRUE FALSE FALSE FALSE  TRUE  TRUE FALSE  TRUE FALSE FALSE FALSE FALSE
[301] FALSE FALSE  TRUE  TRUE FALSE  TRUE FALSE FALSE  TRUE FALSE FALSE  TRUE
[313] FALSE FALSE  TRUE FALSE  TRUE  TRUE FALSE  TRUE  TRUE  TRUE FALSE  TRUE
[325] FALSE FALSE FALSE FALSE  TRUE FALSE FALSE  TRUE  TRUE FALSE  TRUE  TRUE
[337]  TRUE  TRUE  TRUE  TRUE  TRUE

