
Birth-death simulation object with 340 species and 85 extant species

Details for some species:

Extinction times (NA means extant)
[1] 45.08891 48.09496 45.93440 44.30516 43.22497 28.12468


Speciation times 
[1] 49.26651 48.91209 47.69001 46.44699 46.29381 44.54631


Species parents (NA for initial)
[1] NA  1  1  1  3  4


Species status (extinct or extant)
[1] "extinct" "extinct" "extinct" "extinct" "extinct" "extinct"


For more details on vector y, try sim$y, with y one of
TE TS PAR EXTANT



$TE
  [1] 45.0889104 48.0949643 45.9343990 44.3051567 43.2249711 28.1246799
  [7] 40.3415290 33.6875793 24.3463839 41.2825795 10.4416684 24.6288661
 [13] 22.8990458 18.6090451 39.4470046 36.9629746 36.2259875 31.8697641
 [19] 24.4352983 27.1967792 15.6276190 22.7734223 22.1492517 13.2079066
 [25] 15.1335335 12.3818262 14.9869844 19.9732418 29.8784573 28.4661287
 [31] 18.9704442 29.6100619 26.6210664 17.6326007 12.2524659 20.9895814
 [37] 12.4801172 21.9154717 14.0601405 40.8195452 38.3983309 18.0837846
 [43] 15.3310144 23.3474170 22.3889592 23.9060500 21.6828821 18.7229565
 [49] 17.1522810 16.4914742 11.8541217 14.1496456 15.2287492 24.8252657
 [55] 30.7161695 15.3689315 23.1298203 23.5368352 12.4808881 14.6030267
 [61] 16.7925048 16.8345332 11.6578081 14.1458681 19.5043227 14.7189677
 [67] 14.6916968 14.6921040 14.1313766 15.0096694 12.7138515 40.1506594
 [73] 35.0034188 14.8510812 14.2990972 13.2839095 21.0828797 14.1470803
 [79] 24.0040671 14.3832930 14.6200545 15.1892040 19.4124075 18.2936223
 [85] 14.6330636 14.7390808 19.3515852 13.7800405 12.2040149 14.3190004
 [91] 12.0391209 13.7896680 25.7505097 20.0320542 14.9165281 23.7742064
 [97] 15.3299783 16.7486551 17.6772061 14.5045801 12.0280038 15.9381211
[103] 12.1246331 14.5357016 14.3785441 14.7456288  7.3317245 11.8722577
[109] 34.9802627 12.3330677 14.2994922 12.5984741 14.5126546 17.2817024
[115] 20.2175713 13.5074338 16.0778034 11.5347024 14.5326411 13.1316314
[121] 14.3852836 14.1450713 13.7774630 14.2280322 11.5042826 21.3911286
[127] 21.7193386 17.7999273 16.9593994         NA 14.0820941 17.9446459
[133] 15.2347199 25.2610347 26.1992426 15.7645839 16.9362966 19.9153603
[139] 16.1968596 12.0663020 15.3454389 13.9417783 13.0785067 13.5169713
[145] 14.9080877         NA 13.4374910 12.6214500 12.0155988 12.6730578
[151] 16.4554262 12.0880382 14.8798064 11.1200494 15.2728957 13.5116507
[157] 13.2431138 15.1832261 13.7553845 13.2839410 15.0861257 14.9685296
[163]  5.4105763  9.5847969         NA  8.7280908         NA 27.3804092
[169] 27.0772514 25.7800167 20.3850704 12.8634207 14.9294435         NA
[175] 12.4580784 11.4740175         NA  4.5001067 10.9930787 14.2991555
[181] 13.6237575 13.0640880  9.6848767 14.4324933 15.0056655 11.7817071
[187]         NA 10.0155896  1.1487185         NA         NA         NA
[193] 26.1170233 11.3982388 21.1032374         NA         NA         NA
[199] 10.5750189  7.9966372         NA  1.7653843  6.4913886 12.2690242
[205]  2.8331583 16.5248877 13.1100988 14.0977966 16.3387074 13.5633933
[211] 14.9703371 14.2476773  6.5120125 12.4309086         NA 12.9431269
[217]         NA         NA  1.4967024         NA 16.8988326 19.5284279
[223] 16.4762328  2.9785287  3.0711062         NA  0.5928905  0.5370771
[229]         NA  3.1135962         NA  1.3585347 15.8528386 14.6110765
[235]  7.2025803  4.4050034  2.6408254         NA         NA 13.3338399
[241] 11.1211685         NA         NA 14.0431887 13.3363670 11.7406591
[247] 11.4401294  4.6864768         NA         NA         NA  5.2236031
[253]         NA         NA  4.9272903         NA  5.6372497  4.6156240
[259]  5.4945062         NA  1.1187234 14.9805758 13.9434663 15.1160919
[265] 15.1155324  1.0297542         NA         NA  5.6117855         NA
[271]  5.2402412         NA  7.3278626         NA  3.0640178  4.2536295
[277]         NA         NA         NA         NA  4.1410873         NA
[283]         NA         NA         NA         NA 15.2091125         NA
[289]         NA         NA  0.3093984         NA  3.2198276         NA
[295]         NA  1.8413970         NA  6.4889253         NA         NA
[301]         NA         NA         NA         NA         NA  1.5486079
[307]         NA         NA 13.8196423         NA         NA         NA
[313]  2.9307840         NA  2.6206064         NA         NA         NA
[319]         NA         NA         NA         NA  3.2623474  2.7123810
[325]         NA  0.7905376  2.1869492  1.4412260         NA         NA
[331]  0.8826960         NA         NA         NA         NA         NA
[337]         NA         NA         NA         NA

$TS
  [1] 49.26651148 48.91208999 47.69000980 46.44698569 46.29380638 44.54631035
  [7] 44.81856800 44.44746975 44.41308474 44.01804269 37.75165453 36.74385262
 [13] 35.73680112 35.90041480 43.97606926 42.46476783 36.81705862 32.97499122
 [19] 32.39443427 29.33451771 24.77008338 33.42364713 29.21522315 22.94725244
 [25] 17.44183691 13.66423677 28.11829804 25.47917982 34.09981209 32.96437766
 [31] 32.87733136 32.57374725 26.78367929 25.17892090 24.92718925 34.47173933
 [37] 27.52396618 22.59522949 19.04313859 42.80094184 40.26238646 40.35459831
 [43] 25.01781862 28.18698189 22.99232031 26.05570170 24.46429268 28.89240058
 [49] 24.81447498 17.21792911 15.36682005 26.17383784 20.20991914 24.99652793
 [55] 32.20052882 31.71473424 31.10502419 25.19375962 19.73277340 24.25084667
 [61] 24.21738040 18.01398674 23.49629089 20.19902751 19.63236957 26.04853468
 [67] 21.02928754 17.99247237 15.75795436 18.76094207 14.26414427 40.25467065
 [73] 39.28509592 23.98651889 19.29740505 18.51362880 22.38110803 16.75382343
 [79] 25.08265271 22.50736955 24.77558128 24.25566753 22.49760761 21.05428109
 [85] 20.73327661 19.28768750 24.29894007 18.28764920 13.13316255 16.74917686
 [91] 15.90215125 18.01112471 30.36323635 23.74781866 17.37108617 30.11057205
 [97] 22.39084932 21.60821944 19.07694746 18.58485480 18.28763763 17.83337854
[103] 15.83815495 18.98477166 15.94417458 17.85039732 15.17977787 14.90415801
[109] 35.98080140 18.03809116 16.83790862 16.04165536 19.04726484 17.56253994
[115] 23.71319276 21.78617875 18.82841277 16.66128235 15.93689409 15.19066041
[121] 18.03906996 17.23013448 15.76638197 18.89298211 16.23827779 23.32718690
[127] 22.35060313 19.37629674 18.27718521 14.44837291 15.58783138 26.81903911
[133] 15.77521154 29.63070431 28.38341886 18.08057584 17.29371392 20.07823985
[139] 17.66967183 16.13552244 15.53388972 14.79158466 13.62377772 16.09190101
[145] 15.27379503 15.05330713 14.98466854 13.56249665 12.22624091 17.13824471
[151] 16.79731036 14.87810654 35.29664102 16.45745412 15.41737643 14.80445469
[157] 21.44745486 20.14862133 14.09717778 15.55257199 17.35995050 18.69490401
[163] 14.23853709 12.39599061 22.41154630 13.38419294  0.49431548 29.34014615
[169] 28.58783495 27.35066353 27.33547987 16.76565195 15.25832862 13.57871272
[175] 13.41867364 13.59889901 13.04684836 10.31503139 14.64337344 16.91680240
[181] 16.58197545 20.51223705 19.49291083 18.43485971 17.72423463 13.83985125
[187]  8.94742557 10.38489793 10.19427392  6.17831191  4.47982041  0.05837169
[193] 29.30921071 29.15380129 24.16420849 10.01464090  2.10256011  0.73556699
[199] 11.73379176  9.92677248  4.46420128  6.78637284  6.50089907 12.30224321
[205] 11.03303411 16.86235953 16.58140456 17.90694417 17.74810626 13.88530134
[211] 18.97954173 15.00935434 13.86193933 13.55122390 12.04336445 15.27916698
[217]  2.42053021  3.38445959  1.71780994  0.63102217 19.20499480 24.12263431
[223] 22.25365797  7.97411863  8.94879630  3.26591405  1.24765350  5.48669549
[229]  2.84823011  9.32991081  9.25632369  5.32150009 16.62038601 16.32252098
[235]  8.76692923  9.73743966  4.62194536  4.54676220  2.04580854 14.54747320
[241] 13.46844812  1.94814311  0.13897284 21.43429418 19.97822217 18.40018701
[247] 17.89154570  5.89351187  8.12017569  1.68434472  0.07989568  9.23275878
[253]  8.01306525  7.34819882  6.91274998  3.86383749  9.35510407  8.27081163
[259]  6.70847754  5.63277698  1.27786565 15.84089001 14.17025319 17.08087768
[265] 17.32030561  6.30271128  4.83250796  2.28945866  8.85826383  8.14428268
[271]  8.12595649  7.50587303  7.48731059  7.14864472  6.20744767  7.24859883
[277]  6.52764164  3.21520439  5.58727497  5.51251996  4.46388527  0.01496377
[283]  5.88211956  2.55180631  8.28905110  6.37257246 15.92238175  3.80389005
[289]  3.41770797  1.96037133  1.55381780  1.28850405  7.74274135  7.01565579
[295]  0.59155654  4.62168669  2.55277893  6.85898793  3.52831879  5.83691031
[301]  0.43489547  0.22539462  0.72036085  1.66122826  1.38892858  7.24166045
[307]  0.98328874  2.04644218 15.23606263  2.39815685  0.49179243  1.79833579
[313]  5.63971907  5.06728490  6.14096695  5.16494236  2.41878917  2.50231419
[319]  6.56368914  5.41340829  1.06883755  0.28933469  6.59311084  3.31562408
[325]  0.87771247  2.84755268  6.45412127  2.07807423  2.06362685  3.56729703
[331]  1.57991717  2.97922844  2.89033109  2.34010537  1.24460543  2.66929208
[337]  2.18683898  1.88230378  1.08007135  0.22506701

$PAR
  [1]  NA   1   1   1   3   4   5   6   6   6   6   6   6   8   9   9   9   9
 [19]   9   9   9  11  11  11  11  11  12  12  13  13  13  13  13  13  13  14
 [37]  14  14  14  15  15  16  19  20  21  22  22  23  23  24  24  27  27  28
 [55]  29  30  30  31  31  34  34  34  35  35  35  36  36  37  37  39  39  42
 [73]  42  42  42  42  43  43  44  45  46  48  48  48  48  48  49  49  51  52
 [91]  52  53  56  56  56  57  60  60  60  60  61  62  63  66  66  67  68  69
[109]  73  74  74  74  75  80  81  81  81  81  81  81  82  85  85  86  86  87
[127]  87  87  88  90  91  93  95  96  96  97  97  98 100 100 101 101 101 102
[145] 103 103 103 103 103 104 104 104 109 110 112 113 116 116 116 119 121 124
[163] 125 125 126 130 130 134 134 134 135 139 140 140 140 143 146 146 147 150
[181] 151 153 153 153 153 160 163 164 165 165 165 167 168 168 171 174 174 174
[199] 176 177 177 178 178 179 179 180 180 182 182 182 183 183 183 183 183 184
[217] 187 190 190 191 194 195 195 196 200 201 201 202 202 205 205 205 208 208
[235] 213 215 215 215 215 216 216 218 220 222 222 223 223 224 225 228 229 230
[253] 230 230 231 231 236 236 236 236 239 245 245 246 247 249 249 249 252 252
[271] 252 252 252 252 252 253 253 253 254 254 254 254 255 256 257 257 264 266
[289] 267 267 267 268 270 270 270 272 272 274 274 276 278 278 279 283 283 285
[307] 285 286 287 288 288 290 293 293 294 294 296 297 298 300 300 303 306 314
[325] 314 315 319 319 319 320 329 330 330 330 330 332 332 332 336 338

$EXTANT
  [1] FALSE FALSE FALSE FALSE FALSE FALSE FALSE FALSE FALSE FALSE FALSE FALSE
 [13] FALSE FALSE FALSE FALSE FALSE FALSE FALSE FALSE FALSE FALSE FALSE FALSE
 [25] FALSE FALSE FALSE FALSE FALSE FALSE FALSE FALSE FALSE FALSE FALSE FALSE
 [37] FALSE FALSE FALSE FALSE FALSE FALSE FALSE FALSE FALSE FALSE FALSE FALSE
 [49] FALSE FALSE FALSE FALSE FALSE FALSE FALSE FALSE FALSE FALSE FALSE FALSE
 [61] FALSE FALSE FALSE FALSE FALSE FALSE FALSE FALSE FALSE FALSE FALSE FALSE
 [73] FALSE FALSE FALSE FALSE FALSE FALSE FALSE FALSE FALSE FALSE FALSE FALSE
 [85] FALSE FALSE FALSE FALSE FALSE FALSE FALSE FALSE FALSE FALSE FALSE FALSE
 [97] FALSE FALSE FALSE FALSE FALSE FALSE FALSE FALSE FALSE FALSE FALSE FALSE
[109] FALSE FALSE FALSE FALSE FALSE FALSE FALSE FALSE FALSE FALSE FALSE FALSE
[121] FALSE FALSE FALSE FALSE FALSE FALSE FALSE FALSE FALSE  TRUE FALSE FALSE
[133] FALSE FALSE FALSE FALSE FALSE FALSE FALSE FALSE FALSE FALSE FALSE FALSE
[145] FALSE  TRUE FALSE FALSE FALSE FALSE FALSE FALSE FALSE FALSE FALSE FALSE
[157] FALSE FALSE FALSE FALSE FALSE FALSE FALSE FALSE  TRUE FALSE  TRUE FALSE
[169] FALSE FALSE FALSE FALSE FALSE  TRUE FALSE FALSE  TRUE FALSE FALSE FALSE
[181] FALSE FALSE FALSE FALSE FALSE FALSE  TRUE FALSE FALSE  TRUE  TRUE  TRUE
[193] FALSE FALSE FALSE  TRUE  TRUE  TRUE FALSE FALSE  TRUE FALSE FALSE FALSE
[205] FALSE FALSE FALSE FALSE FALSE FALSE FALSE FALSE FALSE FALSE  TRUE FALSE
[217]  TRUE  TRUE FALSE  TRUE FALSE FALSE FALSE FALSE FALSE  TRUE FALSE FALSE
[229]  TRUE FALSE  TRUE FALSE FALSE FALSE FALSE FALSE FALSE  TRUE  TRUE FALSE
[241] FALSE  TRUE  TRUE FALSE FALSE FALSE FALSE FALSE  TRUE  TRUE  TRUE FALSE
[253]  TRUE  TRUE FALSE  TRUE FALSE FALSE FALSE  TRUE FALSE FALSE FALSE FALSE
[265] FALSE FALSE  TRUE  TRUE FALSE  TRUE FALSE  TRUE FALSE  TRUE FALSE FALSE
[277]  TRUE  TRUE  TRUE  TRUE FALSE  TRUE  TRUE  TRUE  TRUE  TRUE FALSE  TRUE
[289]  TRUE  TRUE FALSE  TRUE FALSE  TRUE  TRUE FALSE  TRUE FALSE  TRUE  TRUE
[301]  TRUE  TRUE  TRUE  TRUE  TRUE FALSE  TRUE  TRUE FALSE  TRUE  TRUE  TRUE
[313] FALSE  TRUE FALSE  TRUE  TRUE  TRUE  TRUE  TRUE  TRUE  TRUE FALSE FALSE
[325]  TRUE FALSE FALSE FALSE  TRUE  TRUE FALSE  TRUE  TRUE  TRUE  TRUE  TRUE
[337]  TRUE  TRUE  TRUE  TRUE

