
Birth-death simulation object with 166 species and 59 extant species

Details for some species:

Extinction times (NA means extant)
[1] 30.70896 38.62169 29.55239 32.96764 28.78251 35.44820


Speciation times 
[1] 49.26651 40.53769 39.39573 38.69511 38.74026 38.53638


Species parents (NA for initial)
[1] NA  1  2  2  3  3


Species status (extinct or extant)
[1] "extinct" "extinct" "extinct" "extinct" "extinct" "extinct"


For more details on vector y, try sim$y, with y one of
TE TS PAR EXTANT



$TE
  [1] 30.708960065 38.621692532 29.552392103 32.967641448 28.782509699
  [6] 35.448204513 31.895809418 12.662406311 35.916685001 32.620481653
 [11] 30.626646813 33.932335137 18.828464223 31.245141708 31.479403171
 [16] 20.357713245 29.066605097 10.614857945 19.546179569 14.690960262
 [21] 16.479317943 14.475536479 34.720762635 28.187965763 29.048668008
 [26] 16.811956920 20.565471262 22.454976495 20.073633480 20.872814939
 [31] 11.922059972 15.233330178 29.576849225 25.558845701 16.747603889
 [36] 14.426780837 14.549960440 12.905640299 12.421584614 19.946025062
 [41] 24.517989352 14.932103393 14.538490649 13.764618951 16.564938445
 [46] 14.333070348 12.693219057           NA 14.449004434 14.254058525
 [51]           NA 14.653242452 11.370638788 15.570508830  6.497972466
 [56] 15.366406225           NA           NA           NA  4.959554306
 [61]           NA  8.153180038  6.134049593  4.918229543  3.473591287
 [66] 22.289232499 13.511808109 16.817312967 15.183992319  4.414592995
 [71]  2.864737765  1.072334883           NA           NA  3.299520710
 [76]           NA           NA           NA  5.701963640           NA
 [81]           NA  6.260979100  5.231216341  6.676694403  0.099195296
 [86]  5.603960336  4.111173015  0.005368302  6.482040430  4.848554504
 [91]           NA 14.893745224 15.057706119  8.659731118  3.623705996
 [96]           NA           NA           NA           NA  4.831439555
[101]  3.428696320           NA           NA           NA           NA
[106]  5.612017423           NA           NA           NA  4.387126656
[111] 14.801894777  5.207169470 10.584643054           NA           NA
[116]  4.294586671  1.367558810           NA           NA           NA
[121]           NA           NA           NA           NA  0.633225960
[126]           NA           NA  2.549357964  0.620287725  2.268589314
[131]           NA  2.546237283           NA  1.478341918           NA
[136]  5.208363749  2.915259863           NA           NA           NA
[141]           NA  0.300946565  2.033296162           NA  5.964525728
[146]           NA           NA  3.852385243  3.759447510           NA
[151]           NA  2.303331698           NA           NA           NA
[156]           NA           NA           NA  0.104080164           NA
[161]           NA           NA           NA  4.604467790           NA
[166]  0.872037121

$TS
  [1] 49.2665115 40.5376946 39.3957295 38.6951051 38.7402627 38.5363820
  [7] 35.3488235 34.7106396 37.2004662 33.7348053 38.1648846 34.5636303
 [13] 33.0949106 31.7100697 36.4000951 31.6637555 29.1803982 26.1732090
 [19] 21.8761570 19.7004270 19.2542325 14.7103021 37.1848609 33.5473043
 [25] 31.8489079 31.7995398 24.6790318 22.7594124 35.0260911 30.6489384
 [31] 12.3599451 16.6936281 32.0133752 26.2167867 25.6094951 24.2749034
 [37] 21.3375904 21.0078822 18.2284105 20.8231148 28.2507925 16.4120596
 [43] 16.2735691 30.8037448 22.5043257 18.8962421 14.6992424 18.6330460
 [49] 14.8300799 14.4379886 13.7724166 28.1077558 15.2020149 22.7275822
 [55] 19.9464207 15.5132012  8.4900895  2.9716812  1.5384608 10.6307933
 [61] 10.1791255  8.4898229  8.4719042  7.9727974  5.1435288 25.5179655
 [67] 13.9545803 17.9194962 16.2252568  6.7360883  7.0144819  5.6579056
 [73]  5.5262061  4.5468575  4.3546121  2.8446559  0.1806709  1.5196703
 [79]  7.5304177  6.8835363  6.0520547  9.2890108  8.1135513  7.6144267
 [85]  6.8728621  6.8673919  6.4902987  5.3045960  6.6681881  6.5008574
 [91]  5.3732641 16.1600743 15.6181223 15.4937949  3.9451036  5.5581132
 [97]  5.1763696  2.2750857  0.8476678  6.4619456  4.6666788  4.6050371
[103]  3.1395040  3.7064229  7.5662144  5.9047604  4.2278097  2.5397970
[109]  6.6218533  5.8875079 15.7844323 10.8775557 10.7796970  9.9408522
[115]  9.5535376  8.8672850  3.9201494  3.9053141  5.2200618  1.4331241
[121]  5.1653221  3.9701170  0.6397823  0.7285052  6.0303954  5.6071267
[127]  4.6480238  4.4672340  6.8797522  9.3740591  8.9831803  4.0667314
[133]  3.4712821  1.8011723  0.9309357  7.8247017  7.4296097  1.1077234
[139]  5.1460395  2.1203765  1.0420143  1.0860864  6.7055728  7.9795900
[145]  6.1949110  6.3933414  2.6777419  7.4934066  6.3626675  6.1667676
[151]  2.0504889  2.6075977  3.0354508  1.3572822  1.2328657  5.2957209
[157]  0.1093176  1.2073839  0.6046677  5.9327326  0.9656802  2.4936216
[163]  0.5012538  5.2779541  4.5577717  4.4224127

$PAR
  [1]  NA   1   2   2   3   3   3   3   4   4   5   5   5   5   6   8   8   8
 [19]   8   8   8   8  11  11  11  13  13  13  15  16  18  21  24  26  26  26
 [37]  26  26  26  27  29  32  32  33  35  36  37  38  38  38  39  41  43  44
 [55]  44  46  48  48  48  51  51  51  51  51  51  52  53  54  55  55  57  57
 [73]  57  57  57  58  58  59  60  60  60  61  61  61  61  61  61  61  64  64
 [91]  64  69  69  69  71  72  72  76  76  79  80  80  80  81  83  86  87  88
[109]  89  90  92  94  94  94  94  94  95  95  96  98 100 101 104 108 109 109
[127] 110 110 112 114 115 115 115 115 115 116 116 120 121 122 122 126 129 130
[145] 130 131 132 136 136 136 140 143 144 144 144 146 146 147 147 149 150 152
[163] 155 156 156 156

$EXTANT
  [1] FALSE FALSE FALSE FALSE FALSE FALSE FALSE FALSE FALSE FALSE FALSE FALSE
 [13] FALSE FALSE FALSE FALSE FALSE FALSE FALSE FALSE FALSE FALSE FALSE FALSE
 [25] FALSE FALSE FALSE FALSE FALSE FALSE FALSE FALSE FALSE FALSE FALSE FALSE
 [37] FALSE FALSE FALSE FALSE FALSE FALSE FALSE FALSE FALSE FALSE FALSE  TRUE
 [49] FALSE FALSE  TRUE FALSE FALSE FALSE FALSE FALSE  TRUE  TRUE  TRUE FALSE
 [61]  TRUE FALSE FALSE FALSE FALSE FALSE FALSE FALSE FALSE FALSE FALSE FALSE
 [73]  TRUE  TRUE FALSE  TRUE  TRUE  TRUE FALSE  TRUE  TRUE FALSE FALSE FALSE
 [85] FALSE FALSE FALSE FALSE FALSE FALSE  TRUE FALSE FALSE FALSE FALSE  TRUE
 [97]  TRUE  TRUE  TRUE FALSE FALSE  TRUE  TRUE  TRUE  TRUE FALSE  TRUE  TRUE
[109]  TRUE FALSE FALSE FALSE FALSE  TRUE  TRUE FALSE FALSE  TRUE  TRUE  TRUE
[121]  TRUE  TRUE  TRUE  TRUE FALSE  TRUE  TRUE FALSE FALSE FALSE  TRUE FALSE
[133]  TRUE FALSE  TRUE FALSE FALSE  TRUE  TRUE  TRUE  TRUE FALSE FALSE  TRUE
[145] FALSE  TRUE  TRUE FALSE FALSE  TRUE  TRUE FALSE  TRUE  TRUE  TRUE  TRUE
[157]  TRUE  TRUE FALSE  TRUE  TRUE  TRUE  TRUE FALSE  TRUE FALSE

