
Birth-death simulation object with 303 species and 137 extant species

Details for some species:

Extinction times (NA means extant)
[1] 44.51179 26.47604 35.53354 27.84277 26.70766 25.28986


Speciation times 
[1] 49.26651 47.57785 46.33136 31.06198 29.69777 29.45101


Species parents (NA for initial)
[1] NA  1  1  2  2  2


Species status (extinct or extant)
[1] "extinct" "extinct" "extinct" "extinct" "extinct" "extinct"


For more details on vector y, try sim$y, with y one of
TE TS PAR EXTANT



$TE
  [1] 44.5117889 26.4760419 35.5335395 27.8427719 26.7076554 25.2898567
  [7] 26.5723592 41.0318387 43.4071657 31.9260807 30.9038026 29.8224096
 [13] 28.2844542 26.5776935 42.6930007 23.4549344 32.3122144 30.9630709
 [19] 20.5555082 25.5240978 30.2891645 35.9696261 14.6148508 22.0017392
 [25] 14.6421492 26.0362762 15.3604197 27.3475526 29.2358409 11.6600499
 [31] 11.0279225 24.4784056 12.6671152 15.2957744 24.0981837 16.7848322
 [37] 14.2588670 18.5843994 17.3468350 27.8163801 16.1817807 10.7820344
 [43] 13.0208410 14.2546079 21.8438310 13.6749902  1.5915122 27.5954758
 [49] 15.1789844 17.9944710  6.4912112 12.6213733 12.1331328 11.6910468
 [55] 12.1408164 14.7090496         NA  5.5900871  4.3402249 14.8691453
 [61] 10.4695638  7.3172283  0.8604613 13.3949088  4.7106021  4.9176841
 [67]  3.2658582         NA         NA 13.7317342 14.4929583 15.8787478
 [73] 14.7387498 14.2107521         NA 11.7064074  1.5995378  7.0772147
 [79]         NA         NA         NA  8.4457010  2.8930518  7.1160800
 [85]  1.6038048         NA         NA  6.0888051  6.1269296  3.3518420
 [91]  1.6971431         NA  1.5082637         NA         NA  1.6991447
 [97]  3.6371221  1.2161200  0.2557326         NA 12.4714540 10.5355056
[103] 15.6286599         NA         NA         NA 13.9702498 10.8558011
[109] 10.9610449  1.6946346         NA  4.4070396         NA  1.6679608
[115]  4.8180229         NA  3.6393891  5.9250355         NA  4.3503655
[121]         NA         NA  4.6140831  2.7671183  0.7777455         NA
[127]         NA  0.7114022  2.7431428  3.3935515         NA  1.9119579
[133]  7.1010067         NA         NA         NA         NA         NA
[139]         NA         NA         NA 13.9732860 10.6876526 10.7778039
[145]         NA         NA         NA         NA  4.0170268  0.6353803
[151]         NA  3.8100281         NA         NA         NA         NA
[157]         NA         NA         NA  3.3846770  1.5076845         NA
[163]         NA         NA         NA  3.2025911         NA         NA
[169]  3.6346934         NA         NA         NA         NA         NA
[175]  1.7411869  1.5633341  6.5366554         NA         NA  2.1254653
[181]         NA         NA  3.2164248  6.5681466         NA  3.7647106
[187]         NA         NA         NA  2.5636364         NA  2.1060930
[193]         NA         NA         NA 10.7312174  6.9548605  6.7535635
[199]  4.9309055         NA  1.3794057  1.2289731  4.1478166         NA
[205]  4.3576110  0.3419764         NA  7.4060855  2.9762253         NA
[211]         NA         NA  0.3527097         NA  4.8495690         NA
[217]         NA         NA         NA  0.5899183         NA  5.1952857
[223]  6.5897986         NA         NA         NA  0.4731722  7.2316197
[229]  4.8283479         NA  6.1691025         NA         NA         NA
[235]         NA         NA  2.9198247         NA         NA         NA
[241]         NA  5.1326753         NA         NA         NA  0.1722787
[247]         NA         NA         NA  1.6666913  1.2442790         NA
[253]         NA         NA         NA         NA         NA         NA
[259]         NA  0.2006491  1.2414249         NA  4.7656922         NA
[265]  4.0212615  3.8551300  4.7367832  0.2647521         NA         NA
[271]  3.3156049  4.8119871         NA         NA         NA  3.4267681
[277]         NA         NA  1.0725231  5.1468124         NA         NA
[283]         NA  0.3901669  2.0415296         NA         NA         NA
[289]         NA         NA         NA         NA         NA         NA
[295]         NA         NA         NA         NA         NA         NA
[301]         NA         NA         NA

$TS
  [1] 49.26651148 47.57785209 46.33136015 31.06197900 29.69777049 29.45100662
  [7] 27.21959396 45.33830838 44.98580554 44.61684385 39.83131111 38.16378006
 [13] 29.79920321 29.31351702 44.53162049 39.93687323 35.64290365 35.06731969
 [19] 31.48884681 29.11397216 38.75226335 37.65803310 35.81139034 32.09111817
 [25] 34.89900416 26.39215633 22.10136620 33.51567306 31.82689826 27.74403348
 [31] 29.13841852 28.18474200 22.62315812 30.13407189 25.88947382 18.43850277
 [37] 16.66956450 25.67565045 21.07863487 27.86805146 25.26144840 23.62641800
 [43] 15.39066670 15.02247241 28.12632145 19.33467788 14.48096939 27.76344928
 [49] 21.23634530 18.95386756 14.29132489 23.98519741 18.56328358 17.80918973
 [55] 17.42368148 21.15639711 19.56771713 13.83126526 13.05505167 14.87920293
 [61] 10.80210266  8.13459333  7.78245485 19.34106089 12.23519822  9.26921262
 [67]  8.03338108  7.63431948  7.19614650 18.21015857 16.90134613 16.57895290
 [73] 16.21076705 15.58032672 17.31227271 12.90627334 17.80359630 10.14967661
 [79]  8.84083732  7.98994156  4.97602500 10.57242130  8.16217199  7.72204892
 [85]  6.14757649  5.71912180 12.29050053  9.40046912  8.12432243  7.50273519
 [91]  7.08825228  6.79943868 11.07255812  5.72409657  7.29269781  6.36946674
 [97]  4.14751317  2.12014560  6.56448460  2.84948824 15.28993994 16.70893466
[103] 15.70799248  4.49024635  3.75144128  0.25043285 17.70244437 11.79830086
[109] 11.29919891  9.76023515  6.03241861  5.16762560  5.70730757  5.70914094
[115]  9.81909718  2.89391200  7.69020570  7.42899878  2.25084341 10.36811434
[121] 10.31435032  6.60908843  6.36277501  6.25251738  4.53754180  2.62522270
[127]  9.28596774  6.33773211  6.18829787  4.69837407  3.74424060 10.74146339
[133]  9.26380614  6.64615827  4.50332900  1.57738283  0.72575187  6.12299281
[139]  2.51768282  2.20891558  2.43079442 14.21527667 13.31019731 13.20261168
[145] 11.24850924  2.26224171  3.17036231  0.16557451  9.09788777  8.43897864
[151]  7.64397332  6.78640111  5.82951723  4.41697058  0.76346380  4.81900693
[157]  2.32643412  0.29879736  0.25588438  8.79583109  7.74242785  6.37180907
[163]  5.97983187  5.87668768  7.72178365  7.29126381  6.28547708  5.79699531
[169]  9.92420670  1.14197456  6.01577505  2.36297924  5.07418847  3.70222326
[175]  1.84530717  8.80257782  8.77152091  2.34918735  3.48226242  3.89993958
[181]  3.32550335  1.87357028  8.94055233  7.91323756  5.10882021  4.10654069
[187]  5.59695856  4.46391914  2.14669976  3.41713653  0.79734642  4.50779398
[193]  4.33194036  0.05972504  2.45409547 10.83786489  7.14270404  7.13055301
[199]  6.45036084  7.46442305  7.52730276  4.15343591  5.61867377  5.34900277
[205]  4.56853152  0.37028675  0.91255944  7.68656560  5.54072343  3.95900750
[211]  6.06651650  3.58375492  0.47483605  0.10421458  9.22488300  5.29360827
[217]  2.67789034  2.34118783  1.46956200  3.40221103  8.01856255  7.81765023
[223]  6.74651278  2.31563335  1.70041358  0.01940680  0.97907855  8.26831448
[229]  7.39879379  5.34920523  6.64805761  3.54513790  2.28842282  1.48675843
[235]  0.70031051  0.37139597  3.64523970  0.44723773  5.00550309  2.99929353
[241]  2.33196927  5.49546181  4.36237073  5.11304464  0.67283233  5.42481476
[247]  8.84637423  8.84274737  8.08771736  4.82158775  5.97276522  2.23300099
[253]  4.37853449  1.75860907  6.17135645  1.39214684  2.23338918  1.98236667
[259]  3.33114492  2.27670108  6.25770217  4.21075611  6.51572364  6.47858330
[265]  5.77508115  5.66430037  5.36892878  3.38492486  5.41818414  3.10772246
[271]  6.09284656  5.76139784  1.84689337  1.50244127  2.66882195  4.07240105
[277]  0.48357085  6.17809420  5.95508612  5.79329096  5.50390540  1.07263318
[283]  4.78889752  3.37932923  3.01524172  1.23568269  1.01654150  0.53010898
[289]  1.04685444  3.62171756  2.61036603  1.59007683  5.15565378  0.72234745
[295]  2.83239741  1.56483806  0.54845769  2.07273302  0.55570499  0.43143865
[301]  0.31221946  1.42603577  1.25432734

$PAR
  [1]  NA   1   1   2   2   2   2   3   3   3   3   3   4   6   9  10  11  11
 [19]  12  13  16  16  16  16  18  19  19  21  23  23  24  24  24  25  25  25
 [37]  25  30  30  31  31  31  31  31  32  33  33  34  34  34  37  38  41  41
 [55]  41  42  42  42  42  44  47  47  47  49  51  51  51  51  51  52  52  52
 [73]  52  52  53  55  57  57  57  57  57  58  58  58  58  58  59  59  59  59
 [91]  63  63  65  66  67  67  67  68  69  69  70  71  75  75  75  75  77  77
[109]  77  77  77  77  79  80  82  83  84  84  86  87  87  87  87  87  87  87
[127]  88  90  90  90  91  93  93  93  93  93  95  96  96  99 100 101 101 101
[145] 102 104 105 105 110 110 110 110 110 110 111 112 113 113 113 115 115 115
[163] 117 117 120 120 120 120 121 121 122 122 124 124 126 127 127 127 128 129
[181] 129 131 132 132 132 132 134 134 134 135 136 138 138 138 139 145 149 149
[199] 149 150 160 160 161 161 161 163 164 165 165 165 167 167 167 168 169 169
[217] 171 172 172 173 176 176 176 181 181 181 182 183 183 183 184 185 185 188
[235] 191 191 192 195 199 200 201 203 203 209 210 211 215 215 215 216 221 224
[253] 230 230 231 232 240 241 244 246 248 248 249 249 249 249 249 250 251 253
[271] 255 255 257 258 259 262 262 263 264 264 264 264 266 268 268 269 269 273
[289] 275 276 278 279 280 282 283 284 286 290 292 297 297 298 298

$EXTANT
  [1] FALSE FALSE FALSE FALSE FALSE FALSE FALSE FALSE FALSE FALSE FALSE FALSE
 [13] FALSE FALSE FALSE FALSE FALSE FALSE FALSE FALSE FALSE FALSE FALSE FALSE
 [25] FALSE FALSE FALSE FALSE FALSE FALSE FALSE FALSE FALSE FALSE FALSE FALSE
 [37] FALSE FALSE FALSE FALSE FALSE FALSE FALSE FALSE FALSE FALSE FALSE FALSE
 [49] FALSE FALSE FALSE FALSE FALSE FALSE FALSE FALSE  TRUE FALSE FALSE FALSE
 [61] FALSE FALSE FALSE FALSE FALSE FALSE FALSE  TRUE  TRUE FALSE FALSE FALSE
 [73] FALSE FALSE  TRUE FALSE FALSE FALSE  TRUE  TRUE  TRUE FALSE FALSE FALSE
 [85] FALSE  TRUE  TRUE FALSE FALSE FALSE FALSE  TRUE FALSE  TRUE  TRUE FALSE
 [97] FALSE FALSE FALSE  TRUE FALSE FALSE FALSE  TRUE  TRUE  TRUE FALSE FALSE
[109] FALSE FALSE  TRUE FALSE  TRUE FALSE FALSE  TRUE FALSE FALSE  TRUE FALSE
[121]  TRUE  TRUE FALSE FALSE FALSE  TRUE  TRUE FALSE FALSE FALSE  TRUE FALSE
[133] FALSE  TRUE  TRUE  TRUE  TRUE  TRUE  TRUE  TRUE  TRUE FALSE FALSE FALSE
[145]  TRUE  TRUE  TRUE  TRUE FALSE FALSE  TRUE FALSE  TRUE  TRUE  TRUE  TRUE
[157]  TRUE  TRUE  TRUE FALSE FALSE  TRUE  TRUE  TRUE  TRUE FALSE  TRUE  TRUE
[169] FALSE  TRUE  TRUE  TRUE  TRUE  TRUE FALSE FALSE FALSE  TRUE  TRUE FALSE
[181]  TRUE  TRUE FALSE FALSE  TRUE FALSE  TRUE  TRUE  TRUE FALSE  TRUE FALSE
[193]  TRUE  TRUE  TRUE FALSE FALSE FALSE FALSE  TRUE FALSE FALSE FALSE  TRUE
[205] FALSE FALSE  TRUE FALSE FALSE  TRUE  TRUE  TRUE FALSE  TRUE FALSE  TRUE
[217]  TRUE  TRUE  TRUE FALSE  TRUE FALSE FALSE  TRUE  TRUE  TRUE FALSE FALSE
[229] FALSE  TRUE FALSE  TRUE  TRUE  TRUE  TRUE  TRUE FALSE  TRUE  TRUE  TRUE
[241]  TRUE FALSE  TRUE  TRUE  TRUE FALSE  TRUE  TRUE  TRUE FALSE FALSE  TRUE
[253]  TRUE  TRUE  TRUE  TRUE  TRUE  TRUE  TRUE FALSE FALSE  TRUE FALSE  TRUE
[265] FALSE FALSE FALSE FALSE  TRUE  TRUE FALSE FALSE  TRUE  TRUE  TRUE FALSE
[277]  TRUE  TRUE FALSE FALSE  TRUE  TRUE  TRUE FALSE FALSE  TRUE  TRUE  TRUE
[289]  TRUE  TRUE  TRUE  TRUE  TRUE  TRUE  TRUE  TRUE  TRUE  TRUE  TRUE  TRUE
[301]  TRUE  TRUE  TRUE

