
Birth-death simulation object with 218 species and 59 extant species

Details for some species:

Extinction times (NA means extant)
[1] 35.08895 42.27617 24.31425 33.99937 40.10320 40.45507


Speciation times 
[1] 49.26651 48.52483 48.28622 45.83712 47.83955 42.52347


Species parents (NA for initial)
[1] NA  1  1  1  2  3


Species status (extinct or extant)
[1] "extinct" "extinct" "extinct" "extinct" "extinct" "extinct"


For more details on vector y, try sim$y, with y one of
TE TS PAR EXTANT



$TE
  [1] 35.0889507 42.2761697 24.3142466 33.9993656 40.1032033 40.4550693
  [7] 23.2308410 33.5892725 26.2290249 22.7116399 29.2271318 35.9047990
 [13] 28.1728679 34.5174560 31.4003218 15.2184930 22.3037153 40.0692875
 [19] 22.8388572 40.2104468 40.2379354 24.0588017 12.0737284 15.9307387
 [25] 26.1497564 23.3680582 27.6440244 34.7944062 33.0645266 27.6788840
 [31] 18.7579742 14.5210830 26.7692279 26.4483065 24.1824830 14.1561113
 [37] 14.8463696 13.6618637 15.2965306 25.9548267 14.1740564 18.8021236
 [43] 24.9254443 12.4609256 14.9153917 12.9879289 18.4985557 12.3311065
 [49]         NA 12.5635267 21.4038025 22.8867356 19.7587252 13.6446591
 [55] 14.0959514 15.4687518 18.0539528  3.9244181 17.4643555 15.2553274
 [61] 13.0579487 21.5304289 20.7989842         NA  8.0162587 16.1431409
 [67] 15.1133823 14.9404035         NA 11.0935102 10.8470873  0.2136967
 [73]  2.7873210         NA  0.1108025  0.1494920 12.4300334 22.3960456
 [79] 13.3537209 17.8231526 18.5484721 13.7325049 11.3541265 10.5909353
 [85]  7.1486489  4.8597627 20.0700225         NA 14.8830093 20.7782112
 [91] 13.2591065 11.9727187 23.9395497 20.4804206 20.9743690 11.0631429
 [97] 12.4260071  6.0321276         NA         NA         NA  3.6427435
[103]  3.2189451         NA         NA         NA 17.0437767 13.1788011
[109] 18.2560715 13.3842383 12.6024261         NA  4.9625047         NA
[115]  7.9227885  7.1873760  4.7269100 14.1961159 14.9634303 18.6658074
[121]         NA 14.4681123 13.8609872 23.4870946 14.6980650 12.2681680
[127] 12.8624182         NA         NA         NA         NA         NA
[133]         NA  5.7460715         NA 17.0509370  0.4849735         NA
[139]         NA  3.0515965  4.6416272         NA         NA         NA
[145]         NA         NA  6.5205281         NA         NA 14.7552478
[151] 17.9900917 14.8818132         NA 13.3312178 14.6349437 14.6399229
[157] 15.0532696 14.2715004         NA         NA  2.4498617  2.4280578
[163]         NA         NA         NA         NA         NA  0.9251026
[169]         NA  2.5600906  4.7231227         NA  2.9807448         NA
[175] 10.4457602         NA         NA 14.6308884 15.2813460 12.5019608
[181]  2.8199303  2.2225348  2.7542472  2.4254844         NA 14.0270573
[187]  1.6785618 10.8053216 11.8311281 12.6044515 10.9697037         NA
[193]         NA         NA         NA  2.1005609  1.6562431         NA
[199]         NA         NA 11.9542542 13.2710845         NA  3.9816790
[205]  3.1697589  1.8317733         NA         NA         NA  0.6954540
[211]  1.4217206  5.0013685         NA         NA  2.3234152  3.4603024
[217]         NA         NA

$TS
  [1] 49.26651148 48.52482610 48.28622184 45.83711750 47.83954695 42.52346927
  [7] 41.20833383 40.92203060 27.85305406 25.40914015 45.21270642 38.96060698
 [13] 41.83703705 41.05910173 35.84939367 24.01580429 26.31118892 40.83126182
 [19] 29.37716189 40.53906750 40.53838858 37.77494504 23.69037931 19.88365783
 [25] 27.73264548 26.62360002 36.58242784 36.49379246 34.10487246 30.91334814
 [31] 21.84498658 18.89061952 36.09792756 29.51699176 29.36256671 15.45153289
 [37] 15.17073548 35.34357611 27.37288352 29.14821020 26.94144224 28.97113419
 [43] 26.74765693 31.07774089 19.50911248 14.32838151 24.32234102 21.21653892
 [49] 19.18928169 16.13626888 29.00872657 23.24741615 22.92889447 21.67903828
 [55] 15.69032410 21.46019951 20.51428864 20.26998763 19.87169187 26.42181229
 [61] 25.91990826 29.52430731 22.98043522 16.94133701 13.71768315 18.12890344
 [67] 17.33368671 16.14015034 16.39590809 12.93154649 10.88920419  8.80600342
 [73]  5.88690103  3.73832892  3.68792146  2.20566513 13.04346709 24.87085974
 [79] 20.00207108 21.23998615 19.76177171 19.40508021 15.95565346 12.88144417
 [85]  9.90710782  8.09094646 22.45818797 22.01207241 16.16922804 23.07574297
 [91] 14.85258631 29.30679820 25.59752616 21.58500591 21.07644639 15.52963532
 [97] 14.29430501  8.67691875  8.52656080  6.51870630  5.73627101  7.26258282
[103]  4.93272742  1.55600808  0.01505128  0.14541107 19.14666358 14.98860282
[109] 19.64221895 16.71634761 12.95064334 11.93299540  9.67932605  8.78301393
[115]  8.73363861  8.02587648  5.92745273 22.05053213 21.32591496 18.73622636
[121]  6.73160674 15.53858763 22.77281846 25.55900727 16.70526324 20.83434909
[127] 12.92893235  8.05114261  7.63289538  4.46360402  5.41101035  0.61848630
[133]  0.35327790  6.07411141  5.51361121 17.12951675  9.02283769  7.46989295
[139]  6.59725406  6.65879399  6.89688885  5.50527749  5.23898958  4.19149052
[145]  2.77311011  8.46141027  7.66307036  5.46401865  4.97662881 19.58010491
[151] 18.52277691 14.96157180  6.02910871 15.01391329 17.65562192 17.14308727
[157] 16.61493034 19.99943382  3.81033597  3.34259452  2.74065437  4.62742869
[163]  1.18629913  2.31838976  2.08543722  7.26217786  5.65943614  5.14426882
[169]  2.57995112  5.88030500  6.21881704  1.71145562  4.41375055  1.20211691
[175] 15.17282371  3.53621498  1.70486257 18.64695222 18.28657111 16.46991280
[181]  4.61304071  2.51260957  4.64345744  3.48110728  3.53334807 14.34397268
[187]  2.01953186 17.87127194 16.79346823 18.05392115 13.77503459  4.07268446
[193]  4.07112133  3.19229019  3.04615833  3.04382123  2.53617870  2.49648840
[199]  0.83513525 13.71972791 12.78536322 13.79112604  1.89881537 11.35065098
[205]  8.99954290  3.37288106  2.58664932  1.44416912  6.13230712  7.64691129
[211]  1.74912554  5.94468306  1.21029941  7.10179590  3.67337082  4.42557410
[217]  0.01329581  4.40213624

$PAR
  [1]  NA   1   1   1   2   3   3   3   3   3   4   4   5   5   7   7   9  11
 [19]  13  14  14  14  16  16  19  19  22  22  22  22  23  24  27  27  27  32
 [37]  32  33  33  34  34  35  35  38  38  38  39  39  39  39  40  41  41  41
 [55]  41  42  42  42  42  43  43  44  44  44  44  45  45  48  49  49  49  49
 [73]  49  49  49  49  50  51  53  56  56  57  58  58  58  58  60  60  60  61
 [91]  61  62  62  63  63  64  64  64  64  69  69  72  72  72  74  75  79  79
[109]  80  82  83  83  85  85  85  86  86  87  88  88  88  89  90  92  92  94
[127]  96  98  99  99 101 101 101 102 102 107 112 112 112 113 114 114 114 114
[145] 114 115 116 117 117 118 118 118 121 122 123 123 123 126 129 129 129 131
[163] 131 137 137 138 138 138 138 140 141 145 146 149 150 153 153 158 158 158
[181] 166 166 167 168 170 175 176 178 178 179 180 181 183 183 183 184 184 185
[199] 185 188 188 189 198 200 200 200 200 200 204 205 207 209 209 210 210 214
[217] 214 216

$EXTANT
  [1] FALSE FALSE FALSE FALSE FALSE FALSE FALSE FALSE FALSE FALSE FALSE FALSE
 [13] FALSE FALSE FALSE FALSE FALSE FALSE FALSE FALSE FALSE FALSE FALSE FALSE
 [25] FALSE FALSE FALSE FALSE FALSE FALSE FALSE FALSE FALSE FALSE FALSE FALSE
 [37] FALSE FALSE FALSE FALSE FALSE FALSE FALSE FALSE FALSE FALSE FALSE FALSE
 [49]  TRUE FALSE FALSE FALSE FALSE FALSE FALSE FALSE FALSE FALSE FALSE FALSE
 [61] FALSE FALSE FALSE  TRUE FALSE FALSE FALSE FALSE  TRUE FALSE FALSE FALSE
 [73] FALSE  TRUE FALSE FALSE FALSE FALSE FALSE FALSE FALSE FALSE FALSE FALSE
 [85] FALSE FALSE FALSE  TRUE FALSE FALSE FALSE FALSE FALSE FALSE FALSE FALSE
 [97] FALSE FALSE  TRUE  TRUE  TRUE FALSE FALSE  TRUE  TRUE  TRUE FALSE FALSE
[109] FALSE FALSE FALSE  TRUE FALSE  TRUE FALSE FALSE FALSE FALSE FALSE FALSE
[121]  TRUE FALSE FALSE FALSE FALSE FALSE FALSE  TRUE  TRUE  TRUE  TRUE  TRUE
[133]  TRUE FALSE  TRUE FALSE FALSE  TRUE  TRUE FALSE FALSE  TRUE  TRUE  TRUE
[145]  TRUE  TRUE FALSE  TRUE  TRUE FALSE FALSE FALSE  TRUE FALSE FALSE FALSE
[157] FALSE FALSE  TRUE  TRUE FALSE FALSE  TRUE  TRUE  TRUE  TRUE  TRUE FALSE
[169]  TRUE FALSE FALSE  TRUE FALSE  TRUE FALSE  TRUE  TRUE FALSE FALSE FALSE
[181] FALSE FALSE FALSE FALSE  TRUE FALSE FALSE FALSE FALSE FALSE FALSE  TRUE
[193]  TRUE  TRUE  TRUE FALSE FALSE  TRUE  TRUE  TRUE FALSE FALSE  TRUE FALSE
[205] FALSE FALSE  TRUE  TRUE  TRUE FALSE FALSE FALSE  TRUE  TRUE FALSE FALSE
[217]  TRUE  TRUE

