
Birth-death simulation object with 100 species and 35 extant species

Details for some species:

Extinction times (NA means extant)
[1] 39.51854 43.27111 45.08731 39.25975 36.17279 32.78493


Speciation times 
[1] 49.26651 47.07975 45.28270 44.49644 40.54925 40.37795


Species parents (NA for initial)
[1] NA  1  1  1  1  4


Species status (extinct or extant)
[1] "extinct" "extinct" "extinct" "extinct" "extinct" "extinct"


For more details on vector y, try sim$y, with y one of
TE TS PAR EXTANT



$TE
  [1] 39.518537 43.271107 45.087312 39.259745 36.172791 32.784933 31.863827
  [8] 34.084152 33.908301 32.450315 13.410902 27.910164 29.728875 19.679131
 [15] 13.356501 29.311997 22.291598 25.053255 30.397379 14.937599 16.101716
 [22] 13.773014 24.264022 16.517163 29.078041 13.437381 19.283742 22.560874
 [29] 15.074524 15.175507 13.950034 16.130745  7.314165 10.735658 19.595230
 [36] 11.910910 14.485715 11.919853 15.936889 12.749049 15.045634        NA
 [43] 12.407210  8.484362 12.785891 15.841764 14.240814 11.721776 13.553713
 [50]  7.059493  7.450074  4.973669  6.904978  4.895460        NA 14.060079
 [57] 11.473624 11.204324        NA 14.637547 15.084752        NA 11.575276
 [64] 11.004866 10.780673        NA  4.389980        NA        NA        NA
 [71]  4.023862        NA        NA        NA        NA        NA        NA
 [78]        NA  3.099578        NA        NA        NA        NA        NA
 [85]        NA        NA        NA        NA        NA        NA  1.580313
 [92]        NA        NA        NA        NA        NA        NA        NA
 [99]        NA        NA

$TS
  [1] 49.26651148 47.07975212 45.28270156 44.49643661 40.54924915 40.37794780
  [7] 40.05999880 36.91900473 37.31475459 36.26460012 36.05579106 35.54009223
 [13] 30.41720763 22.90197113 15.97134391 34.39135980 34.10787146 29.56060360
 [19] 33.22404119 27.84170175 24.16717843 28.32790809 27.56631387 26.91290484
 [25] 30.49891201 23.25992400 21.27647308 28.00953879 22.15832391 21.07903565
 [31] 19.89574146 20.89833023 18.72440262 13.98288589 21.22509161 19.77539722
 [37] 19.57881504 15.74050669 20.85581669 16.51748763 17.17751832 11.30678098
 [43] 16.46429549 13.83625567 17.38743355 16.97749762 15.68884975 12.46328299
 [49] 20.80733479 16.27603932  8.13287072  8.06190180  7.62442372  5.85679610
 [55]  4.96185656 15.81773146 12.67741825 11.22795072 14.89302706 18.81765449
 [61] 16.05606971  7.07408202 11.65691771 11.40455647 11.32737671 10.40797742
 [67]  7.19202877  1.25869015  0.68065586  0.50328431  6.21413019  5.89288606
 [73]  5.60708673  3.83023875  2.38048390  0.87654414  0.28668022  0.16145803
 [79]  3.64608402  3.04302915  5.92770397  3.71904447  0.75437354  0.42842981
 [85]  4.31745739  0.02606234  4.57820401  2.75649611  1.86952643  0.15532741
 [91]  4.25377776  3.69494247  1.73046181  2.04217012  0.17532540  1.59881578
 [97]  0.17736424  0.08771868  1.13582171  0.11451526

$PAR
  [1] NA  1  1  1  1  4  4  5  7  7  8  8 11 11 11 12 12 12 16 17 17 18 18 18 19
 [26] 20 20 22 22 24 24 26 26 26 27 29 31 31 32 32 33 33 36 36 37 37 37 38 39 40
 [51] 42 42 42 42 42 43 44 44 47 49 49 52 59 59 59 59 59 59 59 59 62 62 62 62 62
 [76] 62 62 62 66 66 67 72 72 72 73 80 81 82 82 83 85 91 91 92 92 93 93 93 96 99

$EXTANT
  [1] FALSE FALSE FALSE FALSE FALSE FALSE FALSE FALSE FALSE FALSE FALSE FALSE
 [13] FALSE FALSE FALSE FALSE FALSE FALSE FALSE FALSE FALSE FALSE FALSE FALSE
 [25] FALSE FALSE FALSE FALSE FALSE FALSE FALSE FALSE FALSE FALSE FALSE FALSE
 [37] FALSE FALSE FALSE FALSE FALSE  TRUE FALSE FALSE FALSE FALSE FALSE FALSE
 [49] FALSE FALSE FALSE FALSE FALSE FALSE  TRUE FALSE FALSE FALSE  TRUE FALSE
 [61] FALSE  TRUE FALSE FALSE FALSE  TRUE FALSE  TRUE  TRUE  TRUE FALSE  TRUE
 [73]  TRUE  TRUE  TRUE  TRUE  TRUE  TRUE FALSE  TRUE  TRUE  TRUE  TRUE  TRUE
 [85]  TRUE  TRUE  TRUE  TRUE  TRUE  TRUE FALSE  TRUE  TRUE  TRUE  TRUE  TRUE
 [97]  TRUE  TRUE  TRUE  TRUE

