
Birth-death simulation object with 198 species and 85 extant species

Details for some species:

Extinction times (NA means extant)
[1] 45.38447 22.05531 43.28174 29.01895 32.44592 27.37053


Speciation times 
[1] 49.26651 46.42866 45.87448 41.25147 37.77647 33.61922


Species parents (NA for initial)
[1] NA  1  2  2  2  2


Species status (extinct or extant)
[1] "extinct" "extinct" "extinct" "extinct" "extinct" "extinct"


For more details on vector y, try sim$y, with y one of
TE TS PAR EXTANT



$TE
  [1] 45.38447400 22.05531035 43.28173822 29.01895131 32.44591584 27.37052640
  [7] 44.58222028 20.23690499  3.09948335 27.76300193 43.03629923 29.61889526
 [13] 18.84255694 14.20600903 27.16335545 26.53390456 23.18326287 11.37822205
 [19]          NA          NA 42.06955013 31.49665425 31.11639240 15.07837830
 [25] 14.79673606 17.31910699 14.34376967  4.06835411  3.88056103          NA
 [31]          NA          NA          NA 15.58290562 14.84863709 13.75372836
 [37]          NA 22.78412878 20.18709892 14.30829363 12.17879890  2.81127202
 [43]          NA  5.02842794  3.56243957          NA          NA          NA
 [49]          NA 14.41994352 18.32331717 21.11737558 16.49865807 15.14268602
 [55] 15.01792565 13.32461609  5.90709999  2.44860018          NA          NA
 [61]  0.08954717  2.95113611          NA          NA          NA          NA
 [67]          NA          NA          NA 14.97859757 18.13258342 15.19414477
 [73] 15.92880108 11.44958219 14.33685345 12.41967249          NA  2.80979697
 [79]  3.10477860          NA          NA  0.08378315 16.47384456  3.43561664
 [85] 12.29292987 15.89454318 14.94061723 12.07977882 10.64459581 12.94528002
 [91]  0.86334556  0.75232497          NA 19.18487034 11.30997139  2.53453318
 [97]  7.29006816 19.30347589 14.73372912 13.30304335 11.71838741 13.86055881
[103] 11.97482956  4.94588745  3.21656625  0.17612462  7.68997668          NA
[109]          NA  7.64010295          NA          NA          NA          NA
[115]  7.67821155  6.80142522  4.50142862          NA          NA  1.13137435
[121]  1.59852507  2.77784539  0.45642406          NA          NA          NA
[127]          NA          NA  2.43771436  7.82082541          NA  3.56819959
[133]          NA          NA  4.89022552          NA          NA          NA
[139]          NA          NA  0.13333064  3.16822482          NA          NA
[145]          NA          NA          NA          NA          NA          NA
[151]          NA          NA          NA  2.52033588          NA          NA
[157]          NA          NA          NA  3.17314156          NA          NA
[163]  2.33640836          NA  1.40649899          NA  5.91228328  1.48401578
[169]          NA          NA          NA  1.42754889          NA          NA
[175]  2.35265082  2.35277984          NA          NA  0.87051855          NA
[181]          NA          NA  0.45995778          NA          NA  5.15663887
[187]  0.92699266          NA  0.20426464          NA          NA          NA
[193]          NA  2.38404082  0.19681846  0.19108398          NA          NA

$TS
  [1] 49.26651148 46.42866317 45.87448392 41.25146569 37.77646621 33.61921621
  [7] 45.71346693 33.20106795 31.71956331 30.40388860 45.46971347 44.82780542
 [13] 22.07515309 21.85784871 28.92691556 27.03525110 23.48608688 12.99800544
 [19] 12.47269843 11.30417640 44.31914833 39.93099858 33.98798045 22.05211208
 [25] 21.84011693 17.85266842 17.60240569  4.26605434  6.89907873  4.99318896
 [31]  3.21602157  1.79546078 37.03239855 17.30488426 20.62489708 16.00820005
 [37]  4.80475693 33.34873183 23.34987974 18.49474125 13.46605724 10.30633895
 [43]  7.93557985  5.93092555  4.76924988  0.18074002  3.26619024  2.65601233
 [49]  2.65395202 31.85690320 28.94382534 23.31984505 17.64877521 17.61971971
 [55] 16.17803411 15.07284227  8.74012555  7.83746953  5.47208307  5.78906575
 [61]  4.55761446  4.51186413  4.09867680  3.65392364  1.51281750  2.09310436
 [67]  1.83574927  1.22211337  0.02233204 24.47205745 18.47877066 15.92695422
 [73] 22.65997854 19.78631787 17.42609789 17.04617539  6.77959087  5.90423735
 [79]  5.69409693  3.19306850  4.95322523  3.27612222 21.03097026 15.71765157
 [85] 19.88613942 19.56679822 15.19054304 14.94518652 11.53915791 13.46807121
 [91]  2.84828688  3.60880320  2.27628932 20.81887252 13.56469596  9.98555984
 [97]  9.83468619 19.31586641 18.92159917 16.97953247 12.41161041 17.03900714
[103] 16.92989773 13.03057310 12.28423740  1.56306078  9.33234946  8.27586309
[109] 10.27371835  9.21995740  8.60839705  7.30230073  3.91102408  8.76188622
[115]  8.21254136  8.04576526  4.73068087  3.56054939  0.93937599  9.71261768
[121]  6.17036126  6.03592762  1.00400409  6.30417928  0.21772616  5.80451143
[127]  3.72150154  2.97334178  7.98954941  7.88968719  7.28631630  5.59671284
[133]  4.32246520  5.50952679  5.61922660  2.79764807  0.44830813  0.26528491
[139]  7.77856763  7.40422971  3.43171678  4.09987870  5.22793574  3.83343169
[145]  1.16545881  0.59538823  5.35995971  1.72115740  0.20514531  1.73107398
[151]  5.99582239  5.48799843  5.00870711  7.36517156  6.80973114  2.06915408
[157]  4.12260840  0.23927384  2.58850531  3.78312129  4.58040194  1.20770512
[163]  7.35186902  5.10939452  4.02623682  3.72911752  6.79043618  1.65209968
[169]  0.41324598  3.89620686  1.44845075  3.48498308  3.64472333  1.03564814
[175]  4.85612508  3.46220652  0.33775381  1.11445149  6.51541827  2.82714155
[181]  1.82962771  1.39515740  1.02059912  0.47847170  0.68257817  6.37043392
[187]  5.86615587  5.10623177  4.70233793  2.44057513  0.76407134  0.76786491
[193]  0.60273194  2.74034383  3.38156301  2.07166753  1.72982601  0.47229995

$PAR
  [1]  NA   1   2   2   2   2   3   6   6   6   7   7   8   8   9   9   9   9
 [19]   9   9  12  12  12  13  13  14  14  19  20  20  20  20  22  24  25  25
 [37]  30  33  33  33  33  33  33  33  33  33  37  37  37  38  38  39  40  40
 [55]  40  40  42  42  42  43  43  43  43  45  47  49  49  49  49  50  50  50
 [73]  51  51  53  54  58  58  58  59  60  62  70  72  73  74  74  74  74  76
 [91]  80  81  82  83  84  84  84  85  85  85  85  86  86  88  88  91  97  97
[109] 104 104 105 105 105 107 107 108 108 108 108 109 109 109 109 111 112 114
[127] 114 114 116 116 120 120 121 122 124 126 126 128 129 129 129 131 132 132
[145] 133 133 134 134 134 136 139 139 139 140 140 140 143 148 151 152 153 153
[163] 154 154 154 154 155 155 155 157 159 160 161 161 163 164 164 166 167 170
[181] 170 171 171 171 178 179 179 179 179 180 180 181 185 187 189 189 190 190

$EXTANT
  [1] FALSE FALSE FALSE FALSE FALSE FALSE FALSE FALSE FALSE FALSE FALSE FALSE
 [13] FALSE FALSE FALSE FALSE FALSE FALSE  TRUE  TRUE FALSE FALSE FALSE FALSE
 [25] FALSE FALSE FALSE FALSE FALSE  TRUE  TRUE  TRUE  TRUE FALSE FALSE FALSE
 [37]  TRUE FALSE FALSE FALSE FALSE FALSE  TRUE FALSE FALSE  TRUE  TRUE  TRUE
 [49]  TRUE FALSE FALSE FALSE FALSE FALSE FALSE FALSE FALSE FALSE  TRUE  TRUE
 [61] FALSE FALSE  TRUE  TRUE  TRUE  TRUE  TRUE  TRUE  TRUE FALSE FALSE FALSE
 [73] FALSE FALSE FALSE FALSE  TRUE FALSE FALSE  TRUE  TRUE FALSE FALSE FALSE
 [85] FALSE FALSE FALSE FALSE FALSE FALSE FALSE FALSE  TRUE FALSE FALSE FALSE
 [97] FALSE FALSE FALSE FALSE FALSE FALSE FALSE FALSE FALSE FALSE FALSE  TRUE
[109]  TRUE FALSE  TRUE  TRUE  TRUE  TRUE FALSE FALSE FALSE  TRUE  TRUE FALSE
[121] FALSE FALSE FALSE  TRUE  TRUE  TRUE  TRUE  TRUE FALSE FALSE  TRUE FALSE
[133]  TRUE  TRUE FALSE  TRUE  TRUE  TRUE  TRUE  TRUE FALSE FALSE  TRUE  TRUE
[145]  TRUE  TRUE  TRUE  TRUE  TRUE  TRUE  TRUE  TRUE  TRUE FALSE  TRUE  TRUE
[157]  TRUE  TRUE  TRUE FALSE  TRUE  TRUE FALSE  TRUE FALSE  TRUE FALSE FALSE
[169]  TRUE  TRUE  TRUE FALSE  TRUE  TRUE FALSE FALSE  TRUE  TRUE FALSE  TRUE
[181]  TRUE  TRUE FALSE  TRUE  TRUE FALSE FALSE  TRUE FALSE  TRUE  TRUE  TRUE
[193]  TRUE FALSE FALSE FALSE  TRUE  TRUE

