
Birth-death simulation object with 314 species and 40 extant species

Details for some species:

Extinction times (NA means extant)
[1] 30.59284 50.22463 41.99529 32.24563 22.06633 26.04158


Speciation times 
[1] 52.75889 50.29874 48.98777 37.06180 48.08951 34.24771


Species parents (NA for initial)
[1] NA  1  1  1  3  4


Species status (extinct or extant)
[1] "extinct" "extinct" "extinct" "extinct" "extinct" "extinct"


For more details on vector y, try sim$y, with y one of
TE TS PAR EXTANT



$TE
  [1] 30.59283611 50.22462693 41.99529289 32.24562787 22.06632647 26.04158209
  [7] 30.00859756 39.07721784 31.37469531 28.01967073 14.86523067 37.69123609
 [13] 37.44401076 41.90432418 41.88227870 39.16825557 21.39397242 32.41688668
 [19] 24.78810163 29.47871674 17.42912062 33.07049465          NA 15.07766985
 [25] 19.71029981 18.71892185 20.94499089 17.16531758 12.71392002 16.52597269
 [31] 16.92179478 31.24412417 35.85105206 40.85924206 27.66692066 34.00260855
 [37] 36.34437050 35.74079114 25.41617626 43.57831580 34.11938073 19.34516035
 [43] 17.06122890 29.44590460 15.94918103 25.26659092 22.40226111 15.67252871
 [49] 11.30676739 29.98812592 27.63568728 25.84460081 32.23395846 11.49940227
 [55]          NA  1.05214540          NA          NA 14.89956378 19.55554202
 [61] 14.31925504 18.38247892 16.23384597 13.39327930 14.24173771 36.58332974
 [67] 38.27659473 37.48760035 38.57116934 29.59262855 27.27110853 25.95160241
 [73] 27.27316521 29.32045539 20.00115805 28.01891853 16.70668155 24.16787212
 [79] 22.01632288 18.86266256 23.17628962 15.64410062 18.27714568 18.74497652
 [85] 16.16853265 28.81885712 18.83716808 18.97255840 13.17998290 17.76146847
 [91] 17.80716063 12.07513367 27.66417938 18.75800595 26.16902094  2.53437147
 [97]  2.45907738  2.07437145          NA          NA 17.24020930 16.10746155
[103] 15.14824628 37.74822338 36.50689142 26.40043268 27.57157353 22.86166823
[109] 23.46637310 22.17735155 34.79226389 30.82590401 21.03419030 18.70774755
[115] 17.66024254 17.50132536 25.45649577 24.67279719 13.90937823 18.51259299
[121] 20.58484942 13.05361929 18.96767225 19.77518368 16.87157692 19.56780575
[127] 14.83719672 22.45713734 21.66812548 26.45052009 20.38435731 18.15103262
[133] 17.13882401 20.23321530 17.94691460 11.32973533 17.55066380 16.41357539
[139] 17.16199486 19.28422102 27.82733078 17.19837168 17.49672035 14.41997876
[145]          NA 34.67382153          NA          NA 22.78749463 24.22433801
[151] 18.37355122 18.25315481 19.03211666 14.75731612 28.29139040 26.82615041
[157] 17.33687789 20.19842434 16.17012643 10.57434674 14.39487172 12.71327318
[163] 11.21451828 14.19841715  9.03876515  9.18974655 23.50829296 20.96892049
[169] 20.10591768 24.34045163 17.83759080 16.12062948 10.62870913 12.62474256
[175]  9.52016393 14.79767303 18.36379069 19.64616288 17.01069415 15.73243767
[181] 12.70431465 13.45866012 15.95764925 17.21454136 16.02453435 13.20642402
[187] 18.13785084 24.17373280 17.58905150 15.45715116 13.07357800  7.81968753
[193]          NA          NA          NA  0.91309801          NA  0.64595468
[199]  1.86146782          NA          NA          NA 11.40939593 13.45170293
[205] 21.71351045 18.86026852 19.06485361 22.26860582 15.15424276  0.01212995
[211] 11.13206861          NA 18.07772159  9.39222235 10.09282390 16.99892210
[217] 22.21313325 19.31747360 15.76562111 15.44327564  5.90784153 16.87531539
[223]  9.80339906 15.86620395 14.46328389 20.82783012 13.05668939  9.42526447
[229] 18.89947522 17.42145856 20.77280526          NA          NA  3.03214453
[235]          NA 14.93860826 11.12025019 13.38599057 18.98676722 20.32998027
[241]          NA  9.09869959  8.16691877  1.03669948 19.68434649 23.60439210
[247] 17.05421892 13.31132663 17.53194438 18.08482911 12.21069151 12.88501285
[253] 10.98503895  7.62011702 17.25108595 18.83800844  9.50051610 11.45032105
[259]  9.96073745 11.35540489 12.87195558          NA 16.71233626 15.52151026
[265] 18.12005681 12.94037721  8.98988930  3.88479471          NA 10.54705675
[271] 16.29866011 13.79470507 11.14887260 11.69167011 10.67381572  6.10632952
[277] 12.61255373 12.52241087 11.51781664  7.77619301  6.40879823  2.79023374
[283]  3.32245879 16.39111774          NA          NA  5.25742762  4.65989366
[289]  3.99408859  1.62224405          NA          NA 16.72678999          NA
[295]          NA  1.78503471          NA 15.84030167  2.56828260          NA
[301]  4.92657935          NA  2.35219228          NA          NA          NA
[307]  2.15985074  2.66005744          NA          NA          NA          NA
[313]          NA  0.59809735

$TS
  [1] 52.75889149 50.29874497 48.98777482 37.06180464 48.08950744 34.24770683
  [7] 47.46861171 46.71040629 46.12323521 28.94678669 24.91385641 44.88140202
 [13] 44.24881427 42.45075228 44.05428793 43.32573232 42.30745994 44.09169560
 [19] 40.94553450 38.47812483 38.13267003 36.66341527 28.20507449 23.22727823
 [25] 23.09032908 22.86313659 21.07891092 21.03916561 19.97050993 18.30668686
 [31] 17.82245230 44.83158703 40.91543376 43.52188438 41.14156083 40.39544162
 [37] 39.76126744 38.12055644 34.61176768 43.97977442 36.59466904 39.02405024
 [43] 33.00308257 33.78725152 33.58055109 30.33016797 24.47024236 22.83302640
 [49] 17.81122581 36.65788355 36.38739084 34.69710395 33.43699014 13.44107733
 [55]  8.82423009  6.51317599  6.21838005  5.56107422 15.29219406 20.63706904
 [61] 20.16925944 19.75743431 17.99180163 17.67726482 14.81676498 40.71597575
 [67] 40.65665453 37.76737771 41.18029014 34.28749045 34.00637316 30.64694220
 [73] 28.64232423 37.12906881 37.23658178 33.44586454 31.75704857 31.16507933
 [79] 28.24470002 29.14485617 28.26051574 24.98090381 23.38033258 22.49800833
 [85] 19.86156257 33.22296258 27.91964972 20.37386481 16.10932505 22.94694768
 [91] 18.53557107 16.96315467 36.06966609 30.10461545 27.00613834  5.74179767
 [97]  3.46200304  3.25007663  1.38517016  2.08654929 17.90049629 16.61528816
[103] 15.67991737 38.11261254 37.04443353 30.42585414 27.61716672 30.17049498
[109] 27.72058487 28.08618797 36.04097114 31.43672883 28.59229221 27.12016573
[115] 23.13298910 22.07183386 30.47039262 28.84472166 28.49066258 25.08079248
[121] 20.60327138 20.53762642 19.43103529 28.39956470 27.71131810 27.33492592
[127] 26.95033749 26.91046001 24.44480058 27.78344791 25.65229269 19.81012496
[133] 19.21207986 28.25749487 27.15317495 22.31387747 19.20910484 18.31464489
[139] 19.25112543 31.10874461 30.13484469 27.20595180 21.63446340 17.94969085
[145] 14.79243672 35.32995536  5.41271565  2.54260521 28.74448278 25.76118184
[151] 26.75740843 25.25977121 27.06205462 24.72412459 28.59495209 27.78686654
[157] 25.81167942 27.46716949 19.86279910 18.62529230 15.72366099 15.70510684
[163] 14.54532752 20.75265119 20.01448420 14.05152599 23.80973095 22.84657524
[169] 22.59937529 26.30502942 22.02560525 20.56931616 17.83424919 27.58378979
[175] 23.61325724 21.51766833 19.89880114 19.66567489 18.49349794 18.13921813
[181] 13.77935200 16.60218652 17.37722236 29.54561164 24.69350393 22.24252809
[187] 29.34198288 24.95268717 21.91998176 18.74660574 14.97262384  8.05018100
[193]  5.82548244  2.98184098  2.53205029  2.02272685  1.98482861  4.03017907
[199]  2.41274082  1.86165818  0.74907294  0.19135765 22.18117498 21.73835686
[205] 25.43553158 19.35386526 20.38387797 23.49625182 22.46413921 12.82384900
[211] 11.37031258  9.97031630 22.74741717 12.31580322 11.13881566 25.53827621
[217] 23.31800829 22.36297829 18.33900929 17.44002270 15.52329377 18.56263411
[223] 16.00598474 18.47584953 27.86651048 24.92174960 23.12436328 20.93270774
[229] 20.48824740 18.71580156 21.64170316  0.44705466  1.20258781  3.54836736
[235]  1.20560233 21.75600228 15.21260417 14.66035964 20.36307976 22.79602735
[241]  5.57227810 11.35206138  8.46087473  8.42056647 22.41133372 24.79364774
[247] 23.11501870 22.97289694 20.90439549 19.61654872 17.24988631 16.62744995
[253] 12.21490646  9.90963936 27.56921529 24.41907888 15.37485526 13.78357814
[259] 15.44681758 14.27319965 14.14577371 13.60276695 17.16159901 21.39906951
[265] 18.85432726 17.10630145  9.10789937  8.33352024  7.64652871 23.05756192
[271] 21.87373223 15.26223587 13.10289424 12.92064200 10.92686390 10.80317541
[277] 13.70178093 13.62033735 12.06647799  8.16987520  8.13672594  7.42440861
[283]  6.95940835 17.92930820  8.20123320  7.56320384  7.42446870  6.58967421
[289]  6.49180213  3.25613588  1.34952437  0.03781732 19.91333656  7.27425571
[295]  5.03217559  5.37205232  3.38703757 17.30970683  4.73356611  0.29205505
[301]  7.32603195  6.46765544  5.50457495  4.78458444  1.99036570  5.56198145
[307]  5.21414979  3.45654549  1.91344020  6.28032065  2.85620660  3.67071561
[313]  0.21445227  2.78139315

$PAR
  [1]  NA   1   1   1   3   4   5   5   5   5   5   7   7   7   8   8   8   9
 [19]   9   9   9   9  10  11  11  11  11  11  11  11  11  12  13  15  16  17
 [37]  17  17  17  18  18  19  20  21  21  21  21  21  21  22  22  22  22  23
 [55]  23  23  23  23  24  25  26  26  29  29  29  33  33  33  34  35  35  35
 [73]  35  36  38  39  39  39  39  42  42  42  42  42  42  44  45  45  45  47
 [91]  48  48  50  51  52  55  55  56  56  57  63  64  64  66  66  71  71  72
[109]  72  73  75  75  75  75  75  75  76  76  76  77  77  77  77  78  78  78
[127]  78  78  79  80  80  80  80  81  81  82  82  83  84  86  86  87  90  90
[145]  92  93  96  98 106 109 110 110 113 114 117 117 117 119 119 119 119 119
[163] 119 120 120 122 124 125 125 127 129 131 133 134 134 135 135 135 136 136
[181] 136 138 139 140 140 140 141 142 142 142 144 145 145 145 145 145 145 147
[199] 147 147 147 147 151 152 153 154 157 158 158 160 163 166 168 173 173 174
[217] 174 174 174 174 174 175 176 179 184 184 185 186 186 186 187 195 197 198
[235] 198 203 203 203 204 205 210 211 212 212 213 216 216 216 216 216 216 219
[253] 221 223 225 226 227 227 236 237 237 237 247 248 249 251 254 254 254 255
[271] 256 257 257 257 257 257 258 259 259 262 262 262 262 264 268 268 269 269
[289] 269 269 269 269 270 281 282 283 283 284 285 285 287 287 289 289 290 294
[307] 294 294 296 301 304 306 306 311

$EXTANT
  [1] FALSE FALSE FALSE FALSE FALSE FALSE FALSE FALSE FALSE FALSE FALSE FALSE
 [13] FALSE FALSE FALSE FALSE FALSE FALSE FALSE FALSE FALSE FALSE  TRUE FALSE
 [25] FALSE FALSE FALSE FALSE FALSE FALSE FALSE FALSE FALSE FALSE FALSE FALSE
 [37] FALSE FALSE FALSE FALSE FALSE FALSE FALSE FALSE FALSE FALSE FALSE FALSE
 [49] FALSE FALSE FALSE FALSE FALSE FALSE  TRUE FALSE  TRUE  TRUE FALSE FALSE
 [61] FALSE FALSE FALSE FALSE FALSE FALSE FALSE FALSE FALSE FALSE FALSE FALSE
 [73] FALSE FALSE FALSE FALSE FALSE FALSE FALSE FALSE FALSE FALSE FALSE FALSE
 [85] FALSE FALSE FALSE FALSE FALSE FALSE FALSE FALSE FALSE FALSE FALSE FALSE
 [97] FALSE FALSE  TRUE  TRUE FALSE FALSE FALSE FALSE FALSE FALSE FALSE FALSE
[109] FALSE FALSE FALSE FALSE FALSE FALSE FALSE FALSE FALSE FALSE FALSE FALSE
[121] FALSE FALSE FALSE FALSE FALSE FALSE FALSE FALSE FALSE FALSE FALSE FALSE
[133] FALSE FALSE FALSE FALSE FALSE FALSE FALSE FALSE FALSE FALSE FALSE FALSE
[145]  TRUE FALSE  TRUE  TRUE FALSE FALSE FALSE FALSE FALSE FALSE FALSE FALSE
[157] FALSE FALSE FALSE FALSE FALSE FALSE FALSE FALSE FALSE FALSE FALSE FALSE
[169] FALSE FALSE FALSE FALSE FALSE FALSE FALSE FALSE FALSE FALSE FALSE FALSE
[181] FALSE FALSE FALSE FALSE FALSE FALSE FALSE FALSE FALSE FALSE FALSE FALSE
[193]  TRUE  TRUE  TRUE FALSE  TRUE FALSE FALSE  TRUE  TRUE  TRUE FALSE FALSE
[205] FALSE FALSE FALSE FALSE FALSE FALSE FALSE  TRUE FALSE FALSE FALSE FALSE
[217] FALSE FALSE FALSE FALSE FALSE FALSE FALSE FALSE FALSE FALSE FALSE FALSE
[229] FALSE FALSE FALSE  TRUE  TRUE FALSE  TRUE FALSE FALSE FALSE FALSE FALSE
[241]  TRUE FALSE FALSE FALSE FALSE FALSE FALSE FALSE FALSE FALSE FALSE FALSE
[253] FALSE FALSE FALSE FALSE FALSE FALSE FALSE FALSE FALSE  TRUE FALSE FALSE
[265] FALSE FALSE FALSE FALSE  TRUE FALSE FALSE FALSE FALSE FALSE FALSE FALSE
[277] FALSE FALSE FALSE FALSE FALSE FALSE FALSE FALSE  TRUE  TRUE FALSE FALSE
[289] FALSE FALSE  TRUE  TRUE FALSE  TRUE  TRUE FALSE  TRUE FALSE FALSE  TRUE
[301] FALSE  TRUE FALSE  TRUE  TRUE  TRUE FALSE FALSE  TRUE  TRUE  TRUE  TRUE
[313]  TRUE FALSE

