
Birth-death simulation object with 276 species and 98 extant species

Details for some species:

Extinction times (NA means extant)
[1] 42.76159 46.67283 45.79216 23.01799 35.31181 21.92602


Speciation times 
[1] 52.75889 50.37322 47.95151 46.69485 45.50368 24.94425


Species parents (NA for initial)
[1] NA  1  1  2  4  4


Species status (extinct or extant)
[1] "extinct" "extinct" "extinct" "extinct" "extinct" "extinct"


For more details on vector y, try sim$y, with y one of
TE TS PAR EXTANT



$TE
  [1] 42.7615928 46.6728285 45.7921614 23.0179933 35.3118134 21.9260216
  [7]         NA 34.1474032 22.0840440 17.9854779 31.0876272 18.3427821
 [13] 15.5026158 16.9405814 15.8282683 14.4523919 31.6946817 26.7171367
 [19] 33.4913433 35.1826558 23.0538743 16.3070076 17.7996840 18.3548087
 [25] 18.4096197 24.3809818 22.2958626 15.4599336 19.3094546 15.8993597
 [31] 15.4552317 18.0123961 28.2893046 25.3114319 18.7142723 18.0434210
 [37] 19.1256036 18.4595800 12.4545164 14.2244856 21.6204485 12.9768528
 [43] 25.8244850 25.5438412 20.2524130 17.8414551 22.1695906 17.5290588
 [49] 17.7267640 17.2315469 12.5427323 16.9096940 12.4464276 26.6943321
 [55] 27.6164288 26.5426053 20.3426306 14.4718513 24.9956897  9.1936416
 [61] 10.0204770 17.2001339 18.0897942 12.2068510 17.5335076  9.2648243
 [67] 15.6699042 12.1579656 13.1173111 24.9517522 27.5021021 22.4625397
 [73] 12.2353561 18.1255522 21.1520524 25.7559657 18.5958101 17.6442586
 [79] 17.5675387 13.4627804 26.7937034 29.3761217 10.4100683         NA
 [85] 12.6824197 12.4524286  5.1516694 12.5616742 16.4356786 18.5678848
 [91] 10.4253404 14.8380088 10.9979745 17.5853515 15.3341533 18.0300066
 [97] 15.8798244 15.4444935 14.5571029 11.5593188 28.0939112 18.7686233
[103] 11.5762789         NA         NA         NA         NA         NA
[109]  0.8426392 10.2750714  5.7409683         NA 16.6473516 15.0581080
[115] 17.0271021  2.1519515 14.2972182 15.4085034  9.3655878 18.9629566
[121] 18.7620984 18.8210519 19.2960211 16.8982880  2.2209612  2.6708738
[127]  8.2164422         NA         NA         NA         NA  2.3836000
[133]         NA         NA 11.7592775 15.7402179         NA         NA
[139]  6.4037026         NA         NA 15.3707580 13.8200860 14.2577387
[145]  6.4606015  0.7028570         NA         NA 19.3438067 20.1009808
[151] 16.1337053         NA         NA  4.2211690         NA         NA
[157]         NA         NA         NA         NA         NA 14.4346770
[163]  1.2976814         NA         NA  3.8001138         NA  9.8182032
[169]         NA  2.1569082  0.4911786  3.1490847         NA         NA
[175]  0.8005971  1.0229372 19.4287007         NA  3.1384873         NA
[181]         NA         NA         NA  4.4103923  5.9190302         NA
[187]         NA         NA         NA         NA         NA         NA
[193]  0.8080414         NA  4.0034883         NA         NA         NA
[199]  1.8947888         NA  3.0788125         NA         NA  5.1983824
[205]  2.1429093         NA         NA  2.7497331         NA         NA
[211] 18.3804821         NA  2.4645555         NA  4.3570680  0.6972467
[217]         NA         NA  3.9245640  2.2957562         NA  0.9521056
[223]  5.3144567  1.0335297  4.2404006         NA         NA         NA
[229]         NA         NA         NA         NA  0.3371368         NA
[235]  3.4294199         NA         NA         NA         NA  0.2374113
[241]         NA         NA         NA         NA  3.2618120         NA
[247]         NA  5.2157722         NA         NA         NA  1.6250057
[253]  0.1733416         NA         NA         NA         NA         NA
[259]         NA  2.6777276         NA  0.5690564  3.3426871         NA
[265]  1.5395227  4.3326109         NA         NA         NA  0.2547395
[271]  2.2848692         NA  2.4169388         NA  2.1767663         NA

$TS
  [1] 52.75889149 50.37321958 47.95150713 46.69485485 45.50368141 24.94425043
  [7] 40.16764487 40.10530855 36.54239558 22.59383430 34.97387141 33.65743721
 [13] 32.71252713 27.82346789 15.85962072 15.01539551 39.02687327 36.90759852
 [19] 35.96855556 36.23648324 23.32118486 22.48880963 19.23620344 32.59805148
 [25] 31.85815323 29.97861792 26.62967331 16.27773400 22.64389868 22.12937176
 [31] 21.30407566 18.33156336 35.10561112 34.64148792 20.37019353 18.84771987
 [37] 19.22110350 18.63450827 32.48785842 23.28164681 28.50487880 27.13273638
 [43] 26.70961539 26.08757687 22.87754567 18.80352429 26.30772089 22.52234785
 [49] 20.77531498 20.69322348 19.20348113 18.63397598 19.74519042 31.62079326
 [55] 29.13452235 29.45401929 27.77743607 26.52418924 31.22185815 12.70676374
 [61] 19.90401143 18.23830573 20.62994170 19.22075460 19.11257003 12.95349736
 [67] 17.77033209 16.76941435 14.58227641 27.81824571 28.16933391 27.03477420
 [73] 26.48005244 22.13857881 21.67788472 26.14552776 20.40741116 19.33861251
 [79] 18.49715767 17.48138228 30.64048888 30.12937059 11.92573205 15.10582634
 [85] 14.42740694 15.13035538 10.82260195 15.84464217 24.74506245 20.32749912
 [91] 20.21391438 19.77500814 13.34511939 21.58604646 20.76794475 19.01017685
 [97] 20.21498268 18.64556782 16.54612293 14.21415749 29.14359185 28.49274351
[103] 15.07999318 10.51890172  9.97212978  4.80336689  4.73709599  0.88275270
[109] 13.51111650 12.96773629  5.83469919 20.49277014 20.05127822 16.76855859
[115] 18.79750553 13.21312793 16.94190335 16.51750537 12.85275954 25.05278331
[121] 24.46301460 19.69639836 19.58145107 19.09696004  6.26764324  8.87031760
[127]  8.48786317  8.35755957  0.10343250  2.76537099  2.57317638  7.34950843
[133]  2.87233282  2.57634167 12.19614987 17.92237429  8.81372023  8.78293258
[139]  8.67905115  1.11900481  0.19955532 16.18445393 15.37092206 15.08718244
[145]  8.70294974  7.08165560  6.74533287  5.94690668 21.32364754 22.14599371
[151] 19.67863316  5.97438977  2.41902853  7.61642756  7.40128501  5.11045810
[157]  2.58152063  0.32201956  6.61969508  6.54640816  2.73395911 15.76462214
[163]  4.50902290  0.60815961  7.57512545  5.06385284  0.06231733 13.88048021
[169]  6.69179818  5.64400000  1.45620397  4.38873431  4.04718867  2.83887278
[175]  4.70488178  4.18984549 20.94024206  4.73449844  3.20783941  7.52657523
[181]  5.98626924  7.23874144  7.20003728  6.50076426  6.40489419  4.88090925
[187]  4.62373957  2.03554429  4.68172837  1.46018085  0.52294376  2.77177697
[193]  2.42716126  1.96551348  5.45564790  4.40100351  2.85679257  2.32759651
[199]  4.02165071  1.03381273  4.62019451  4.09227613  6.41818769  5.37067264
[205]  4.43821010  3.45983825  2.23899491  5.32541769  3.42677875  1.70129059
[211] 20.02335563  4.56086443  7.33015780  5.75251064  4.77730470  1.95907539
[217]  1.68360288  1.02233238  6.56644131  6.47749188  6.13858310  2.41654079
[223]  7.15815363  4.56762446  5.57702424  4.57378383  0.39918800  0.45907423
[229]  2.22978965  0.42357508  0.23247476  2.31886550  0.39267533  4.21361487
[235]  4.04083124  3.44653837  2.25202268  0.94208677  0.46323852  0.36525721
[241]  5.30235752  1.83052614  0.60297766  0.41856022  5.92141437  4.37127205
[247]  1.45894689  5.37037430  4.19382827  1.13291077  3.86636943  3.21419066
[253]  1.08217405  3.97453594  2.31097513  0.06361686  0.18919552  0.98801737
[259]  0.36012851  2.94308631  0.77390586  5.18688926  5.02799897  4.82175797
[265]  4.14449328  4.62570806  3.72051939  1.75103997  2.55925276  2.99392126
[271]  3.94902095  2.45152073  4.72763061  1.37148542  3.97716318  0.78780021

$PAR
  [1]  NA   1   1   2   4   4   5   5   5   6   7   7   7   7   7   7   8   8
 [19]   8   9   9  10  10  11  12  12  12  13  14  14  14  14  18  19  22  22
 [37]  23  23  24  24  25  25  25  25  25  25  26  29  29  30  30  30  31  33
 [55]  33  34  34  34  39  39  40  46  49  49  49  51  52  53  53  54  55  57
 [73]  57  57  57  58  58  58  58  58  59  59  60  61  61  64  66  68  73  73
 [91]  73  73  73  74  74  74  77  78  80  80  81  81  84  84  84  84  84  84
[109]  85  86  87  89  89  89  90  93  95  98 100 102 102 102 102 102 104 105
[127] 105 105 105 106 106 109 109 109 110 112 112 112 112 112 112 114 114 114
[145] 116 116 116 116 120 121 121 125 125 128 128 128 128 128 132 132 132 136
[163] 137 137 138 138 138 143 145 146 146 147 147 147 148 148 150 152 152 154
[181] 154 155 155 155 155 155 155 155 156 156 156 159 159 159 160 163 163 163
[199] 165 165 166 166 169 169 169 169 169 170 173 175 177 178 180 180 180 180
[217] 180 181 182 182 182 182 183 183 184 184 187 188 196 196 196 197 200 201
[235] 202 202 202 203 206 207 208 209 209 209 213 213 214 220 221 222 224 224
[253] 224 226 226 227 228 229 234 236 237 241 241 241 241 245 245 246 249 251
[271] 254 262 264 270 273 274

$EXTANT
  [1] FALSE FALSE FALSE FALSE FALSE FALSE  TRUE FALSE FALSE FALSE FALSE FALSE
 [13] FALSE FALSE FALSE FALSE FALSE FALSE FALSE FALSE FALSE FALSE FALSE FALSE
 [25] FALSE FALSE FALSE FALSE FALSE FALSE FALSE FALSE FALSE FALSE FALSE FALSE
 [37] FALSE FALSE FALSE FALSE FALSE FALSE FALSE FALSE FALSE FALSE FALSE FALSE
 [49] FALSE FALSE FALSE FALSE FALSE FALSE FALSE FALSE FALSE FALSE FALSE FALSE
 [61] FALSE FALSE FALSE FALSE FALSE FALSE FALSE FALSE FALSE FALSE FALSE FALSE
 [73] FALSE FALSE FALSE FALSE FALSE FALSE FALSE FALSE FALSE FALSE FALSE  TRUE
 [85] FALSE FALSE FALSE FALSE FALSE FALSE FALSE FALSE FALSE FALSE FALSE FALSE
 [97] FALSE FALSE FALSE FALSE FALSE FALSE FALSE  TRUE  TRUE  TRUE  TRUE  TRUE
[109] FALSE FALSE FALSE  TRUE FALSE FALSE FALSE FALSE FALSE FALSE FALSE FALSE
[121] FALSE FALSE FALSE FALSE FALSE FALSE FALSE  TRUE  TRUE  TRUE  TRUE FALSE
[133]  TRUE  TRUE FALSE FALSE  TRUE  TRUE FALSE  TRUE  TRUE FALSE FALSE FALSE
[145] FALSE FALSE  TRUE  TRUE FALSE FALSE FALSE  TRUE  TRUE FALSE  TRUE  TRUE
[157]  TRUE  TRUE  TRUE  TRUE  TRUE FALSE FALSE  TRUE  TRUE FALSE  TRUE FALSE
[169]  TRUE FALSE FALSE FALSE  TRUE  TRUE FALSE FALSE FALSE  TRUE FALSE  TRUE
[181]  TRUE  TRUE  TRUE FALSE FALSE  TRUE  TRUE  TRUE  TRUE  TRUE  TRUE  TRUE
[193] FALSE  TRUE FALSE  TRUE  TRUE  TRUE FALSE  TRUE FALSE  TRUE  TRUE FALSE
[205] FALSE  TRUE  TRUE FALSE  TRUE  TRUE FALSE  TRUE FALSE  TRUE FALSE FALSE
[217]  TRUE  TRUE FALSE FALSE  TRUE FALSE FALSE FALSE FALSE  TRUE  TRUE  TRUE
[229]  TRUE  TRUE  TRUE  TRUE FALSE  TRUE FALSE  TRUE  TRUE  TRUE  TRUE FALSE
[241]  TRUE  TRUE  TRUE  TRUE FALSE  TRUE  TRUE FALSE  TRUE  TRUE  TRUE FALSE
[253] FALSE  TRUE  TRUE  TRUE  TRUE  TRUE  TRUE FALSE  TRUE FALSE FALSE  TRUE
[265] FALSE FALSE  TRUE  TRUE  TRUE FALSE FALSE  TRUE FALSE  TRUE FALSE  TRUE

