
Birth-death simulation object with 355 species and 98 extant species

Details for some species:

Extinction times (NA means extant)
[1] 30.88571 43.95231 42.73681 35.23295 39.44495 28.82717


Speciation times 
[1] 52.75889 48.00817 43.74517 42.24449 41.79228 40.40988


Species parents (NA for initial)
[1] NA  1  1  1  1  1


Species status (extinct or extant)
[1] "extinct" "extinct" "extinct" "extinct" "extinct" "extinct"


For more details on vector y, try sim$y, with y one of
TE TS PAR EXTANT



$TE
  [1] 30.88570610 43.95231319 42.73681183 35.23294919 39.44495469 28.82716899
  [7] 34.16013795 12.64368846 21.38664740 28.53255375 31.28234837 35.65745514
 [13] 35.68002622 16.20122360 32.43613475 17.69962857 35.47633050 29.92842600
 [19] 27.92329098 28.91686463 29.32775360 29.59547902 28.66164808 33.62374444
 [25] 34.01008495 30.85614840 17.17777971 14.63355408 32.98287412 27.98667258
 [31] 34.74530220 34.78734589 15.67307027 29.65998030 26.70075598 23.84988822
 [37]  9.55995112 22.77999971 18.48201981 15.59208032 31.38101573 11.62568345
 [43] 11.64705157 31.88348151 17.53111478 29.65376216 19.98669137 18.07114343
 [49] 20.20864139 26.08793830 23.34796785 21.02173163 14.83884627 17.48909681
 [55] 23.57900514 18.41002470 13.51005517 13.66806323 17.43649766 34.10184145
 [61] 16.29718664  9.51094871 17.63685888  9.90169791 14.36702080 15.30346066
 [67] 18.57017480 30.47387251 17.62358561  9.24471903 29.29889631 29.14332245
 [73] 16.87199558 17.77072942 19.73156727 11.75993645          NA 17.47944757
 [79] 13.51047532 17.43762507 17.12886183 19.31727525 15.59339169 28.89210887
 [85] 16.48790653 25.33294749 11.86283001 13.28139269 19.42653116 16.48508210
 [91] 20.55083254  6.07420168 18.30757496 13.26506926 14.73040180 12.67102218
 [97] 19.75965251 12.88218055 16.22911917          NA 12.88647970 11.46595415
[103]  5.93876414 18.03291837 19.85486964 13.82747761 14.42143226 11.99161674
[109]          NA  6.98504160          NA  0.40102850  3.38763361 13.14325636
[115] 25.86592796 21.40560248 22.13005553 14.88694714 22.16196146 19.24420589
[121] 13.04004626 17.24971740 28.85712502 18.74146209 11.00436003 17.39795460
[127] 25.56694171 10.02097810 13.21934519 18.00435652  9.94819530  3.94180088
[133] 19.40551502 13.70442086 16.23781565 13.13170439 14.86711303  0.35874576
[139]  7.41019968          NA          NA          NA 12.26634497          NA
[145] 10.41054363  5.97293207  5.21603372 17.79273538 12.61366315 17.96464444
[151] 12.31938419          NA  6.06603316          NA          NA 13.56337661
[157] 10.46347465 21.15422952 18.15969979 17.94207970 23.43271307 16.79505879
[163] 18.54658065 17.51345886 17.40026416 13.37077394 13.64889136 14.46118560
[169] 18.79241493 16.37768686          NA 11.95387757  6.41512723 13.84905049
[175]          NA  3.76096319          NA  4.24466336          NA 13.21001450
[181] 12.29727999  9.67047158 10.16257769  0.94519362          NA          NA
[187] 23.12509725 19.95636767 17.57266336 17.40593842 11.68658364          NA
[193]  4.04933391          NA          NA          NA 20.91461657 14.76047413
[199] 19.28811547 15.84355796 21.58044362 17.50814941 10.85042847 22.59060063
[205] 13.65241579 16.74306338 17.31318376 11.48988143  1.54599011          NA
[211]  8.55770395  9.65295151  5.57120052  0.54127493          NA  3.16471094
[217]  2.37518864  0.65217416          NA  5.08455496          NA 17.24899342
[223]  2.70130241  2.23051995  5.04171644  1.76468162 14.68124903 11.04262901
[229] 17.63255187 21.96530514 18.63641058 20.69512200 10.99841528 16.50211890
[235] 18.82361868 15.43669850 15.00546607 13.79912082 15.98506880 11.66701425
[241]          NA          NA  1.63328235          NA          NA          NA
[247]  4.56329905          NA          NA          NA          NA          NA
[253]  2.42084624 15.27885819 17.54593868 16.75573192  6.12099784 11.63642077
[259]  7.09210248 12.87506145  9.36741717          NA          NA  5.62174672
[265]          NA  4.42156015          NA          NA          NA          NA
[271]  1.91928408          NA  0.90892156          NA          NA  5.19234437
[277]          NA  0.84686100  3.67103996 20.44933046 12.61289684  8.30231096
[283]  9.18743333 10.10953321  4.27172855  2.86343761  8.19710146  1.75180655
[289]  9.47500729          NA  0.08176182  3.85021066          NA          NA
[295]          NA          NA          NA  0.60206113  0.20099747          NA
[301]          NA          NA  2.52033504          NA  0.13631836          NA
[307]  3.46607988          NA  0.04726937          NA          NA  7.72168494
[313]          NA          NA          NA  3.22139800  2.76059972          NA
[319]          NA          NA          NA          NA          NA  1.34123695
[325]          NA          NA  2.91495954          NA          NA          NA
[331]          NA  0.68508871          NA          NA          NA          NA
[337]          NA          NA          NA          NA          NA          NA
[343]          NA          NA          NA          NA          NA          NA
[349]          NA          NA          NA          NA          NA          NA
[355]          NA

$TS
  [1] 52.75889149 48.00817037 43.74516940 42.24449127 41.79228384 40.40988317
  [7] 39.62023545 38.27710667 38.19311729 37.80395375 37.35064493 37.23448110
 [13] 36.47637753 34.22761139 33.09432749 42.19685545 38.31611399 36.53466722
 [19] 40.98720328 37.16458192 35.20094794 33.13938293 31.58345433 36.63909461
 [25] 34.50914732 31.52959843 25.15649991 23.68197486 35.47671516 30.30768940
 [31] 35.59441533 35.32887593 36.11141576 35.99102568 33.05563270 33.03491548
 [37] 26.64095794 25.56404765 23.52382941 19.29893464 38.63818686 34.51279933
 [43] 35.99000904 33.20980771 29.06347667 34.94018659 22.24963438 22.12268497
 [49] 20.95766767 29.96414968 28.02189449 24.30663729 24.64606769 23.47970233
 [55] 24.01921410 23.39533350 17.61029737 16.29953517 31.64573812 35.26528466
 [61] 32.26792519 29.24320955 26.45886378 24.69475819 24.64089256 22.13996614
 [67] 19.84189579 32.18297328 23.55631448 20.45068765 32.32552317 30.99696939
 [73] 22.75941658 24.34705467 20.99816774 20.47156384 22.63750801 19.35686123
 [79] 15.44481008 30.40577916 26.70688172 23.50869407 18.23462651 31.99316905
 [85] 29.31004074 27.76781628 16.76576145 16.62289379 24.64525096 23.14633556
 [91] 22.76223439  9.61078578 20.03111432 19.87126383 22.96048266 21.08193534
 [97] 20.08466783 19.37914629 18.43882653 17.86593592 14.36275581 13.32786334
[103] 11.45719536 29.97169649 22.24718202 15.52960390 17.11724426 13.34918973
[109]  8.19788022  7.27415989  6.52726053  5.83255169  3.55628004 15.41511255
[115] 29.80569105 28.05199074 24.56497357 23.23290238 22.76990314 19.52829314
[121] 18.03821192 17.37709486 30.08699706 23.99559317 17.90646487 26.79448878
[127] 26.40309133 12.44612723 14.01325428 20.07460853 19.71922289  9.41227121
[133] 19.63779076 14.74459799 18.59459208 15.14866220 16.53713061  8.61047853
[139]  8.48258534  6.79890712  6.62129261  4.18413329 13.76530265 12.51093085
[145] 11.45689531  8.37527374  7.92874869 24.83400661 22.45411004 22.35744998
[151] 14.54399176  7.08032312  7.09070877  6.31645280  3.36970812 15.08181824
[157] 13.44473838 27.50600844 27.21784519 25.60965234 24.89918966 24.03921971
[163] 22.10989684 19.33528186 22.59774683 15.20534282 14.84565843 14.66847341
[169] 18.80686933 24.01897893 19.92286493 14.27143551  6.93292529 14.48974712
[175]  5.91909371  5.07783050  8.29792873  5.00229939  0.69943301 13.71648574
[181] 12.58342439 12.11939373 10.47093772  5.93593325  4.37217787  8.05507150
[187] 24.40418335 21.25599407 19.41115469 17.84723616 14.86112725  6.62818051
[193]  4.77881187  3.98212499  0.64529622 13.72236846 27.39173079 23.28901134
[199] 25.67934931 24.37020770 22.40635119 19.96026552 18.35085972 23.51545968
[205] 19.30505707 20.79088727 19.29409616 15.42446231  3.53928953  2.07852338
[211] 13.27342022 11.96213480  5.86883071  3.95335729  0.60840504  8.24554020
[217]  7.06678246  4.78584669  3.65177141  7.89578123  0.62874116 18.01388803
[223]  6.32830226  2.55601384  5.43786992  4.25354346 18.26757613 15.51239314
[229] 25.00933814 22.88124292 21.66940534 20.77201095 17.65965666 17.29071017
[235] 19.11693036 15.82652359 18.18746963 17.96136050 16.92584690 12.19624288
[241]  3.33354185  7.90739696  6.95363840  4.68714761  3.75388147  5.69758982
[247]  5.19553479  2.13191116  2.82695142  0.02100485  0.56655294  6.08970080
[253]  4.03791394 17.21515161 20.60455377 19.56105678 14.88754451 11.93976390
[259] 11.27317542 15.53997970 16.59143515  7.78321590  6.50681078  6.33453649
[265]  5.95732891  5.87686476  6.04919767  4.56525818  3.53873418  2.62278256
[271]  2.16766895  5.11406396  4.95853081  1.61768314  5.61897676  5.44568584
[277]  5.19749100  3.29775967  3.94463593 20.53263435 18.89696294 12.69205404
[283] 11.71265328 10.34766792  8.13143517 11.19014170  9.12891703  7.76805680
[289] 14.14612242  7.29941286  6.05046322  5.35535918  4.04519392  3.47873523
[295]  0.79926008  0.70216484  5.73170594  4.50335143  5.72859795  1.76361056
[301]  0.06867178  3.07283990  2.67283378  1.05749943  3.97577579  0.34767617
[307]  5.15196096  4.09649794  5.20916485  0.38709488  1.44594768  9.30457722
[313]  4.91595301  5.35489792  4.31778866  6.19217568  3.33952346  1.56762175
[319]  0.53207130  2.27719068  4.87695437  4.00291709  3.11252051  3.15581516
[325]  1.83438754  4.10915561  3.80072984  1.87037191  1.45355601  2.97914487
[331]  0.74111575  5.14904561  3.63210217  2.10848034  3.50082941  4.14881538
[337]  4.23105439  4.10056676  1.59494231  1.79598577  2.61358966  0.09692697
[343]  0.93038921  3.49883415  3.30009114  4.12989244  1.28169000  2.39683313
[349]  1.60321015  1.70843617  0.22284408  2.84936339  2.80539502  2.00195520
[355]  1.46199554

$PAR
  [1]  NA   1   1   1   1   1   1   1   1   1   1   1   1   1   1   4   4   4
 [19]   5   6   6   6   6   7   7   8   9   9  10  10  11  11  12  12  15  15
 [37]  16  16  16  16  19  19  20  20  20  21  28  28  33  34  36  36  37  37
 [55]  38  39  40  40  42  43  43  43  43  43  43  43  43  44  45  45  46  46
 [73]  52  53  53  54  56  56  58  59  59  59  59  61  61  61  61  61  62  62
 [91]  62  62  63  64  65  65  66  66  66  66  70  70  70  71  73  76  77  77
[109]  77  77  77  77  77  79  80  80  80  80  80  80  83  83  84  85  85  86
[127]  86  87  88  89  90  92  93  94  95  95  99 100 100 100 100 100 101 102
[145] 103 103 103 104 104 104 106 109 110 111 112 114 114 115 115 116 116 116
[163] 116 118 119 121 121 121 124 126 126 131 132 134 138 138 139 141 142 143
[181] 143 144 144 144 144 146 148 148 149 149 149 152 152 154 155 156 158 158
[199] 159 159 159 160 160 161 163 170 171 171 171 171 172 172 175 175 175 177
[217] 177 184 184 186 186 189 192 192 196 196 198 198 199 199 199 200 200 200
[235] 202 203 205 206 206 208 214 216 216 216 216 217 217 218 219 219 221 223
[253] 226 227 229 231 233 233 233 237 238 242 242 242 242 242 243 244 245 245
[271] 245 247 247 248 252 252 252 252 253 255 256 257 257 257 257 259 259 259
[289] 260 262 262 262 262 263 263 265 266 266 267 267 267 268 269 269 272 274
[307] 275 275 276 277 278 283 285 286 288 290 290 290 290 291 292 292 293 297
[325] 297 298 298 298 299 302 302 307 309 313 314 316 321 321 323 325 326 328
[343] 329 333 333 336 336 338 340 341 344 345 345 352 354

$EXTANT
  [1] FALSE FALSE FALSE FALSE FALSE FALSE FALSE FALSE FALSE FALSE FALSE FALSE
 [13] FALSE FALSE FALSE FALSE FALSE FALSE FALSE FALSE FALSE FALSE FALSE FALSE
 [25] FALSE FALSE FALSE FALSE FALSE FALSE FALSE FALSE FALSE FALSE FALSE FALSE
 [37] FALSE FALSE FALSE FALSE FALSE FALSE FALSE FALSE FALSE FALSE FALSE FALSE
 [49] FALSE FALSE FALSE FALSE FALSE FALSE FALSE FALSE FALSE FALSE FALSE FALSE
 [61] FALSE FALSE FALSE FALSE FALSE FALSE FALSE FALSE FALSE FALSE FALSE FALSE
 [73] FALSE FALSE FALSE FALSE  TRUE FALSE FALSE FALSE FALSE FALSE FALSE FALSE
 [85] FALSE FALSE FALSE FALSE FALSE FALSE FALSE FALSE FALSE FALSE FALSE FALSE
 [97] FALSE FALSE FALSE  TRUE FALSE FALSE FALSE FALSE FALSE FALSE FALSE FALSE
[109]  TRUE FALSE  TRUE FALSE FALSE FALSE FALSE FALSE FALSE FALSE FALSE FALSE
[121] FALSE FALSE FALSE FALSE FALSE FALSE FALSE FALSE FALSE FALSE FALSE FALSE
[133] FALSE FALSE FALSE FALSE FALSE FALSE FALSE  TRUE  TRUE  TRUE FALSE  TRUE
[145] FALSE FALSE FALSE FALSE FALSE FALSE FALSE  TRUE FALSE  TRUE  TRUE FALSE
[157] FALSE FALSE FALSE FALSE FALSE FALSE FALSE FALSE FALSE FALSE FALSE FALSE
[169] FALSE FALSE  TRUE FALSE FALSE FALSE  TRUE FALSE  TRUE FALSE  TRUE FALSE
[181] FALSE FALSE FALSE FALSE  TRUE  TRUE FALSE FALSE FALSE FALSE FALSE  TRUE
[193] FALSE  TRUE  TRUE  TRUE FALSE FALSE FALSE FALSE FALSE FALSE FALSE FALSE
[205] FALSE FALSE FALSE FALSE FALSE  TRUE FALSE FALSE FALSE FALSE  TRUE FALSE
[217] FALSE FALSE  TRUE FALSE  TRUE FALSE FALSE FALSE FALSE FALSE FALSE FALSE
[229] FALSE FALSE FALSE FALSE FALSE FALSE FALSE FALSE FALSE FALSE FALSE FALSE
[241]  TRUE  TRUE FALSE  TRUE  TRUE  TRUE FALSE  TRUE  TRUE  TRUE  TRUE  TRUE
[253] FALSE FALSE FALSE FALSE FALSE FALSE FALSE FALSE FALSE  TRUE  TRUE FALSE
[265]  TRUE FALSE  TRUE  TRUE  TRUE  TRUE FALSE  TRUE FALSE  TRUE  TRUE FALSE
[277]  TRUE FALSE FALSE FALSE FALSE FALSE FALSE FALSE FALSE FALSE FALSE FALSE
[289] FALSE  TRUE FALSE FALSE  TRUE  TRUE  TRUE  TRUE  TRUE FALSE FALSE  TRUE
[301]  TRUE  TRUE FALSE  TRUE FALSE  TRUE FALSE  TRUE FALSE  TRUE  TRUE FALSE
[313]  TRUE  TRUE  TRUE FALSE FALSE  TRUE  TRUE  TRUE  TRUE  TRUE  TRUE FALSE
[325]  TRUE  TRUE FALSE  TRUE  TRUE  TRUE  TRUE FALSE  TRUE  TRUE  TRUE  TRUE
[337]  TRUE  TRUE  TRUE  TRUE  TRUE  TRUE  TRUE  TRUE  TRUE  TRUE  TRUE  TRUE
[349]  TRUE  TRUE  TRUE  TRUE  TRUE  TRUE  TRUE

