
Birth-death simulation object with 278 species and 53 extant species

Details for some species:

Extinction times (NA means extant)
[1] 48.24150 47.05850 22.61694 29.26972 29.10476 27.74525


Speciation times 
[1] 52.75889 51.71565 50.46292 49.79818 38.69417 34.44016


Species parents (NA for initial)
[1] NA  1  1  3  3  3


Species status (extinct or extant)
[1] "extinct" "extinct" "extinct" "extinct" "extinct" "extinct"


For more details on vector y, try sim$y, with y one of
TE TS PAR EXTANT



$TE
  [1] 48.2415010 47.0585046 22.6169438 29.2697197 29.1047637 27.7452531
  [7] 29.2766314 23.0023344 40.4896368 41.0239454 35.2399402 36.3211240
 [13] 22.5936119 14.2451398 43.7119553 25.3610324 28.1648568 37.9731873
 [19] 35.0118522 24.2785932 18.1626785 29.7077660 25.5865066 25.5899430
 [25] 18.8970682 14.9769271 32.2952003 11.5933035 25.6861214 26.0375098
 [31] 28.5178996 32.5161174 21.7718139 13.5021980 15.3340040 27.9848149
 [37] 16.8616490 20.4183962 18.1997160 22.6116189 15.7122186 16.1561820
 [43] 11.2433290 12.9435852 13.4240249 12.2744874 10.1691915 30.0225725
 [49] 27.0258873 22.6750471 16.7175209 32.9962646 31.0046595 16.1997886
 [55] 23.5437622 29.5862707 26.6150079 23.6987072 24.6777646 16.6441744
 [61] 16.0840513 13.1455851 18.7015001 29.2237142 22.2770695 17.9839230
 [67] 10.5001109 13.8947626 28.0802494 14.6791755 23.4926096 15.1319802
 [73] 14.4122485  9.9365184         NA 11.1335510 28.3378988 32.9615734
 [79] 15.8097782 16.6349340 32.9144650 11.0977968 26.2361498 29.9732854
 [85] 16.6016091 22.5416574 10.8306837 22.1069336 25.4152341 20.7182181
 [91] 25.9136915 25.8567615 23.1617225  9.9113949 16.6458695 14.9367607
 [97] 24.5247306 21.0007899 15.7667208 17.8247148 19.5229096 21.2131900
[103] 21.3885260 13.7008101 12.9044731 11.8742055  3.2216837 11.1377320
[109]  9.6568488         NA  4.0205607         NA  0.7324572 29.6720814
[115] 13.7092201 17.7778076 16.5875531 13.1794426 12.6152995 10.1219426
[121] 20.8290567 19.2744440 10.8838923 16.7984675 23.5153928 26.9351887
[127] 18.9833661 24.5816413 18.1930630 16.6155872 13.9185875 13.7475147
[133] 17.9044192 25.6795099  6.1073796 21.1262524 18.4089763 24.1836526
[139] 13.3899495 11.9296508  9.4843264 20.5075791 18.4463889 17.1612855
[145] 22.8540876 16.3282258 10.3200755  7.3880011         NA  3.0146589
[151]  0.1143678  2.6939863  0.3533550         NA 10.2100103 18.3616546
[157]  9.2151031 13.9320256 13.2556590 12.2835486  8.8481159 17.5263798
[163] 16.0630830 13.3581062 23.1840878 17.9682351 15.1831017 19.3457970
[169] 17.7624389 21.9506559         NA         NA 12.8706938  9.0397675
[175] 20.1255012  9.2642544  8.0305352         NA         NA  2.2634558
[181]         NA         NA         NA         NA  0.5393318  3.2452509
[187]         NA  0.1785843 11.8005107  4.2896097  1.8691407 13.5255836
[193] 11.7586088 10.8409403 14.8632176 16.6429803 10.7646157 16.2923303
[199]  9.7577803 14.9222030  2.8167770  2.2172892 17.0785806  2.6956776
[205]         NA 10.0233344  8.5336806         NA         NA  1.4612865
[211]         NA 14.3201040 14.3826285 10.2705815         NA 19.3040160
[217]         NA  0.4380140  4.5905823  2.8579550         NA         NA
[223]  0.8350101  4.4086028         NA  2.8763740         NA 15.2746197
[229] 15.1729474 17.1986311 13.2409314         NA         NA 17.2997949
[235]         NA  0.4900076         NA  0.3843822         NA         NA
[241]         NA 11.0220331  1.8604829         NA         NA 16.3280419
[247]         NA         NA         NA  6.6706302  5.1964158         NA
[253]  5.3360578         NA         NA         NA         NA  5.1419186
[259]  2.5242855  3.7102098         NA         NA  1.7861777  0.6121312
[265]         NA         NA         NA  3.7436185         NA  5.3476180
[271]         NA  1.7983833         NA         NA  1.4748538         NA
[277]         NA         NA

$TS
  [1] 52.75889149 51.71564783 50.46292111 49.79818283 38.69416676 34.44016063
  [7] 31.77352860 23.02574021 48.38151362 43.82187666 42.00734223 41.48623986
 [13] 39.59644218 38.29009426 45.45420306 37.27556470 37.49225022 39.44075664
 [19] 38.54253652 33.18470227 32.91016526 31.72245534 29.11731250 26.58456445
 [25] 23.92123049 23.03663304 37.69875103 15.72060245 36.06810518 31.86120165
 [31] 38.43933460 35.90529048 31.19542955 30.43255474 29.98772830 31.19867544
 [37] 24.28000943 20.47504287 18.42598432 26.18435824 21.04305141 17.47693150
 [43] 17.10823752 16.69642091 14.50373230 13.23391509 12.38988546 30.70202089
 [49] 27.03746886 25.93649869 26.20143171 37.01466148 36.77376547 36.53061080
 [55] 35.37799157 34.79497127 32.75797811 32.61020588 31.13124438 28.61604166
 [61] 25.17204750 24.39921816 23.07764632 30.03409410 27.32508332 25.71198580
 [67] 29.16730915 17.78064176 29.39937648 18.29853546 23.53893058 20.19524084
 [73] 14.56324457 13.63907988 14.07169496 12.06351510 36.06195210 33.11097132
 [79] 28.48918555 24.42958958 33.36856287 33.39174946 33.26714967 32.45778569
 [85] 31.35451989 30.64754876 27.63886165 30.85282549 29.66013861 29.13109554
 [91] 30.42185487 27.63994394 26.34425772 21.63311922 18.19978517 16.92190763
 [97] 25.04767271 24.51785377 23.40236022 20.97341479 22.80220940 25.68519571
[103] 21.87980665 19.07401776 15.88210140 13.89972236 12.29397449 13.45780430
[109]  9.81196330  9.06391189  9.05959666  5.52767965  3.48116124 31.45313972
[115] 17.88725014 27.51041906 17.57386143 15.14226484 12.81988234 12.40035542
[121] 26.35548088 23.73899067 23.15766260 22.48381060 28.31163881 28.04304946
[127] 27.63652314 27.26055991 25.36026525 23.24843306 15.89060299 14.08054451
[133] 22.59903253 29.49619988 26.99682222 24.26361766 24.23861509 27.21903226
[139] 14.84392516 13.64849252 12.08859799 21.76673101 20.26530345 23.54093856
[145] 23.47789846 23.27631882 15.08001317 12.04432759  5.55045527  8.29725459
[151]  7.78354395  7.63791347  7.16719060  6.49162030 14.04449988 19.42288859
[157] 12.38394377 16.70780357 16.53327341 13.47286798 13.11479659 17.91011744
[163] 17.63584016 25.43814614 24.47901446 27.15576227 15.25973815 21.76464690
[169] 25.90755876 25.29168895  7.25516503  6.19531947 14.39660676 11.25333772
[175] 22.89022675 10.71797358  8.53021601  3.89026693  2.40226759  6.24762194
[181]  5.90085028  5.10365793  5.00461382  3.21844214  5.39117896  3.74878638
[187]  1.32774624  0.90331355 12.87307877 10.26855877  9.65315305 14.88326406
[193] 12.02239588 10.89525757 16.40724711 24.82672917 18.74798212 18.63394190
[199] 18.41684471 23.03512020  5.76538083  3.70719218 21.23176001  4.43523821
[205]  0.15635844 10.08685079  8.84465365  7.08389826  6.65706570  8.16512933
[211]  5.02163300 16.52821415 20.47369447 19.47494928  2.91953677 20.71702844
[217]  3.98151093  3.63769796  6.43859217  6.35662017  5.99126584  3.79187562
[223]  2.81744224  6.56387558  5.42156495  3.64865239  3.19537740 16.12726300
[229] 15.19490408 17.30658429 15.88093467 12.44571086  2.35123334 20.09211742
[235]  1.45302290  3.84133813  3.58111288  0.44716189  2.03596679  5.48782509
[241] 12.09540355 11.94859505  7.15580944  3.86015127  2.73711744 18.49426674
[247]  1.10718148  0.49659596  0.35533667  7.70216954  7.09184481  6.63231770
[253]  5.98721838  0.01992604  0.22556448  7.34647069  6.75648360  6.26922165
[259]  4.87017407  3.91105130  3.83971520  1.38864823  5.89925368  1.15429753
[265]  0.94807274  0.45221256  3.59536934  6.07364379  5.89868851  5.68543962
[271]  3.67629636  3.19767130  1.55757817  4.29257517  3.08054118  0.24433839
[277]  2.09549525  0.04418848

$PAR
  [1]  NA   1   1   3   3   3   3   3   4   4   4   4   4   4   9  11  12  13
 [19]  13  13  13  13  13  13  13  13  14  14  16  17  19  19  20  20  20  21
 [37]  21  21  21  24  26  26  26  26  28  28  28  29  29  29  30  31  31  31
 [55]  31  31  31  32  33  33  33  33  33  34  34  34  35  35  36  39  40  41
 [73]  43  43  45  47  54  54  54  54  55  56  56  56  56  57  57  58  58  58
 [91]  59  59  59  60  60  60  61  61  62  62  63  66  66  67  67  67  67  74
[109]  75  75  75  75  75  77  79  82  82  82  82  82  83  85  85  85  86  86
[127]  86  87  87  87  87  87  88  89  89  90  90  92  94  94  94  98 101 102
[145] 102 102 104 106 107 110 110 110 111 111 115 116 120 123 123 123 123 124
[163] 124 125 125 126 131 133 134 135 135 135 139 141 145 147 148 149 149 151
[181] 151 151 151 151 154 154 154 154 155 157 157 158 161 161 163 164 164 164
[199] 164 169 171 172 175 182 187 190 190 190 190 191 191 197 200 200 202 203
[217] 204 204 208 209 209 209 209 210 210 211 211 213 213 214 214 214 215 216
[235] 217 220 221 221 222 224 232 232 232 232 232 234 237 237 240 241 241 241
[253] 241 241 248 250 250 251 252 252 252 252 253 256 256 256 257 258 258 258
[271] 259 261 261 263 263 267 275 276

$EXTANT
  [1] FALSE FALSE FALSE FALSE FALSE FALSE FALSE FALSE FALSE FALSE FALSE FALSE
 [13] FALSE FALSE FALSE FALSE FALSE FALSE FALSE FALSE FALSE FALSE FALSE FALSE
 [25] FALSE FALSE FALSE FALSE FALSE FALSE FALSE FALSE FALSE FALSE FALSE FALSE
 [37] FALSE FALSE FALSE FALSE FALSE FALSE FALSE FALSE FALSE FALSE FALSE FALSE
 [49] FALSE FALSE FALSE FALSE FALSE FALSE FALSE FALSE FALSE FALSE FALSE FALSE
 [61] FALSE FALSE FALSE FALSE FALSE FALSE FALSE FALSE FALSE FALSE FALSE FALSE
 [73] FALSE FALSE  TRUE FALSE FALSE FALSE FALSE FALSE FALSE FALSE FALSE FALSE
 [85] FALSE FALSE FALSE FALSE FALSE FALSE FALSE FALSE FALSE FALSE FALSE FALSE
 [97] FALSE FALSE FALSE FALSE FALSE FALSE FALSE FALSE FALSE FALSE FALSE FALSE
[109] FALSE  TRUE FALSE  TRUE FALSE FALSE FALSE FALSE FALSE FALSE FALSE FALSE
[121] FALSE FALSE FALSE FALSE FALSE FALSE FALSE FALSE FALSE FALSE FALSE FALSE
[133] FALSE FALSE FALSE FALSE FALSE FALSE FALSE FALSE FALSE FALSE FALSE FALSE
[145] FALSE FALSE FALSE FALSE  TRUE FALSE FALSE FALSE FALSE  TRUE FALSE FALSE
[157] FALSE FALSE FALSE FALSE FALSE FALSE FALSE FALSE FALSE FALSE FALSE FALSE
[169] FALSE FALSE  TRUE  TRUE FALSE FALSE FALSE FALSE FALSE  TRUE  TRUE FALSE
[181]  TRUE  TRUE  TRUE  TRUE FALSE FALSE  TRUE FALSE FALSE FALSE FALSE FALSE
[193] FALSE FALSE FALSE FALSE FALSE FALSE FALSE FALSE FALSE FALSE FALSE FALSE
[205]  TRUE FALSE FALSE  TRUE  TRUE FALSE  TRUE FALSE FALSE FALSE  TRUE FALSE
[217]  TRUE FALSE FALSE FALSE  TRUE  TRUE FALSE FALSE  TRUE FALSE  TRUE FALSE
[229] FALSE FALSE FALSE  TRUE  TRUE FALSE  TRUE FALSE  TRUE FALSE  TRUE  TRUE
[241]  TRUE FALSE FALSE  TRUE  TRUE FALSE  TRUE  TRUE  TRUE FALSE FALSE  TRUE
[253] FALSE  TRUE  TRUE  TRUE  TRUE FALSE FALSE FALSE  TRUE  TRUE FALSE FALSE
[265]  TRUE  TRUE  TRUE FALSE  TRUE FALSE  TRUE FALSE  TRUE  TRUE FALSE  TRUE
[277]  TRUE  TRUE

