
Birth-death simulation object with 334 species and 135 extant species

Details for some species:

Extinction times (NA means extant)
[1] 33.51374 40.37696 24.32657 42.74011 29.48534 36.25453


Speciation times 
[1] 52.75889 46.08882 39.46289 43.23396 39.13169 38.21605


Species parents (NA for initial)
[1] NA  1  1  2  3  3


Species status (extinct or extant)
[1] "extinct" "extinct" "extinct" "extinct" "extinct" "extinct"


For more details on vector y, try sim$y, with y one of
TE TS PAR EXTANT



$TE
  [1] 33.5137370 40.3769646 24.3265653 42.7401073 29.4853445 36.2545341
  [7] 20.2498918 14.2207183 15.1805344 31.9858664 35.4458293 16.3874821
 [13] 35.5451558 29.6698263 29.1308386 16.5032905 18.5178151 17.4420483
 [19] 17.9621342 16.7139183 10.1366136 10.1793157 19.5298232 15.5024365
 [25] 24.3383740 21.9920420 30.4365473 22.6369952 26.9421049 20.3844980
 [31] 19.4740872 17.7906559 17.4662141 17.6169821  5.7613938 12.6670335
 [37] 30.5379721 17.4793368 20.4509509 21.6701979 18.3662472 27.9150234
 [43] 28.1053358 21.2156312 23.3473647 25.0130276 18.5263096 21.1602682
 [49] 18.6093927 19.8919731 18.0485596 17.5963317  6.7300587         NA
 [55]  5.0540897  4.7050069 26.7624273 11.3428811 14.8779139 18.6060387
 [61] 18.0141021 16.7533758 22.3779113 14.6629599 20.2459183 24.9112871
 [67] 17.0579025 21.3506927 19.0655011 23.3917084 24.1192042 18.7131992
 [73]  2.0436069         NA  5.9761642  1.9954963 10.4823119  6.6036549
 [79]  4.9026162         NA  1.6781435         NA         NA 16.8466199
 [85] 15.0805756 15.2339854 12.5148897 10.2947698  9.1281387 16.2419919
 [91] 16.5788035 15.8629883 11.3868831 15.1689290 16.7818888 14.1957020
 [97] 12.9134509 17.1166293 19.5774543 14.1923754 15.5359975 13.3016219
[103] 16.5669003 24.3783296 15.7724575 14.6115144 16.3944124 14.4867212
[109] 15.5373277 18.5861147  0.6235251         NA  2.0190291  4.8943254
[115]         NA         NA         NA  3.0020295  1.7285338  5.1809073
[121]  6.3318025         NA         NA         NA  1.6690465         NA
[127] 13.2631477  9.1268300 17.1781421 17.3743211 13.4114202 11.2377572
[133]  9.9638759 12.4595613 16.4310599 15.1526868 13.5872536 17.1259791
[139] 12.4294425  1.8851790         NA  2.4907527  1.4417524         NA
[145]         NA  1.3573275  2.1060732         NA         NA         NA
[151]         NA  0.6729888  3.0208796  2.0246593  4.1379610         NA
[157]         NA         NA         NA         NA  2.1993855  2.0698155
[163]         NA         NA  3.2510236 10.5328733 17.2910943 10.4427007
[169] 11.2833916 14.4265667 12.3570612         NA         NA  4.4940582
[175]  3.3912942         NA  2.4925504         NA         NA         NA
[181]         NA         NA         NA  2.9483262  1.0647621         NA
[187]         NA         NA         NA  1.5785950         NA  3.1078413
[193]  2.2654894         NA         NA  4.9925186  1.8702195  6.3216395
[199]         NA  5.1490923  2.2252847         NA  1.8748502         NA
[205]         NA         NA  0.8845548  4.1420916         NA         NA
[211]         NA         NA  5.2118837         NA  0.1500359         NA
[217]         NA  4.6566291         NA  1.3248127  2.4784675         NA
[223] 10.5191765 13.4864617         NA         NA         NA         NA
[229]         NA         NA         NA         NA  1.7839782  0.2578750
[235]         NA         NA  2.5635567         NA         NA         NA
[241]         NA  0.4882801         NA  3.4451101         NA         NA
[247]         NA  0.4664098         NA  0.5619759         NA  3.2727579
[253]         NA         NA  0.7218632         NA         NA         NA
[259]  1.7604384         NA         NA         NA         NA         NA
[265]  2.9097304  0.2882654         NA         NA  4.7090584  1.3073947
[271]         NA  1.4057138         NA         NA         NA  3.1753531
[277]         NA         NA         NA  0.5702443  1.3189164         NA
[283]  0.6648750         NA  0.1291410         NA         NA         NA
[289]  4.2772644  1.4701816         NA         NA         NA         NA
[295]  3.4761397         NA  3.2864055         NA  0.2083944         NA
[301]         NA         NA         NA         NA         NA         NA
[307]         NA         NA         NA         NA         NA  1.1719612
[313]         NA         NA         NA         NA         NA         NA
[319]         NA         NA         NA  3.2880939         NA         NA
[325]  3.2833759         NA  0.4515921         NA         NA         NA
[331]  2.6299050  0.4543567  1.0987564         NA

$TS
  [1] 52.75889149 46.08882298 39.46288678 43.23396216 39.13169432 38.21605256
  [7] 30.26419624 27.97964293 24.57676515 38.07745246 36.42067939 36.03227246
 [13] 35.55261063 30.31437943 29.70337619 24.26387982 23.54717587 21.40667682
 [19] 18.95147166 16.80043368 16.52867775 15.64936911 21.71368214 19.30742749
 [25] 35.99378917 35.54307256 30.70652141 29.10479796 27.70583115 25.63888207
 [31] 22.75932106 18.72715988 18.58864437 17.96823075 12.12013318 13.04619809
 [37] 34.38906547 28.64303616 25.61300691 32.87264146 29.47747749 28.56379141
 [43] 28.22909909 23.24773134 26.64612844 25.50534691 22.89473125 22.83766237
 [49] 24.96019578 22.25982153 19.80934023 17.95481820 11.90777547 11.88705838
 [55]  6.77181638  6.75718123 28.14206153 22.63570430 21.54016269 19.29707832
 [61] 18.55710381 18.12322472 22.50138033 24.11502434 21.81621988 26.83072074
 [67] 25.94520894 22.15921040 21.83978203 25.95121705 25.32432492 23.56758100
 [73]  8.79347584  7.69533619  7.39836122  6.95764313 10.73532669  8.22671616
 [79]  5.95197123  4.71548961  2.11498098  0.98374116  5.43205603 21.38923145
 [85] 15.87018736 15.81826571 15.77143795 13.81607059 12.67881058 20.49749285
 [91] 18.49298576 17.98855111 17.70127055 16.35866430 18.09342506 17.89200420
 [97] 22.47957021 21.91680110 21.58768147 16.07788187 15.58212037 15.24660720
[103] 21.29519301 25.34824506 24.02985830 23.81324203 17.35280001 17.27937039
[109] 17.19896682 21.21798273  8.43162994  6.27553827  7.56259820  4.98434385
[115]  6.68339531  6.64603163  5.68487605  4.04602321  2.17371279  8.02744331
[121]  7.65404444  4.97767972  2.55072213  3.04310696  2.65062184  0.25215718
[127] 14.57264026 11.07204953 18.37835816 17.52372995 15.88520622 13.84310123
[133] 11.45418121 16.11156801 17.02215996 19.55714276 18.07564897 17.58757957
[139] 16.64457556  6.89740810  5.25202029  4.78629730  4.49194415  3.15128800
[145]  6.22867660  6.15033171  5.49271670  3.94600493  2.23777483  4.92829145
[151]  1.73506389  1.41392196  5.07576271  4.40467941  7.99300113  7.09733640
[157]  6.27570947  6.12898326  7.38724716  6.57803406  6.38478229  3.42110626
[163]  1.44012017  1.30115094 10.63906901 13.19560563 19.46039269 14.73413560
[169] 13.98839551 14.63557262 12.99076096  6.52119288  1.93661057  4.90186838
[175]  4.53900738  4.16424324  2.93711659  3.69452498  3.61101407  3.03938345
[181]  0.63057811  4.13345345  4.25416395  3.01052436  3.68279293  1.93153898
[187]  0.19899944  0.14533857  4.65503527  3.32141895  3.55450899  4.10576427
[193]  4.01066220  3.96646507  7.04647958  6.61709803  6.53816743  6.45728700
[199]  6.12447955  5.59871875  5.09506966  5.07312515  5.64349485  3.90431971
[205]  3.86909962  6.23094852  3.34602585  4.94148995  4.53647657  4.46992843
[211]  2.22876975  6.93067310  5.26657938  4.14938789  4.11266180  3.85379024
[217]  3.66149613  5.59447518  4.39813074  3.21270439  6.47571518  4.35155375
[223] 11.40600567 14.46959114  3.33484977  0.01079910  4.18013862  3.99364442
[229]  2.82833752  2.39426310  2.26441398  2.98294581  3.92836236  3.45529577
[235]  4.50066375  4.04268268  5.38204834  5.29608024  2.87020743  2.45000105
[241]  5.67833855  4.70547623  4.79066555  4.27027848  4.55253497  4.55730925
[247]  2.98428304  0.77574949  0.44267655  6.08145867  5.53031665  5.36119922
[253]  4.37870221  2.65915983  2.32729753  4.41066537  1.74633214  1.24744228
[259]  3.35232604  2.62525252  1.28104517  1.49486861  0.17304848  4.25977930
[265]  3.90739978  3.24752237  1.32207409  0.02563517  5.95784341  5.72699353
[271]  3.62541428  2.93724650  2.42865763  2.05371745  0.66326384  3.96659278
[277]  0.48325302  0.49164054  1.12049947  1.95987744  3.26613234  2.57946374
[283]  2.24938610  1.78566062  0.89997190  3.09954834  3.60359041  3.06040345
[289]  4.90260553  5.24578961  5.15942902  3.60101987  1.61684876  1.04613997
[295]  4.40487299  1.43868858  4.10257841  0.64387211  2.35269690  0.04471856
[301]  4.36309302  3.84842893  3.65842646  3.16985413  1.35596573  4.20784787
[307]  3.94520488  2.36188548  2.26567030  1.67430662  0.17252346  4.10646344
[313]  3.09208491  0.41112295  1.87520409  2.25917586  2.84129622  0.87358358
[319]  4.46581896  4.95055219  3.95966830  3.87919561  0.24833746  0.68919976
[325]  4.01501650  0.23685008  2.72882345  0.51038607  1.19990444  0.16222780
[331]  2.68467997  0.86429991  3.68498355  0.51664050

$PAR
  [1]  NA   1   1   2   3   3   3   3   3   5   5   5   5   5   7   7   7   7
 [19]   8   8   8   8   9   9  11  12  12  12  12  12  16  17  19  19  21  22
 [37]  25  25  25  26  26  26  26  26  28  28  28  28  30  30  31  34  35  35
 [55]  35  35  38  38  38  38  38  38  39  40  40  41  41  41  44  45  45  49
 [73]  53  53  53  53  54  54  54  54  54  54  56  58  58  58  58  58  58  59
 [91]  59  59  59  59  62  62  63  64  64  64  64  64  65  67  67  67  67  67
[109]  67  72  73  73  74  74  75  75  76  76  76  78  78  79  80  83  83  83
[127]  87  88  90  91  93  93  93  94  97  98 105 105 109 111 111 111 111 112
[145] 113 113 113 113 115 116 116 116 117 117 120 120 120 120 121 121 121 122
[163] 123 124 133 134 136 137 137 139 139 140 140 141 141 141 141 142 142 143
[181] 144 145 146 146 148 149 149 149 150 150 153 154 154 154 155 155 155 155
[199] 155 155 155 155 156 156 156 157 157 158 158 158 158 159 159 159 159 159
[217] 159 160 161 161 165 165 168 170 172 173 175 176 176 176 178 179 182 185
[235] 189 195 196 196 197 197 199 199 201 201 202 203 203 204 205 206 206 206
[253] 209 209 209 210 211 211 212 212 212 215 216 219 219 219 219 219 221 221
[271] 221 221 225 227 227 228 228 230 231 232 233 233 234 234 234 235 236 237
[289] 238 241 241 241 241 241 243 243 245 246 247 249 252 252 253 253 253 256
[307] 256 256 259 260 261 264 264 267 271 272 287 287 289 291 291 291 292 294
[325] 295 299 302 305 309 315 319 321 322 324

$EXTANT
  [1] FALSE FALSE FALSE FALSE FALSE FALSE FALSE FALSE FALSE FALSE FALSE FALSE
 [13] FALSE FALSE FALSE FALSE FALSE FALSE FALSE FALSE FALSE FALSE FALSE FALSE
 [25] FALSE FALSE FALSE FALSE FALSE FALSE FALSE FALSE FALSE FALSE FALSE FALSE
 [37] FALSE FALSE FALSE FALSE FALSE FALSE FALSE FALSE FALSE FALSE FALSE FALSE
 [49] FALSE FALSE FALSE FALSE FALSE  TRUE FALSE FALSE FALSE FALSE FALSE FALSE
 [61] FALSE FALSE FALSE FALSE FALSE FALSE FALSE FALSE FALSE FALSE FALSE FALSE
 [73] FALSE  TRUE FALSE FALSE FALSE FALSE FALSE  TRUE FALSE  TRUE  TRUE FALSE
 [85] FALSE FALSE FALSE FALSE FALSE FALSE FALSE FALSE FALSE FALSE FALSE FALSE
 [97] FALSE FALSE FALSE FALSE FALSE FALSE FALSE FALSE FALSE FALSE FALSE FALSE
[109] FALSE FALSE FALSE  TRUE FALSE FALSE  TRUE  TRUE  TRUE FALSE FALSE FALSE
[121] FALSE  TRUE  TRUE  TRUE FALSE  TRUE FALSE FALSE FALSE FALSE FALSE FALSE
[133] FALSE FALSE FALSE FALSE FALSE FALSE FALSE FALSE  TRUE FALSE FALSE  TRUE
[145]  TRUE FALSE FALSE  TRUE  TRUE  TRUE  TRUE FALSE FALSE FALSE FALSE  TRUE
[157]  TRUE  TRUE  TRUE  TRUE FALSE FALSE  TRUE  TRUE FALSE FALSE FALSE FALSE
[169] FALSE FALSE FALSE  TRUE  TRUE FALSE FALSE  TRUE FALSE  TRUE  TRUE  TRUE
[181]  TRUE  TRUE  TRUE FALSE FALSE  TRUE  TRUE  TRUE  TRUE FALSE  TRUE FALSE
[193] FALSE  TRUE  TRUE FALSE FALSE FALSE  TRUE FALSE FALSE  TRUE FALSE  TRUE
[205]  TRUE  TRUE FALSE FALSE  TRUE  TRUE  TRUE  TRUE FALSE  TRUE FALSE  TRUE
[217]  TRUE FALSE  TRUE FALSE FALSE  TRUE FALSE FALSE  TRUE  TRUE  TRUE  TRUE
[229]  TRUE  TRUE  TRUE  TRUE FALSE FALSE  TRUE  TRUE FALSE  TRUE  TRUE  TRUE
[241]  TRUE FALSE  TRUE FALSE  TRUE  TRUE  TRUE FALSE  TRUE FALSE  TRUE FALSE
[253]  TRUE  TRUE FALSE  TRUE  TRUE  TRUE FALSE  TRUE  TRUE  TRUE  TRUE  TRUE
[265] FALSE FALSE  TRUE  TRUE FALSE FALSE  TRUE FALSE  TRUE  TRUE  TRUE FALSE
[277]  TRUE  TRUE  TRUE FALSE FALSE  TRUE FALSE  TRUE FALSE  TRUE  TRUE  TRUE
[289] FALSE FALSE  TRUE  TRUE  TRUE  TRUE FALSE  TRUE FALSE  TRUE FALSE  TRUE
[301]  TRUE  TRUE  TRUE  TRUE  TRUE  TRUE  TRUE  TRUE  TRUE  TRUE  TRUE FALSE
[313]  TRUE  TRUE  TRUE  TRUE  TRUE  TRUE  TRUE  TRUE  TRUE FALSE  TRUE  TRUE
[325] FALSE  TRUE FALSE  TRUE  TRUE  TRUE FALSE FALSE FALSE  TRUE

