
Birth-death simulation object with 293 species and 103 extant species

Details for some species:

Extinction times (NA means extant)
[1] 37.21337 44.72286 35.95594 29.98010 25.37668 40.30187


Speciation times 
[1] 52.75889 51.26943 38.50694 38.35983 37.49360 49.56986


Species parents (NA for initial)
[1] NA  1  1  1  1  2


Species status (extinct or extant)
[1] "extinct" "extinct" "extinct" "extinct" "extinct" "extinct"


For more details on vector y, try sim$y, with y one of
TE TS PAR EXTANT



$TE
  [1] 37.21337493 44.72286349 35.95593706 29.98009821 25.37668428 40.30187448
  [7] 47.98256469 29.09292142 26.72873865 25.15746922 29.83000115 11.38266345
 [13] 23.75678187 18.56607073 32.03297366 23.68245285 18.20487995 20.48539588
 [19] 16.25028421 15.50662044 33.06482040 23.35612244 18.94159310  9.85268428
 [25] 10.69766602 24.12603997 14.25201527 27.04357341 22.34889740 16.64192078
 [31] 18.26476189 16.71040170 16.19415956 18.61594327 26.27135478 18.55969480
 [37] 19.69886775 20.90669758 17.29112075 13.62163979 17.81521208 16.92311415
 [43] 15.80828100 16.73727494 16.88280806 21.88121070 10.89019735 17.51545095
 [49] 18.60333573 17.87048030 26.76640100 11.02150478 18.37556516 10.42140611
 [55] 18.52595571 18.51829101 14.57024112 17.65729403 16.18317178 18.15354330
 [61] 20.22414918 18.47194749 20.49534336 13.85376978 17.33129768 18.63000210
 [67] 17.80740375 17.75208208 14.35202890 14.23376002 13.14582840 19.10306444
 [73]  9.87698328 15.11839689 16.75419536 14.19590036 18.21058075  8.52636068
 [79] 13.49185978 12.59477563  4.33622711  9.83382976 18.46476514 18.37481364
 [85] 17.70708577 16.31910978 17.14704106 18.87600917 16.27159775 17.54437723
 [91] 13.19328263 16.48471128 10.83408818 13.44442217 13.78850241 13.90429173
 [97] 13.23068999 11.67910564 16.27283076 12.76174929 10.68735731 11.56948085
[103]          NA 10.25440007          NA          NA  2.25743438 16.85025880
[109] 11.43763004 18.08502937 18.54015324 14.99586864 11.65753754 15.00546471
[115]          NA 12.88133371 11.12378725 13.92526187 10.88977704 13.08172667
[121]  4.49550546  9.58489284  6.55361740          NA          NA  4.87974718
[127]          NA          NA 16.23141169 17.67399625 14.16676739  8.87472677
[133] 14.28831568          NA 14.81788753 10.66567704 10.16546385          NA
[139]  1.21803828  9.75065063  5.00238286          NA          NA          NA
[145]  6.21793246  3.91606231 10.25839458          NA  2.87426416  6.37660047
[151]          NA          NA  2.50585914          NA  1.12591627          NA
[157]  1.45538086  9.29704015          NA  0.69760666          NA 11.34902650
[163]          NA 10.05143104  8.91407275          NA  5.90706715  3.93493001
[169]  1.89536013          NA  2.45971339          NA  4.80138330          NA
[175]  3.51430703  1.21898963  1.72723263  3.19732466          NA  3.38883282
[181]  1.75309201          NA  1.81538834          NA          NA          NA
[187]  7.34980209          NA  4.03039665          NA  2.80400561          NA
[193]          NA  0.07720196          NA          NA  5.61452943          NA
[199]          NA          NA          NA  3.33434281  2.00894253          NA
[205]          NA  3.85318535  2.73472396          NA  0.67552629          NA
[211]          NA          NA          NA          NA  6.88891036          NA
[217]  3.05488828          NA          NA  3.11783560  0.47577449  5.92368852
[223]  2.00059648          NA  1.37153434  1.33993591          NA  0.83900002
[229]          NA          NA          NA          NA          NA          NA
[235]  3.67973320          NA          NA          NA          NA          NA
[241]  2.97887298          NA          NA          NA  6.54898636          NA
[247]          NA  2.39365044  2.08075893          NA          NA          NA
[253]  6.43652610          NA  0.22572805  0.48525799          NA          NA
[259]          NA          NA          NA  1.63874734          NA          NA
[265]  3.79192379          NA          NA          NA  2.91638757          NA
[271]  4.20329151          NA          NA  3.14151638          NA          NA
[277]          NA          NA          NA          NA          NA          NA
[283]  1.99436455          NA  4.14152720          NA          NA          NA
[289]          NA          NA          NA          NA          NA

$TS
  [1] 52.758891493 51.269431607 38.506935443 38.359828266 37.493599846
  [6] 49.569864832 48.179136262 36.297182528 35.365144238 32.342136826
 [11] 35.563742636 27.908802278 25.719321647 47.820005048 33.209465618
 [16] 32.070521502 29.698582047 29.644038843 28.630845471 26.392691785
 [21] 34.762831941 27.568973508 21.728523807 16.569830283 12.597810599
 [26] 25.114081933 24.652244212 30.271408129 27.613812479 26.916158520
 [31] 19.887624180 28.610505422 27.509726936 25.158662816 28.527265878
 [36] 26.119599090 23.841717447 22.055419527 20.000530306 24.209741935
 [41] 23.556686656 22.627783721 24.078471283 17.178269287 19.878303202
 [46] 34.542905140 12.215829704 24.871372681 24.260557276 19.223158863
 [51] 27.013432483 24.582651003 22.700318667 21.803940578 19.577167640
 [56] 18.628877287 18.399826285 19.745662982 23.563644697 23.306748915
 [61] 25.955315207 22.085203530 20.836200430 19.302751648 20.144781040
 [66] 23.679717705 21.149209079 18.572102666 17.202776024 17.331223071
 [71] 16.652930126 22.858405040 10.910405141 22.797790356 19.001074068
 [76] 19.193350693 21.826902638 20.069100286 14.714099697 13.267792445
 [81] 11.333883034 14.751899852 22.741155583 19.150253607 18.639800336
 [86] 16.440543144 23.211962712 19.575834361 18.896412347 19.180147966
 [91] 19.074135042 17.754989392 16.981004551 16.856102648 16.178865985
 [96] 14.948762434 14.816946181 15.088263994 16.592273261 14.314388955
[101] 12.551485202 12.153434794  9.185301941 10.734239775  5.549275068
[106]  5.237513069 10.437508765 19.839276489 17.899219002 19.296275007
[111] 18.597760234 15.047242752 13.528436022 16.216382096 13.414951537
[116] 13.097528985 11.752384805 16.671980803 14.335617821 13.466716959
[121] 11.761898839 11.534529884  6.657900062  3.143836348  3.602993623
[126]  5.051473125  4.658190347  3.498488631 19.686058987 18.219220881
[131] 15.265637649 15.110006278 14.379285587 13.137348873 15.511300047
[136] 12.052781515 11.601224036  6.493010007  3.727750984 13.134384316
[141]  5.760171909 10.871610198  2.233867545  1.440677090 14.662866812
[146]  9.663310343 11.335428232  8.630813178  8.297297372  7.726956902
[151]  6.308486718  4.701217394  6.326628741  5.329860685  4.505760409
[156]  3.565884073  2.313701928 10.495746257  8.538865591  2.078064418
[161]  0.991650135 12.529854286 10.551335962 10.173533041  9.143617307
[166]  8.836470092  8.785284964  6.963968018  6.650180651  5.866338889
[171]  5.587725809  3.540955423  6.434466542  4.990382524  4.933926949
[176]  4.044211319  4.590774923  3.607931303  3.241698368  4.312775904
[181]  4.098103145  3.184078368  4.377602430  2.040564693  1.268358801
[186]  3.143554397 10.004911547  8.273490476  6.406470220  0.530704351
[191]  8.798142157  8.121947056  3.869703301  1.214268369  7.072505374
[196]  6.594262152  6.580702383  6.301488544  5.493169113  2.905286649
[201]  2.853760741  4.425790975  5.218034548  4.940640433  0.060807150
[206]  4.811424608  3.899215436  1.374557106  3.109932965  2.411790606
[211]  0.596923361  0.035972459  2.021304973  7.968352908  7.597202751
[216]  0.330595122  8.167209121  5.523783052  3.993494527  3.372598789
[221]  3.515603307  7.015814820  6.658258171  4.840938067  3.044329809
[226]  2.320545915  2.193825706  2.302387940  3.224629351  0.123256302
[231]  2.251791983  1.715968655  1.278768727  0.308257723  3.817395693
[236]  5.058585859  1.008208908  0.866447400  0.280514676  4.554281425
[241]  4.493362521  0.961932085  0.818970810  0.181899148  6.716735005
[246]  4.473985921  4.319346561  3.469753464  7.222635741  6.319836114
[251]  4.545441024  3.455626199  6.507793879  0.606949598  1.430707604
[256]  1.826663903  1.704567104  1.636049833  0.052648956  2.191006718
[261]  0.948557687  4.303039779  4.205825123  4.392388930  4.178324093
[266]  4.043859033  0.725666624  0.376050318  4.339298958  2.391175998
[271]  6.408360282  5.029136415  3.932659287  3.340190215  0.290500511
[276]  0.003796161  1.757223355  0.842375295  2.411613753  1.548354443
[281]  0.589541652  4.017830210  6.180464586  5.557132335  4.960845548
[286]  4.524571159  0.556991899  1.276148560  0.130105763  4.319161001
[291]  2.611709959  0.357005232  1.323951197

$PAR
  [1]  NA   1   1   1   1   2   2   4   4   4   5   5   5   6   9   9   9  10
 [19]  10  10  11  12  12  12  12  13  13  14  14  14  14  16  16  16  17  17
 [37]  17  17  17  18  18  18  19  19  20  21  25  26  26  27  29  29  29  30
 [55]  30  30  30  31  32  32  33  33  33  33  36  37  41  42  42  43  43  46
 [73]  47  49  49  50  53  53  54  54  54  57  59  59  59  59  61  65  65  67
 [91]  67  68  70  70  70  70  70  71  74  76  78  78  78  81  81  81  82  83
[109]  85  88  90  91  91  93  93  93  93  94  94  98  98 101 103 105 106 107
[127] 107 107 108 108 109 109 109 109 114 115 115 115 115 120 121 122 124 125
[145] 131 132 134 134 134 134 134 134 138 138 138 139 139 140 142 143 143 145
[163] 145 145 145 145 145 146 146 148 148 148 149 149 149 149 151 151 152 153
[181] 153 153 154 154 154 155 158 159 159 161 166 166 166 166 167 168 168 168
[199] 169 169 169 170 171 171 174 175 175 176 181 181 184 185 186 187 187 190
[217] 191 191 191 192 193 195 195 195 195 195 195 196 198 198 200 200 201 201
[235] 202 203 204 204 204 206 206 210 210 213 214 214 214 214 217 217 218 219
[253] 223 224 225 227 228 228 230 231 231 236 236 240 240 240 242 243 246 247
[271] 249 249 251 252 252 258 260 260 266 266 266 269 271 271 272 272 272 279
[289] 279 285 286 290 291

$EXTANT
  [1] FALSE FALSE FALSE FALSE FALSE FALSE FALSE FALSE FALSE FALSE FALSE FALSE
 [13] FALSE FALSE FALSE FALSE FALSE FALSE FALSE FALSE FALSE FALSE FALSE FALSE
 [25] FALSE FALSE FALSE FALSE FALSE FALSE FALSE FALSE FALSE FALSE FALSE FALSE
 [37] FALSE FALSE FALSE FALSE FALSE FALSE FALSE FALSE FALSE FALSE FALSE FALSE
 [49] FALSE FALSE FALSE FALSE FALSE FALSE FALSE FALSE FALSE FALSE FALSE FALSE
 [61] FALSE FALSE FALSE FALSE FALSE FALSE FALSE FALSE FALSE FALSE FALSE FALSE
 [73] FALSE FALSE FALSE FALSE FALSE FALSE FALSE FALSE FALSE FALSE FALSE FALSE
 [85] FALSE FALSE FALSE FALSE FALSE FALSE FALSE FALSE FALSE FALSE FALSE FALSE
 [97] FALSE FALSE FALSE FALSE FALSE FALSE  TRUE FALSE  TRUE  TRUE FALSE FALSE
[109] FALSE FALSE FALSE FALSE FALSE FALSE  TRUE FALSE FALSE FALSE FALSE FALSE
[121] FALSE FALSE FALSE  TRUE  TRUE FALSE  TRUE  TRUE FALSE FALSE FALSE FALSE
[133] FALSE  TRUE FALSE FALSE FALSE  TRUE FALSE FALSE FALSE  TRUE  TRUE  TRUE
[145] FALSE FALSE FALSE  TRUE FALSE FALSE  TRUE  TRUE FALSE  TRUE FALSE  TRUE
[157] FALSE FALSE  TRUE FALSE  TRUE FALSE  TRUE FALSE FALSE  TRUE FALSE FALSE
[169] FALSE  TRUE FALSE  TRUE FALSE  TRUE FALSE FALSE FALSE FALSE  TRUE FALSE
[181] FALSE  TRUE FALSE  TRUE  TRUE  TRUE FALSE  TRUE FALSE  TRUE FALSE  TRUE
[193]  TRUE FALSE  TRUE  TRUE FALSE  TRUE  TRUE  TRUE  TRUE FALSE FALSE  TRUE
[205]  TRUE FALSE FALSE  TRUE FALSE  TRUE  TRUE  TRUE  TRUE  TRUE FALSE  TRUE
[217] FALSE  TRUE  TRUE FALSE FALSE FALSE FALSE  TRUE FALSE FALSE  TRUE FALSE
[229]  TRUE  TRUE  TRUE  TRUE  TRUE  TRUE FALSE  TRUE  TRUE  TRUE  TRUE  TRUE
[241] FALSE  TRUE  TRUE  TRUE FALSE  TRUE  TRUE FALSE FALSE  TRUE  TRUE  TRUE
[253] FALSE  TRUE FALSE FALSE  TRUE  TRUE  TRUE  TRUE  TRUE FALSE  TRUE  TRUE
[265] FALSE  TRUE  TRUE  TRUE FALSE  TRUE FALSE  TRUE  TRUE FALSE  TRUE  TRUE
[277]  TRUE  TRUE  TRUE  TRUE  TRUE  TRUE FALSE  TRUE FALSE  TRUE  TRUE  TRUE
[289]  TRUE  TRUE  TRUE  TRUE  TRUE

