
Birth-death simulation object with 395 species and 94 extant species

Details for some species:

Extinction times (NA means extant)
[1] 50.21654 49.04075 48.26690 46.92617 42.48198 41.61110


Speciation times 
[1] 52.75889 52.23987 51.60223 51.46238 51.02612 50.12200


Species parents (NA for initial)
[1] NA  1  1  2  4  5


Species status (extinct or extant)
[1] "extinct" "extinct" "extinct" "extinct" "extinct" "extinct"


For more details on vector y, try sim$y, with y one of
TE TS PAR EXTANT



$TE
  [1] 50.2165370 49.0407474 48.2669019 46.9261726 42.4819833 41.6110993
  [7] 45.7205562 48.5590975 42.1162327 24.7993084 37.6279081 28.9827284
 [13] 45.8079189 44.1151205 26.7642234 18.2384255 22.2066788 40.5072235
 [19] 37.5434593 41.7399854 36.8819573 28.8094431 39.7574101 34.8483941
 [25] 38.2949350 20.5107882 23.1442102 19.4536772 22.4732746 20.3550672
 [31] 23.6752966 35.7712772 28.4106892 38.9505844 33.4778471 37.7276024
 [37] 12.1679190 20.1164777 26.5727975 15.7980104 16.7440081 16.1601363
 [43] 18.7865193 25.1053562 22.5870296 22.9601374 18.6858627 35.3498468
 [49] 31.6739593 17.7130490 18.2292413 17.3127105 24.7048078 34.0561934
 [55] 30.3874763 23.0418181 16.2807389 24.0345941 18.5405738 17.3003900
 [61] 28.2728248 21.0706587 25.8818906 19.6406441 22.3145545 20.2172868
 [67] 17.1718851 24.8503218 13.6530438 17.4229066 16.9571332 33.3685811
 [73] 24.4295455 20.6825216 15.2419069 17.6735513 25.9991690         NA
 [79] 20.9864966 18.2601172 17.9703084 20.6186056 27.7861705 15.4611840
 [85] 18.6414040 15.0971073 12.5653785 16.5969815 20.8569051 18.8729416
 [91] 17.5748575 19.7759129 18.1176359 19.3290997 26.4608549 23.2607952
 [97] 25.6411457 13.9203120 20.7882344 13.2332170 13.4549295 21.4972854
[103] 11.8352668 15.2905283 15.4927229 16.4725266 12.6748057         NA
[109]  1.1853854  6.0090530  4.9345291         NA 17.3878488  2.1743592
[115] 17.0441386 24.0472609 28.9109770 18.8800214 19.4236293 21.4331932
[121] 12.2761358 15.0046978 17.5025994 17.4602084 15.7646396 17.5828598
[127] 15.5331109 20.6966459 16.1089071 13.6322606 19.1303595 16.2645233
[133] 17.9067169 15.7858907 16.2417708 14.9693336  2.9458226 11.6641727
[139]  9.0057900 18.2296449 17.7763968 14.2060924 15.3433217 14.3590638
[145] 16.6814763 19.3004874 17.9419121 18.2514738 16.1497726 15.2690332
[151]  2.9312076  1.6690875  1.3337983  2.3463845         NA 18.7113473
[157]  1.8741590  2.6972458         NA 18.3427711 12.8829498  9.1949046
[163] 13.1665044 15.6040690 21.9471942 17.2372191 12.6766103 17.4075804
[169] 15.9442672  8.4240568 16.2707165  8.2485677 17.4932874 22.0702096
[175]  9.4663544 20.4726155 16.8121575 18.2577863 17.6029826 18.2900348
[181] 12.6243223 15.7315533 10.3619554  3.1454057  8.3739711  2.7693214
[187]         NA 12.9690555 11.3098452 14.1828912 18.6673499  9.0375434
[193] 12.8531643 18.0926278  0.5730812  5.6657536  4.9785927  2.2483672
[199]         NA         NA  8.0387119  6.0464716  5.4642450         NA
[205]  6.2644597         NA 16.5445008 15.2818442 18.0996524 13.3285378
[211] 15.2257538 18.0172692 10.4824650         NA  0.4190810 15.8736876
[217] 17.0739624 12.6608358 15.6192825 12.0096692         NA  4.2732533
[223] 20.1985178 20.2109461 13.9011070 12.5704545 19.7080813 16.2799080
[229] 18.9895433  3.2726833         NA         NA         NA  2.4040499
[235]  0.6192355  1.0221958         NA         NA  0.3024036 16.3898537
[241]  9.8751041  9.2459234 15.2323088         NA 14.2779145 16.3913746
[247]  3.0304857         NA  2.1733821         NA         NA         NA
[253]  1.8520633  1.2845045         NA  2.2911241  4.8314229  0.2557100
[259]  4.5875081  1.1274351         NA 10.6508213 19.2757666 14.6812530
[265] 18.6414432 15.2644532 10.1486216 12.7481293 14.9413519 15.8190045
[271]  6.5077425         NA  2.2825311  2.3802370         NA  9.2983644
[277] 10.8060344  9.0329043  4.7553017         NA         NA  3.4136941
[283] 16.8783705 13.5556520 10.5188279 14.9678768         NA         NA
[289]  1.0305490  3.4934434         NA         NA  0.5694745  3.7593480
[295]         NA         NA         NA         NA         NA         NA
[301] 14.5187114  7.1997577  9.7470294  4.7897500 11.7316021 14.5328964
[307]         NA         NA  5.5281777         NA         NA  0.4328445
[313]         NA 16.6225494         NA         NA  2.6055143         NA
[319] 10.7215458         NA         NA         NA         NA         NA
[325] 13.8302220  7.6862762         NA  8.4337085         NA  2.0077717
[331]         NA         NA 10.5877155  6.5925607  4.0628727         NA
[337]  0.1656356         NA         NA         NA         NA         NA
[343]         NA         NA  9.2518671  3.3392091  5.9391789         NA
[349]         NA  0.5317798  6.4853107         NA  4.0845973  4.2347789
[355]         NA         NA  2.1246675  5.1413566  1.2304323  9.5282212
[361]  2.9658687         NA         NA         NA         NA  3.2751376
[367]         NA         NA         NA  1.7198729         NA         NA
[373]  2.4054521         NA         NA         NA         NA         NA
[379]         NA         NA         NA         NA         NA  6.7874330
[385]         NA  0.9061186  3.2598072  2.4577653         NA         NA
[391]         NA         NA         NA         NA  0.9114832

$TS
  [1] 52.75889149 52.23986613 51.60223164 51.46238291 51.02612278 50.12199632
  [7] 49.68478344 49.08324771 48.27892728 46.38631005 44.37381534 46.69862429
 [13] 45.87879523 44.63421558 35.35824797 34.82726402 34.12350935 43.22340542
 [19] 42.94697031 42.68359282 40.70900909 38.44840400 43.42683925 42.04442405
 [25] 39.20457879 34.98627170 33.34147445 30.09912541 23.17983351 30.96794064
 [31] 27.12534136 39.53209696 40.84565027 40.55143652 39.86402161 38.89885218
 [37] 34.15269299 33.71689405 27.85012973 23.56714928 20.78206936 32.08009401
 [43] 27.54196310 26.89614567 25.53033440 24.20173428 22.38918236 38.41764980
 [49] 37.28392209 36.35640216 31.68811282 29.66591684 29.52638997 34.38962613
 [55] 33.43039345 32.97969338 28.49048192 26.97935172 25.83123173 25.71733388
 [61] 31.07125594 29.55018962 28.70309767 25.00025698 23.71987110 21.38489247
 [67] 19.70680880 25.22511452 23.14816761 20.04627933 19.55478913 35.99092404
 [73] 28.67208074 24.46965352 23.70098099 19.03168573 28.90718461 27.58525958
 [79] 23.18591568 18.62774058 23.51020162 29.32450007 33.40724791 28.71683691
 [85] 23.90142658 21.91459538 18.90017269 16.65713133 25.57673011 22.56669988
 [91] 22.04185272 21.35555173 24.97270027 19.65663586 28.33780319 25.95777009
 [97] 26.88935377 17.98650816 22.47958418 15.98012694 17.78047977 22.66307166
[103] 22.01198149 22.08018461 20.16966632 16.92778698 25.96106577 10.01981401
[109]  8.80951530  7.16456795  6.49539344  2.98141073 21.65681333 19.09219317
[115] 18.39264472 31.80584289 29.51301127 28.33908338 25.19674178 24.30024496
[121] 24.24281392 18.22822952 17.85198475 20.50024819 17.83958030 24.33270407
[127] 21.66217425 21.83240451 20.42459602 20.09338085 20.03463934 23.44847148
[133] 27.07794319 25.66663093 17.42013735 15.75891897 14.06278096 14.85325681
[139] 15.34100972 22.60140098 22.50341561 17.68791315 17.19432962 15.50636865
[145] 20.53126620 20.43042597 18.82749884 20.06776187 18.60330308 16.19496127
[151]  7.24456143  8.67594766  7.76415185  3.06952723  1.25621607 18.87332235
[157]  8.83412450  7.55013596  6.91683364 22.40623045 21.14056864 20.53097357
[163] 19.67657529 16.57715093 23.11800056 19.28170633 19.70231804 18.20366164
[169] 16.38306750 18.29208028 16.96005624 16.49082862 18.87971086 26.12920894
[175] 24.43650836 22.94782477 22.20849790 18.72155253 20.83219754 18.93365133
[181] 17.01742825 15.75502117 11.08020501  9.33398226  8.57579522  8.13293974
[187]  4.06217599 14.52359394 12.17548655 17.00591329 19.86167901 18.07953128
[193] 20.06047249 19.68436521  4.55975742  7.34610503  7.05297493  5.39734000
[199]  6.46829527  6.21743957  8.18953448  7.43487581  6.36985533  7.38424772
[205]  6.65949304  4.65850099 19.10412298 20.65983771 19.79757953 19.00706042
[211] 18.60440439 18.59571212 17.31862363 12.24702908 10.37136362 18.51912782
[217] 22.45951586 13.88621764 16.67389680 15.24730732 11.34211049  8.98673684
[223] 23.45302931 21.09017511 19.93002875 21.46820891 20.51270776 17.21847369
[229] 20.72725775  8.53838272  7.49922198  6.62029297  6.51517412  4.36449373
[235]  3.80499414  3.56440483  3.28463406  5.02647827  2.86851631 19.02895804
[241] 12.93957205 11.62185077 19.27522413 15.12434445 19.13301501 18.80080493
[247]  4.34098081  6.34904252  6.25596391  2.53573029  5.46224416  3.83324250
[253]  1.93974837  5.22879856  2.56120608  5.92387764  5.54255907  1.62350061
[259]  6.26715316  3.39344697  2.03955244 19.04646169 19.36968348 17.72537708
[265] 18.80125026 18.67003017 16.27062548 17.20890661 17.19381983 16.91036829
[271]  7.24945483  8.42665257  7.06550065  4.83590519  2.30979071 12.45247552
[277] 11.11775017 10.28717374  9.07604732  3.46068388  3.12310808  5.25418027
[283] 20.75467652 20.67634837 16.61515208 16.46607278  5.22287456  6.35969787
[289]  5.86087909  5.66362372  1.34414535  0.81819198  4.12624438  4.06859463
[295]  3.11872594  2.30199426  2.97422474  0.98962694  0.19681915  1.53465511
[301] 16.55677508  9.56009363 12.79672547  8.52529750 15.83976484 15.23228914
[307]  3.94792923  4.93920218  5.98930634  0.38420656  4.10420636  3.44942545
[313]  5.73769288 17.96911899 12.52531742  5.19171301  4.29160218  0.24296314
[319] 10.85474546  3.31600319  0.52330105  4.43108385  3.36252850  0.78812646
[325] 14.98256006  7.80541196  7.36716549 11.16139901  5.08722203  2.04799830
[331]  3.17609413  2.51646804 11.39486833  8.55907712  6.81049609  5.64615785
[337]  1.21047556  1.20233285  3.39592551  3.89997932  1.65813496  2.38266539
[343]  1.72072663  0.61177757 11.08608824 10.46812768 10.46282146 10.33250895
[349]  2.05104713  2.20468124  7.45048527  6.81214667  5.27288319  4.88826776
[355]  0.57763275  8.58313746  5.66669798  5.62963274  3.93200871  9.88156040
[361]  6.73428850  0.89124009  5.56157679  8.25078962  7.68637737  7.25971536
[367]  2.65429429  1.90060282  4.73422785  3.50468969  3.13820197  0.15772407
[373]  5.66537678  0.26873950  6.90653261  4.85077232  3.70010249  4.74517068
[379]  1.56561542  4.73398495  0.01744445  4.25145736  2.46812905  6.80419042
[385]  6.26923552  1.65255448  4.53943795  3.35738517  3.96064639  3.58862080
[391]  1.59332513  4.21916694  0.67453094  1.21402376  1.19283967

$PAR
  [1]  NA   1   1   2   4   5   6   6   6   6   6   9   9   9  10  10  10  11
 [19]  11  11  11  11  12  12  12  12  12  12  16  17  17  21  23  23  24  25
 [37]  26  26  26  26  26  27  27  27  27  27  28  33  33  33  33  33  33  35
 [55]  37  37  37  37  37  37  42  42  42  43  43  43  43  44  46  47  47  50
 [73]  50  50  50  50  51  51  51  51  52  53  55  56  56  57  57  57  58  59
 [91]  59  59  60  60  62  62  63  67  69  69  70  74  74  75  75  75  78  78
[109]  78  78  78  78  79  81  81  83  83  83  84  84  84  84  84  86  86  89
[127]  89  90  92  92  92  93  95  97  98  98  98 100 101 102 102 103 103 103
[145] 104 104 104 105 105 105 108 109 109 109 109 113 114 114 114 118 118 121
[163] 121 125 126 126 129 129 129 130 130 130 132 133 133 133 133 133 134 134
[181] 134 136 137 137 137 137 137 138 138 142 145 145 146 146 151 152 152 152
[199] 153 153 157 157 157 158 158 159 160 161 162 162 162 162 162 162 162 163
[217] 165 167 170 172 172 172 174 175 175 177 177 177 179 184 184 184 184 184
[235] 184 184 184 186 187 191 192 192 193 193 194 194 195 196 196 198 199 199
[253] 199 200 200 203 203 204 205 206 206 207 208 208 209 209 210 211 211 213
[271] 214 215 215 215 215 220 221 221 221 221 221 222 224 226 226 226 230 231
[289] 231 231 231 231 233 233 233 233 238 238 238 239 240 242 244 244 245 245
[307] 247 248 249 250 251 252 259 266 267 272 272 272 276 280 280 287 293 293
[325] 301 302 302 303 304 308 312 312 315 315 315 315 315 316 317 322 322 327
[343] 327 327 328 328 328 328 329 331 334 334 336 336 337 346 346 346 346 347
[361] 348 350 352 356 356 356 356 356 361 361 361 362 364 364 365 365 365 366
[379] 368 369 369 373 373 375 375 375 376 378 380 382 385 387 390 391 392

$EXTANT
  [1] FALSE FALSE FALSE FALSE FALSE FALSE FALSE FALSE FALSE FALSE FALSE FALSE
 [13] FALSE FALSE FALSE FALSE FALSE FALSE FALSE FALSE FALSE FALSE FALSE FALSE
 [25] FALSE FALSE FALSE FALSE FALSE FALSE FALSE FALSE FALSE FALSE FALSE FALSE
 [37] FALSE FALSE FALSE FALSE FALSE FALSE FALSE FALSE FALSE FALSE FALSE FALSE
 [49] FALSE FALSE FALSE FALSE FALSE FALSE FALSE FALSE FALSE FALSE FALSE FALSE
 [61] FALSE FALSE FALSE FALSE FALSE FALSE FALSE FALSE FALSE FALSE FALSE FALSE
 [73] FALSE FALSE FALSE FALSE FALSE  TRUE FALSE FALSE FALSE FALSE FALSE FALSE
 [85] FALSE FALSE FALSE FALSE FALSE FALSE FALSE FALSE FALSE FALSE FALSE FALSE
 [97] FALSE FALSE FALSE FALSE FALSE FALSE FALSE FALSE FALSE FALSE FALSE  TRUE
[109] FALSE FALSE FALSE  TRUE FALSE FALSE FALSE FALSE FALSE FALSE FALSE FALSE
[121] FALSE FALSE FALSE FALSE FALSE FALSE FALSE FALSE FALSE FALSE FALSE FALSE
[133] FALSE FALSE FALSE FALSE FALSE FALSE FALSE FALSE FALSE FALSE FALSE FALSE
[145] FALSE FALSE FALSE FALSE FALSE FALSE FALSE FALSE FALSE FALSE  TRUE FALSE
[157] FALSE FALSE  TRUE FALSE FALSE FALSE FALSE FALSE FALSE FALSE FALSE FALSE
[169] FALSE FALSE FALSE FALSE FALSE FALSE FALSE FALSE FALSE FALSE FALSE FALSE
[181] FALSE FALSE FALSE FALSE FALSE FALSE  TRUE FALSE FALSE FALSE FALSE FALSE
[193] FALSE FALSE FALSE FALSE FALSE FALSE  TRUE  TRUE FALSE FALSE FALSE  TRUE
[205] FALSE  TRUE FALSE FALSE FALSE FALSE FALSE FALSE FALSE  TRUE FALSE FALSE
[217] FALSE FALSE FALSE FALSE  TRUE FALSE FALSE FALSE FALSE FALSE FALSE FALSE
[229] FALSE FALSE  TRUE  TRUE  TRUE FALSE FALSE FALSE  TRUE  TRUE FALSE FALSE
[241] FALSE FALSE FALSE  TRUE FALSE FALSE FALSE  TRUE FALSE  TRUE  TRUE  TRUE
[253] FALSE FALSE  TRUE FALSE FALSE FALSE FALSE FALSE  TRUE FALSE FALSE FALSE
[265] FALSE FALSE FALSE FALSE FALSE FALSE FALSE  TRUE FALSE FALSE  TRUE FALSE
[277] FALSE FALSE FALSE  TRUE  TRUE FALSE FALSE FALSE FALSE FALSE  TRUE  TRUE
[289] FALSE FALSE  TRUE  TRUE FALSE FALSE  TRUE  TRUE  TRUE  TRUE  TRUE  TRUE
[301] FALSE FALSE FALSE FALSE FALSE FALSE  TRUE  TRUE FALSE  TRUE  TRUE FALSE
[313]  TRUE FALSE  TRUE  TRUE FALSE  TRUE FALSE  TRUE  TRUE  TRUE  TRUE  TRUE
[325] FALSE FALSE  TRUE FALSE  TRUE FALSE  TRUE  TRUE FALSE FALSE FALSE  TRUE
[337] FALSE  TRUE  TRUE  TRUE  TRUE  TRUE  TRUE  TRUE FALSE FALSE FALSE  TRUE
[349]  TRUE FALSE FALSE  TRUE FALSE FALSE  TRUE  TRUE FALSE FALSE FALSE FALSE
[361] FALSE  TRUE  TRUE  TRUE  TRUE FALSE  TRUE  TRUE  TRUE FALSE  TRUE  TRUE
[373] FALSE  TRUE  TRUE  TRUE  TRUE  TRUE  TRUE  TRUE  TRUE  TRUE  TRUE FALSE
[385]  TRUE FALSE FALSE FALSE  TRUE  TRUE  TRUE  TRUE  TRUE  TRUE FALSE

