
Birth-death simulation object with 183 species and 44 extant species

Details for some species:

Extinction times (NA means extant)
[1] 50.64672 41.25200 40.04233 44.35239 32.99188 45.71789


Speciation times 
[1] 52.75889 51.94717 51.09305 50.82391 46.68917 46.00457


Species parents (NA for initial)
[1] NA  1  2  2  2  2


Species status (extinct or extant)
[1] "extinct" "extinct" "extinct" "extinct" "extinct" "extinct"


For more details on vector y, try sim$y, with y one of
TE TS PAR EXTANT



$TE
  [1] 50.6467243 41.2520011 40.0423291 44.3523856 32.9918807 45.7178892
  [7] 43.1178163 17.2136467 32.7807667 43.5908512 44.9234845 40.0835362
 [13] 42.9089624 26.3524735 18.9150824 16.7730947 23.1783695 25.5605097
 [19] 16.6059846 36.9907599 31.3661835 36.7138037 16.1665227 14.2295114
 [25] 17.7344663 20.4875167 18.9986918 23.7812224 21.8146742 18.1070750
 [31] 16.8664582 13.9189921 16.7269683 25.9370598 21.3073996 20.0374814
 [37] 16.3975299 17.8205008 27.8990098 39.8047319 38.2848318 24.9949840
 [43] 13.5764069 19.5561066 18.7046537 19.1600167 15.1917718 17.9268948
 [49] 26.9204864 12.6078763 23.0093717 21.4061317 11.4614472 18.5934007
 [55] 14.1432799 22.6366359 26.1053776 18.3510990 19.5458733 14.2657410
 [61] 37.5971897 34.2656506 16.7647356 16.1018922 19.6983295 17.2493089
 [67] 16.1582078 11.0356280 18.6624527 17.3882244 17.3656972 11.6069939
 [73]         NA 12.1492402 21.0440836 18.8303040 16.9300061 14.8769289
 [79] 14.6152998 15.3707162 14.9252594 17.7107152 17.0219651 34.5867728
 [85] 22.6960562 24.5670997 22.2413210 13.5929441 21.3982269 18.1483424
 [91] 10.1926540 14.1561373 10.4160476 17.0304477 10.4661298         NA
 [97]         NA  0.4299317 19.3422462 18.4581703 17.8826114 16.0587002
[103]  9.9545017 17.9532081 18.2480207 15.2817804 14.2099240  9.1558071
[109] 10.6520161         NA  5.8731782         NA         NA         NA
[115] 15.4309414 14.2148386 17.6266642 12.3760891 16.7742582 15.9785045
[121]  2.4067176  3.7712087         NA  2.1855132         NA  4.4657348
[127]  5.3847523 16.5948576         NA 13.8906425         NA         NA
[133]  0.4979584  2.0494148  1.8649205         NA 12.3925917         NA
[139]  2.7172677         NA  5.8621428  0.4507542  1.6653453         NA
[145]         NA         NA 14.5382267         NA  0.2050042  0.8628705
[151]  7.1673176         NA         NA         NA         NA         NA
[157]         NA         NA         NA         NA         NA         NA
[163]         NA  1.9359031         NA         NA  2.3741719  0.3375889
[169]         NA  0.2896952         NA         NA         NA         NA
[175]         NA         NA         NA         NA         NA         NA
[181]  1.3259893  2.9254519  0.7085257

$TS
  [1] 52.7588915 51.9471743 51.0930494 50.8239098 46.6891692 46.0045653
  [7] 48.3991749 50.6563756 44.9104352 46.1934294 48.4029130 46.1566095
 [13] 43.0093761 40.3687687 31.0262819 29.8982574 29.8283784 28.2500290
 [19] 19.9061692 44.2389536 32.8505501 37.6556085 35.8206278 28.0331697
 [25] 26.0246538 23.5717344 29.7576993 28.6720031 28.3423295 22.0303844
 [31] 21.0267883 17.1347565 28.0912362 27.8609548 25.2763485 25.2666191
 [37] 27.2188378 17.8271388 41.1103884 40.1527720 38.5590391 33.1473964
 [43] 27.0341300 22.3813929 21.5463782 19.9467920 18.7904131 18.6397863
 [49] 27.4961164 22.3847407 25.2908845 21.6381544 21.5772974 20.8104584
 [55] 14.7749902 27.3740307 27.2368203 21.2877669 20.1144626 17.6834302
 [61] 38.2564973 35.9394944 32.7636277 24.6300071 20.9102592 19.6108394
 [67] 18.3924733 18.2741767 21.0578787 18.3709996 18.6106243 17.3079370
 [73] 14.1879905 14.0432522 24.2539271 20.9311720 18.2556733 15.1872679
 [79] 14.7299678 26.4981907 24.8624649 19.9202425 17.5706714 34.9577621
 [85] 28.3239893 24.7897214 23.8605260 19.6454770 21.9147787 18.9543502
 [91] 17.8162527 15.9277781 14.6660998 20.0660132 14.8270886 11.7420264
 [97]  3.4261821  0.6478774 21.4710138 21.2559666 19.6096418 19.2216548
[103] 15.4594666 19.8065800 18.5491606 18.2011048 15.6232079 11.7280849
[109] 11.0387949 10.5589715  6.5166995  6.3225739  6.0413257  2.8832418
[115] 19.7921110 18.0541142 18.7315022 13.7514706 17.9227673 16.6358210
[121]  4.1334604  4.4666695  4.0448234  3.9226485  2.4612253  6.0267857
[127] 16.9788986 17.4699146 15.7534786 17.7670736  3.5429937  3.9983036
[133]  1.0884008  2.4204128  1.9961397  4.4771570 15.3976505  5.6586840
[139]  7.7741808  7.1943774  6.6670796  6.2664695  5.6996285  4.7488588
[145]  1.9245872  0.8102262 15.4565642  3.8782710  1.3329039  3.8019084
[151]  7.5363923  6.5043463  5.4041590  4.3534303  3.9253559  5.9172341
[157]  4.7860790  4.7690113  4.3905731  4.2335103  2.8082964  0.5042008
[163]  3.2574325  2.3587984  2.1627384  0.1867242  3.4659014  5.2225359
[169]  3.0645462  3.0451364  1.8939863  4.1028298  2.5204928  1.2587585
[175]  2.7275836  2.0736070  5.0089679  2.4266006  1.1210012  2.5029755
[181]  1.7311557  3.2502135  1.1207918

$PAR
  [1]  NA   1   2   2   2   2   3   4   5   7   8   8   8   8   8   8   8   8
 [19]   8   9   9  14  14  14  15  15  16  16  16  16  16  16  17  17  17  17
 [37]  18  19  20  20  20  23  23  23  24  24  24  24  27  27  29  30  30  30
 [55]  32  33  34  36  37  37  39  39  42  43  43  43  43  43  45  48  50  50
 [73]  50  50  51  53  53  53  53  56  56  59  60  62  63  63  63  63  64  64
 [91]  64  68  68  69  72  72  73  73  75  81  81  81  81  82  82  88  91  91
[109]  91  95  96  96  96  97  99 101 102 103 106 106 110 112 112 112 112 113
[127] 115 116 116 117 121 122 123 124 125 126 127 127 129 129 129 129 129 129
[145] 129 129 130 136 136 138 139 139 139 139 139 140 140 140 140 140 143 144
[163] 148 148 148 148 155 156 156 157 157 158 159 159 160 165 168 172 172 175
[181] 176 177 177

$EXTANT
  [1] FALSE FALSE FALSE FALSE FALSE FALSE FALSE FALSE FALSE FALSE FALSE FALSE
 [13] FALSE FALSE FALSE FALSE FALSE FALSE FALSE FALSE FALSE FALSE FALSE FALSE
 [25] FALSE FALSE FALSE FALSE FALSE FALSE FALSE FALSE FALSE FALSE FALSE FALSE
 [37] FALSE FALSE FALSE FALSE FALSE FALSE FALSE FALSE FALSE FALSE FALSE FALSE
 [49] FALSE FALSE FALSE FALSE FALSE FALSE FALSE FALSE FALSE FALSE FALSE FALSE
 [61] FALSE FALSE FALSE FALSE FALSE FALSE FALSE FALSE FALSE FALSE FALSE FALSE
 [73]  TRUE FALSE FALSE FALSE FALSE FALSE FALSE FALSE FALSE FALSE FALSE FALSE
 [85] FALSE FALSE FALSE FALSE FALSE FALSE FALSE FALSE FALSE FALSE FALSE  TRUE
 [97]  TRUE FALSE FALSE FALSE FALSE FALSE FALSE FALSE FALSE FALSE FALSE FALSE
[109] FALSE  TRUE FALSE  TRUE  TRUE  TRUE FALSE FALSE FALSE FALSE FALSE FALSE
[121] FALSE FALSE  TRUE FALSE  TRUE FALSE FALSE FALSE  TRUE FALSE  TRUE  TRUE
[133] FALSE FALSE FALSE  TRUE FALSE  TRUE FALSE  TRUE FALSE FALSE FALSE  TRUE
[145]  TRUE  TRUE FALSE  TRUE FALSE FALSE FALSE  TRUE  TRUE  TRUE  TRUE  TRUE
[157]  TRUE  TRUE  TRUE  TRUE  TRUE  TRUE  TRUE FALSE  TRUE  TRUE FALSE FALSE
[169]  TRUE FALSE  TRUE  TRUE  TRUE  TRUE  TRUE  TRUE  TRUE  TRUE  TRUE  TRUE
[181] FALSE FALSE FALSE

