
Birth-death simulation object with 250 species and 90 extant species

Details for some species:

Extinction times (NA means extant)
[1] 30.95661 44.12574 42.55926 44.33272 39.38598 30.28071


Speciation times 
[1] 52.75889 49.43351 48.44685 47.26359 46.90510 45.31051


Species parents (NA for initial)
[1] NA  1  2  2  3  4


Species status (extinct or extant)
[1] "extinct" "extinct" "extinct" "extinct" "extinct" "extinct"


For more details on vector y, try sim$y, with y one of
TE TS PAR EXTANT



$TE
  [1] 30.95661034 44.12573538 42.55926242 44.33272156 39.38598159 30.28070831
  [7] 22.63042150 39.26377588 31.44370450 30.92689044 35.15540196 28.26611959
 [13] 37.19447275 13.04252053 16.13326425 20.15030788 21.98086575 28.82895684
 [19] 20.53073788 14.13301610 23.85968904 14.50099983  8.94509221  5.05615189
 [25] 15.76265199 15.44471589 11.28411081 22.98434658 24.22090446 16.30502512
 [31] 19.55935746 18.75292954 13.09510417 22.60602602  3.65423357 14.69200126
 [37] 15.46714290  6.19633853 29.60179029 23.05625465 23.30655179 18.76811111
 [43] 18.57534455 18.77038520 18.95762677 17.18589291 11.40300364 13.28518174
 [49]  7.03756455  9.50920376          NA  3.93177131  4.22315265  5.86158168
 [55]  1.64033736  6.37846509 23.91498830 14.48735624 12.65791390 14.28370684
 [61] 22.42839591 16.89836376 22.27971475 13.41714993 19.11071795  8.99992344
 [67]          NA          NA          NA          NA  4.55541233  3.94176808
 [73]          NA          NA  3.35882092  1.28612420  6.58785667  4.98105255
 [79]          NA 18.00718727 15.32775555 15.32755155 10.86785759 13.42651595
 [85] 18.78958303 16.76261794 16.83435614  2.53502934          NA  1.94626898
 [91]  3.89409178          NA          NA          NA  0.95217745  1.07344917
 [97]  3.48399028  3.71838473  0.79009204          NA  4.75725094          NA
[103]  3.59606786          NA          NA          NA  1.92121163          NA
[109]  0.99964126  1.86394815  4.48892334          NA 20.38576890 18.90204424
[115] 14.24930665 12.02402254 10.51158521 12.36648985 16.81771908  4.47989449
[121]  9.55777163  9.32335192  1.26297086  3.49297426          NA          NA
[127]  3.01261172  3.59051247          NA  0.13417110  0.12153815  0.65267420
[133]  3.89565399  2.68345359          NA  3.85343767  2.14026609          NA
[139]  1.47086443  1.95357318  2.27001311          NA          NA  3.32015527
[145]  1.02357110  0.98839925  2.98910069          NA 13.33587039 11.45849771
[151] 12.60621487 12.00119395 11.75437258  5.46425560 15.25047265 11.53215884
[157] 10.18498879          NA  7.72940280          NA  8.45912849  5.92692901
[163]          NA          NA  1.00297892  2.42111046          NA  3.07877183
[169]          NA          NA  2.12385865          NA  2.70956510          NA
[175]          NA          NA  0.75837935 11.57674209  1.17423931 12.10240076
[181]  0.95453173          NA  0.42413444          NA          NA          NA
[187]          NA          NA  6.37701457  4.37902286  0.96655838          NA
[193]          NA          NA  0.24141482  0.62672611          NA  3.98199146
[199]          NA          NA  4.54533222          NA  6.06948288          NA
[205]  1.77615163  0.22024761          NA          NA          NA          NA
[211]          NA          NA  6.01070715          NA  0.02712546          NA
[217]          NA          NA          NA          NA          NA          NA
[223]          NA          NA          NA          NA          NA          NA
[229]          NA          NA  2.38268361          NA          NA          NA
[235]          NA  1.59982971          NA          NA          NA          NA
[241]          NA          NA          NA  2.03744155          NA          NA
[247]          NA          NA  0.57327718          NA

$TS
  [1] 52.75889149 49.43350581 48.44684530 47.26358680 46.90510250 45.31051231
  [7] 45.11212737 42.18061848 38.94965090 37.70434082 36.88151261 34.16684180
 [13] 37.29574641 27.29221385 24.72686575 24.11923869 22.63908907 38.64785983
 [19] 37.00344292 29.11286081 28.70000368 14.70834906 13.47804490 13.09159067
 [25] 24.10685685 21.41579391 17.48280132 30.25254759 31.75075729 27.35810401
 [31] 20.70806871 19.06881071 14.20940630 24.91085846  5.12717394 20.23536389
 [37] 17.29650412 12.81792150 29.97247078 26.04963679 23.84087816 25.10952733
 [43] 24.33194147 22.92788995 23.29215594 23.09169620 14.74541422 15.63424539
 [49] 10.68945339  9.56898763  8.26348000  7.92029391  7.74347667  7.27122480
 [55]  6.92127741  6.68408627 25.70062645 24.42693573 22.88987447 23.60657910
 [61] 22.55791394 18.91880640 22.63261723 20.73761904 20.39467079 10.59407398
 [67]  7.83324956  7.31647002  5.99791845  4.00419010  7.38053847  5.07568530
 [73]  5.04266435  4.81834970  4.77302985  7.00318354  6.91454436  5.82549110
 [79]  5.58445357 23.51139755 21.29346660 15.40204558 13.12863893 20.39455483
 [85] 19.51666129 17.01472992 18.58045876 15.26011248  6.60515238  5.08076299
 [91]  4.59585419  1.98101297  1.00513122  6.84784849  6.83964712  5.70587304
 [97]  4.35348622  4.28679576  3.00642519  1.02013809  5.81491735  5.77531718
[103]  3.88848451  1.95268427  2.42419175  0.93176708  3.60828519  4.64199597
[109]  5.19876707  4.73888856  6.82609504  4.91613025 22.28937576 20.87482879
[115] 18.42815817 18.16913976 12.65452875 16.29992182 17.21106404 15.13755326
[121] 12.34875998  9.48278540  8.82129559  6.80526233  6.78053365  4.64390992
[127]  5.18226463  4.44117581  3.70317368  4.78362724  0.96023600  0.76453476
[133]  4.65755460  3.25177306  1.29383109  4.66133804  3.39252808  1.50839299
[139]  3.53716348  3.52816011  4.14451168  3.88111934  1.78700833  3.99716718
[145]  3.94623962  4.12248733  5.33250196  0.24912457 16.17374955 14.54696477
[151] 13.49177079 12.21643726 12.38854518 10.73904407 15.42432403 14.51002304
[157] 13.97680503  8.52960431  7.82215027  7.25209187 11.74023123 10.40381115
[163]  6.17386744  4.63238476  4.44280639  4.34240921  5.16900598  4.21623950
[169]  5.85450233  1.74872206  3.60598243  1.92055592  4.50702922  1.22550547
[175]  3.18262090  2.67087941  4.32402014 11.99791245  8.21718883 13.80277174
[181] 12.00304920  4.45093585  4.19329767  2.12554152  0.22693141  4.04327763
[187]  1.45541663  0.31800719  9.99559704  8.83532762  8.88080748  6.28676968
[193]  3.23319736  4.40431886  2.55332425  1.35136106  1.11957956  4.29921466
[199]  3.32909434  2.03765846  7.43727485  4.30333778  7.55444798  5.24168397
[205]  4.86480698  2.86336479  2.12392154  1.39794992  1.81080900  0.33559409
[211]  0.01477933  7.01137016  6.87950443  2.00933712  6.46720362  6.21715895
[217]  5.00500394  4.04425730  2.71533894  0.08993049  2.09255994  0.75775534
[223]  5.92539603  5.01675238  0.71314314  0.37230404  4.60382126  1.23350682
[229]  1.01356154  0.83481094  3.04246506  4.03329845  3.21338695  1.19177643
[235]  4.09459711  3.97433672  0.85873721  1.68849464  0.97515828  0.15286849
[241]  2.54127381  1.98085906  0.93827574  3.84933157  1.29772472  1.71361947
[247]  1.45808176  1.26059103  0.89450847  0.30994112

$PAR
  [1]  NA   1   2   2   3   4   4   5   6   6   6   6   7   7   7   7   7   9
 [19]   9  12  12  14  14  14  15  15  15  18  19  19  20  20  20  21  24  25
 [37]  26  27  28  28  28  29  30  30  34  34  36  37  38  38  38  38  38  38
 [55]  38  38  40  42  42  43  43  43  45  45  46  49  51  51  51  51  52  52
 [73]  52  52  52  53  53  53  55  58  58  58  59  60  60  62  64  64  67  67
 [91]  67  67  67  68  68  68  68  68  68  68  69  69  69  69  70  73  74  75
[109]  76  76  77  79  80  80  81  81  83  84  87  88  88  88  88  88  88  88
[127]  89  89  89  90  92  92  94  94  94  95  95  95  96  97  98  98 105 109
[145] 109 110 111 112 116 116 116 116 117 117 118 120 120 120 120 120 121 121
[163] 123 123 123 123 124 124 125 126 127 129 130 130 141 141 147 150 154 156
[181] 156 158 158 158 158 160 160 160 161 161 162 162 163 164 166 167 167 169
[199] 173 175 179 181 190 190 191 191 191 192 193 195 199 201 201 202 203 203
[217] 204 204 204 204 205 206 212 212 212 214 215 216 216 216 217 218 218 218
[235] 223 223 223 227 228 228 231 232 234 235 235 241 241 242 242 246

$EXTANT
  [1] FALSE FALSE FALSE FALSE FALSE FALSE FALSE FALSE FALSE FALSE FALSE FALSE
 [13] FALSE FALSE FALSE FALSE FALSE FALSE FALSE FALSE FALSE FALSE FALSE FALSE
 [25] FALSE FALSE FALSE FALSE FALSE FALSE FALSE FALSE FALSE FALSE FALSE FALSE
 [37] FALSE FALSE FALSE FALSE FALSE FALSE FALSE FALSE FALSE FALSE FALSE FALSE
 [49] FALSE FALSE  TRUE FALSE FALSE FALSE FALSE FALSE FALSE FALSE FALSE FALSE
 [61] FALSE FALSE FALSE FALSE FALSE FALSE  TRUE  TRUE  TRUE  TRUE FALSE FALSE
 [73]  TRUE  TRUE FALSE FALSE FALSE FALSE  TRUE FALSE FALSE FALSE FALSE FALSE
 [85] FALSE FALSE FALSE FALSE  TRUE FALSE FALSE  TRUE  TRUE  TRUE FALSE FALSE
 [97] FALSE FALSE FALSE  TRUE FALSE  TRUE FALSE  TRUE  TRUE  TRUE FALSE  TRUE
[109] FALSE FALSE FALSE  TRUE FALSE FALSE FALSE FALSE FALSE FALSE FALSE FALSE
[121] FALSE FALSE FALSE FALSE  TRUE  TRUE FALSE FALSE  TRUE FALSE FALSE FALSE
[133] FALSE FALSE  TRUE FALSE FALSE  TRUE FALSE FALSE FALSE  TRUE  TRUE FALSE
[145] FALSE FALSE FALSE  TRUE FALSE FALSE FALSE FALSE FALSE FALSE FALSE FALSE
[157] FALSE  TRUE FALSE  TRUE FALSE FALSE  TRUE  TRUE FALSE FALSE  TRUE FALSE
[169]  TRUE  TRUE FALSE  TRUE FALSE  TRUE  TRUE  TRUE FALSE FALSE FALSE FALSE
[181] FALSE  TRUE FALSE  TRUE  TRUE  TRUE  TRUE  TRUE FALSE FALSE FALSE  TRUE
[193]  TRUE  TRUE FALSE FALSE  TRUE FALSE  TRUE  TRUE FALSE  TRUE FALSE  TRUE
[205] FALSE FALSE  TRUE  TRUE  TRUE  TRUE  TRUE  TRUE FALSE  TRUE FALSE  TRUE
[217]  TRUE  TRUE  TRUE  TRUE  TRUE  TRUE  TRUE  TRUE  TRUE  TRUE  TRUE  TRUE
[229]  TRUE  TRUE FALSE  TRUE  TRUE  TRUE  TRUE FALSE  TRUE  TRUE  TRUE  TRUE
[241]  TRUE  TRUE  TRUE FALSE  TRUE  TRUE  TRUE  TRUE FALSE  TRUE

