
Birth-death simulation object with 132 species and 20 extant species

Details for some species:

Extinction times (NA means extant)
[1] 40.21285 40.72954 20.14529 25.18756 25.72340 21.99287


Speciation times 
[1] 52.75889 49.46894 43.95921 41.24377 41.03517 38.93449


Species parents (NA for initial)
[1] NA  1  1  1  3  3


Species status (extinct or extant)
[1] "extinct" "extinct" "extinct" "extinct" "extinct" "extinct"


For more details on vector y, try sim$y, with y one of
TE TS PAR EXTANT



$TE
  [1] 40.2128503 40.7295443 20.1452915 25.1875628 25.7234040 21.9928683
  [7] 31.2372770 29.3682791 23.8500299 19.1899427 19.5151801 26.3575841
 [13] 37.0631286 25.5680482 17.7403770 29.1408465 18.2770556 21.4883407
 [19] 19.8521953 24.4991858 12.7229925 27.7936715 15.2218949 18.8351871
 [25] 21.1014243 18.7479454 18.6002863 13.5836228 16.2388045 16.2128696
 [31] 15.2160046 17.8023363 26.7879873 13.8046943 15.4137357 13.1586518
 [37] 18.9296332 28.3191367 21.9337421 18.4232316 11.2389993 14.6959643
 [43] 11.8953729 16.8301632 17.9427584 16.6447487 17.5440933 17.9561585
 [49] 10.2711567 14.9509932 18.4421183 17.9723298 16.2776738 15.8247695
 [55] 13.7240243 14.9730530 22.4650996 16.4353867 22.1959070 22.3530592
 [61]  4.5179179 15.8626215 15.1733472 13.5795042 15.2313791 14.6397845
 [67] 15.0796778 11.1758441 13.6079566         NA 14.9278027 24.4987696
 [73] 19.4906738 18.8301043 18.7864294 18.1261291 15.5562300 13.5490617
 [79]  6.5746287  4.9670672 12.5413964 17.4938441 15.8835957 16.2740152
 [85]  9.5065813  6.7072952 14.6441387  5.6977261 10.8639631 13.1743407
 [91]  9.2293556  6.4454902         NA 16.1400988 19.0516111 12.4686850
 [97]  9.8524180         NA 11.8875128         NA  2.8747370 12.4296128
[103]         NA 16.0330056  2.2470318         NA         NA  4.0695263
[109]  3.3237527  2.7931800         NA         NA         NA         NA
[115]         NA         NA  0.5596023  3.2004949  0.6815700         NA
[121]         NA  2.3476479  0.9860396         NA         NA         NA
[127]  2.3937000         NA         NA  2.3563046  3.3753390  1.5001820

$TS
  [1] 52.7588915 49.4689359 43.9592066 41.2437683 41.0351694 38.9344897
  [7] 34.1692700 30.7781842 29.5902427 28.4030524 21.6467452 29.2215503
 [13] 37.8299992 35.0735134 38.7055766 33.6937511 32.1383347 24.1122329
 [19] 23.0689729 32.1121278 32.1040696 37.1045115 30.5706293 27.9153771
 [25] 23.7774150 23.4517577 19.2883386 25.0025017 18.5229398 21.8021930
 [31] 21.7715419 21.7547336 29.1424711 26.2832567 17.7894660 14.9814080
 [37] 36.3828841 30.5667250 25.7521167 25.2116118 18.3464415 15.2529878
 [43] 14.8559200 21.6746570 20.2147584 19.5667796 19.8266439 18.0555139
 [49] 16.1673555 15.2432648 20.2348633 18.5048626 17.3856082 16.7125914
 [55] 17.6150492 16.6883577 35.4259680 25.6354489 24.0602705 23.8160090
 [61] 18.6480509 16.0366143 15.9768073 14.3873804 18.9682001 18.6199070
 [67] 17.6668207 18.1369349 15.7966142 17.0675430 15.0806510 28.6240795
 [73] 21.4271019 20.5990836 19.9348049 22.5292812 17.1728848 15.2289172
 [79]  6.6133849  5.2815805 15.3732465 18.1321031 16.3134655 17.1165024
 [85] 16.4329840 13.9840636 15.7406523 14.2302629 13.5391672 13.1936468
 [91]  9.2390734  6.8926097  5.9050442 19.6309218 19.3038884 14.2075090
 [97] 11.7349367  9.7110766 12.9313081  8.1376177  7.3978320 14.7966988
[103]  2.8517833 16.6631150  7.5809585  5.1070040  0.5187955  7.1498505
[109]  5.6636664  3.9312273  1.5327049 14.2083664  1.8376428  1.7988749
[115]  4.4611251  3.4943920  2.3322819  7.0348752  6.5431916  5.2743956
[121]  9.4297470  3.8755740  1.8463814  0.8196150  1.6355006  1.5771557
[127]  4.8329768  0.1431569  5.1646524  3.2288390  4.6132514  3.3079050

$PAR
  [1]  NA   1   1   1   3   3   3   3   3   3   3   4   5   5   6   7   7  10
 [19]  10  14  14  15  15  15  15  15  15  17  17  18  19  19  20  20  21  21
 [37]  22  23  23  23  23  28  28  30  30  30  31  31  31  31  32  34  34  34
 [55]  35  35  37  37  39  40  40  41  41  41  44  46  46  47  49  53  55  57
 [73]  58  58  58  60  61  61  61  61  63  66  66  67  67  68  69  69  70  70
 [91]  70  70  70  75  75  85  85  85  86  86  86  87  93  94  98  98  98 100
[109] 100 100 100 102 103 103 105 105 105 108 108 108 112 112 112 112 114 117
[127] 118 120 121 121 129 129

$EXTANT
  [1] FALSE FALSE FALSE FALSE FALSE FALSE FALSE FALSE FALSE FALSE FALSE FALSE
 [13] FALSE FALSE FALSE FALSE FALSE FALSE FALSE FALSE FALSE FALSE FALSE FALSE
 [25] FALSE FALSE FALSE FALSE FALSE FALSE FALSE FALSE FALSE FALSE FALSE FALSE
 [37] FALSE FALSE FALSE FALSE FALSE FALSE FALSE FALSE FALSE FALSE FALSE FALSE
 [49] FALSE FALSE FALSE FALSE FALSE FALSE FALSE FALSE FALSE FALSE FALSE FALSE
 [61] FALSE FALSE FALSE FALSE FALSE FALSE FALSE FALSE FALSE  TRUE FALSE FALSE
 [73] FALSE FALSE FALSE FALSE FALSE FALSE FALSE FALSE FALSE FALSE FALSE FALSE
 [85] FALSE FALSE FALSE FALSE FALSE FALSE FALSE FALSE  TRUE FALSE FALSE FALSE
 [97] FALSE  TRUE FALSE  TRUE FALSE FALSE  TRUE FALSE FALSE  TRUE  TRUE FALSE
[109] FALSE FALSE  TRUE  TRUE  TRUE  TRUE  TRUE  TRUE FALSE FALSE FALSE  TRUE
[121]  TRUE FALSE FALSE  TRUE  TRUE  TRUE FALSE  TRUE  TRUE FALSE FALSE FALSE

