
Birth-death simulation object with 223 species and 56 extant species

Details for some species:

Extinction times (NA means extant)
[1] 47.27172 42.87191 15.19081 45.71881 38.12282 47.80493


Speciation times 
[1] 52.75889 51.48747 48.48347 50.71683 47.79988 48.34557


Species parents (NA for initial)
[1] NA  1  1  2  2  3


Species status (extinct or extant)
[1] "extinct" "extinct" "extinct" "extinct" "extinct" "extinct"


For more details on vector y, try sim$y, with y one of
TE TS PAR EXTANT



$TE
  [1] 47.2717225 42.8719091 15.1908099 45.7188087 38.1228163 47.8049283
  [7] 41.4899255 27.1889483 21.1878847  4.1645206 12.4123257 42.6209128
 [13] 18.7269346 29.7015005 27.6100388 27.1506625 16.7242410 24.7238532
 [19] 19.8401429 15.8272409 15.1418802 16.7378742 15.9971420 11.8237701
 [25]         NA  0.0863397         NA  5.8941343         NA  9.5602679
 [31] 36.1599257 33.1922305 18.4105729 23.2176603 29.9422245 30.7906053
 [37] 27.0061626 23.7462163 15.4515385 19.0194452 27.3576864 20.1180586
 [43] 14.4522075 17.1562728 16.2485387 14.8956767  2.9557719  5.3466920
 [49]         NA  2.1833551         NA  6.1466747         NA  1.5536107
 [55]  1.6156880  5.0439670  3.3781142  1.0498155  2.6333943  0.7926346
 [61]  0.9758695         NA 42.1528392 37.8171268 33.2625314 25.2903784
 [67] 28.4943794 21.3266176 17.7993293 18.4203808 19.7161858 16.7989206
 [73] 18.2313190 29.3189719 16.9339500 15.5507798 14.2715783 17.9446231
 [79] 14.3368960 13.3764982  2.7303156  4.1350615  1.5650043         NA
 [85]         NA         NA         NA  3.4342367         NA         NA
 [91]  5.2473121         NA         NA         NA  3.5498950  2.8187434
 [97]  1.7776521         NA 18.0674346 23.5624464 14.5388542 17.9165075
[103] 13.4746332 24.8037656 15.9233908 26.5443131         NA 16.5515463
[109] 18.1526948 17.6142073 13.7394665 14.6972851 18.2366095         NA
[115]  1.5609721         NA         NA  0.2156872         NA  4.5021916
[121]         NA         NA         NA  1.9869472         NA         NA
[127]         NA         NA         NA  1.2033878  0.8128396         NA
[133] 23.6137305 23.0825350 15.8201193 23.4157364 16.6623356 15.3576339
[139] 13.5897416 20.8221057 16.0613188 18.5127968 13.9375779 15.7059234
[145] 17.2609203 17.6726757  0.1142907         NA 17.2592822 18.3913973
[151] 13.7787309 13.2420047 14.9731093 17.6321781 13.6299250 14.2859653
[157]         NA         NA         NA         NA 14.7893225 19.8478400
[163] 23.7792023 18.0608008 17.1362761 17.8673919         NA 13.9733715
[169] 14.7890374 14.9869622         NA         NA         NA         NA
[175] 12.4520207 18.2105053 18.5795459 15.4581192 14.7558108 18.5283571
[181] 16.5829615 14.0836629 15.5040288 15.3118884  8.0651778  6.4290727
[187]         NA         NA  4.5288762         NA         NA         NA
[193]         NA 16.1436158 12.6473174 16.3347118 17.0503235 12.7265981
[199] 15.2819554 17.4167825 18.7507820 18.7686689 11.6972198 18.7510386
[205] 10.8686815         NA  0.4049117         NA 13.6033558 17.1972590
[211] 16.3993931 13.2550457 17.0716925 17.3953317 12.6751710         NA
[217]         NA         NA  0.2542527         NA         NA         NA
[223]         NA

$TS
  [1] 52.7588915 51.4874712 48.4834704 50.7168284 47.7998842 48.3455667
  [7] 45.3116785 29.2313140 24.4369904 18.3531207 16.3534904 44.8822490
 [13] 42.9599804 38.5465108 41.9539161 28.6632322 28.5609102 27.7777690
 [19] 27.5240301 22.0697560 17.7939510 17.7747184 16.9610849 12.3472182
 [25] 11.2825889  9.2406558  8.4662454  6.5932096  4.8906803 12.9049705
 [31] 42.4070590 37.9754084 37.7442750 35.8716926 33.3628042 32.1176071
 [37] 28.1151035 26.7326897 18.9862083 35.0102503 28.1132360 27.4239709
 [43] 20.8410359 17.3389192 16.8685051 16.2205857  7.1719532  6.9560896
 [49]  6.2059003  4.6813276  0.9226700  8.8533001  7.9975114  7.6642388
 [55]  7.5477497  5.2606917  3.7584294  5.3377042  3.9286577  3.9813793
 [61]  1.7633922  0.7631461 42.2858759 41.3515389 33.2934828 33.2664920
 [67] 29.7632973 25.8731280 24.7512717 31.8518093 27.4017440 25.9154830
 [73] 33.7351296 30.8328206 26.8155296 24.6665414 24.4624671 26.3618862
 [79] 24.9580266 17.1608704  5.7303954  4.6439728  4.5179000  4.3504892
 [85]  4.2279808  5.9920000  5.6528682  4.0936844  1.8240835  1.7247528
 [91]  6.4957669  6.4394549  5.0624408  3.4677920  4.3349624  4.1307797
 [97]  3.9752851  2.3244008 29.2734003 23.5929142 22.2387240 21.3652803
[103] 26.9184344 26.5300955 22.1588355 28.5413458 25.1134809 19.6793343
[109] 23.1734667 17.7119257 14.9851172 22.4340689 20.1296884  4.2237460
[115]  3.6665532  2.7780737  1.3535192  0.5791215  1.4482001  4.6140038
[121]  0.4658863  0.1045320  6.1530535  4.2678460  0.4061805  0.1342467
[127]  1.4179010  1.2474071  0.1528679  4.0204313  3.9697764  1.1683270
[133] 25.4122900 24.5407596 26.8056006 25.7442512 23.3442729 19.7523996
[139] 14.4797682 21.5344827 18.9028502 18.8645722 23.7797539 23.4169912
[145] 20.1264494 18.9356833  2.0078670  1.9622865 22.4257684 21.8205355
[151] 18.5316989 13.7753032 19.3464093 17.8330786 17.7552729 15.2638714
[157]  2.7401966  0.4261357  2.6289246  2.7487077 23.1356314 20.5996102
[163] 24.6281657 23.7306615 23.5559387 17.9566685 18.8346425 18.1324532
[169] 17.9381910 17.9407646  0.2392532  1.0500712  0.4520150  1.5619128
[175] 22.9882710 20.5925188 20.4806331 20.1060489 15.6727757 20.0501750
[181] 20.0304576 20.8598707 20.5054780 17.9073757  8.4346054  8.2802031
[187]  7.4561379  5.7268752  5.1104130  5.0970789  3.2505253  2.4650945
[193]  0.6097052 18.5644378 13.5085200 20.0369592 19.1952003 20.1911774
[199] 19.3742722 18.6969565 19.9651385 19.2284838 17.3786046 20.3026633
[205] 18.9415078  4.5846143  4.0915025  0.4225447 19.9676281 17.7115850
[211] 16.9420524 16.0678918 18.8338136 17.7955112 12.9220285  0.4661722
[217]  0.4153876  3.0201150  1.5421461  1.3384286  1.1601317  0.7441378
[223]  0.4146242

$PAR
  [1]  NA   1   1   2   2   3   3   3   3   3   3   5   5   5   7   8   8   8
 [19]   8   9  10  10  10  10  10  10  10  10  10  11  13  13  13  13  13  13
 [37]  13  13  13  15  15  17  19  20  20  21  25  25  25  25  25  26  26  26
 [55]  26  26  26  27  27  29  29  29  31  31  32  32  33  33  33  34  34  38
 [73]  40  40  40  40  40  42  42  44  49  49  49  50  50  53  53  53  53  53
 [91]  54  55  55  57  58  58  58  58  66  68  70  70  71  71  72  73  73  73
[109]  77  77  77  78  79  84  84  84  84  84  86  87  89  90  91  92  92  92
[127]  94  94  94  96  96  98  99  99 103 103 103 103 103 105 105 105 107 107
[145] 107 107 107 107 109 109 109 111 112 112 112 112 116 118 124 131 134 135
[163] 136 136 136 137 141 145 145 153 158 159 159 160 161 161 161 161 161 162
[181] 162 164 165 167 167 167 167 167 167 167 167 167 167 175 175 176 176 177
[199] 180 180 182 182 182 183 183 190 190 193 196 197 203 203 204 205 205 206
[217] 206 207 207 219 219 219 221

$EXTANT
  [1] FALSE FALSE FALSE FALSE FALSE FALSE FALSE FALSE FALSE FALSE FALSE FALSE
 [13] FALSE FALSE FALSE FALSE FALSE FALSE FALSE FALSE FALSE FALSE FALSE FALSE
 [25]  TRUE FALSE  TRUE FALSE  TRUE FALSE FALSE FALSE FALSE FALSE FALSE FALSE
 [37] FALSE FALSE FALSE FALSE FALSE FALSE FALSE FALSE FALSE FALSE FALSE FALSE
 [49]  TRUE FALSE  TRUE FALSE  TRUE FALSE FALSE FALSE FALSE FALSE FALSE FALSE
 [61] FALSE  TRUE FALSE FALSE FALSE FALSE FALSE FALSE FALSE FALSE FALSE FALSE
 [73] FALSE FALSE FALSE FALSE FALSE FALSE FALSE FALSE FALSE FALSE FALSE  TRUE
 [85]  TRUE  TRUE  TRUE FALSE  TRUE  TRUE FALSE  TRUE  TRUE  TRUE FALSE FALSE
 [97] FALSE  TRUE FALSE FALSE FALSE FALSE FALSE FALSE FALSE FALSE  TRUE FALSE
[109] FALSE FALSE FALSE FALSE FALSE  TRUE FALSE  TRUE  TRUE FALSE  TRUE FALSE
[121]  TRUE  TRUE  TRUE FALSE  TRUE  TRUE  TRUE  TRUE  TRUE FALSE FALSE  TRUE
[133] FALSE FALSE FALSE FALSE FALSE FALSE FALSE FALSE FALSE FALSE FALSE FALSE
[145] FALSE FALSE FALSE  TRUE FALSE FALSE FALSE FALSE FALSE FALSE FALSE FALSE
[157]  TRUE  TRUE  TRUE  TRUE FALSE FALSE FALSE FALSE FALSE FALSE  TRUE FALSE
[169] FALSE FALSE  TRUE  TRUE  TRUE  TRUE FALSE FALSE FALSE FALSE FALSE FALSE
[181] FALSE FALSE FALSE FALSE FALSE FALSE  TRUE  TRUE FALSE  TRUE  TRUE  TRUE
[193]  TRUE FALSE FALSE FALSE FALSE FALSE FALSE FALSE FALSE FALSE FALSE FALSE
[205] FALSE  TRUE FALSE  TRUE FALSE FALSE FALSE FALSE FALSE FALSE FALSE  TRUE
[217]  TRUE  TRUE FALSE  TRUE  TRUE  TRUE  TRUE

