
Birth-death simulation object with 280 species and 72 extant species

Details for some species:

Extinction times (NA means extant)
[1] 51.00795 36.74774 43.27832 47.13801 39.71884 46.78077


Speciation times 
[1] 52.75889 51.27819 50.26593 49.00372 43.89432 50.25619


Species parents (NA for initial)
[1] NA  1  2  2  2  3


Species status (extinct or extant)
[1] "extinct" "extinct" "extinct" "extinct" "extinct" "extinct"


For more details on vector y, try sim$y, with y one of
TE TS PAR EXTANT



$TE
  [1] 51.00795498 36.74773939 43.27832356 47.13801492 39.71883998 46.78077022
  [7] 44.89559815 42.49189858 16.76957384 45.83891172 45.95482655 44.79662337
 [13] 45.37489962 35.35357642 42.39535607 28.02973100 22.81095917  9.74422380
 [19] 18.23395791 24.01800009 21.73137700 15.07712233 28.35372613 15.31580256
 [25] 34.00485936 14.92786091 18.58086612 25.91272201 15.71450496  8.14357440
 [31] 17.75043944 33.69256144 35.00371312 28.13990329 25.13101674 19.92292398
 [37] 21.35372090 18.86602240 10.64113257 15.33665962 10.74965538 12.81794684
 [43] 30.06799033 37.96713395 17.80977554 16.56730195 31.29026505 27.03624082
 [49] 21.87474142 27.79324314 25.21659823 27.86819102 24.05922758 16.10156562
 [55] 25.34425681 18.73137621 18.09674162 14.99912541  2.30534527  9.00616490
 [61]  6.28678696  6.84826947 18.29934644 21.09271468 18.17334076 12.62605936
 [67] 20.48056448  9.14019927 12.22063581  8.85812692 19.86472737 29.80587670
 [73] 21.73711730 29.06236026 16.85562859 25.01265775 17.07474873 17.33515086
 [79]          NA 15.70367909 18.75269550 16.00126643 17.14188257  1.00905721
 [85]          NA          NA 13.14000247          NA          NA 21.16034218
 [91] 14.34206389 21.59036317 22.49940956 18.30334179 18.17070165 17.96766070
 [97] 19.51161991  9.54830557 17.61058319 16.66923776 10.56764732 17.28172962
[103] 17.68355817          NA  2.40196347  2.57565505          NA 18.98613080
[109]          NA          NA          NA          NA          NA  2.19901836
[115]          NA          NA  0.88396269  4.99278797          NA 12.50296912
[121] 18.29668685 20.53101040 26.11986776 20.87189277 21.07127432 18.78080645
[127] 20.02099313 11.44932070 18.31055207 16.54961429  1.77674268 17.64608967
[133]  9.18236150 13.75639049  6.10345706  2.64569081  3.90828874          NA
[139]          NA          NA  2.90734264          NA          NA          NA
[145]          NA  3.18230208          NA          NA          NA          NA
[151]          NA  1.79659911          NA 17.69086253 18.43489088 14.58585347
[157] 18.23066130 14.52160162 18.74582912 17.66984110 10.81104059 14.90624064
[163] 11.79239033 18.25297502  8.21024011          NA 18.02920778 12.42173605
[169] 13.36387699          NA  9.89516482 10.23925732 13.42640491  5.09324383
[175]  7.43013041          NA          NA          NA          NA          NA
[181]  2.59963797  1.83930273          NA          NA          NA  3.71983004
[187]  2.28716681          NA          NA          NA  6.12265656          NA
[193] 16.61696663 12.89160763 14.04913567 18.80961063 21.01988536 14.78931157
[199]  9.69638304 17.70140270 15.74214372 16.56621379 13.56731385 13.12187838
[205] 17.67113609 11.03400840 13.16534839 13.86345328 12.93531961 12.98349493
[211]          NA          NA  1.30270801          NA          NA          NA
[217]          NA          NA          NA          NA          NA          NA
[223]          NA  0.60146226          NA          NA 17.66009454 19.39098999
[229] 15.14185228 17.50435486 18.04152928 14.50269639 12.59705182 10.11043767
[235] 11.86078335 17.63890336 11.47168575 14.39947857 14.44084494 12.49358620
[241] 14.40904253          NA          NA  0.48341842  2.40680121          NA
[247]          NA          NA          NA          NA 14.46215591 21.31779279
[253] 18.13630940 18.55758945  8.03506503 10.60914808 11.57959391 10.32688937
[259]  0.82799139          NA          NA  0.70433311          NA  2.92563851
[265]  7.08700520 10.63815694 10.17968450          NA          NA          NA
[271] 13.23675178  0.02515144  2.39513748  3.42928747  0.58433841          NA
[277]          NA  0.41674833  4.03359506          NA

$TS
  [1] 52.75889149 51.27818828 50.26593134 49.00372116 43.89432327 50.25619164
  [7] 49.58250873 47.60041216 43.97401625 47.66176125 49.10034044 47.65985711
 [13] 45.43984481 45.09940543 42.63567659 39.41534841 33.07612845 32.74411957
 [19] 25.52048616 24.56114577 23.09858913 20.74429455 46.52325174 39.53792502
 [25] 34.41247876 26.97657613 25.75051477 30.63272201 16.12746601  9.91358574
 [31] 40.99881428 36.97941439 36.43187987 35.66394732 31.22116927 29.26622361
 [37] 24.75166271 23.16024116 16.48546836 25.70985205 30.27190182 27.66046098
 [43] 40.91541944 39.88905239 19.79316939 18.76641694 34.83044653 32.66890844
 [49] 32.52290537 28.71951177 29.39180302 27.96939462 26.31693909 28.96415329
 [55] 26.15689222 21.38595435 19.81843214 15.60272612 14.62601947 13.91249416
 [61] 11.96465788 11.94761385 20.83270234 24.53206406 19.18842449 13.62908139
 [67] 22.92064788 15.29282289 13.68336087 12.82882862 32.90208403 33.78835487
 [73] 31.43951402 31.36108641 26.68625322 28.43329769 20.12288506 20.07890374
 [79] 19.53133763 16.64333728 18.84253225 19.37833511 18.28092412 10.00176294
 [85]  6.72946840  3.93961637 13.32563387 10.93170599  7.51371725 24.38386230
 [91] 22.03806989 29.35617741 29.16184523 28.68448381 23.07555084 19.87016008
 [97] 29.43309984 26.25402050 22.09101554 17.09222768 19.62927619 17.61509399
[103] 18.67830885 11.66154731  6.40185657  4.90971426  2.28900683 19.12955257
[109]  5.71239044  6.34125303  2.40860460  0.54153677  6.59386778  6.37839623
[115]  4.17305892  3.83372375  1.38151632  7.27292150  4.41423343 19.00172551
[121] 28.40511225 21.63036035 26.54226216 25.23610596 22.50984415 21.98278879
[127] 23.66024113 22.12467264 21.56232871 17.07556087 11.52147959 20.65389713
[133] 20.20354136 17.14345587 13.24523064  8.79797635  8.24837485  7.01855915
[139]  5.17024843  4.07570030  3.24399369  4.47962692  5.67356381  4.14247017
[145]  4.63241075  4.06572573  3.14741722  2.73988277  2.11109427  0.33302502
[151]  5.09163067  3.19986736 15.49365868 25.88642895 24.69852823 20.88290815
[157] 25.06086915 22.19022023 20.74489463 20.23217792 22.10990532 16.97125903
[163] 14.54344009 20.65213312  8.96639649  4.76929676 20.23459095 17.95416077
[169] 19.49463013 10.98923290 10.49793610 10.29805367 15.19727053  7.37778166
[175]  8.18096395  5.07654190  6.23649672  2.69970166  2.08952393  4.22004244
[181]  3.39609462  3.30634642  1.91841954  0.98745486  0.04832848  4.62939579
[187]  4.52104437  0.54471249  1.62803978  2.92999056 10.51301841  1.69357000
[193] 21.35351498 16.88992696 15.52036919 23.15517786 22.26961081 15.15242156
[199] 21.06018001 20.34714357 18.23221498 17.98457782 17.47676645 16.50852202
[205] 19.11428438 14.82611607 14.52752713 15.67597436 15.46823814 15.40327274
[211]  4.32204851  3.04809341  2.71035712  6.82081040  5.21742532  4.63315099
[217]  4.22681242  1.40573069  1.27743372  0.48170010  2.20467499  1.65119811
[223]  0.45182684  1.55815179  1.42874479  0.63306331 20.66125072 23.03740269
[229] 22.31061173 18.99085088 20.95343472 16.49628468 12.78243867 10.85905175
[235] 16.11735883 17.92085999 16.33064072 14.92706978 15.57348714 15.52892388
[241] 15.04721645  3.46393696  2.01686442  4.86115584  4.35348179  0.62469801
[247]  4.03338781  0.90241583  0.44304416  0.30668064 17.98579112 21.62858726
[253] 20.38793023 19.77908240 16.04317245 13.88135846 12.86269048 15.43570123
[259]  1.12877068  1.12232287  0.46470788  1.98987762  4.10823722  3.66729240
[265]  8.64510955 14.75343084 12.27145292  1.32248140  0.80852030  7.22382717
[271] 13.94373047  0.92058508  6.87085468  5.62538534  3.74529005  4.85603848
[277]  4.07760814  1.65596919  4.43686841  3.66210794

$PAR
  [1]  NA   1   2   2   2   3   3   3   3   4   6   6   7   7   8   9   9   9
 [19]   9   9   9   9  11  14  16  17  17  18  18  18  23  24  24  24  24  24
 [37]  24  24  24  27  28  28  31  31  31  31  32  34  34  34  35  35  35  36
 [55]  36  37  38  39  39  39  39  39  40  41  41  41  42  42  42  42  43  47
 [73]  48  49  51  54  54  54  54  54  56  57  57  59  59  59  60  60  61  64
 [91]  64  71  71  71  71  71  73  73  73  77  78  78  79  79  79  79  79  82
[109]  84  85  86  86  88  88  88  88  88  89  89  91  92  92  93  93  94  94
[127]  98  98  98  98  98  99  99 101 101 104 104 104 105 106 106 109 113 113
[145] 114 115 115 115 115 115 118 119 120 121 121 122 124 125 126 126 127 128
[163] 128 129 131 131 132 132 133 133 133 133 134 135 137 137 138 138 138 139
[181] 139 139 139 139 140 143 143 144 149 151 153 153 154 156 156 157 157 158
[199] 161 161 161 161 161 161 164 168 168 169 169 169 170 170 170 174 174 177
[217] 177 177 178 179 180 180 183 189 189 189 193 196 196 196 199 199 199 199
[235] 201 202 204 204 208 208 210 211 212 214 214 214 216 216 219 221 227 228
[253] 228 229 235 237 237 239 243 243 243 244 245 245 255 258 258 262 262 265
[271] 266 268 270 270 270 273 273 275 276 277

$EXTANT
  [1] FALSE FALSE FALSE FALSE FALSE FALSE FALSE FALSE FALSE FALSE FALSE FALSE
 [13] FALSE FALSE FALSE FALSE FALSE FALSE FALSE FALSE FALSE FALSE FALSE FALSE
 [25] FALSE FALSE FALSE FALSE FALSE FALSE FALSE FALSE FALSE FALSE FALSE FALSE
 [37] FALSE FALSE FALSE FALSE FALSE FALSE FALSE FALSE FALSE FALSE FALSE FALSE
 [49] FALSE FALSE FALSE FALSE FALSE FALSE FALSE FALSE FALSE FALSE FALSE FALSE
 [61] FALSE FALSE FALSE FALSE FALSE FALSE FALSE FALSE FALSE FALSE FALSE FALSE
 [73] FALSE FALSE FALSE FALSE FALSE FALSE  TRUE FALSE FALSE FALSE FALSE FALSE
 [85]  TRUE  TRUE FALSE  TRUE  TRUE FALSE FALSE FALSE FALSE FALSE FALSE FALSE
 [97] FALSE FALSE FALSE FALSE FALSE FALSE FALSE  TRUE FALSE FALSE  TRUE FALSE
[109]  TRUE  TRUE  TRUE  TRUE  TRUE FALSE  TRUE  TRUE FALSE FALSE  TRUE FALSE
[121] FALSE FALSE FALSE FALSE FALSE FALSE FALSE FALSE FALSE FALSE FALSE FALSE
[133] FALSE FALSE FALSE FALSE FALSE  TRUE  TRUE  TRUE FALSE  TRUE  TRUE  TRUE
[145]  TRUE FALSE  TRUE  TRUE  TRUE  TRUE  TRUE FALSE  TRUE FALSE FALSE FALSE
[157] FALSE FALSE FALSE FALSE FALSE FALSE FALSE FALSE FALSE  TRUE FALSE FALSE
[169] FALSE  TRUE FALSE FALSE FALSE FALSE FALSE  TRUE  TRUE  TRUE  TRUE  TRUE
[181] FALSE FALSE  TRUE  TRUE  TRUE FALSE FALSE  TRUE  TRUE  TRUE FALSE  TRUE
[193] FALSE FALSE FALSE FALSE FALSE FALSE FALSE FALSE FALSE FALSE FALSE FALSE
[205] FALSE FALSE FALSE FALSE FALSE FALSE  TRUE  TRUE FALSE  TRUE  TRUE  TRUE
[217]  TRUE  TRUE  TRUE  TRUE  TRUE  TRUE  TRUE FALSE  TRUE  TRUE FALSE FALSE
[229] FALSE FALSE FALSE FALSE FALSE FALSE FALSE FALSE FALSE FALSE FALSE FALSE
[241] FALSE  TRUE  TRUE FALSE FALSE  TRUE  TRUE  TRUE  TRUE  TRUE FALSE FALSE
[253] FALSE FALSE FALSE FALSE FALSE FALSE FALSE  TRUE  TRUE FALSE  TRUE FALSE
[265] FALSE FALSE FALSE  TRUE  TRUE  TRUE FALSE FALSE FALSE FALSE FALSE  TRUE
[277]  TRUE FALSE FALSE  TRUE

