
Birth-death simulation object with 193 species and 83 extant species

Details for some species:

Extinction times (NA means extant)
[1] 30.82470 31.24517 40.29504 26.41228 23.98103 32.19206


Speciation times 
[1] 48.65279 46.31455 41.03922 35.02697 43.16956 39.74780


Species parents (NA for initial)
[1] NA  1  1  1  2  2


Species status (extinct or extant)
[1] "extinct" "extinct" "extinct" "extinct" "extinct" "extinct"


For more details on vector y, try sim$y, with y one of
TE TS PAR EXTANT



$TE
  [1] 30.8247006 31.2451665 40.2950405 26.4122816 23.9810272 32.1920617
  [7] 33.9767047 35.4775535 25.4215025 14.5831330 21.2794775 32.7114689
 [13] 34.3760002 31.5143807 13.3399033 21.7512667 12.0555984 13.7914998
 [19]         NA 12.7243694 14.6299804 13.3229012 15.7853931 18.0573961
 [25] 14.0075481  5.8535575  6.5636231 18.2684604 13.3395050 10.8847717
 [31] 13.1615915  9.9087371  3.5413116  6.8613490         NA 13.4058469
 [37] 14.6386672 16.8457766 19.3498879 16.2776493 16.3873086  7.4904590
 [43]         NA         NA  8.5436366 14.7851858 10.2967358  8.3254479
 [49]  5.2597241 12.8445326 13.3793153         NA 10.2936432  5.5202297
 [55]         NA  4.9059662  1.2025111 14.5828128  8.5805506         NA
 [61]  4.3130558         NA         NA  8.1352975  0.2554098  2.1307335
 [67]  5.6899700  3.1860900         NA  0.2594961         NA         NA
 [73]         NA  7.5861822  2.5960437  3.4363856  3.1827540         NA
 [79] 18.9295955  4.6828036  1.7150714         NA  3.2395925         NA
 [85]  3.8462123         NA  0.9350151         NA         NA         NA
 [91]         NA  7.2731238         NA  4.6783282  4.2042831         NA
 [97]         NA         NA  1.1943656  6.1022050         NA         NA
[103]         NA         NA         NA         NA         NA  3.9398404
[109]         NA         NA  2.9902960         NA  6.2234759         NA
[115]         NA  4.9500205         NA         NA         NA  1.0864778
[121]  2.2341968  0.6494326         NA         NA  2.4493920         NA
[127]         NA         NA  3.6675979  5.9234014         NA  0.0116406
[133]         NA 11.3138528 14.0490909 13.1693788 14.5089064 13.3818349
[139]  5.6692334         NA  4.0433653         NA         NA         NA
[145]         NA  1.0559357         NA  2.2657832         NA  2.4824421
[151]         NA         NA  1.2228986         NA         NA 12.3829181
[157]  7.1727231         NA  3.8510875  1.3488504         NA         NA
[163]         NA  3.9240331         NA  1.1094156         NA         NA
[169]         NA         NA 12.9492949  3.5262479         NA         NA
[175]  0.8666958         NA         NA         NA  0.5322574         NA
[181]         NA  0.1044007  0.7851420         NA         NA         NA
[187]         NA  1.3955248         NA         NA         NA         NA
[193]         NA

$TS
  [1] 48.65278807 46.31454608 41.03921503 35.02697007 43.16956129 39.74779705
  [7] 37.67115384 35.65875303 42.38863214 28.76730040 24.98640333 33.35806944
 [13] 34.52196146 32.67669191 26.63538878 28.57171137 21.55477864 19.94416179
 [19] 16.40732487 16.07924848 15.03571255 13.89323810 24.69123873 23.73966588
 [25] 17.35749468 16.25620974 15.76141835 19.12896321 16.59839320 15.24248418
 [31] 13.86555846 10.04551550  7.47418592  7.34527684 12.86949276 14.82193549
 [37] 14.66833669 24.03276851 22.85550999 21.50392161 21.04751350 12.07668642
 [43] 10.05712085  9.30224755  8.75332089 15.22081771 12.15538958  9.44602937
 [49]  8.13601108 13.57146884 13.48152255  5.01429619 10.53820443 10.00668569
 [55]  9.89683902  5.63013521  3.42734268 19.26015811  9.83710293  9.60476060
 [61]  9.07038465  8.55919763  7.58810516  9.03737224  6.15563906  2.78489069
 [67]  7.27458623  5.50492274  3.03574818  8.68649993  4.60440905  2.45772796
 [73]  0.10705086  9.10398441  6.41036430  7.94068791  5.25379009  2.22512502
 [79] 19.07900254  9.63317737  8.82741010  8.10419231  6.34302020  5.67321666
 [85]  5.24347506  2.36235137  5.16822422  5.65285241  3.40341174  1.53940965
 [91]  5.77295639  8.23030275  7.77671374  6.97193825  5.18283331  4.40331458
 [97]  3.75617670  3.62882882  5.80807993  6.68575476  4.98347192  4.29057484
[103]  1.26053351 19.07831225  6.84082940  6.38815950  6.27091786  6.07763214
[109]  6.00157976  4.69507430  7.47735073  2.04636161  7.51035500  4.74657346
[115]  1.00518837  5.16367380  3.02438613  0.63808104  4.27122166  1.46055143
[121]  3.18704072  2.09083765  5.13562158  3.10579310  7.24030074  1.73680987
[127]  4.50380631  1.11555125  4.47769423  6.13869826  1.12535304  0.81652054
[133]  0.26303259 17.75608811 15.75460614 15.26357436 15.04968163 13.68226509
[139]  9.92132931  2.40135120  5.40934529  4.86976745  3.29697512  2.41273253
[145]  2.00766973  3.21238849  2.82550815  4.99130866  4.44652078  7.10662510
[151]  6.72463324  5.98543456  5.85162067  1.44738681  2.37340656 15.10723979
[157]  8.78980608  5.82319804  4.85997750  2.71907805  4.13321166  2.55687284
[163]  2.92298682  6.62648454  4.24731634  4.37173762  3.10635282  2.44885000
[169]  1.86159785  1.43442142 13.56985191  7.98521961  0.92757610  2.53889483
[175]  1.81599601  1.21636709  1.21556803  5.54935570  3.36912536  0.08810289
[181]  2.06255584  1.02922668  7.48171182  0.71133733  0.52691493  1.74169429
[187]  3.71379066  2.54898400  3.27491121  2.46782878  2.15233347  1.89851008
[193]  0.39138929

$PAR
  [1]  NA   1   1   1   2   2   2   2   5   5   5   6   9   9   9  10  11  15
 [19]  15  15  15  15  16  16  17  17  17  18  18  19  19  19  19  19  20  21
 [37]  21  23  23  24  24  26  26  26  26  27  27  27  27  29  30  33  35  35
 [55]  35  35  35  38  42  42  42  42  42  43  43  43  44  44  44  45  52  52
 [73]  52  54  54  55  55  57  58  59  60  60  60  60  60  60  61  62  62  62
 [91]  63  70  70  70  70  70  70  71  75  76  77  77  78  79  80  80  80  80
[109]  80  80  81  81  82  82  82  83  84  84  85  86  87  87  88  91  93  93
[127]  95  98  99 100 102 103 103 104 104 104 104 104 104 104 106 107 109 109
[145] 112 114 114 116 123 125 125 125 125 126 127 134 139 139 142 147 148 148
[163] 149 150 151 152 152 153 153 155 156 157 158 161 161 162 162 164 165 165
[181] 168 170 172 173 173 175 178 183 187 187 189 189 189

$EXTANT
  [1] FALSE FALSE FALSE FALSE FALSE FALSE FALSE FALSE FALSE FALSE FALSE FALSE
 [13] FALSE FALSE FALSE FALSE FALSE FALSE  TRUE FALSE FALSE FALSE FALSE FALSE
 [25] FALSE FALSE FALSE FALSE FALSE FALSE FALSE FALSE FALSE FALSE  TRUE FALSE
 [37] FALSE FALSE FALSE FALSE FALSE FALSE  TRUE  TRUE FALSE FALSE FALSE FALSE
 [49] FALSE FALSE FALSE  TRUE FALSE FALSE  TRUE FALSE FALSE FALSE FALSE  TRUE
 [61] FALSE  TRUE  TRUE FALSE FALSE FALSE FALSE FALSE  TRUE FALSE  TRUE  TRUE
 [73]  TRUE FALSE FALSE FALSE FALSE  TRUE FALSE FALSE FALSE  TRUE FALSE  TRUE
 [85] FALSE  TRUE FALSE  TRUE  TRUE  TRUE  TRUE FALSE  TRUE FALSE FALSE  TRUE
 [97]  TRUE  TRUE FALSE FALSE  TRUE  TRUE  TRUE  TRUE  TRUE  TRUE  TRUE FALSE
[109]  TRUE  TRUE FALSE  TRUE FALSE  TRUE  TRUE FALSE  TRUE  TRUE  TRUE FALSE
[121] FALSE FALSE  TRUE  TRUE FALSE  TRUE  TRUE  TRUE FALSE FALSE  TRUE FALSE
[133]  TRUE FALSE FALSE FALSE FALSE FALSE FALSE  TRUE FALSE  TRUE  TRUE  TRUE
[145]  TRUE FALSE  TRUE FALSE  TRUE FALSE  TRUE  TRUE FALSE  TRUE  TRUE FALSE
[157] FALSE  TRUE FALSE FALSE  TRUE  TRUE  TRUE FALSE  TRUE FALSE  TRUE  TRUE
[169]  TRUE  TRUE FALSE FALSE  TRUE  TRUE FALSE  TRUE  TRUE  TRUE FALSE  TRUE
[181]  TRUE FALSE FALSE  TRUE  TRUE  TRUE  TRUE FALSE  TRUE  TRUE  TRUE  TRUE
[193]  TRUE

