
Birth-death simulation object with 387 species and 161 extant species

Details for some species:

Extinction times (NA means extant)
[1] 40.16659 40.67262 34.66170 34.93881 27.87722 33.73086


Speciation times 
[1] 48.65279 48.18625 42.98187 44.81302 39.85457 37.44137


Species parents (NA for initial)
[1] NA  1  1  2  4  4


Species status (extinct or extant)
[1] "extinct" "extinct" "extinct" "extinct" "extinct" "extinct"


For more details on vector y, try sim$y, with y one of
TE TS PAR EXTANT



$TE
  [1] 40.16659411 40.67261614 34.66169513 34.93881025 27.87722226 33.73085527
  [7] 24.16055365 14.61022720 35.39517292 13.40278416 23.65975049 24.41356202
 [13] 18.79954540          NA 18.05116618 14.85734285 22.13724092 17.46465941
 [19] 29.92006613 12.71788096 21.71156812 14.42542838 11.45453808 23.69734563
 [25] 21.84662273 13.70788868 14.21895352 27.09119023 23.86252176 17.61822971
 [31]  9.58983666 18.18300207 15.45595320  6.99748358 13.23127273 15.43725374
 [37] 33.50984937 14.73128881 23.96345102 25.28324041 23.95453569 14.50624793
 [43] 12.88894574 19.00555920 13.92914169 11.06505339 10.01295918 22.45363606
 [49] 14.48226618 13.92008783 16.39772305 19.72143671 20.80635500 17.67912643
 [55] 12.55689180 11.11973963  1.23381412          NA  2.58198358 16.98661783
 [61] 33.66361418 24.15132259 24.65426255 24.82058411 11.75991770 11.46367342
 [67] 13.61735020 15.20046048 14.45821966 17.79083471 20.52502152 14.91670385
 [73] 13.27648296 15.97078159 21.31475349  6.58669101  3.42349257          NA
 [79]  5.19168341  0.48462633          NA          NA  4.00850755          NA
 [85]          NA 20.17491575 33.19741672 14.29161300 26.15560975 13.61164354
 [91] 17.17137198 18.14283308 27.18561708 15.62073616 24.94033760 12.65471321
 [97] 11.97696506 14.11213763 12.82805226 19.02627989 10.90919311 14.31670836
[103]          NA          NA          NA  2.23199112          NA          NA
[109]  2.16572769          NA          NA          NA  0.26356690          NA
[115]          NA          NA          NA 26.77243971 16.43622052 28.47218789
[121] 29.02726019 15.96160634 14.76010379 17.82876373 13.54950642 15.81999397
[127] 15.16435457 11.36460099 19.03418870 15.72468128 15.35434190 13.76190856
[133] 11.24880590 12.55230637          NA          NA          NA  0.20465424
[139]          NA          NA          NA          NA          NA          NA
[145]          NA          NA 24.21971120 17.38445170 14.22584258 19.82269899
[151] 17.73813722 14.54144329 19.15845311 18.64735042 13.47138233 14.56590756
[157] 12.98610704 19.54985507 18.76862535 10.39980663 13.69448448  9.46126160
[163] 13.45096878 12.32929281 19.44852474 12.90198347          NA 11.57753782
[169]          NA          NA          NA  1.83481902          NA          NA
[175]  0.04030620          NA          NA  1.04196625          NA          NA
[181]          NA 22.54607340 20.99138176 11.68913568 13.71317158 12.88401112
[187] 14.79301864 11.40778282 12.12001566 20.28897640 12.28775559  9.89666741
[193]  9.08006216 14.52192304  9.99337911 11.58049070 14.53037887          NA
[199]          NA          NA          NA  2.91887555          NA          NA
[205]          NA          NA          NA 20.51365299 13.97454604 14.22646949
[211] 13.57949954 15.40149112 16.59220949 12.35744367 11.81473250  6.60333019
[217]  5.43357959 12.59918005 12.41536098 11.13375082  5.67966103  4.96440427
[223]          NA  2.99791636  2.39540636          NA  1.82518382          NA
[229]          NA          NA          NA          NA          NA          NA
[235]          NA          NA  0.03310367          NA  0.73821604 12.71141844
[241] 14.73227893  7.48479601 12.65744204  3.45923275  3.77358271          NA
[247] 10.45646034  6.93934790  5.43213959  7.29845025  2.78711610          NA
[253]          NA  1.88243743          NA          NA          NA          NA
[259]          NA          NA  1.00791634          NA          NA          NA
[265]          NA  0.85325242 12.02606982  9.98873459          NA          NA
[271]  7.11511107          NA  5.89331996  3.72676058          NA          NA
[277]          NA  3.78120987  6.49989142          NA  3.89245798  4.32165869
[283]  1.03734471  2.35426399          NA          NA  1.64019903          NA
[289]          NA          NA          NA          NA          NA          NA
[295] 14.38973562 11.98442200          NA  3.01887153          NA  4.17039461
[301]  1.93540174  6.52175523          NA  3.37347687  6.64677983          NA
[307]          NA  3.55944482          NA          NA          NA          NA
[313]  3.13925858          NA  6.22966182          NA  2.50934822          NA
[319]          NA          NA  0.31283444  4.07889508          NA          NA
[325]          NA 12.19716563          NA          NA          NA          NA
[331]          NA          NA          NA          NA          NA          NA
[337]          NA          NA          NA          NA          NA          NA
[343]          NA          NA          NA  4.75048255          NA          NA
[349]          NA          NA          NA          NA          NA          NA
[355]  2.68689274          NA  5.16457548          NA          NA  0.06215410
[361]          NA          NA  4.00732670  1.62177274          NA          NA
[367]          NA          NA          NA          NA  0.68332206          NA
[373]          NA          NA          NA          NA          NA          NA
[379]          NA          NA          NA          NA          NA  2.42760795
[385]          NA          NA          NA

$TS
  [1] 48.652788073 48.186252339 42.981872062 44.813019135 39.854568739
  [6] 37.441371336 37.244880350 30.382164155 36.099489850 35.797769009
 [11] 31.237944793 29.231521893 28.707488944 28.398463822 27.577011316
 [16] 28.418617173 22.635539189 19.397002917 35.663276427 30.029923234
 [21] 24.338645623 16.111415042 15.769492744 26.960485251 25.125466918
 [26] 24.137610885 23.566553376 27.974983409 26.022002520 25.894183085
 [31] 11.279664735 25.449153002 23.879046610 19.893140405 17.586949548
 [36] 16.175189120 35.539789181 33.137518553 31.280410286 28.274277059
 [41] 26.318831363 23.451690330 19.750457006 21.866077011 13.983212499
 [46] 13.027455295 12.232483593 26.020484185 18.450573749 15.379217304
 [51] 16.632344746 24.044778316 21.444611127 22.216961094 14.046331893
 [56] 11.158278180  9.527045482  9.194694256  7.170394712 35.288347068
 [61] 35.108180691 34.975795388 25.061482345 27.116303159 22.135463585
 [66] 19.587455086 14.879939276 16.281790738 15.869491784 25.181003574
 [71] 22.826170813 16.578280968 14.583500345 22.170630153 21.413649195
 [76]  7.388015477  6.618676527  5.708681830  8.871111781  2.909050542
 [81]  0.745749514  6.838353041  6.730158371  4.053558941  2.871321478
 [86] 34.289797468 33.654487709 31.660158552 27.832277748 22.411761652
 [91] 21.826887876 19.126056877 32.666092018 25.443979035 25.597142606
 [96] 16.817262905 14.731563680 14.224836134 13.888618493 22.219211095
[101] 14.046553020 21.470291813 16.399629883  6.124608917  5.550873963
[106]  4.825319018  1.616795185  2.656242526  2.173353751  1.277157160
[111]  4.180975782  5.908640665  2.804303448  0.010645627  2.361467411
[116]  1.938347737  1.326562207 32.406856192 27.202439103 31.005421948
[121] 29.353851369 22.750368984 15.477794007 21.559487857 18.826919258
[126] 18.563677880 24.836314921 24.706656686 22.634247447 20.852205578
[131] 18.865112774 17.892370390 12.831587039 17.052041236  8.614916513
[136]  6.458463887  5.297654290  5.741490488  0.011359486  2.186886559
[141]  4.378021741  3.596225178  0.082551150  0.887672510  4.730604194
[146]  1.957887967 27.951194008 23.395300725 22.078505662 20.159225512
[151] 19.848245050 17.457019927 22.000626788 21.307883704 18.900300324
[156] 18.171778916 18.147308557 21.846701705 20.638496541 17.554717891
[161] 17.239424029 16.034286508 14.922747997 13.158012749 20.557040771
[166] 15.969468396 13.932663231 14.910531684  7.907215214  2.444534129
[171]  1.085498644  5.235167957  2.931340157  0.883257513  0.781761500
[176]  4.081428604  2.470374021  3.992928231  0.971756414  1.303340354
[181]  0.803543842 22.927446731 22.718019607 22.555872738 17.820788828
[186] 19.680935551 15.264497088 19.301402819 16.751745609 20.433421100
[191] 19.471572141 11.053428481 13.743902481 15.925580090 10.634891006
[196] 14.026749829 14.674586025 11.329625192 10.580840057  6.566483558
[201]  5.335319980  4.380803807  4.721921227  1.423077720  2.708364400
[206]  0.489022725  2.903340333 22.444000129 17.252815219 15.262321192
[211] 14.296355429 15.652164096 17.259095807 16.600964034 13.770333447
[216] 11.927691357 15.326299375 13.306199823 12.812150992 12.636760144
[221] 11.274290083  9.110442239 10.640356556  5.419011552  3.049669481
[226]  0.770849931  8.459470618  7.557980949  4.205939289  2.745438289
[231]  6.556208591  2.082462721  2.011945427  0.273906584  3.774513977
[236]  2.194831617  0.594692751  0.700545355  2.594754216 16.527755208
[241] 15.643859014 14.009452743 12.834901183 10.539724762  9.141503669
[246]  7.019968812 11.750822005  7.737236711  5.885278967  7.611377224
[251]  9.844320907  9.078584416  4.968975713  4.548816041  4.130657972
[256]  5.610574015  3.854942418  2.804196610  6.669394808  4.832624745
[261]  1.364895434  3.801378835  1.440230821  0.344541520  2.132495885
[266]  1.206940363 13.359576334 15.038085089  9.474022880  9.147472609
[271]  8.607958730  4.862696199  7.429843642  5.960707963  5.876894154
[276]  4.242191153  7.687484575  7.578167414  7.515260082  6.955362431
[281]  5.604252935  8.847294917  4.871839792  3.051493941  0.652620209
[286]  0.046394911  2.837666589  2.246126274  0.378343050  3.402981475
[291]  1.584083661  5.997897920  2.309454350  3.007249867 14.633301576
[296] 13.446357159  6.997656334  6.838794133  6.480502477  5.944214642
[301]  8.678464310  7.460752125  5.630516278  8.114176916  7.776952041
[306]  0.902696919  5.426055616  4.129712496  1.017638366  6.477402211
[311]  6.086518961  7.048474921  3.681197249  2.310101087  6.547883261
[316]  5.730158771  4.186260176  1.202579173  1.829090953  2.456523437
[321]  1.191048706  5.497342191  0.673129526  1.819655149  1.506352769
[326] 12.570420350  1.553385856  5.605359022  5.044487415  7.808096418
[331]  3.033163088  2.115625893  3.619743435  5.144620727  4.180464176
[336]  0.356747157  5.463469052  3.824943316  6.006079553  3.503480878
[341]  1.024098271  5.643142341  0.701627329  0.969615263  5.269788911
[346]  6.412677629  2.351797665  1.696460300  1.461046397  1.191522502
[351]  3.881034405  4.163614344  3.568505232  0.003858861  3.266490504
[356]  0.822128227  5.206741016  3.785582600  3.158743773  5.436752830
[361]  5.402720332  0.160758016  4.327244377  5.968912179  2.120640550
[366]  1.981725877  1.398358092  1.289487860  1.138647175  0.127246347
[371]  1.450018598  0.816789917  3.263037671  3.177852592  3.029676932
[376]  2.918110025  2.853174566  2.071827663  0.301896904  0.032971682
[381]  0.277271589  0.220023687  2.740984012  2.716797717  2.134012886
[386]  0.045395228  1.441633305

$PAR
  [1]  NA   1   1   2   4   4   4   5   6   7   7   7   7   7   7   8   8   8
 [19]  10  10  10  10  10  11  11  11  13  14  14  14  14  15  15  16  16  16
 [37]  19  19  19  20  20  20  20  21  23  23  23  24  26  26  27  30  30  32
 [55]  34  34  34  34  34  37  37  37  38  40  42  42  42  43  43  48  48  49
 [73]  50  52  54  57  57  57  58  58  58  59  59  59  59  60  60  60  60  60
 [91]  60  60  62  62  64  65  66  67  67  70  73  74  74  77  78  78  78  80
[109]  80  80  82  83  84  84  85  85  85  86  86  88  88  88  88  91  91  92
[127]  94  94  94  94  94  94  97 102 103 103 103 104 104 105 106 106 108 111
[145] 112 115 118 119 119 119 119 119 122 124 124 124 125 127 128 128 128 128
[163] 128 128 129 130 132 134 135 136 136 137 137 137 138 141 141 145 145 146
[181] 146 148 148 148 149 151 152 154 157 159 159 160 161 162 162 163 166 167
[199] 167 167 167 167 169 169 172 174 176 183 184 184 184 185 186 186 186 188
[217] 191 193 193 193 193 193 198 198 198 198 199 199 199 199 200 200 200 201
[235] 203 203 203 204 205 214 214 214 214 216 216 217 220 221 221 222 223 223
[253] 223 223 223 227 227 227 228 228 228 229 233 236 239 239 240 241 242 242
[271] 244 244 245 245 245 245 248 248 251 251 251 252 252 252 253 253 254 255
[289] 255 256 256 259 260 262 268 268 269 269 269 269 270 270 270 271 271 272
[307] 274 276 276 277 277 279 280 280 282 282 283 283 288 290 291 292 292 293
[325] 294 296 297 300 300 301 301 301 303 307 307 310 311 311 312 313 314 316
[343] 320 321 322 330 330 333 334 334 335 337 337 337 338 338 339 339 339 342
[361] 342 344 345 346 347 347 351 351 351 351 353 353 355 358 359 359 359 360
[379] 361 367 368 369 373 376 377 381 385

$EXTANT
  [1] FALSE FALSE FALSE FALSE FALSE FALSE FALSE FALSE FALSE FALSE FALSE FALSE
 [13] FALSE  TRUE FALSE FALSE FALSE FALSE FALSE FALSE FALSE FALSE FALSE FALSE
 [25] FALSE FALSE FALSE FALSE FALSE FALSE FALSE FALSE FALSE FALSE FALSE FALSE
 [37] FALSE FALSE FALSE FALSE FALSE FALSE FALSE FALSE FALSE FALSE FALSE FALSE
 [49] FALSE FALSE FALSE FALSE FALSE FALSE FALSE FALSE FALSE  TRUE FALSE FALSE
 [61] FALSE FALSE FALSE FALSE FALSE FALSE FALSE FALSE FALSE FALSE FALSE FALSE
 [73] FALSE FALSE FALSE FALSE FALSE  TRUE FALSE FALSE  TRUE  TRUE FALSE  TRUE
 [85]  TRUE FALSE FALSE FALSE FALSE FALSE FALSE FALSE FALSE FALSE FALSE FALSE
 [97] FALSE FALSE FALSE FALSE FALSE FALSE  TRUE  TRUE  TRUE FALSE  TRUE  TRUE
[109] FALSE  TRUE  TRUE  TRUE FALSE  TRUE  TRUE  TRUE  TRUE FALSE FALSE FALSE
[121] FALSE FALSE FALSE FALSE FALSE FALSE FALSE FALSE FALSE FALSE FALSE FALSE
[133] FALSE FALSE  TRUE  TRUE  TRUE FALSE  TRUE  TRUE  TRUE  TRUE  TRUE  TRUE
[145]  TRUE  TRUE FALSE FALSE FALSE FALSE FALSE FALSE FALSE FALSE FALSE FALSE
[157] FALSE FALSE FALSE FALSE FALSE FALSE FALSE FALSE FALSE FALSE  TRUE FALSE
[169]  TRUE  TRUE  TRUE FALSE  TRUE  TRUE FALSE  TRUE  TRUE FALSE  TRUE  TRUE
[181]  TRUE FALSE FALSE FALSE FALSE FALSE FALSE FALSE FALSE FALSE FALSE FALSE
[193] FALSE FALSE FALSE FALSE FALSE  TRUE  TRUE  TRUE  TRUE FALSE  TRUE  TRUE
[205]  TRUE  TRUE  TRUE FALSE FALSE FALSE FALSE FALSE FALSE FALSE FALSE FALSE
[217] FALSE FALSE FALSE FALSE FALSE FALSE  TRUE FALSE FALSE  TRUE FALSE  TRUE
[229]  TRUE  TRUE  TRUE  TRUE  TRUE  TRUE  TRUE  TRUE FALSE  TRUE FALSE FALSE
[241] FALSE FALSE FALSE FALSE FALSE  TRUE FALSE FALSE FALSE FALSE FALSE  TRUE
[253]  TRUE FALSE  TRUE  TRUE  TRUE  TRUE  TRUE  TRUE FALSE  TRUE  TRUE  TRUE
[265]  TRUE FALSE FALSE FALSE  TRUE  TRUE FALSE  TRUE FALSE FALSE  TRUE  TRUE
[277]  TRUE FALSE FALSE  TRUE FALSE FALSE FALSE FALSE  TRUE  TRUE FALSE  TRUE
[289]  TRUE  TRUE  TRUE  TRUE  TRUE  TRUE FALSE FALSE  TRUE FALSE  TRUE FALSE
[301] FALSE FALSE  TRUE FALSE FALSE  TRUE  TRUE FALSE  TRUE  TRUE  TRUE  TRUE
[313] FALSE  TRUE FALSE  TRUE FALSE  TRUE  TRUE  TRUE FALSE FALSE  TRUE  TRUE
[325]  TRUE FALSE  TRUE  TRUE  TRUE  TRUE  TRUE  TRUE  TRUE  TRUE  TRUE  TRUE
[337]  TRUE  TRUE  TRUE  TRUE  TRUE  TRUE  TRUE  TRUE  TRUE FALSE  TRUE  TRUE
[349]  TRUE  TRUE  TRUE  TRUE  TRUE  TRUE FALSE  TRUE FALSE  TRUE  TRUE FALSE
[361]  TRUE  TRUE FALSE FALSE  TRUE  TRUE  TRUE  TRUE  TRUE  TRUE FALSE  TRUE
[373]  TRUE  TRUE  TRUE  TRUE  TRUE  TRUE  TRUE  TRUE  TRUE  TRUE  TRUE FALSE
[385]  TRUE  TRUE  TRUE

