
Birth-death simulation object with 167 species and 60 extant species

Details for some species:

Extinction times (NA means extant)
[1] 43.88538 36.53895 17.22979 21.47050 28.66226 29.11742


Speciation times 
[1] 48.65279 46.63980 39.00066 36.93016 36.92653 36.55583


Species parents (NA for initial)
[1] NA  1  2  3  3  3


Species status (extinct or extant)
[1] "extinct" "extinct" "extinct" "extinct" "extinct" "extinct"


For more details on vector y, try sim$y, with y one of
TE TS PAR EXTANT



$TE
  [1] 43.88538274 36.53894905 17.22978827 21.47049757 28.66225771 29.11741870
  [7] 35.95232714 33.86925802 22.70055975 20.56121793 13.74639328 14.13467326
 [13] 11.79072793 27.18843909 13.82051203 27.03343397 33.92026610 28.72409682
 [19] 29.96041437 24.61194124 12.40038512 14.29756225 14.72252903 13.64546753
 [25] 13.92853563 26.75664049 23.08742028 19.49115334 13.96470090 13.92236242
 [31] 14.47740970 30.59349103 30.73691119 20.79622902 14.42477214 12.93658019
 [37] 16.20637632 10.14795715 11.87176462 11.43184493 13.40913553 12.44684638
 [43] 12.18703797 23.80718667 14.86233519 12.20601629 21.66683377 13.21148848
 [49] 10.45315584 13.02382666 18.40580916          NA 14.46086561 12.13591816
 [55] 11.75787310 19.59276161 19.96351341 20.49579547 13.54506940 15.35024352
 [61] 11.52683609 13.35956651 11.50612678          NA  6.44608943  2.10102226
 [67]          NA  3.19889026  0.57075361  3.53684592          NA 12.57877999
 [73]  6.69297716 23.44558604 14.33751261 10.96133116 13.67710489 11.76789275
 [79]          NA  5.87317857  4.81833453  2.20763705  4.53426010  3.98643572
 [85]          NA  3.05845402  3.18840405          NA  2.87723918  2.49488334
 [91] 11.18230361 14.26001189  1.92606486          NA          NA          NA
 [97]          NA          NA  5.36322841          NA  0.06675913          NA
[103]          NA          NA          NA          NA  2.49205462  5.03737357
[109] 11.26749230  2.48461412          NA          NA          NA  0.07901758
[115]          NA          NA          NA          NA  3.21608713  2.32632953
[121]          NA  5.60244187          NA  1.67392880          NA  4.14373188
[127]          NA          NA          NA          NA  3.95187260  3.35484782
[133]          NA  0.21258709  1.63980892          NA          NA          NA
[139]          NA  3.40635749          NA          NA          NA  0.72302625
[145]          NA          NA          NA  1.23994977          NA          NA
[151]          NA          NA          NA          NA          NA          NA
[157]  2.69722776          NA          NA  1.83225484          NA          NA
[163]          NA          NA          NA          NA          NA

$TS
  [1] 48.65278807 46.63979988 39.00065509 36.93015929 36.92652824 36.55583396
  [7] 36.35086396 34.20532707 24.08207290 21.23957653 18.59666656 33.44497156
 [13] 32.04103119 30.27527722 28.31738174 27.75067679 36.44433651 34.92078063
 [19] 30.27148637 35.39023559 21.12755937 15.39682282 27.53537529 17.72087317
 [25] 14.87044168 29.17415204 27.45714598 21.70856480 17.49932012 14.18979045
 [31] 16.81936625 31.20872772 30.93894462 28.90952176 18.37075670 17.69044486
 [37] 25.45227992 17.32644094 17.01806276 28.90947237 24.76829754 17.32013481
 [43] 16.80592256 26.09894854 25.75909119 24.71684311 22.50700948 14.57368825
 [49] 11.34873926 15.64354864 19.33163734 15.04873595 15.42166911 14.73760975
 [55] 14.68140631 25.56871861 22.13302571 21.63559554 17.16471946 16.08667857
 [61] 15.55463194 14.11924835 13.48144175 11.84062296  9.11151162  7.83345783
 [67]  6.70072397  6.06195439  5.13801574  4.89730333  2.16193306 12.94385995
 [73] 12.10450175 24.80745754 15.10780687 14.68852440 13.96506596 11.89152148
 [79] 11.43145014  9.28027628  8.70968384  7.12698262  5.72256540  5.03466040
 [85]  3.91693723  4.75510444  4.58075517  1.06039397  8.89971200  8.43072735
 [91] 14.93949601 14.51268582 11.79607999  8.26711420  7.48840450  5.38349017
 [97]  4.64123100  6.83851707  8.12369499  7.67216522  6.26102545  4.87755186
[103]  4.68274248  2.67754071  0.53257710  0.32852981  6.37933752  5.80251868
[109] 11.81208939  8.21939141  5.37870875  2.73860069  5.90411512  3.95717188
[115]  1.10603424  4.30631242  0.26465797  3.78427193  6.53415394  6.84858722
[121]  6.39913153  5.89135200  0.40614707  4.74675780  2.79579796  6.91804445
[127]  6.60084800  4.38697137  4.09615078  4.29475134  4.18653593  3.73696321
[133]  0.17549813  5.73612051  3.97269480  4.28005257  2.86647414  1.93579723
[139]  1.33971084  5.42623294  3.48172213  0.50609797  3.22982289  1.84842678
[145]  1.04793376  0.43075862  5.08403433  2.66393542  1.04965306  0.43044926
[151]  2.06133674  1.10451680  1.30787451  1.87812013  3.84581010  0.43294596
[157]  3.03332412  2.31430699  1.56681021  3.49807917  0.98476606  0.44141944
[163]  0.09761606  3.23275935  1.71258409  1.09943305  0.20273047

$PAR
  [1]  NA   1   2   3   3   3   3   3   3   3   3   4   4   4   4   4   5   5
 [19]   5   6  10  11  12  12  12  13  13  13  13  13  15  18  20  20  21  21
 [37]  23  23  24  26  27  29  31  34  34  37  37  38  38  39  40  40  41  41
 [55]  42  44  45  45  45  46  46  46  46  52  52  52  52  52  52  52  52  54
 [73]  55  56  59  59  62  63  64  64  65  66  67  67  67  69  70  71  73  73
 [91]  75  76  78  79  79  79  79  80  81  81  82  82  82  85  85  88  90  90
[109]  91  93  94  94  95  95  95  96  96  97  98  99 100 101 101 102 102 110
[127] 110 110 110 116 116 118 118 120 120 124 124 125 125 127 128 129 130 130
[145] 130 130 134 134 134 134 135 136 137 138 140 141 143 143 143 147 149 158
[163] 158 160 164 164 164

$EXTANT
  [1] FALSE FALSE FALSE FALSE FALSE FALSE FALSE FALSE FALSE FALSE FALSE FALSE
 [13] FALSE FALSE FALSE FALSE FALSE FALSE FALSE FALSE FALSE FALSE FALSE FALSE
 [25] FALSE FALSE FALSE FALSE FALSE FALSE FALSE FALSE FALSE FALSE FALSE FALSE
 [37] FALSE FALSE FALSE FALSE FALSE FALSE FALSE FALSE FALSE FALSE FALSE FALSE
 [49] FALSE FALSE FALSE  TRUE FALSE FALSE FALSE FALSE FALSE FALSE FALSE FALSE
 [61] FALSE FALSE FALSE  TRUE FALSE FALSE  TRUE FALSE FALSE FALSE  TRUE FALSE
 [73] FALSE FALSE FALSE FALSE FALSE FALSE  TRUE FALSE FALSE FALSE FALSE FALSE
 [85]  TRUE FALSE FALSE  TRUE FALSE FALSE FALSE FALSE FALSE  TRUE  TRUE  TRUE
 [97]  TRUE  TRUE FALSE  TRUE FALSE  TRUE  TRUE  TRUE  TRUE  TRUE FALSE FALSE
[109] FALSE FALSE  TRUE  TRUE  TRUE FALSE  TRUE  TRUE  TRUE  TRUE FALSE FALSE
[121]  TRUE FALSE  TRUE FALSE  TRUE FALSE  TRUE  TRUE  TRUE  TRUE FALSE FALSE
[133]  TRUE FALSE FALSE  TRUE  TRUE  TRUE  TRUE FALSE  TRUE  TRUE  TRUE FALSE
[145]  TRUE  TRUE  TRUE FALSE  TRUE  TRUE  TRUE  TRUE  TRUE  TRUE  TRUE  TRUE
[157] FALSE  TRUE  TRUE FALSE  TRUE  TRUE  TRUE  TRUE  TRUE  TRUE  TRUE

