
Birth-death simulation object with 217 species and 44 extant species

Details for some species:

Extinction times (NA means extant)
[1] 39.52808 28.04224 37.62385 35.04440 34.40561 27.02497


Speciation times 
[1] 48.65279 43.36348 40.98466 38.30995 37.61668 37.22777


Species parents (NA for initial)
[1] NA  1  2  2  2  2


Species status (extinct or extant)
[1] "extinct" "extinct" "extinct" "extinct" "extinct" "extinct"


For more details on vector y, try sim$y, with y one of
TE TS PAR EXTANT



$TE
  [1] 39.52807736 28.04224194 37.62384754 35.04439541 34.40560935 27.02496717
  [7] 34.16432911 37.84100272 13.50401773 29.76400224 16.86620182 25.02928166
 [13] 15.50321597 19.37542019 18.86735473 12.07196239 13.50079032 10.41334884
 [19] 25.67346577 30.27192884 34.43130082 30.78262633 35.04108798 24.57407613
 [25] 22.94376862 21.21114466 24.64982734 14.69419237 25.96865808 27.23597926
 [31] 20.26918803 19.39387345 19.95653715 16.54394798 18.87239408 11.89962969
 [37] 32.22486239 30.05832939          NA 28.88140532 13.86316498 14.30788100
 [43] 28.96551507 13.16205420 20.06155610 13.61020868 18.32282707  9.03216304
 [49] 13.34060031 13.23712649 25.86848923 14.47855241 16.28730502 10.74155399
 [55] 11.02522214 12.38807208 11.11342614          NA  3.38243493          NA
 [61] 28.09624270 14.48882003 14.53397337 13.71948877 12.87237086 12.85968817
 [67] 11.27908785 14.01396739 10.70339172  8.84593585 12.55621761 12.16176746
 [73]  7.51817809 15.35562312 21.26205028 14.41431571 14.31242007 11.01386533
 [79] 17.09750477 14.61816881  9.05456188 14.01169033  9.14308639 10.13026404
 [85]  1.50334349  2.04800037          NA 13.09828643 14.76281404 11.46520021
 [91] 14.46872961 13.86775486 11.87946574 11.95775612 12.54899970 12.69778169
 [97]          NA  5.59628545 13.49582263 21.34360460 13.02639330          NA
[103] 14.46726521 12.84202190 14.13748853 13.67009208  6.74681199 10.53882929
[109]  2.56113886          NA  0.24652772          NA 13.65658771 13.71147147
[115] 10.77473963 13.21934426 12.53882689 11.77341237  8.74130046          NA
[121]          NA          NA  2.73605933 13.78015936 23.61456893 12.69795576
[127] 15.92185165 12.69918310 13.56038947 12.47107466 10.45875419 10.89307375
[133]          NA  4.04274733          NA          NA 13.11235718 14.03958654
[139]          NA  5.78178845  2.28151071          NA  4.57581675          NA
[145]  5.98005741          NA          NA  1.22700208 14.43807925 13.83764505
[151] 10.88708923 12.92745166 14.08048009  7.06488575  9.80674758  4.73204570
[157]          NA          NA          NA          NA  6.18255946  6.53633485
[163]  2.90512500          NA          NA          NA          NA          NA
[169] 21.88631996 11.59509433 11.85863455 14.34103945          NA 11.53773607
[175]  8.22796793          NA          NA  0.04036059  2.20276903          NA
[181]  2.85882236  1.27364235 21.03406772 10.20124930 12.94515796 14.44567618
[187] 13.66292524 11.34848425  9.30810039  0.16265473          NA          NA
[193] 14.74669398 12.32951769 11.04023776          NA          NA 12.91614782
[199] 11.29819559 10.63535926 12.83111000  9.94838665          NA  5.36773901
[205]  5.39579490  7.17964060          NA          NA  5.43091314  6.04960630
[211]          NA  2.35864042          NA          NA          NA  0.65439248
[217]          NA

$TS
  [1] 48.6527881 43.3634763 40.9846605 38.3099500 37.6166829 37.2277681
  [7] 39.6584779 37.8941989 34.7296020 30.1177801 27.3030265 27.2822069
 [13] 37.9851520 35.2626597 22.0117526 20.5925356 17.9643187 19.5163433
 [19] 26.7950974 37.0749091 36.6695251 36.4765071 35.1943131 28.1178740
 [25] 27.7297524 27.6404544 24.7065499 19.7290132 34.7990552 29.9101800
 [31] 25.2236198 24.8306552 24.4777785 20.2153255 20.1548848 15.4219119
 [37] 36.0108910 35.2311134 33.5199140 33.3448827 22.6398750 15.8734391
 [43] 30.1939343 20.8364473 20.5318053 20.2825351 18.8464001 17.7888347
 [49] 19.6556786 13.6812655 31.3726813 26.7208704 25.6679331 22.8812116
 [55] 16.3381927 16.2782874 12.6300116  6.9877341  6.0493174  0.7070406
 [61] 29.8527111 18.6598371 17.9498067 17.6854088 16.2745615 16.2549470
 [67] 20.2347810 15.4270904 15.9407172 14.8834132 13.9060483 12.7546667
 [73]  9.6508943 17.0670725 30.7582695 30.7307160 16.7297304 18.7218197
 [79] 20.8852196 17.3032825 16.3772876 16.1314360 13.0839150 12.6058754
 [85]  6.3594637  3.4022951  2.4271496 14.0869512 15.8440615 16.8654083
 [91] 16.2855452 14.8022652 12.5288366 11.9720081 14.3174532 14.1773998
 [97] 12.2036840 12.6414657 16.4478912 29.1439991 22.2095680 16.8763370
[103] 15.0573604 13.3174178 15.5980534 15.1251788 11.7483736 10.9364152
[109]  2.5879001  3.2447617  1.0065423  0.3154881 15.1062637 14.8132722
[115] 11.5297409 15.1824030 12.6908764 13.3315643 11.0217340  5.4797464
[121]  5.4144033  1.5188832  6.7686583 14.4329184 27.8217402 19.2028744
[127] 15.9447086 14.2887413 13.8264096 13.8228312 12.0400910 11.1452648
[133] 10.5794809  6.4335284  4.9357284  4.5488717 14.7620323 14.6438347
[139] 10.2347415  7.6913955  6.9812928  2.1577719  5.3093029  1.0026047
[145]  6.7025829  6.6980744  6.6467514  5.3947197 26.1049596 18.3163867
[151] 15.3302074 15.0592170 14.3296378 10.5070641 10.0651660  7.3261268
[157]  5.9270667  4.5252959  2.6776993  2.0451126  6.8870535  6.5828058
[163]  5.0527386  6.0580585  4.4933739  3.3847120  4.0672920  1.1416677
[169] 23.0611125 17.4729556 18.1741171 14.7105190 12.8622389 14.7654153
[175]  9.4394713  2.8884376  2.3347053  1.0552788  2.9863389  5.0377439
[181]  3.1207817  1.4211942 22.7281307 12.4318364 17.9547767 15.5587294
[187] 15.3588745 12.2914494  9.8737456  0.9061729  2.8013282  3.8935539
[193] 17.7148064 12.9639762 15.1320094  2.2436547  1.8112869 15.4143293
[199] 14.4387408 12.3789081 13.1962364 11.3914262 11.2059502  8.2534725
[205]  7.5812594  7.2459899  6.1886134  0.5453067  6.3573100  7.4287017
[211]  1.4184188  6.4147840  4.6695388  2.3831179  1.6499195  2.0256439
[217]  0.7487411

$PAR
  [1]  NA   1   2   2   2   2   3   4   5   6   6   6   7   7   9   9   9  11
 [19]  12  13  13  13  13  13  13  13  13  13  14  14  14  14  14  15  16  18
 [37]  22  22  22  22  26  28  29  33  33  33  34  34  35  36  39  39  39  39
 [55]  39  39  39  39  39  39  43  44  44  44  44  44  45  46  48  48  48  48
 [73]  48  49  51  51  52  53  54  54  54  55  55  56  58  58  58  64  65  67
 [91]  67  67  67  67  68  70  70  71  74  76  76  76  81  81  82  82  83  84
[109]  85  86  87  87  89  89  90  91  95  96  97  97  97  97  98  99 100 101
[127] 101 101 101 101 102 102 102 102 102 102 103 105 107 107 107 120 121 122
[145] 123 123 123 123 125 126 126 126 126 131 133 133 134 134 135 135 140 141
[163] 143 145 146 146 147 147 149 149 150 151 151 152 154 157 157 160 163 164
[181] 164 164 169 170 171 171 171 171 173 176 179 180 185 185 187 191 191 193
[199] 195 195 199 199 200 203 203 203 203 203 204 205 207 210 212 212 213 214
[217] 215

$EXTANT
  [1] FALSE FALSE FALSE FALSE FALSE FALSE FALSE FALSE FALSE FALSE FALSE FALSE
 [13] FALSE FALSE FALSE FALSE FALSE FALSE FALSE FALSE FALSE FALSE FALSE FALSE
 [25] FALSE FALSE FALSE FALSE FALSE FALSE FALSE FALSE FALSE FALSE FALSE FALSE
 [37] FALSE FALSE  TRUE FALSE FALSE FALSE FALSE FALSE FALSE FALSE FALSE FALSE
 [49] FALSE FALSE FALSE FALSE FALSE FALSE FALSE FALSE FALSE  TRUE FALSE  TRUE
 [61] FALSE FALSE FALSE FALSE FALSE FALSE FALSE FALSE FALSE FALSE FALSE FALSE
 [73] FALSE FALSE FALSE FALSE FALSE FALSE FALSE FALSE FALSE FALSE FALSE FALSE
 [85] FALSE FALSE  TRUE FALSE FALSE FALSE FALSE FALSE FALSE FALSE FALSE FALSE
 [97]  TRUE FALSE FALSE FALSE FALSE  TRUE FALSE FALSE FALSE FALSE FALSE FALSE
[109] FALSE  TRUE FALSE  TRUE FALSE FALSE FALSE FALSE FALSE FALSE FALSE  TRUE
[121]  TRUE  TRUE FALSE FALSE FALSE FALSE FALSE FALSE FALSE FALSE FALSE FALSE
[133]  TRUE FALSE  TRUE  TRUE FALSE FALSE  TRUE FALSE FALSE  TRUE FALSE  TRUE
[145] FALSE  TRUE  TRUE FALSE FALSE FALSE FALSE FALSE FALSE FALSE FALSE FALSE
[157]  TRUE  TRUE  TRUE  TRUE FALSE FALSE FALSE  TRUE  TRUE  TRUE  TRUE  TRUE
[169] FALSE FALSE FALSE FALSE  TRUE FALSE FALSE  TRUE  TRUE FALSE FALSE  TRUE
[181] FALSE FALSE FALSE FALSE FALSE FALSE FALSE FALSE FALSE FALSE  TRUE  TRUE
[193] FALSE FALSE FALSE  TRUE  TRUE FALSE FALSE FALSE FALSE FALSE  TRUE FALSE
[205] FALSE FALSE  TRUE  TRUE FALSE FALSE  TRUE FALSE  TRUE  TRUE  TRUE FALSE
[217]  TRUE

