
Birth-death simulation object with 215 species and 78 extant species

Details for some species:

Extinction times (NA means extant)
[1] 11.07371 13.28404 36.23652 33.45540 27.22181 15.11664


Speciation times 
[1] 48.65279 45.20104 37.04604 34.83967 28.87143 20.39717


Species parents (NA for initial)
[1] NA  1  1  1  1  1


Species status (extinct or extant)
[1] "extinct" "extinct" "extinct" "extinct" "extinct" "extinct"


For more details on vector y, try sim$y, with y one of
TE TS PAR EXTANT



$TE
  [1] 11.07370804 13.28404112 36.23651708 33.45540046 27.22181182 15.11663775
  [7] 11.85165346 14.64192262          NA 33.02545686 11.84944998 13.33406232
 [13] 19.61088228 18.73817555 13.03986853  9.45943468 16.09103760 14.22003350
 [19]  7.49784001  0.89646246 17.54694458 33.22224544 18.68213686 18.79589269
 [25] 11.60093083 12.09906428 17.47304718 14.36042941 15.81147438 11.40957506
 [31] 12.66512059 10.32312106          NA  2.63232375          NA 26.21817081
 [37] 24.61924262 15.76114766 24.46152355 29.21305111 13.63413698 13.20142374
 [43] 13.91209965 11.20332559 23.23214489 17.12370701 13.88008181 15.38179240
 [49] 11.03347269 15.71881502 13.89587869          NA  6.14014669  2.43527930
 [55]          NA  4.44998354          NA 17.84627814 16.43864049 23.12221606
 [61] 11.56437029 10.34808568 20.72210575 15.27739281 14.19422912 11.99401997
 [67]  1.03617570 14.65330006 26.77471539 14.56162145 11.26033126 15.93500795
 [73] 15.01243138 13.31576289 12.79493031 13.34556222 19.07856263          NA
 [79]          NA 12.40124656 26.95027319 13.02144964 21.65321776 12.03000928
 [85] 13.84787904 16.37957627 11.90119585 13.74546876 15.22393862 14.74331445
 [91] 11.65789147 13.97712166 18.67529337 10.08662576  9.82401959  4.38753594
 [97]          NA          NA 11.86107302 11.64930957          NA 11.47919226
[103]          NA          NA          NA          NA  9.76823305 12.64797131
[109] 23.63982920 15.94784468 12.64517810  9.10650816 13.73631123 11.37797971
[115] 16.38371449          NA          NA  1.02689322  2.56220578          NA
[121] 12.21236333 12.69052439          NA 10.16193683          NA  2.13484639
[127]  0.45691630  0.86172548  1.16640364  0.04628115  1.43877286          NA
[133]          NA  0.64789767          NA          NA          NA 13.38867620
[139] 13.50525417          NA          NA          NA          NA 12.76884001
[145] 10.29082913 11.06863685 12.08541360  6.19924032          NA          NA
[151]  1.55848755          NA  0.49973901  6.30058775  0.08852753          NA
[157]  2.24327430  4.09937318          NA  2.15880532          NA          NA
[163]  0.27750167          NA          NA          NA          NA          NA
[169]          NA          NA          NA  1.05465087          NA          NA
[175]          NA  3.42011021  3.90652716          NA          NA          NA
[181]          NA          NA          NA          NA          NA          NA
[187]  1.80405651  0.17922029          NA          NA          NA          NA
[193]          NA          NA          NA  4.17156931          NA          NA
[199]          NA          NA          NA  1.50042840          NA          NA
[205]          NA          NA  0.20094650          NA  0.91275013  2.36842498
[211]          NA          NA          NA          NA          NA

$TS
  [1] 48.65278807 45.20103846 37.04603919 34.83966990 28.87142885 20.39717362
  [7] 20.29037413 15.68762906 11.29109651 39.17426994 34.80381599 24.00640807
 [13] 21.09647335 19.52389651 17.17433177 14.18197367 19.58684897 17.46489000
 [19]  8.91368717  7.55297742 37.94012044 33.73300350 33.68152297 33.12553922
 [25] 14.12268958 13.92066975 22.07770051 17.91781515 20.00740271 13.77952150
 [31] 18.83440585 15.07583481  8.77343550  7.89542731  7.04644004 30.15962219
 [37] 27.97338864 20.60722893 33.04612564 29.67496642 28.74663100 27.18550762
 [43] 22.63740641 19.16801092 23.51164326 20.48128091 19.49529201 19.41921191
 [49] 12.28093507 16.79982805 14.91652311  2.75906592  7.80135415  4.76630659
 [55]  3.96825426  4.68139875  0.23495714 20.43055053 29.67012153 25.12282616
 [61] 25.09100010 15.69556305 22.65647422 21.19593946 17.76990153 12.09950461
 [67]  2.40380938 29.37861339 28.62778679 20.03613984 20.02980498 18.74762431
 [73] 17.02742954 16.98075485 16.66836887 21.58923487 21.02070613 14.50617957
 [79] 16.54906242 15.26528675 27.77358500 23.36155572 27.28591367 27.09250926
 [85] 18.51479483 17.31386936 17.23719360 15.80193687 16.53627355 16.76306373
 [91] 13.81228524 19.57987355 19.45817192 10.09919946  9.93275108  9.81073345
 [97]  5.53847627  0.61384459 15.77226125 13.96025028 12.51950185 11.83604871
[103]  7.13795425  4.16556917  3.11021808  2.50411655 12.43925653 18.09020530
[109] 26.48722324 17.45041111 15.40252353 14.01816846 15.40787450 12.02559224
[115] 16.96129715  9.64929385  7.17864751  6.90734930  6.46666422  3.31788226
[121] 15.16490135 14.37538362 12.16264062 10.54141566  9.61823932  8.64893944
[127]  5.36316019  1.20666546  5.79143708  4.95769273  4.85278416  2.16736505
[133]  1.49098116  1.01252468  0.29258012  1.78494092  1.57298952 13.86598557
[139] 14.83936510  7.64650637  0.75926715  6.22688042  5.69272973 14.27095007
[145] 13.56247097 12.61397952 13.94949870  9.52510363  8.55483363  1.51766856
[151]  4.93563840  2.33372172  8.08584646  6.91092159  4.71087637  3.67219446
[157]  2.42870229  4.15360151  3.16517164  3.87977653  2.03099852  1.90075588
[163]  1.28658125  2.61359659  1.98658921  0.02232033  1.51044621  7.15208297
[169]  3.30138163  6.04461822  4.87954062  1.66350111  0.68621466  5.63827466
[175]  2.08259648  7.74417829  6.64232322  3.19381902  1.70484274  0.89995009
[181]  1.30525723  1.75089310  1.09084675  0.36637877  1.92046656  4.57423265
[187]  3.16479293  1.77993675  1.23499676  0.52439154  4.34085532  3.97319953
[193]  3.24250377  2.44745531  5.39861872  5.23924268  4.16553904  2.40556229
[199]  0.24978735  1.19121183  1.49836877  2.90412460  1.41634135  2.59010796
[205]  5.38734454  5.16245018  1.94901336  1.20807053  5.26409598  3.70810753
[211]  2.46843561  1.25779547  3.29518929  1.35260491  0.13400898

$PAR
  [1]  NA   1   1   1   1   1   1   1   1   2   2   2   2   2   2   2   6   7
 [19]   9   9  10  10  11  11  11  11  12  12  13  15  17  18  19  19  20  21
 [37]  21  21  23  23  23  23  23  23  24  24  24  24  25  31  32  33  34  34
 [55]  34  35  35  38  39  41  41  41  42  43  46  49  52  59  59  59  59  59
 [73]  59  59  59  61  61  62  64  65  68  68  69  69  70  70  70  71  72  73
 [91]  74  76  77  78  78  78  78  78  79  79  79  79  79  79  79  79  80  82
[109]  83  84  87  88  90  91  92  96  96  96  96  97  99  99 101 101 101 101
[127] 101 101 103 103 103 104 104 104 104 105 106 111 113 116 117 118 118 121
[145] 121 121 122 123 123 123 125 125 126 126 126 126 126 127 127 129 129 130
[163] 130 131 132 135 136 140 140 142 142 142 142 143 143 149 149 149 153 156
[181] 159 161 162 163 164 168 168 168 169 169 171 171 174 174 176 177 177 178
[199] 180 182 185 186 188 193 195 195 195 197 205 205 206 206 210 211 213

$EXTANT
  [1] FALSE FALSE FALSE FALSE FALSE FALSE FALSE FALSE  TRUE FALSE FALSE FALSE
 [13] FALSE FALSE FALSE FALSE FALSE FALSE FALSE FALSE FALSE FALSE FALSE FALSE
 [25] FALSE FALSE FALSE FALSE FALSE FALSE FALSE FALSE  TRUE FALSE  TRUE FALSE
 [37] FALSE FALSE FALSE FALSE FALSE FALSE FALSE FALSE FALSE FALSE FALSE FALSE
 [49] FALSE FALSE FALSE  TRUE FALSE FALSE  TRUE FALSE  TRUE FALSE FALSE FALSE
 [61] FALSE FALSE FALSE FALSE FALSE FALSE FALSE FALSE FALSE FALSE FALSE FALSE
 [73] FALSE FALSE FALSE FALSE FALSE  TRUE  TRUE FALSE FALSE FALSE FALSE FALSE
 [85] FALSE FALSE FALSE FALSE FALSE FALSE FALSE FALSE FALSE FALSE FALSE FALSE
 [97]  TRUE  TRUE FALSE FALSE  TRUE FALSE  TRUE  TRUE  TRUE  TRUE FALSE FALSE
[109] FALSE FALSE FALSE FALSE FALSE FALSE FALSE  TRUE  TRUE FALSE FALSE  TRUE
[121] FALSE FALSE  TRUE FALSE  TRUE FALSE FALSE FALSE FALSE FALSE FALSE  TRUE
[133]  TRUE FALSE  TRUE  TRUE  TRUE FALSE FALSE  TRUE  TRUE  TRUE  TRUE FALSE
[145] FALSE FALSE FALSE FALSE  TRUE  TRUE FALSE  TRUE FALSE FALSE FALSE  TRUE
[157] FALSE FALSE  TRUE FALSE  TRUE  TRUE FALSE  TRUE  TRUE  TRUE  TRUE  TRUE
[169]  TRUE  TRUE  TRUE FALSE  TRUE  TRUE  TRUE FALSE FALSE  TRUE  TRUE  TRUE
[181]  TRUE  TRUE  TRUE  TRUE  TRUE  TRUE FALSE FALSE  TRUE  TRUE  TRUE  TRUE
[193]  TRUE  TRUE  TRUE FALSE  TRUE  TRUE  TRUE  TRUE  TRUE FALSE  TRUE  TRUE
[205]  TRUE  TRUE FALSE  TRUE FALSE FALSE  TRUE  TRUE  TRUE  TRUE  TRUE

