
Birth-death simulation object with 148 species and 50 extant species

Details for some species:

Extinction times (NA means extant)
[1] 47.28667 26.66698 24.14304 43.99526 34.53108 29.87496


Speciation times 
[1] 48.65279 48.33076 47.61168 46.68542 43.55368 31.32361


Species parents (NA for initial)
[1] NA  1  2  2  2  2


Species status (extinct or extant)
[1] "extinct" "extinct" "extinct" "extinct" "extinct" "extinct"


For more details on vector y, try sim$y, with y one of
TE TS PAR EXTANT



$TE
  [1] 47.2866662 26.6669846 24.1430353 43.9952620 34.5310837 29.8749605
  [7] 28.8013862 26.3184894 41.0856506 39.6811635 31.6750368 17.4142872
 [13] 18.0390245 29.2157356 21.8736364 33.4027679 22.1017057 15.6686385
 [19] 14.5354110 19.8667078 15.3191089 17.1756427 13.4214241 31.0465474
 [25] 22.4594134 32.4550471 16.2436612  2.0845251 13.9594415 13.5443273
 [31] 19.1131024 17.8938366 14.3315438 14.1363724 14.4322432  6.5806744
 [37] 13.6354595 19.2389183 33.8053943 13.6831108 11.2426493         NA
 [43] 14.7728410 11.5541113 17.9861476         NA         NA  3.1834236
 [49]  6.7972779 22.8893997 31.9149074 13.5610537 12.1594267  6.0533345
 [55]  4.8552628  2.7705109  4.7966589         NA 14.5473911 13.6561109
 [61]         NA  1.0146085         NA         NA 12.9018191 13.2010169
 [67]  1.1094409         NA 31.7533943 10.8924819 14.0223118 14.1339873
 [73] 15.0348336  3.7295840         NA  0.9570866         NA         NA
 [79]         NA         NA  6.2221537         NA 13.0595153 16.6750075
 [85] 11.7201891 14.5474304 10.5657934         NA         NA         NA
 [91]         NA         NA         NA         NA         NA 12.2350326
 [97] 14.4066203 14.0365953 11.2072025  6.8134799 12.4622328  5.5347069
[103]         NA         NA         NA  1.8417936         NA  0.6765706
[109]         NA 12.8551730 12.9678288 12.1301356 12.6941282 12.7102517
[115] 10.1962264 11.2000855  2.2039915  0.7316388  4.4092130         NA
[121]         NA         NA         NA         NA  5.0344815         NA
[127]         NA         NA         NA         NA  0.6413384  4.4436200
[133]         NA         NA         NA  0.6529975         NA         NA
[139]         NA         NA         NA  1.8899062         NA         NA
[145]  2.2959082         NA         NA         NA

$TS
  [1] 48.65278807 48.33076195 47.61167702 46.68541590 43.55367598 31.32361435
  [7] 29.63561603 27.67321907 42.48478845 40.66280189 39.00646987 27.05343199
 [13] 25.51987947 30.54925249 37.85081115 37.46258784 24.09461913 23.03746636
 [19] 22.20283303 22.55735572 21.00533334 19.33359989 18.19849362 32.45519538
 [25] 28.60625483 37.31043888 22.52410672 19.76323970 18.05905650 17.10959774
 [31] 19.18115605 18.90898285 20.46980244 19.47076330 17.46334022 15.44308192
 [37] 17.51383542 27.57208392 34.13556543 20.66927265 16.76137865 10.01426940
 [43] 16.41294671 16.19548896 19.30038195  7.87801639  6.78185358 17.02806257
 [49] 13.84867912 26.57637488 33.87037431 20.26586723 13.74536968  7.32341089
 [55]  5.91689219  5.89153070  5.58228084  3.57216007 14.81496521 13.84765424
 [61]  1.42462578  3.81666582  0.78002559  0.23091182 12.94533544 13.35311423
 [67]  9.56740855  8.98191342 32.25104066 19.63597296 18.74319425 16.39375134
 [73] 15.77229123  6.62345677  6.61234787  3.16122799  5.41961919  1.48197734
 [79]  5.43199175  5.39893886  7.18804849  3.98460866 17.21495504 16.77929194
 [85] 17.18203771 17.00466479 16.53905816  5.35886735  5.69453645  3.06126808
 [91]  2.55551992  0.02358017  4.01367765  3.79900349  2.06586579 16.11814911
 [97] 16.02197588 16.90090836 14.97198948 13.75073670 12.74382187 11.72436688
[103]  5.06003214  3.72124388  1.04425367  2.66134982  1.14366080  2.18247483
[109]  1.03545743 14.72924026 14.44402622 13.79449298 13.11531563 13.22581599
[115] 12.00249087 11.36930157  9.31011773  7.28324966  7.18271929  3.66265574
[121]  2.55844649  0.74996980  1.72765719  8.05215422  7.06125896  5.08208467
[127]  2.37044414  8.02657598  2.04416050  0.00651464  7.97905096  5.89524591
[133]  4.90861861  1.40263556  5.77487467  5.11195647  1.41309063  3.56261474
[139]  2.19423018  5.24919426  2.97055277  4.19680303  1.43157797  0.24687042
[145]  4.91276860  1.93900820  1.13441211  0.86854214

$PAR
  [1]  NA   1   2   2   2   2   2   2   3   3   3   3   3   6  11  11  12  12
 [19]  12  13  13  13  13  15  15  16  18  18  18  18  19  19  20  21  21  21
 [37]  23  25  26  27  28  28  29  30  34  36  36  37  37  38  39  40  40  42
 [55]  42  42  42  42  44  44  46  47  47  47  48  49  49  49  51  52  52  52
 [73]  52  54  54  56  57  58  67  67  68  68  70  70  71  71  71  74  75  76
 [91]  76  78  79  79  80  83  83  85  85  85  85  87  88  88  88  90  90  91
[109]  94  96  98  99  99 100 100 100 100 100 100 103 103 105 108 117 118 118
[127] 121 124 126 126 128 128 128 129 131 131 131 133 133 135 135 136 136 139
[145] 140 141 141 141

$EXTANT
  [1] FALSE FALSE FALSE FALSE FALSE FALSE FALSE FALSE FALSE FALSE FALSE FALSE
 [13] FALSE FALSE FALSE FALSE FALSE FALSE FALSE FALSE FALSE FALSE FALSE FALSE
 [25] FALSE FALSE FALSE FALSE FALSE FALSE FALSE FALSE FALSE FALSE FALSE FALSE
 [37] FALSE FALSE FALSE FALSE FALSE  TRUE FALSE FALSE FALSE  TRUE  TRUE FALSE
 [49] FALSE FALSE FALSE FALSE FALSE FALSE FALSE FALSE FALSE  TRUE FALSE FALSE
 [61]  TRUE FALSE  TRUE  TRUE FALSE FALSE FALSE  TRUE FALSE FALSE FALSE FALSE
 [73] FALSE FALSE  TRUE FALSE  TRUE  TRUE  TRUE  TRUE FALSE  TRUE FALSE FALSE
 [85] FALSE FALSE FALSE  TRUE  TRUE  TRUE  TRUE  TRUE  TRUE  TRUE  TRUE FALSE
 [97] FALSE FALSE FALSE FALSE FALSE FALSE  TRUE  TRUE  TRUE FALSE  TRUE FALSE
[109]  TRUE FALSE FALSE FALSE FALSE FALSE FALSE FALSE FALSE FALSE FALSE  TRUE
[121]  TRUE  TRUE  TRUE  TRUE FALSE  TRUE  TRUE  TRUE  TRUE  TRUE FALSE FALSE
[133]  TRUE  TRUE  TRUE FALSE  TRUE  TRUE  TRUE  TRUE  TRUE FALSE  TRUE  TRUE
[145] FALSE  TRUE  TRUE  TRUE

