
Birth-death simulation object with 329 species and 139 extant species

Details for some species:

Extinction times (NA means extant)
[1] 33.87414 45.33368 41.32220 31.34745 35.27393 36.50731


Speciation times 
[1] 48.65279 46.31967 44.00961 40.36940 36.66288 39.15061


Species parents (NA for initial)
[1] NA  1  1  1  1  4


Species status (extinct or extant)
[1] "extinct" "extinct" "extinct" "extinct" "extinct" "extinct"


For more details on vector y, try sim$y, with y one of
TE TS PAR EXTANT



$TE
  [1] 33.87413540 45.33367693 41.32220015 31.34744694 35.27392877 36.50731034
  [7] 36.46913515 33.50085001 13.85186269 30.05447674  0.15864824 36.65243637
 [13] 31.11726666 15.77374156 14.36363178 11.01902184 11.95612676          NA
 [19]          NA  3.06733782 37.74417557 13.43203102 19.22262249 19.75895288
 [25] 15.80092474  9.51557034 13.12317732  5.93009758  3.01667295          NA
 [31] 22.39051702 22.24778416 12.37206682 12.32519214 13.29085754 20.52235533
 [37] 20.06729027 18.97540746 20.49740815 13.86319562 11.22556451 16.68760335
 [43] 14.37393539          NA 17.17750194 14.49564353 17.91624975 16.21705495
 [49] 12.72362291 11.43022883 12.76557371 12.72964827 15.39369893 17.83235328
 [55] 16.62437195 19.10901687 21.36284995 17.13797387 21.00209265 13.17046266
 [61] 13.86726177 20.29926269 13.39997161 11.62636646 11.88204845 14.72802462
 [67] 13.43924352          NA          NA 14.10405566 14.63022432 17.11156100
 [73] 17.09495889 15.09177987  6.76257605 11.56445930 13.42940742 12.87490408
 [79]  1.89960088  9.98792016 18.96649045 17.84442212 18.21107941 14.39029981
 [85] 11.98363398 11.47577014 13.98308295 11.15957204 13.65244494 13.28234065
 [91] 14.78959135  3.64227757          NA          NA 15.69052974 14.81032597
 [97] 14.78255103 14.57607718 12.91873173  8.15603673  0.68286404  8.50691970
[103] 11.16015885          NA 11.72952172          NA          NA          NA
[109]  3.16675080 13.88255288  9.93520280 16.76393754 13.14965297  7.58658933
[115] 11.35992067 11.79495297 14.42177040  9.84103442 14.05289500 13.45909561
[121] 10.62574093  7.60263263  1.33375519  1.42356490  1.06325197 13.84811520
[127] 10.55890887 13.81431606 12.35875141 13.17096456          NA          NA
[133]          NA  2.15194588  7.72372222          NA          NA  5.71021654
[139]  3.49122966          NA  0.54589457          NA          NA          NA
[145] 14.54074616 12.98408284  1.35105368          NA          NA  3.26912286
[151] 11.81210463 14.19796617 10.58278779  8.35063519  3.61120135  6.69341453
[157]  0.97874035          NA  2.75695668 17.86134122 13.87992073  1.17399192
[163]          NA  6.02658632  3.03897585          NA  3.24621875  8.09476887
[169]          NA          NA  0.04995809          NA  1.78327710  6.76786246
[175]          NA          NA  0.28953235          NA          NA 11.40642406
[181] 13.90469757          NA          NA          NA          NA          NA
[187] 10.94362988          NA          NA  5.27992728          NA          NA
[193]          NA          NA          NA  6.13067579  2.74635033  3.30951471
[199]          NA          NA 11.35398148          NA          NA          NA
[205]  3.72047997  0.40035141          NA  3.91729306          NA          NA
[211]  1.91704355          NA          NA  6.89895796          NA          NA
[217] 10.93304506          NA          NA  3.78301004          NA          NA
[223]  5.23760491          NA          NA          NA  5.54983361          NA
[229]          NA  3.18764510          NA  3.75679148  5.75405713  5.45981231
[235]          NA  4.29911706  3.84728684          NA  5.43299728  0.19189261
[241]          NA  2.27719216  1.56589448          NA          NA          NA
[247]  4.03045706  3.60971988  4.64078482          NA          NA          NA
[253]  0.80095404          NA          NA  5.24804465          NA          NA
[259]  4.34739747          NA  1.51814877          NA          NA          NA
[265]          NA          NA          NA  0.70893198          NA          NA
[271]          NA          NA          NA          NA          NA          NA
[277]          NA          NA  4.69306409          NA          NA          NA
[283]          NA          NA          NA  3.75769333  5.50390306          NA
[289]          NA          NA  0.36523273          NA          NA          NA
[295]          NA          NA          NA          NA          NA          NA
[301]          NA          NA          NA          NA          NA  4.21121610
[307]          NA          NA          NA  0.94101114          NA          NA
[313]  1.67231823          NA          NA          NA          NA          NA
[319]  2.93690333  5.13348932          NA          NA          NA          NA
[325]          NA          NA          NA          NA          NA

$TS
  [1] 48.65278807 46.31967040 44.00960997 40.36940187 36.66287863 39.15060624
  [7] 38.53477434 34.54156773 33.68344835 31.76691220 31.35725769 39.06907537
 [13] 33.93872807 28.61169851 27.73216211 15.05434408 20.30694895  8.43684024
 [19]  6.79525336  6.68165035 38.95331276 27.00998123 25.17388157 26.81721538
 [25] 18.24880596 14.86791906 15.25320163  6.36517726  4.38908955  1.31433177
 [31] 26.84822690 24.40154011 22.39117900 18.42739705 14.29236966 25.12468609
 [37] 21.91140449 26.50180476 25.75688935 23.44705415 21.74794780 21.30236341
 [43] 14.86675663 22.05736333 21.49836335 20.63026307 18.54969301 16.73422999
 [49] 15.47733391 15.12836376 13.74169500 12.92591073 23.96462241 22.77955551
 [55] 19.33618120 23.90162839 23.61904650 22.78150242 21.03380040 18.46635068
 [61] 18.38547348 20.37902607 16.02694607 18.18788075 17.70464277 15.86135585
 [67] 15.69505607  9.31863252  1.27754140 21.22466340 18.74477924 19.88399307
 [73] 18.12584610 16.62509511 14.09990134 13.49942869 14.33567266 13.19616844
 [79] 12.57003900 11.83991163 21.46218738 18.97551572 20.26955355 18.54251135
 [85] 17.63820933 15.45129913 15.13492075 12.15466852 15.17355165 14.59722377
 [91] 14.96270829  7.60914414  5.01169471  4.67927521 20.23008836 16.75932122
 [97] 15.16078699 15.13457874 13.45275941 11.17061470  9.26784156  8.63368540
[103] 13.18296864 12.07540527 12.32186187  9.79530045  6.16437999  5.21084369
[109]  4.38427777 21.05187804 18.60023168 18.52879993 16.59074720 15.96864656
[115] 15.02624790 16.62486391 15.81506151 15.06038339 14.35664266 13.80283269
[121] 12.81173175 14.16748421  5.11623779  4.99561942  2.05319916 18.68142442
[127] 18.16688502 16.67425792 16.57728324 16.38420224  8.92917808  6.08699766
[133]  3.00106678  9.71765040  9.45914110  7.28961060  2.83949591  9.74199000
[139]  8.26112489  7.56369862  1.93194066  1.02852371  0.25121435  4.57509524
[145] 19.27303377 16.36758784 13.51111724 13.64236036 10.09244182  9.54668200
[151] 12.38838263 15.25884291 10.79898977 10.22270301 10.02388232  8.92567737
[157]  4.55638543  4.25041880  3.06612886 18.38131588 14.79520232 11.40097187
[163]  7.64860586  6.71729255  6.46215308  9.17153930  4.36729727  9.40769421
[169]  8.21238456  6.27414518  0.83590689  0.62944072  9.51785353  7.31497973
[175]  7.10878969  6.49104034  1.52959750  0.01965354  0.93509190 15.01769460
[181] 14.75489642 10.61696273  8.84432854  5.89379720  3.83633792  3.33208538
[187] 10.96653577  9.86430973  1.48397163  8.48193296  0.36649104  0.09504564
[193]  9.38198415  6.97581256  7.69771663  7.79798331  4.18563471  4.13774868
[199]  1.33576069  0.34167538 14.25768052  8.83096355  1.25791457  7.26384451
[205]  6.74658235  6.41855801  7.71075213  6.13421563  5.00009459  3.30151089
[211]  3.23853507  0.28204166  0.41517570  8.96572580  6.56901206  5.84784000
[217] 12.40349471  9.93454711  7.68834648  7.07575769  6.38216825  6.37110642
[223]  5.73358512  5.58764395  2.17173854  1.00183462  5.87753136  0.76521898
[229]  0.86522865  7.73744251  7.60718788  7.25585072  7.04637828  9.30020796
[235]  4.20673455  5.35347811  4.34766021  0.62645189  6.24729491  1.18685873
[241]  7.05752900  3.98034167  3.03641962  2.01649242  0.05204852  4.93318996
[247]  4.25537996  3.86468666  6.65319660  4.31947313  2.43977785  5.87816137
[253]  2.45453566  3.23956788  2.10719763  6.35347126  0.65094970  6.53002209
[259]  5.30554854  3.98645732  5.94996775  3.77924764  1.00411344  4.44914426
[265]  2.36822977  3.30405213  1.81359999  1.50140711  0.12290007  3.31970481
[271]  5.87125604  6.85244234  6.21741956  0.07525281  6.28793760  5.61373238
[277]  0.48604211  4.83330268  4.76940096  4.02779714  2.95237949  2.36152308
[283]  1.01154988  5.59671553  5.55555912  5.35294059  6.47378326  4.87446556
[289]  3.66054844  3.08248892  0.75112510  3.46017741  2.21875491  1.30752672
[295]  2.00376390  1.05641297  0.60872713  0.29938130  2.57155324  4.23585372
[301]  5.41742339  0.23176971  0.59627612  3.90475288  1.51510171  5.32169641
[307]  4.55468465  4.52627755  3.65744154  2.35722467  0.89487633  2.91241810
[313]  2.00338461  2.15479574  0.88636521  0.02904572  0.50511768  2.25516466
[319]  5.26441252  5.21225528  1.41983973  0.09143646  2.67506207  1.00493221
[325]  0.97098710  2.74320092  0.19380114  2.05551010  0.83508919

$PAR
  [1]  NA   1   1   1   1   4   4   4   4   4   4   6   8   9   9   9  11  11
 [19]  11  11  12  14  14  15  15  16  17  18  18  19  22  22  22  22  22  23
 [37]  23  24  24  24  24  24  27  33  33  33  33  33  33  34  34  34  36  36
 [55]  38  39  39  39  39  40  40  41  41  42  44  44  44  44  44  45  45  46
 [73]  46  48  49  49  50  50  50  50  53  53  56  58  61  61  63  64  65  65
 [91]  67  68  68  68  70  70  70  74  75  75  75  75  76  76  79  79  79  79
[109]  79  81  82  84  84  84  84  85  85  85  85  85  86  90  92  93  93  95
[127]  95  96  96  96 101 101 101 104 104 104 104 106 106 106 106 106 106 108
[145] 110 110 113 114 114 114 115 117 118 118 118 122 123 123 123 126 127 127
[163] 131 131 131 134 134 135 135 136 136 136 138 138 138 138 140 140 142 146
[181] 146 147 147 147 147 147 148 148 148 149 149 149 150 150 155 156 157 157
[199] 158 158 161 162 162 163 163 165 169 169 169 170 170 170 171 173 173 173
[217] 180 182 182 182 182 182 182 183 183 183 184 184 185 188 188 188 190 193
[235] 193 194 194 194 195 195 204 204 204 204 204 205 205 205 207 207 207 208
[253] 209 210 210 215 215 218 218 218 219 221 221 222 222 224 224 224 226 230
[271] 232 234 234 235 241 249 251 252 252 252 252 252 253 256 256 256 258 258
[289] 258 258 260 262 262 262 264 264 264 264 266 272 275 275 282 284 284 285
[307] 285 285 288 290 290 292 292 293 294 294 295 300 301 301 301 302 304 305
[325] 305 308 323 326 328

$EXTANT
  [1] FALSE FALSE FALSE FALSE FALSE FALSE FALSE FALSE FALSE FALSE FALSE FALSE
 [13] FALSE FALSE FALSE FALSE FALSE  TRUE  TRUE FALSE FALSE FALSE FALSE FALSE
 [25] FALSE FALSE FALSE FALSE FALSE  TRUE FALSE FALSE FALSE FALSE FALSE FALSE
 [37] FALSE FALSE FALSE FALSE FALSE FALSE FALSE  TRUE FALSE FALSE FALSE FALSE
 [49] FALSE FALSE FALSE FALSE FALSE FALSE FALSE FALSE FALSE FALSE FALSE FALSE
 [61] FALSE FALSE FALSE FALSE FALSE FALSE FALSE  TRUE  TRUE FALSE FALSE FALSE
 [73] FALSE FALSE FALSE FALSE FALSE FALSE FALSE FALSE FALSE FALSE FALSE FALSE
 [85] FALSE FALSE FALSE FALSE FALSE FALSE FALSE FALSE  TRUE  TRUE FALSE FALSE
 [97] FALSE FALSE FALSE FALSE FALSE FALSE FALSE  TRUE FALSE  TRUE  TRUE  TRUE
[109] FALSE FALSE FALSE FALSE FALSE FALSE FALSE FALSE FALSE FALSE FALSE FALSE
[121] FALSE FALSE FALSE FALSE FALSE FALSE FALSE FALSE FALSE FALSE  TRUE  TRUE
[133]  TRUE FALSE FALSE  TRUE  TRUE FALSE FALSE  TRUE FALSE  TRUE  TRUE  TRUE
[145] FALSE FALSE FALSE  TRUE  TRUE FALSE FALSE FALSE FALSE FALSE FALSE FALSE
[157] FALSE  TRUE FALSE FALSE FALSE FALSE  TRUE FALSE FALSE  TRUE FALSE FALSE
[169]  TRUE  TRUE FALSE  TRUE FALSE FALSE  TRUE  TRUE FALSE  TRUE  TRUE FALSE
[181] FALSE  TRUE  TRUE  TRUE  TRUE  TRUE FALSE  TRUE  TRUE FALSE  TRUE  TRUE
[193]  TRUE  TRUE  TRUE FALSE FALSE FALSE  TRUE  TRUE FALSE  TRUE  TRUE  TRUE
[205] FALSE FALSE  TRUE FALSE  TRUE  TRUE FALSE  TRUE  TRUE FALSE  TRUE  TRUE
[217] FALSE  TRUE  TRUE FALSE  TRUE  TRUE FALSE  TRUE  TRUE  TRUE FALSE  TRUE
[229]  TRUE FALSE  TRUE FALSE FALSE FALSE  TRUE FALSE FALSE  TRUE FALSE FALSE
[241]  TRUE FALSE FALSE  TRUE  TRUE  TRUE FALSE FALSE FALSE  TRUE  TRUE  TRUE
[253] FALSE  TRUE  TRUE FALSE  TRUE  TRUE FALSE  TRUE FALSE  TRUE  TRUE  TRUE
[265]  TRUE  TRUE  TRUE FALSE  TRUE  TRUE  TRUE  TRUE  TRUE  TRUE  TRUE  TRUE
[277]  TRUE  TRUE FALSE  TRUE  TRUE  TRUE  TRUE  TRUE  TRUE FALSE FALSE  TRUE
[289]  TRUE  TRUE FALSE  TRUE  TRUE  TRUE  TRUE  TRUE  TRUE  TRUE  TRUE  TRUE
[301]  TRUE  TRUE  TRUE  TRUE  TRUE FALSE  TRUE  TRUE  TRUE FALSE  TRUE  TRUE
[313] FALSE  TRUE  TRUE  TRUE  TRUE  TRUE FALSE FALSE  TRUE  TRUE  TRUE  TRUE
[325]  TRUE  TRUE  TRUE  TRUE  TRUE

