
Birth-death simulation object with 95 species and 33 extant species

Details for some species:

Extinction times (NA means extant)
[1] 34.91634 41.41963 28.25357 40.53083 30.58077 16.00906


Speciation times 
[1] 48.65279 47.64448 35.34216 44.67346 34.83543 34.67912


Species parents (NA for initial)
[1] NA  1  1  2  3  5


Species status (extinct or extant)
[1] "extinct" "extinct" "extinct" "extinct" "extinct" "extinct"


For more details on vector y, try sim$y, with y one of
TE TS PAR EXTANT



$TE
 [1] 34.9163418 41.4196317 28.2535687 40.5308276 30.5807731 16.0090617
 [7] 23.4803013 20.4609512 16.0171395 15.0199026 24.2507883 14.7155843
[13] 16.6404408 14.6430700 13.9570014 13.6621010 12.8883021 23.0003232
[19] 14.5819668 14.1843873 12.3820567 12.3411406 13.6297778  7.0459217
[25]         NA 13.9877542 14.1516564 13.6187909  4.3361911 23.4513222
[31] 13.9658681 12.4573237  9.8307784 12.5844289 13.9460541 10.8159643
[37]  7.3191266 13.8752234         NA  2.9594146         NA 17.3193504
[43]  7.4224150 11.6824678         NA 10.9490158 13.0588169 12.3779199
[49] 11.4469727         NA         NA         NA         NA  1.1903960
[55]         NA         NA         NA         NA  0.2729619 13.9464514
[61]         NA  9.2221131 13.8563106 13.9590056  6.4256269         NA
[67]         NA         NA         NA 14.3530161 13.1641691 11.0014552
[73]  4.7896617         NA         NA         NA         NA         NA
[79]         NA         NA         NA  3.7442568  1.8354655  2.4650778
[85]  2.3655519         NA         NA         NA         NA  1.7904623
[91]         NA         NA  2.3832528         NA         NA

$TS
 [1] 48.65278807 47.64448109 35.34215981 44.67346155 34.83543055 34.67912183
 [7] 31.50916980 24.98207927 17.18902810 16.08306904 30.16665562 27.69220227
[13] 16.73934221 15.79022262 15.38113251 24.52398884 27.48126699 26.92288314
[19] 14.95137528 15.48527493 20.62918874 16.42086530 15.42656887 14.68939413
[25] 13.67032748 22.52751628 15.57885179 13.77157789 13.46873745 25.18887123
[31] 19.08603810 18.41152047 16.76376579 14.58743662 14.40185467 13.65346906
[37] 12.47398371 14.07404678  7.72364042  5.25874463  1.09677729 17.86772481
[43] 17.28577353 15.42759253  8.99986610 16.20574270 17.26018491 12.68571164
[49] 11.72520370  7.66020193  5.61712099  4.67234922  4.09628853  3.90027392
[55]  3.56209731  1.59557648  4.38563366  3.22037396  0.51704174 16.07433527
[61] 11.82904130 10.80715453 15.37117304 14.46855081  6.80061595  4.83000059
[67]  2.75551550  2.33109495  0.29551390 14.57431040 13.21459039 11.47474818
[73]  5.47703833  4.96540762  4.57359867  2.63043416  1.16034410  0.58371275
[79]  0.05329739  7.82225898  4.79731658  4.62957005  2.25684242  4.25439029
[85]  4.19983422  0.71695129  4.12563018  3.19655374  2.01061766  3.42423850
[91]  1.10789364  0.47063720  2.90180226  0.34412093  2.57553759

$PAR
 [1] NA  1  1  2  3  5  6  6  6  6  7  7  9 10 10 11 12 12 12 14 16 16 16 16 16
[26] 17 17 17 17 18 21 21 21 21 21 21 21 22 24 25 25 26 26 27 29 31 32 34 36 39
[51] 39 39 39 39 39 39 40 40 41 43 43 43 44 44 45 45 45 45 45 46 47 49 51 51 51
[76] 57 57 58 58 61 61 74 74 75 75 77 80 80 80 84 89 89 90 91 93

$EXTANT
 [1] FALSE FALSE FALSE FALSE FALSE FALSE FALSE FALSE FALSE FALSE FALSE FALSE
[13] FALSE FALSE FALSE FALSE FALSE FALSE FALSE FALSE FALSE FALSE FALSE FALSE
[25]  TRUE FALSE FALSE FALSE FALSE FALSE FALSE FALSE FALSE FALSE FALSE FALSE
[37] FALSE FALSE  TRUE FALSE  TRUE FALSE FALSE FALSE  TRUE FALSE FALSE FALSE
[49] FALSE  TRUE  TRUE  TRUE  TRUE FALSE  TRUE  TRUE  TRUE  TRUE FALSE FALSE
[61]  TRUE FALSE FALSE FALSE FALSE  TRUE  TRUE  TRUE  TRUE FALSE FALSE FALSE
[73] FALSE  TRUE  TRUE  TRUE  TRUE  TRUE  TRUE  TRUE  TRUE FALSE FALSE FALSE
[85] FALSE  TRUE  TRUE  TRUE  TRUE FALSE  TRUE  TRUE FALSE  TRUE  TRUE

