
Birth-death simulation object with 232 species and 80 extant species

Details for some species:

Extinction times (NA means extant)
[1] 42.80447 40.83787 32.99029 25.21199 22.12113 28.91952


Speciation times 
[1] 48.65279 45.93893 43.08466 39.41829 37.10798 33.93927


Species parents (NA for initial)
[1] NA  1  1  3  3  3


Species status (extinct or extant)
[1] "extinct" "extinct" "extinct" "extinct" "extinct" "extinct"


For more details on vector y, try sim$y, with y one of
TE TS PAR EXTANT



$TE
  [1] 42.8044723 40.8378703 32.9902871 25.2119933 22.1211340 28.9195181
  [7] 30.6766917 38.0008101 22.5804259 35.0555784 26.1515864 35.2999016
 [13] 31.3608940 23.7844986 14.0995108 24.5858843 29.3617385 25.0180117
 [19] 30.3154119 11.6951184 29.8621246 27.7001854 14.0663432 31.7145909
 [25] 30.4341024 21.0307203 26.2890648 16.1294895 29.4320914 24.1390290
 [31] 12.4378187 14.3828464 27.7655031 16.1315677 17.6464991 14.3775402
 [37] 11.3142533 15.0681505 14.4385426 15.9625060         NA 30.8328628
 [43]  0.6828526 26.1060750 24.2372666 23.7231798 26.8334929 16.8538651
 [49] 12.2886015 17.5285563 13.0991929  3.1128580 14.0794477 13.3808639
 [55] 23.3751933 11.8324463 14.5211941  9.8777937 16.0279381 15.5686576
 [61]  1.4903480  7.3370241 11.1964070  5.8453445         NA         NA
 [67]         NA 14.8166179 14.7314812 13.1301896 18.7890448 12.5882507
 [73]  0.7941396  0.1060203  5.9419556  2.5954628 20.7155048 15.7937566
 [79] 13.4208322 12.0645508 16.0324560 16.1267796 14.7026171 12.9725591
 [85] 13.5590265 10.2158562  6.8240605         NA  1.9048445 13.8159776
 [91] 17.3001559 14.2817882 13.8769903  5.7513424         NA         NA
 [97]         NA 20.8923486 11.0817535 13.5625971 14.4890220 19.0800463
[103]         NA  5.0469509         NA  0.7465206         NA 20.0788326
[109] 11.9606594 16.3985982 17.9359146  1.9444640         NA         NA
[115] 12.7633478         NA         NA         NA  1.6444813         NA
[121]         NA 13.1887109 14.7675444         NA         NA  5.2091823
[127]  0.4176093  1.3880922         NA         NA         NA 14.1411781
[133] 16.5121429 13.4157273 14.4866041 17.7235945 16.7633859         NA
[139]         NA  0.3027738  3.3158124  3.7880817         NA         NA
[145]         NA         NA         NA         NA  1.1871972         NA
[151]         NA         NA 17.6410214         NA         NA  5.1740595
[157]         NA  0.1638078         NA 12.1561546 12.9589440         NA
[163]         NA         NA         NA  1.3507363  0.4057952         NA
[169]  1.4082384  4.4500562  2.0243216         NA         NA  0.4000198
[175]  2.6464686         NA  1.2913711         NA 17.4328789  1.6535239
[181]         NA  1.4698179         NA         NA 13.6968562 11.5747410
[187] 14.0504979 12.4706748  3.7956576  2.5481214         NA         NA
[193]         NA         NA         NA         NA         NA  3.9496390
[199]         NA         NA 11.4606061  2.7379651         NA         NA
[205]         NA  0.8718899         NA 13.4237388         NA         NA
[211]         NA         NA  1.7472390  0.8726331         NA         NA
[217]  2.3750876  0.2564819         NA         NA         NA  0.1083127
[223]  1.0357021         NA  2.2530860         NA         NA         NA
[229]         NA         NA         NA         NA

$TS
  [1] 48.65278807 45.93893191 43.08465839 39.41828612 37.10797589 33.93927484
  [7] 33.90084340 39.09079718 38.55625395 36.20130782 35.56268928 35.46243658
 [13] 34.46322537 29.19834156 27.86818835 25.83900187 34.98958645 30.41296069
 [19] 33.03428601 35.47387026 29.97085520 29.88557736 23.59945469 35.32344382
 [25] 35.10061599 30.19839741 26.60531574 32.58824855 31.37949323 25.55603887
 [31] 23.47797216 33.54588931 29.46514625 24.88297611 24.26421267 21.03861817
 [37] 16.81445898 16.36712451 14.43943633 23.03478091 19.94108683 30.83837276
 [43] 30.14119459 27.19017702 26.29986479 27.26812846 27.07706630 17.88608892
 [49] 17.37822129 30.47153416 24.55635348 18.33502959 18.20320348 15.36145772
 [55] 23.70877401 16.20807476 17.20112980 21.39864736 16.75085160 15.94606038
 [61] 13.11415586 12.40365791 11.38377949  7.25074964  7.14483290  0.88183170
 [67]  0.18445836 25.93406545 25.49823398 20.25049191 20.10258204 14.74963863
 [73]  9.89257551  8.63210922  6.76528323  5.72748453 27.00830213 16.07598108
 [79] 22.15609310 24.31276312 20.87238706 16.95627902 16.45739290 13.34239231
 [85] 13.69764857 12.32075455  9.86557425  3.40604524 15.73473250 14.23256000
 [91] 18.29345974 15.26595645 14.87280313  7.25276979  7.16456306  5.86968582
 [97]  2.27435974 23.98182992 22.25707100 15.03230284 14.57122434 19.60904124
[103]  8.73875156  8.19139521  5.52266228  6.74687741  2.52919865 20.58507539
[109] 14.90271841 19.19634936 19.73787232 11.35655057  8.57149468  0.45261482
[115] 14.03725229  7.56476347  4.73726690  4.02547825  3.69393690  1.50756834
[121]  3.46258295 18.84515068 15.02032428  8.40566410  7.06370232  6.06447659
[127]  4.38000012  2.62468673  1.98465972  4.52944346  1.61967911 14.72758335
[133] 17.10871076 16.72259587 19.42207503 18.77600304 18.16600780  8.52860221
[139]  7.68945046  7.02299868  7.36683562  6.37937365  4.55279124  5.14440974
[145]  2.50141924  2.01761664  1.69559601  1.33360764  2.93930199  1.14061722
[151]  2.89238624  0.81761331 18.75716007  7.13066198  2.66354423  5.48752190
[157]  2.00920040  0.73041700  0.06993944 14.82557016 15.58064108  5.38597141
[163]  5.25490644  2.30398712  5.55527067  5.42477652  3.50316130  0.48073112
[169]  7.27312480  5.78822168  4.64100907  4.10530054  2.10478187  5.10629004
[175]  4.78215768  1.93871441  1.81162694  0.80460889 18.34830591  6.85690338
[181]  4.31198312  1.68232229  1.52713019  0.01213881 14.38566831 12.71226453
[187] 14.29886206 13.31253491  5.41542254  3.52739000  0.70372380  0.55074539
[193]  5.69131814  3.47565634  3.12300658  1.90566783  0.19943375  4.54230968
[199]  4.53244410  0.16876174 17.50703712  6.68152454  5.35991324  3.59836023
[205]  3.12894665  1.45605389  1.24170394 13.95143482  5.63272465  2.25264347
[211]  0.82234002  2.84271123  2.56263397  0.99103677  0.54167952  5.46384181
[217]  4.87878503  2.72306228  1.24313921  0.95600875  0.27446188  2.11307098
[223]  4.69161613  3.17678477  3.26241464  2.29347587  1.11087650  2.46080350
[229]  1.11983793  0.22164822  0.11338061  1.83140352

$PAR
  [1]  NA   1   1   3   3   3   3   4   4   4   4   4   4   4   4   4   5   5
 [19]   7   9   9   9   9  10  10  11  11  13  13  15  15  17  17  20  20  20
 [37]  20  20  20  23  23  25  26  26  26  28  28  28  28  29  30  31  31  31
 [55]  32  34  36  40  40  41  41  41  41  41  41  41  41  43  43  43  43  43
 [73]  43  43  43  43  47  49  50  51  51  51  51  51  52  52  52  52  53  54
 [91]  58  58  58  61  64  65  65  69  69  70  70  71  73  73  73  74  74  79
[109]  79  80  81  86  87  88  89  89  95  95  95  95  96  99  99 103 104 104
[127] 105 105 105 106 106 109 110 110 111 111 111 112 112 112 113 113 113 116
[145] 118 118 118 118 119 120 121 121 122 124 124 125 125 125 131 134 135 138
[163] 138 138 139 139 139 139 141 141 141 143 143 144 144 144 151 152 153 154
[181] 154 155 155 159 160 160 161 161 165 166 167 167 169 169 172 172 173 174
[199] 174 176 179 180 180 181 181 194 196 201 202 203 203 205 205 207 207 209
[217] 209 209 209 210 211 213 216 216 217 223 223 225 226 226 227 228

$EXTANT
  [1] FALSE FALSE FALSE FALSE FALSE FALSE FALSE FALSE FALSE FALSE FALSE FALSE
 [13] FALSE FALSE FALSE FALSE FALSE FALSE FALSE FALSE FALSE FALSE FALSE FALSE
 [25] FALSE FALSE FALSE FALSE FALSE FALSE FALSE FALSE FALSE FALSE FALSE FALSE
 [37] FALSE FALSE FALSE FALSE  TRUE FALSE FALSE FALSE FALSE FALSE FALSE FALSE
 [49] FALSE FALSE FALSE FALSE FALSE FALSE FALSE FALSE FALSE FALSE FALSE FALSE
 [61] FALSE FALSE FALSE FALSE  TRUE  TRUE  TRUE FALSE FALSE FALSE FALSE FALSE
 [73] FALSE FALSE FALSE FALSE FALSE FALSE FALSE FALSE FALSE FALSE FALSE FALSE
 [85] FALSE FALSE FALSE  TRUE FALSE FALSE FALSE FALSE FALSE FALSE  TRUE  TRUE
 [97]  TRUE FALSE FALSE FALSE FALSE FALSE  TRUE FALSE  TRUE FALSE  TRUE FALSE
[109] FALSE FALSE FALSE FALSE  TRUE  TRUE FALSE  TRUE  TRUE  TRUE FALSE  TRUE
[121]  TRUE FALSE FALSE  TRUE  TRUE FALSE FALSE FALSE  TRUE  TRUE  TRUE FALSE
[133] FALSE FALSE FALSE FALSE FALSE  TRUE  TRUE FALSE FALSE FALSE  TRUE  TRUE
[145]  TRUE  TRUE  TRUE  TRUE FALSE  TRUE  TRUE  TRUE FALSE  TRUE  TRUE FALSE
[157]  TRUE FALSE  TRUE FALSE FALSE  TRUE  TRUE  TRUE  TRUE FALSE FALSE  TRUE
[169] FALSE FALSE FALSE  TRUE  TRUE FALSE FALSE  TRUE FALSE  TRUE FALSE FALSE
[181]  TRUE FALSE  TRUE  TRUE FALSE FALSE FALSE FALSE FALSE FALSE  TRUE  TRUE
[193]  TRUE  TRUE  TRUE  TRUE  TRUE FALSE  TRUE  TRUE FALSE FALSE  TRUE  TRUE
[205]  TRUE FALSE  TRUE FALSE  TRUE  TRUE  TRUE  TRUE FALSE FALSE  TRUE  TRUE
[217] FALSE FALSE  TRUE  TRUE  TRUE FALSE FALSE  TRUE FALSE  TRUE  TRUE  TRUE
[229]  TRUE  TRUE  TRUE  TRUE

