
Birth-death simulation object with 272 species and 107 extant species

Details for some species:

Extinction times (NA means extant)
[1] 37.45555 12.35591 41.20066 42.46244 25.53060 46.03854


Speciation times 
[1] 48.65279 47.04446 44.46670 44.24258 38.91327 46.80086


Species parents (NA for initial)
[1] NA  1  1  1  1  2


Species status (extinct or extant)
[1] "extinct" "extinct" "extinct" "extinct" "extinct" "extinct"


For more details on vector y, try sim$y, with y one of
TE TS PAR EXTANT



$TE
  [1] 37.45554593 12.35590662 41.20065532 42.46244141 25.53060488 46.03853844
  [7] 41.06845417 18.40395238 29.03309005 14.65029394 22.59232971 20.57484840
 [13]  6.41732383 15.25514778 12.37174235 42.12534850 25.45778207 21.89247039
 [19] 18.31963600 14.71369846 29.41587564 32.64492379 16.13482447 22.89101817
 [25] 12.58999267  0.86251836          NA 14.30439637  3.60157744  6.97263502
 [31]  1.22367225 15.91328727 38.83778008 27.39280946 21.82367656 26.69557677
 [37] 13.55212064 18.55529138 14.54914974 14.52826112 17.57436021 14.71293314
 [43] 25.82088711          NA 16.87165636 16.07339878 12.88055429 14.75717890
 [49]  5.44961805 13.71009715  8.93257988          NA          NA  9.24082637
 [55]          NA  3.54769447 14.54663977  0.45222845          NA          NA
 [61]          NA 34.02880554 26.33975555 22.99087788 22.13326876 25.94694371
 [67] 12.17824069 14.80616049 13.89741895 14.46701428 14.50929542 17.08580637
 [73] 10.37763454 12.72959039 24.50557637  5.67831758  0.52003490 13.72928375
 [79]  8.42546094 13.37998416 11.03351607  1.58223705          NA          NA
 [85]          NA  4.21791324  7.85636320          NA          NA          NA
 [91]          NA          NA          NA  0.36878912          NA  4.71161124
 [97]  0.69143993          NA          NA  1.86485748          NA          NA
[103]  0.68331907          NA          NA          NA 27.80403771 23.52323996
[109] 22.92931097 14.09916801 13.60134035 12.00673739 11.09178841 14.09033626
[115] 10.21323636 12.48627518  0.37098598 10.80024611 14.68576236  3.12344827
[121]  5.27654247          NA          NA  5.70712107          NA          NA
[127]          NA          NA  0.59372580          NA  7.44799364          NA
[133]          NA          NA          NA          NA          NA  0.36366351
[139]          NA          NA          NA 19.56777497 13.18533380 18.89877118
[145] 16.36975561  4.84729108 12.74842972 14.11640462 12.32537516 10.31522992
[151] 10.09560196  2.74154542          NA          NA          NA          NA
[157]          NA 11.62365144 11.98933398 14.05532993 22.34769574 11.16583969
[163]  0.69685164 17.07928382          NA  1.58216713          NA  2.22430951
[169]          NA          NA          NA  4.72265275          NA  2.66940768
[175]          NA          NA 14.40983448  5.13509438 11.52547344 12.60556165
[181]  6.54341706  0.68192602  3.77607408 14.29203505 16.09871844 12.19193067
[187] 24.52671549 12.17922213 14.18218240 14.61677687  0.59617576          NA
[193]          NA          NA  7.05563345  8.70277309 10.75948046 14.50626233
[199] 10.49151834          NA          NA          NA 15.95930930 14.26572386
[205] 13.93857690  0.97506673          NA  2.19806665          NA          NA
[211]          NA  2.66698927 11.65861423 13.88615388 15.19965552 13.15573993
[217]          NA 10.08980335          NA  4.31580269          NA          NA
[223]          NA          NA          NA          NA  0.57065026  2.34707649
[229]          NA  8.91081819          NA          NA          NA          NA
[235]          NA  7.14289338  6.80755319          NA          NA          NA
[241]          NA          NA          NA          NA          NA          NA
[247]          NA  0.03899880          NA          NA          NA          NA
[253]          NA          NA          NA          NA          NA          NA
[259]          NA          NA          NA          NA  4.03337036  0.05265335
[265]          NA  5.33427314  6.20517709  1.14394951          NA          NA
[271]          NA          NA

$TS
  [1] 48.65278807 47.04445901 44.46669779 44.24257682 38.91327086 46.80086007
  [7] 45.38458669 34.55543805 34.32526515 27.85475026 25.19926440 22.92093415
 [13] 20.72777266 19.68778202 13.39423704 44.13903088 42.54797123 31.56932699
 [19] 28.58196891 23.50906306 34.01851644 33.87691023 20.57334151 24.49915457
 [25] 24.26584167 19.92791416 16.07780168 15.24652453  8.41978103  7.74976084
 [31]  6.58624608 16.83873422 39.96772229 35.43440785 30.43074662 29.53181923
 [37] 27.77463471 26.32668520 27.14023750 19.96473425 19.15465034 19.94677631
 [43] 32.09897814 19.27417903 16.90174622 16.27186080 24.18178315 19.65831749
 [49] 15.11658399 14.11100892 11.83567442  8.26862016  5.33172587 11.44672157
 [55]  9.03950163  5.02711628 14.58057147  6.18977009  6.19153344  6.01887235
 [61]  1.92236413 34.29946197 27.78504517 29.21249330 28.28585392 26.79939572
 [67] 16.37860738 21.84854830 17.90909167 16.59662846 14.55542505 18.41739114
 [73] 15.90715519 15.72661420 28.06727422 10.30914127  1.82618121 16.10138544
 [79] 13.54439472 13.58850547 13.17414200  9.56776778  8.47496971  6.92223185
 [85]  6.72600666  6.31804714  9.95522808  7.48342519  1.28838314  0.80983233
 [91]  0.15354892  0.01957813  2.04039731  0.87281569 11.11460154  8.27814921
 [97]  3.36266836  2.07878581  5.02137099  4.87061171  4.75063977  0.91206504
[103]  2.26508218  3.46805014  0.42057472  1.00131762 27.98202445 24.95120746
[109] 24.69300032 23.24175573 15.52918928 15.38864253 13.76795150 16.06232990
[115] 14.38723516 17.51426685 14.17704658 14.04148919 26.77207809  8.93559819
[121]  9.03307085  6.21904605  7.05981974  5.81151819  5.27902450  2.71069104
[127]  6.53687251  1.55911668  0.62986858  5.01051783  8.33503803  1.00486224
[133]  0.27108558  1.81110652  0.75099422  0.48115211  5.11400784  3.34165865
[139]  4.86774628  3.41908480  1.69128849 24.03716925 23.68941592 22.04066663
[145] 19.64838964 18.32068537 14.72225460 14.49004508 12.98114559 11.87671454
[151] 10.33546333  7.79101395  3.61291958  2.64789632  2.60608868  1.56443963
[157]  0.60204558 12.19101217 12.18006128 25.73888557 25.27546305 23.93553540
[163] 22.55451104 17.23116746  6.60996222  3.36603918  4.76968244  5.54935001
[169]  1.62565654  0.44902945  0.16310459  4.77758263  0.97692694  3.49361297
[175]  0.87228049  1.12494184 16.89087042 15.49126251 19.44454531 13.13077174
[181]  7.87248093  7.34597312  6.63649571 20.55643402 19.44559452 17.66970442
[187] 24.98114537 17.91869734 16.21169014 15.49933518  5.96960787  5.47022223
[193]  2.87931707  5.41164285 10.92336276  9.87151687 16.50186125 16.28976121
[199] 13.04456310  7.13113209  3.33599242  4.90119714 15.96100238 15.94924999
[205] 16.71706316  3.36014087  3.06151681  4.34320887  3.86315739  1.14193563
[211]  0.08602879  9.43338667 16.25432332 16.10190395 15.51535422 15.09938522
[217] 12.61338519 12.54646800  5.50023066  5.16219672  4.10247934  4.03912149
[223]  1.19924004  1.19209843  1.78643656  1.45434718  2.52452089  3.03038789
[229]  2.06769823  9.06982317  6.91821041  6.09175333  5.58448532  4.34184125
[235]  3.38023790 13.52910638  7.71398112  6.56962366  0.93475151  1.32182575
[241]  2.81717253  0.84039289  0.46641838  0.70541873  1.94628037  5.11138573
[247]  5.01797718  3.60421749  3.55327034  0.82431229  3.32682265  2.96172871
[253]  0.17442745  9.50192547  0.57824244  2.16112870  3.05472827  2.57028899
[259]  2.09754965  2.34114915  1.28472737  0.60701196  7.36498011  1.12050213
[265]  0.74333351  6.87407212  6.64272943  5.22553675  6.50249298  2.63642032
[271]  0.92844517  0.15082714

$PAR
  [1]  NA   1   1   1   1   2   2   2   2   2   2   2   2   2   2   4   4   5
 [19]   5   8   9   9  10  11  11  13  13  13  13  13  13  14  17  17  17  17
 [37]  17  17  19  19  19  20  21  23  23  23  24  25  25  25  26  26  26  27
 [55]  27  27  28  29  31  31  31  34  35  36  36  37  37  39  39  39  40  41
 [73]  42  42  43  44  44  46  47  49  49  49  49  49  49  49  51  52  52  52
 [91]  52  52  53  53  54  55  55  55  58  58  58  58  59  60  60  61  64  65
[109]  65  65  67  67  67  69  69  72  73  74  75  76  79  82  83  83  83  83
[127]  85  85  85  86  87  89  89  93  95  95  96  97  99 100 103 108 109 110
[145] 110 110 114 116 116 117 117 117 117 117 117 117 117 118 118 119 119 119
[163] 119 119 121 122 125 127 127 130 136 137 138 139 140 141 143 143 144 146
[181] 146 146 152 160 160 160 161 162 162 162 165 165 165 168 178 178 179 179
[199] 179 182 182 183 186 186 188 191 191 192 192 192 194 195 197 197 197 197
[217] 197 197 200 200 200 200 200 202 206 206 207 208 209 212 212 212 212 212
[235] 212 216 217 217 217 219 222 223 223 225 227 231 231 231 231 231 233 233
[253] 233 236 238 241 246 246 246 248 249 249 254 254 256 263 263 263 266 268
[271] 270 271

$EXTANT
  [1] FALSE FALSE FALSE FALSE FALSE FALSE FALSE FALSE FALSE FALSE FALSE FALSE
 [13] FALSE FALSE FALSE FALSE FALSE FALSE FALSE FALSE FALSE FALSE FALSE FALSE
 [25] FALSE FALSE  TRUE FALSE FALSE FALSE FALSE FALSE FALSE FALSE FALSE FALSE
 [37] FALSE FALSE FALSE FALSE FALSE FALSE FALSE  TRUE FALSE FALSE FALSE FALSE
 [49] FALSE FALSE FALSE  TRUE  TRUE FALSE  TRUE FALSE FALSE FALSE  TRUE  TRUE
 [61]  TRUE FALSE FALSE FALSE FALSE FALSE FALSE FALSE FALSE FALSE FALSE FALSE
 [73] FALSE FALSE FALSE FALSE FALSE FALSE FALSE FALSE FALSE FALSE  TRUE  TRUE
 [85]  TRUE FALSE FALSE  TRUE  TRUE  TRUE  TRUE  TRUE  TRUE FALSE  TRUE FALSE
 [97] FALSE  TRUE  TRUE FALSE  TRUE  TRUE FALSE  TRUE  TRUE  TRUE FALSE FALSE
[109] FALSE FALSE FALSE FALSE FALSE FALSE FALSE FALSE FALSE FALSE FALSE FALSE
[121] FALSE  TRUE  TRUE FALSE  TRUE  TRUE  TRUE  TRUE FALSE  TRUE FALSE  TRUE
[133]  TRUE  TRUE  TRUE  TRUE  TRUE FALSE  TRUE  TRUE  TRUE FALSE FALSE FALSE
[145] FALSE FALSE FALSE FALSE FALSE FALSE FALSE FALSE  TRUE  TRUE  TRUE  TRUE
[157]  TRUE FALSE FALSE FALSE FALSE FALSE FALSE FALSE  TRUE FALSE  TRUE FALSE
[169]  TRUE  TRUE  TRUE FALSE  TRUE FALSE  TRUE  TRUE FALSE FALSE FALSE FALSE
[181] FALSE FALSE FALSE FALSE FALSE FALSE FALSE FALSE FALSE FALSE FALSE  TRUE
[193]  TRUE  TRUE FALSE FALSE FALSE FALSE FALSE  TRUE  TRUE  TRUE FALSE FALSE
[205] FALSE FALSE  TRUE FALSE  TRUE  TRUE  TRUE FALSE FALSE FALSE FALSE FALSE
[217]  TRUE FALSE  TRUE FALSE  TRUE  TRUE  TRUE  TRUE  TRUE  TRUE FALSE FALSE
[229]  TRUE FALSE  TRUE  TRUE  TRUE  TRUE  TRUE FALSE FALSE  TRUE  TRUE  TRUE
[241]  TRUE  TRUE  TRUE  TRUE  TRUE  TRUE  TRUE FALSE  TRUE  TRUE  TRUE  TRUE
[253]  TRUE  TRUE  TRUE  TRUE  TRUE  TRUE  TRUE  TRUE  TRUE  TRUE FALSE FALSE
[265]  TRUE FALSE FALSE FALSE  TRUE  TRUE  TRUE  TRUE

