
Birth-death simulation object with 86 species and 21 extant species

Details for some species:

Extinction times (NA means extant)
[1] 44.90670 33.60894 33.68438 30.02601 36.32378 33.68075


Speciation times 
[1] 48.65279 44.91503 37.07748 35.42093 36.66116 36.51665


Species parents (NA for initial)
[1] NA  1  2  2  3  3


Species status (extinct or extant)
[1] "extinct" "extinct" "extinct" "extinct" "extinct" "extinct"


For more details on vector y, try sim$y, with y one of
TE TS PAR EXTANT



$TE
 [1] 44.90670283 33.60893554 33.68438162 30.02601040 36.32377978 33.68074756
 [7] 13.43299895 30.06211136 27.57885962 25.30877130 12.32617440 14.17610198
[13] 32.93018025 25.17606582 27.16426855 26.62124514 28.22098346 19.08939027
[19]  3.14031495 13.26520504 24.49775195 21.15730726 13.58997084 17.78394120
[25] 22.73128247 14.18663157 12.39093054 12.81496650  5.68904075          NA
[31]          NA 12.76421982 13.22245249 12.11258277 17.17808450  7.61263673
[37]          NA          NA 14.75309823 12.98307407 13.91744775  7.39266880
[43]  4.45451295          NA 14.48007354 14.18700917 10.76071945 13.12002091
[49]          NA  5.31638102  3.89025602  0.30338625  4.34233892  4.49248125
[55]  1.07616849  4.52834282  1.46219662  4.63454186 11.91237424  9.82206073
[61]  2.11631423          NA          NA  5.32415370  0.06975557          NA
[67]          NA  1.68072653          NA  2.59990157  1.04498158          NA
[73]  2.36532414          NA  3.90094950          NA  4.34610234  0.41368657
[79]          NA          NA          NA          NA          NA  3.64949727
[85]          NA          NA

$TS
 [1] 48.6527881 44.9150349 37.0774830 35.4209331 36.6611639 36.5166544
 [7] 32.5851914 30.7195302 35.9635002 31.7172292 19.1605885 16.2821800
[13] 35.3864454 32.4148506 30.4923825 28.2885239 31.3922572 29.5869321
[19] 26.6856246 25.5814893 25.3434504 23.7604118 20.1419397 19.9793408
[25] 24.6276628 16.1880879 16.0224460 14.3157805  9.7403005  6.8059724
[31]  5.9232171 16.4157828 18.4256877 15.9155311 18.8910995  9.0366017
[37]  6.0009618  5.8495671 15.1614995 17.4810893 17.2152661 15.6135056
[43]  8.5751626  8.2367109 17.0988787 16.4160691 15.4403489 14.2779096
[49]  7.4352846  6.9180737  5.8974962  8.1408316  7.8374114  7.1450348
[55]  6.5292105  6.2401706  5.7154923  4.8078492 14.3706187 13.1320513
[61]  5.2106678  5.1786964  0.9390641  5.6283685  5.5251338  4.9220671
[67]  7.4428600  3.9094508  2.5697308  6.1694048  4.8199149  4.6033474
[73]  3.0787952  2.7667618  4.1368307  1.2503766  5.1086438  4.7450545
[79]  3.1784545  2.1392418  0.7581529  0.2367841  1.5426447  4.4859623
[85]  0.6110689  0.8124579

$PAR
 [1] NA  1  2  2  3  3  4  4  6  7  7  7  9  9 10 10 14 14 18 18 18 18 18 18 19
[26] 19 19 19 19 19 19 20 23 23 24 29 30 31 32 33 33 33 36 36 41 41 41 42 43 43
[51] 43 44 44 44 44 44 44 44 46 47 49 49 49 50 50 51 52 52 52 53 54 57 62 62 65
[76] 65 67 67 67 67 69 69 74 77 81 83

$EXTANT
 [1] FALSE FALSE FALSE FALSE FALSE FALSE FALSE FALSE FALSE FALSE FALSE FALSE
[13] FALSE FALSE FALSE FALSE FALSE FALSE FALSE FALSE FALSE FALSE FALSE FALSE
[25] FALSE FALSE FALSE FALSE FALSE  TRUE  TRUE FALSE FALSE FALSE FALSE FALSE
[37]  TRUE  TRUE FALSE FALSE FALSE FALSE FALSE  TRUE FALSE FALSE FALSE FALSE
[49]  TRUE FALSE FALSE FALSE FALSE FALSE FALSE FALSE FALSE FALSE FALSE FALSE
[61] FALSE  TRUE  TRUE FALSE FALSE  TRUE  TRUE FALSE  TRUE FALSE FALSE  TRUE
[73] FALSE  TRUE FALSE  TRUE FALSE FALSE  TRUE  TRUE  TRUE  TRUE  TRUE FALSE
[85]  TRUE  TRUE

