
Birth-death simulation object with 173 species and 78 extant species

Details for some species:

Extinction times (NA means extant)
[1] 43.17519 41.69452 12.95664 23.25871 32.13400 24.79638


Speciation times 
[1] 48.65279 44.14796 42.13594 38.37761 33.52164 29.80121


Species parents (NA for initial)
[1] NA  1  2  3  3  3


Species status (extinct or extant)
[1] "extinct" "extinct" "extinct" "extinct" "extinct" "extinct"


For more details on vector y, try sim$y, with y one of
TE TS PAR EXTANT



$TE
  [1] 43.17518721 41.69451791 12.95663849 23.25870831 32.13399994 24.79637615
  [7] 20.30905333 19.64558677 17.61686379 15.88025827 17.77296917 14.07201289
 [13]  4.79625637 10.65570833 22.63150560 23.33620571 27.61486047 26.67812164
 [19] 25.66611636 16.80270574 10.77556672  3.04853022          NA 11.81271342
 [25] 12.08078409 20.28776693 23.19698717 20.67987723 16.96904385 10.60502125
 [31] 12.63385064 10.19497902  9.16863502 11.99903915  4.02878962  7.31935860
 [37]          NA  5.35955414  6.04381366  4.77573341          NA  3.00477971
 [43]          NA          NA          NA          NA          NA  0.44153395
 [49] 14.03948569 21.95647722          NA 17.10668348 12.91480304 18.11883472
 [55] 10.09992335  5.52238923 12.21349100 10.57874855          NA          NA
 [61]  6.70298869          NA          NA  0.28383494          NA          NA
 [67]          NA          NA          NA          NA 14.76325346 17.02541612
 [73] 13.97173536  5.21581750          NA          NA  0.69982267 10.37323208
 [79] 17.33962355 13.14440932 10.01635254          NA          NA          NA
 [85]          NA          NA          NA          NA  4.24114200          NA
 [91] 13.56573911 14.30493559  2.78997781  2.17376350  3.38258236  3.13336857
 [97]  0.91317895          NA  4.09848290 10.91752354 12.35316134  5.01357353
[103]          NA  1.59751353  1.23565816          NA  5.72811329          NA
[109]          NA  1.98553628 10.93510627  2.78349252          NA          NA
[115]  2.90516891  0.81093378  3.56435691  2.44031344  2.34815145          NA
[121]          NA          NA          NA          NA          NA          NA
[127]          NA  4.76388588          NA          NA          NA  0.06804791
[133]  2.27508822  0.36012454          NA          NA  3.26830805          NA
[139]          NA  0.87684911          NA          NA          NA  4.86287698
[145]          NA          NA          NA          NA  2.89557415          NA
[151]          NA          NA          NA          NA          NA          NA
[157]          NA          NA          NA          NA          NA  0.26362364
[163]  1.30493386  0.98921749          NA  2.23347925          NA          NA
[169]          NA          NA          NA          NA          NA

$TS
  [1] 48.65278807 44.14796024 42.13593760 38.37760760 33.52164391 29.80121492
  [7] 27.42409077 24.10160083 22.66338045 21.94914543 18.69469226 17.14565995
 [13] 16.83037427 14.17012179 31.30066705 27.91199338 29.55603806 29.25657553
 [19] 26.75671134 26.55199509 20.85464454 18.79190409  8.28100959 13.46597680
 [25] 12.81472497 29.86618175 23.60111359 28.61772454 18.59472520 20.21224051
 [31] 20.10122623 15.12608409 15.39737224 13.44933911 11.15960236 10.52755115
 [37] 10.05451664  7.99093875  6.80498875  5.31307781  4.77907166  4.06696796
 [43]  6.36916966  5.79456255  3.85828672  2.78854395  0.57604355  0.48646868
 [49] 21.95564138 23.79837090 20.70460294 18.47764420 14.84403635 18.38578242
 [55] 13.95143021 12.04325967 13.50036940 11.10162431  6.25984783  5.15696954
 [61]  7.24676822  5.15837643  4.03554740  1.73930213  1.43943391  7.29815304
 [67]  6.61400163  3.26451046  1.84388313  0.65857401 15.42987185 17.21626373
 [73] 17.13071072  9.15565836  8.05156189  3.24487017  1.12231908 13.90095003
 [79] 18.33935916 13.64047337 12.94575754  2.58468564  5.09614880  3.84420229
 [85]  1.02473790  6.08025678  1.27713565  6.19386417  5.43043218  0.15686534
 [91] 16.37213624 14.55049584  7.64817538  7.40417688  6.51241847  3.64799639
 [97]  2.43455279  1.14704191 11.66609350 11.65139156 17.38538005 11.39730373
[103]  2.84772914  3.07675176  1.44692132  1.16335262  5.77186600  5.72234535
[109]  5.25902935  5.15485156 11.41023052  8.89051782  7.60436464  6.39313420
[115]  4.91227964  7.36000245  6.45319578  6.11172079  5.72782199  5.52312991
[121]  2.50716946  4.60822626  3.64058059  2.47038889  1.16484777  3.89018438
[127]  6.91870258  5.67340648  6.12832488  4.14143782  4.15023787  4.89217527
[133]  3.96476070  3.92038255  2.57075474  1.34964130  4.51174597  2.52203686
[139]  0.23481753  1.17415512  0.15523665  0.17419197  1.87597502  5.08108191
[145]  5.00757137  3.88477271  0.11490621  5.98943852  3.46464890  2.60541622
[151]  1.68908349  2.78894970  2.46162505  2.13585445  4.11915968  0.15363628
[157]  3.82925107  3.76215691  0.22445691  0.08975718  5.57774785  4.99366968
[163]  3.33525100  1.16126587  1.50632169  4.48234209  2.17067178  2.05539562
[169]  1.38370420  1.77068027  0.91594834  0.08902922  0.25868757

$PAR
  [1]  NA   1   2   3   3   3   3   3   3   3   3   3   3   3   4   4   6   6
 [19]   7   7   8   9  13  14  14  15  16  17  20  21  21  21  22  22  22  22
 [37]  22  22  22  22  22  22  23  23  23  23  23  23  26  28  28  30  30  31
 [55]  32  32  33  33  35  35  37  37  37  37  37  38  39  42  45  45  49  51
 [73]  51  51  51  51  51  53  54  55  55  59  60  63  65  66  66  67  67  68
 [91]  73  73  74  74  75  75  75  76  78  78  79  81  84  86  86  87  88  94
[109]  95  95  99  99  99  99  99 102 102 102 102 108 108 109 109 109 109 112
[127] 113 113 114 116 117 119 119 119 120 121 122 123 123 124 124 125 126 127
[145] 127 127 127 129 129 129 131 134 135 135 137 138 146 146 146 146 148 148
[163] 149 153 158 161 161 161 162 163 165 170 171

$EXTANT
  [1] FALSE FALSE FALSE FALSE FALSE FALSE FALSE FALSE FALSE FALSE FALSE FALSE
 [13] FALSE FALSE FALSE FALSE FALSE FALSE FALSE FALSE FALSE FALSE  TRUE FALSE
 [25] FALSE FALSE FALSE FALSE FALSE FALSE FALSE FALSE FALSE FALSE FALSE FALSE
 [37]  TRUE FALSE FALSE FALSE  TRUE FALSE  TRUE  TRUE  TRUE  TRUE  TRUE FALSE
 [49] FALSE FALSE  TRUE FALSE FALSE FALSE FALSE FALSE FALSE FALSE  TRUE  TRUE
 [61] FALSE  TRUE  TRUE FALSE  TRUE  TRUE  TRUE  TRUE  TRUE  TRUE FALSE FALSE
 [73] FALSE FALSE  TRUE  TRUE FALSE FALSE FALSE FALSE FALSE  TRUE  TRUE  TRUE
 [85]  TRUE  TRUE  TRUE  TRUE FALSE  TRUE FALSE FALSE FALSE FALSE FALSE FALSE
 [97] FALSE  TRUE FALSE FALSE FALSE FALSE  TRUE FALSE FALSE  TRUE FALSE  TRUE
[109]  TRUE FALSE FALSE FALSE  TRUE  TRUE FALSE FALSE FALSE FALSE FALSE  TRUE
[121]  TRUE  TRUE  TRUE  TRUE  TRUE  TRUE  TRUE FALSE  TRUE  TRUE  TRUE FALSE
[133] FALSE FALSE  TRUE  TRUE FALSE  TRUE  TRUE FALSE  TRUE  TRUE  TRUE FALSE
[145]  TRUE  TRUE  TRUE  TRUE FALSE  TRUE  TRUE  TRUE  TRUE  TRUE  TRUE  TRUE
[157]  TRUE  TRUE  TRUE  TRUE  TRUE FALSE FALSE FALSE  TRUE FALSE  TRUE  TRUE
[169]  TRUE  TRUE  TRUE  TRUE  TRUE

