
Birth-death simulation object with 183 species and 38 extant species

Details for some species:

Extinction times (NA means extant)
[1] 46.63180 38.85108 46.28154 37.43680 37.28039 30.81716


Speciation times 
[1] 49.51846 48.10706 47.71067 46.35757 44.26712 41.38651


Species parents (NA for initial)
[1] NA  1  1  2  2  2


Species status (extinct or extant)
[1] "extinct" "extinct" "extinct" "extinct" "extinct" "extinct"


For more details on vector y, try sim$y, with y one of
TE TS PAR EXTANT



$TE
  [1] 46.6318036 38.8510765 46.2815394 37.4367999 37.2803861 30.8171580
  [7] 30.4561331 39.7179932 14.5995274 14.0832665 37.7248945 24.1724383
 [13] 36.2517632 27.0216393 23.9709190 14.7424729 24.2434408 18.4534103
 [19] 15.4166181 12.0088107 34.0526465 22.7808603 19.7244243 18.2650131
 [25] 15.1580206 18.0669163 14.1700247 24.0864350 19.1773845 12.4291971
 [31] 14.3684386 15.2251160 13.9239691 14.7216197 22.1903009 15.4317147
 [37] 26.3844199 16.0382213 16.5670099 14.1978854 23.8816249 15.1410136
 [43] 15.6173540 14.7500621 13.4661940 14.3305327 13.8781803 14.8666496
 [49] 13.5524307 15.0489950 13.9071993 22.2784797 14.5786186 14.7829248
 [55] 11.5308058 19.0672318 22.8455892 23.7942755 23.0843977 18.2978415
 [61] 15.3372974 18.8350466 19.4529193 12.8046583 14.5530638 14.8800439
 [67] 15.3519821 21.2197470 18.9846007 14.2870500 14.2152659 14.9136177
 [73] 15.4148155 12.5781169 14.6682077 14.7782721 18.3684476 17.0956905
 [79] 14.6141063 14.8655337 13.7933065 11.2551761 21.5039679 19.0862664
 [85] 17.8126129 15.6331169 16.0854960 15.2723495 15.0696954 18.2814938
 [91] 17.9060933 14.2199126  9.1200634 14.3449889 12.9475978 14.5155242
 [97] 19.4460839 15.0788458 12.9023556 13.6648054 19.6681827 13.8227962
[103] 14.7945468 15.2728749 11.2215771 15.5603929 12.3135398 19.6955801
[109] 16.8186019 11.6977586 14.5504193 13.8229858 13.7041050 12.8416785
[115] 11.1898699 13.2485246 13.4850469 16.7893379 15.1920810 13.7944106
[121]  6.0119886         NA 13.8343082 16.2907732 10.7842878 12.7688170
[127]  2.9004525  5.4015402  2.4742176  7.5684512         NA  2.6840255
[133] 10.9566591  4.6326337         NA         NA         NA         NA
[139]         NA  3.0214523         NA         NA         NA         NA
[145]         NA         NA  1.0611666         NA         NA  0.2347535
[151]         NA  0.7605905  5.7914833         NA  4.5851223  1.7406326
[157]         NA         NA  3.8985447  1.7284101  0.9502297         NA
[163]  0.6946723         NA  3.6143166         NA         NA         NA
[169]         NA         NA         NA         NA         NA         NA
[175]         NA         NA         NA         NA         NA         NA
[181]  1.6719139         NA         NA

$TS
  [1] 49.5184600 48.1070600 47.7106658 46.3575746 44.2671169 41.3865109
  [7] 39.7239056 40.7885775 41.1348299 37.3272811 40.1720734 39.3577572
 [13] 36.8085950 35.7879234 29.4054762 28.4268548 24.4531184 24.2719784
 [19] 18.4905712 17.2556932 36.6121928 28.2889375 23.8415302 21.2209457
 [25] 15.2840823 33.2697874 32.3203430 25.7639069 25.7610410 28.3301512
 [31] 21.0797781 16.5066367 15.5294967 23.6873537 22.7924382 30.0169501
 [37] 28.7930407 23.8382873 21.5523353 30.7183190 30.3409892 22.9469228
 [43] 16.1677882 24.0089314 27.0453910 19.2617427 14.9248948 15.0664296
 [49] 23.3723508 20.6191676 26.8597448 24.3954682 17.6710224 18.7816480
 [55] 20.3062660 20.2894453 25.5910308 25.1140719 23.8925775 22.5165422
 [61] 22.1746115 22.0417040 22.7749700 16.8644258 19.8084786 15.4346674
 [67] 26.5838130 21.6974865 21.6831164 15.0488649 20.2409400 16.4657006
 [73] 15.8207635 19.4497095 18.0038670 15.9441806 24.9327450 17.2379455
 [79] 16.0110203 17.2720070 14.6456856 12.0298442 25.1027692 24.6028626
 [85] 23.6979997 21.5751156 20.6029969 16.1703677 19.6676571 22.1819923
 [91] 20.1527801 14.4453469 13.2921708 16.2502755 15.8473526 15.6520539
 [97] 22.4707396 22.2746350 17.8664568 18.5672642 19.6813211 19.3948511
[103] 19.0119978 15.6717951 16.6379002 15.8133502 15.5123712 21.6090005
[109] 20.0208908 17.3974675 18.8522253 16.4712745 15.3971480 14.5094560
[115] 11.3369643 14.8284155 13.7034663 19.6906228 16.4020720 14.7162710
[121] 13.1895897 12.9540120 14.5982305 17.1766388 15.3403238 12.9372352
[127]  9.4632549  6.9107024  6.6411102  7.6419179  7.0648321  6.7345967
[133] 12.3359140  7.7997691  6.2809578  6.1352224  5.0663065  3.5387442
[139]  6.7833547  6.1572170  2.5633736  6.5765648  4.5651828  3.5144884
[145]  6.5197249  6.1811202  6.0952226  0.5164455  2.1602748  0.7249260
[151]  0.3095987  1.3089040  5.8867297  5.4144441  4.9440767  3.7849114
[157]  3.1091690  6.5248211  5.8690572  3.7094375  3.2867129  0.8712872
[163]  3.2161470  1.3182573  4.9805607  1.9621984  4.3445575  2.7772799
[169]  4.1171045  2.7461837  5.8809644  0.5925028  0.1433613  2.0575258
[175]  1.8721706  0.2516921  1.4121948  1.0289623  2.5475103  2.2412758
[181]  3.7327232  0.2458606  2.7439568

$PAR
  [1]  NA   1   1   2   2   2   2   5   6   7   9   9   9   9   9   9   9   9
 [19]   9   9  10  10  10  10  10  14  14  15  15  16  16  16  16  18  18  26
 [37]  26  26  26  27  27  27  27  29  30  31  31  33  34  34  36  36  36  38
 [55]  39  39  40  40  40  40  40  40  42  42  44  44  45  45  45  48  49  49
 [73]  49  50  50  50  51  54  54  55  55  55  57  57  59  61  63  64  65  67
 [91]  69  74  74  75  75  76  83  85  85  86  87  87  87  88  89  89  89  90
[109]  98  99 102 103 103 105 105 107 107 109 110 111 114 114 116 118 119 121
[127] 121 121 121 122 122 122 125 127 127 127 127 127 128 128 129 131 131 131
[145] 132 132 132 135 136 136 137 138 139 139 139 139 139 142 142 142 142 143
[163] 144 144 145 145 146 146 154 154 158 158 162 163 163 166 167 167 169 170
[181] 171 179 181

$EXTANT
  [1] FALSE FALSE FALSE FALSE FALSE FALSE FALSE FALSE FALSE FALSE FALSE FALSE
 [13] FALSE FALSE FALSE FALSE FALSE FALSE FALSE FALSE FALSE FALSE FALSE FALSE
 [25] FALSE FALSE FALSE FALSE FALSE FALSE FALSE FALSE FALSE FALSE FALSE FALSE
 [37] FALSE FALSE FALSE FALSE FALSE FALSE FALSE FALSE FALSE FALSE FALSE FALSE
 [49] FALSE FALSE FALSE FALSE FALSE FALSE FALSE FALSE FALSE FALSE FALSE FALSE
 [61] FALSE FALSE FALSE FALSE FALSE FALSE FALSE FALSE FALSE FALSE FALSE FALSE
 [73] FALSE FALSE FALSE FALSE FALSE FALSE FALSE FALSE FALSE FALSE FALSE FALSE
 [85] FALSE FALSE FALSE FALSE FALSE FALSE FALSE FALSE FALSE FALSE FALSE FALSE
 [97] FALSE FALSE FALSE FALSE FALSE FALSE FALSE FALSE FALSE FALSE FALSE FALSE
[109] FALSE FALSE FALSE FALSE FALSE FALSE FALSE FALSE FALSE FALSE FALSE FALSE
[121] FALSE  TRUE FALSE FALSE FALSE FALSE FALSE FALSE FALSE FALSE  TRUE FALSE
[133] FALSE FALSE  TRUE  TRUE  TRUE  TRUE  TRUE FALSE  TRUE  TRUE  TRUE  TRUE
[145]  TRUE  TRUE FALSE  TRUE  TRUE FALSE  TRUE FALSE FALSE  TRUE FALSE FALSE
[157]  TRUE  TRUE FALSE FALSE FALSE  TRUE FALSE  TRUE FALSE  TRUE  TRUE  TRUE
[169]  TRUE  TRUE  TRUE  TRUE  TRUE  TRUE  TRUE  TRUE  TRUE  TRUE  TRUE  TRUE
[181] FALSE  TRUE  TRUE

