
Birth-death simulation object with 131 species and 63 extant species

Details for some species:

Extinction times (NA means extant)
[1] 28.51971 40.99962 31.39836 39.48393 33.08761 16.59575


Speciation times 
[1] 49.51846 45.15378 44.42845 43.19867 35.95384 31.34081


Species parents (NA for initial)
[1] NA  1  1  1  1  1


Species status (extinct or extant)
[1] "extinct" "extinct" "extinct" "extinct" "extinct" "extinct"


For more details on vector y, try sim$y, with y one of
TE TS PAR EXTANT



$TE
  [1] 28.5197099 40.9996250 31.3983581 39.4839334 33.0876055 16.5957536
  [7] 29.2326523 25.8649481 29.8325137 22.9223684 27.9130219 26.6849913
 [13] 14.0136812 36.8473813 35.7947044 35.5061125 24.3557616 16.2622685
 [19] 15.3143239 14.6822144 14.1928325 42.4103856 26.9751776 34.1552751
 [25] 33.7129258 19.6742664  8.9253545 11.2774329 38.0560714 13.0214704
 [31] 11.0276877  2.5156289  7.1244095  6.9439404  6.8286393  6.6734637
 [37] 18.8209534 14.0695334  7.0201224         NA         NA         NA
 [43]         NA  1.5098496  1.3322831  5.1012444         NA  4.4177292
 [49]  5.2558819         NA  2.8415292         NA  0.4304090  6.8648071
 [55]         NA  6.6962599         NA  7.7433335         NA         NA
 [61]         NA         NA  4.6175605         NA         NA         NA
 [67]         NA  1.2589916  3.7629305         NA         NA         NA
 [73]         NA         NA  0.9999293         NA  0.2005899         NA
 [79]         NA  5.7435369         NA         NA         NA         NA
 [85]  3.7037764         NA         NA         NA         NA  3.3950264
 [91]         NA  2.2155842         NA  2.5418988         NA         NA
 [97]  6.3642362  1.5035610  1.3663790         NA  3.2447932         NA
[103]  0.8114467         NA         NA         NA         NA         NA
[109]         NA         NA         NA         NA         NA         NA
[115]  2.4822741         NA         NA  0.2887542         NA         NA
[121]         NA         NA         NA         NA         NA         NA
[127]         NA  1.8148480         NA         NA  0.8931176

$TS
  [1] 49.5184600 45.1537803 44.4284496 43.1986710 35.9538375 31.3408125
  [7] 44.8525563 33.7213792 31.4957701 24.4856709 43.8370828 30.3570300
 [13] 23.2148484 43.4682801 37.4280250 35.8644765 35.3520949 19.7341196
 [19] 19.2551658 16.3301634 14.6325506 42.7389456 40.9408422 40.2693061
 [25] 36.3225451 31.1650514 17.7282944 15.5171965 40.7438594 28.2222949
 [31] 12.0130919 10.4992318  9.4393450  9.1118743 14.3419358 11.7409182
 [37] 18.9423712 17.5330117  8.5917735  7.4923119  7.1615308  7.9469325
 [43]  9.5817589  9.0929283  7.2771766  6.9724766  7.6746593  7.8982517
 [49]  6.0001328  5.8607636  6.8048369  4.4484812  7.8395065  7.8212648
 [55]  7.6269226  7.2968370  4.6971749  7.9562260  7.9509140  2.4519396
 [61]  0.6449813  6.5546093  5.8504475  4.7236807  2.2768421  6.5739493
 [67]  6.1460858  3.4608323  6.5613471  6.0059493  5.9159245  2.0313045
 [73]  1.2414972  5.1063136  5.5748995  3.3913245  1.7341794  5.8992231
 [79]  7.1341005  6.7672331  0.1163174  0.7077575  5.8358513  2.1155539
 [85]  6.5432903  2.5215777  0.5809345  4.0416530  5.9007797  4.7253917
 [91]  4.6705810  4.8305461  3.5643221  2.6418280  2.4733146  0.2772807
 [97]  6.6616972  5.7191158  1.5843393  6.2961455  5.8836695  2.3597056
[103]  1.2590676  6.2808605  5.7407578  0.1351860  2.2288969  2.4012409
[109]  0.1750135  2.6079131  2.8797871  0.4929573  5.6655477  3.8610421
[115]  6.1864483  1.0048682  4.0559392  3.5621683  5.2399427  2.8975130
[121]  2.2134015  1.5231624  1.6199925  1.6013391  0.2162789  0.6743149
[127]  4.8064286  4.3673640  0.9933835  1.2596557  1.1838851

$PAR
  [1]  NA   1   1   1   1   1   2   3   3   6   7   7  10  11  11  11  11  13
 [19]  13  13  13  14  14  14  15  17  18  20  23  23  27  27  27  27  28  28
 [37]  30  30  32  33  33  34  35  35  35  35  36  39  40  40  41  41  42  42
 [55]  42  42  42  43  43  43  43  44  44  44  44  46  47  47  48  48  48  50
 [73]  50  51  53  53  53  55  56  56  57  59  63  65  66  66  66  67  70  71
 [91]  71  75  75  76  76  78  79  79  79  80  80  83  84  85  85  87  88  89
[109]  91  92  93  95  98  98 100 100 101 101 104 104 105 108 111 114 114 116
[127] 119 119 120 123 123

$EXTANT
  [1] FALSE FALSE FALSE FALSE FALSE FALSE FALSE FALSE FALSE FALSE FALSE FALSE
 [13] FALSE FALSE FALSE FALSE FALSE FALSE FALSE FALSE FALSE FALSE FALSE FALSE
 [25] FALSE FALSE FALSE FALSE FALSE FALSE FALSE FALSE FALSE FALSE FALSE FALSE
 [37] FALSE FALSE FALSE  TRUE  TRUE  TRUE  TRUE FALSE FALSE FALSE  TRUE FALSE
 [49] FALSE  TRUE FALSE  TRUE FALSE FALSE  TRUE FALSE  TRUE FALSE  TRUE  TRUE
 [61]  TRUE  TRUE FALSE  TRUE  TRUE  TRUE  TRUE FALSE FALSE  TRUE  TRUE  TRUE
 [73]  TRUE  TRUE FALSE  TRUE FALSE  TRUE  TRUE FALSE  TRUE  TRUE  TRUE  TRUE
 [85] FALSE  TRUE  TRUE  TRUE  TRUE FALSE  TRUE FALSE  TRUE FALSE  TRUE  TRUE
 [97] FALSE FALSE FALSE  TRUE FALSE  TRUE FALSE  TRUE  TRUE  TRUE  TRUE  TRUE
[109]  TRUE  TRUE  TRUE  TRUE  TRUE  TRUE FALSE  TRUE  TRUE FALSE  TRUE  TRUE
[121]  TRUE  TRUE  TRUE  TRUE  TRUE  TRUE  TRUE FALSE  TRUE  TRUE FALSE

