
Birth-death simulation object with 357 species and 98 extant species

Details for some species:

Extinction times (NA means extant)
[1] 32.68439 41.60971 41.21350 39.89917 15.06120 30.07452


Speciation times 
[1] 49.51846 46.73636 46.23118 40.52012 39.61024 33.23784


Species parents (NA for initial)
[1] NA  1  1  1  1  1


Species status (extinct or extant)
[1] "extinct" "extinct" "extinct" "extinct" "extinct" "extinct"


For more details on vector y, try sim$y, with y one of
TE TS PAR EXTANT



$TE
  [1] 32.68438527 41.60970910 41.21350165 39.89916791 15.06119659 30.07452225
  [7] 41.94682262 39.73168917 40.48253736 30.79991735 31.33148314 24.95306646
 [13] 18.57949375 26.94925637 25.20604513 14.58847631 12.77154741 26.94778700
 [19] 34.82711412 26.54341951 27.05486434 21.61470932 20.16505858 13.65121136
 [25] 16.08244286 17.24562040 12.51884361 10.74051824          NA 32.11361122
 [31] 16.56986760 25.79643499 20.16117502 11.19043637 29.68988982 27.00869050
 [37] 27.42322393 29.10981046 20.90237089 21.94970110 13.62510968 15.38622355
 [43] 18.33256724 17.24571701 15.63073627 12.85163471 13.88570870 12.44857716
 [49] 11.19368942 14.05743825 12.27132191  8.88133123  0.80890296  5.51939872
 [55] 31.12949287 13.99108350 17.21250013 15.21758336 18.68665751 21.08320802
 [61] 23.87030234 15.16390060 17.69318468 21.27012782 18.57619899 14.97102292
 [67] 11.68412711 15.48624116 22.50436803 22.54801816 19.57380252 13.80049804
 [73]  5.60254280 16.61148758 32.32037522 30.86211283 24.80197231 14.60322247
 [79] 15.92753875 15.46268013 21.55211348 16.10434407 26.02609170 24.66572139
 [85] 16.72822162 24.94911899 14.60715124 24.78728371 21.90995379 11.22620741
 [91] 15.09638875 24.57368379 14.78579823 14.07422783 11.59356810 13.55569875
 [97] 14.28703143 14.87609045  4.16240014  4.58536840  4.61639374 24.15956372
[103] 18.62496379 15.19723488 16.05880214 23.55834532 18.48464488 13.31771756
[109]  0.23644099 19.81687331 14.96050650 13.50524804 15.51191854 15.19469308
[115] 16.04573100 15.35985669          NA 14.26475682 14.20143040 23.88237334
[121] 13.27797418 21.16059242 21.00538383 25.90343379 18.93983094 15.35403485
[127] 20.73458718 22.28784242 26.99639493 18.73701015 26.25337681  0.34249122
[133]  4.57697839  6.10909548  6.36698153          NA  0.50397958 23.76738969
[139] 22.45083735 13.51425175 12.86299285 13.48345872 15.08485748 15.49969575
[145] 14.65347666 15.23728018 13.22536912 14.94494477 16.27287966          NA
[151]  0.25855516 14.74926169 14.42184750 14.48522392 14.19323695 13.75653388
[157] 11.58532149 17.56748316 15.19982640 13.02596342 18.45901276 14.93893341
[163] 26.77835940 11.93215221  8.65298074          NA  5.72514913  2.61901058
[169]  8.49991438  1.06701262          NA          NA          NA 13.42260188
[175] 15.45492017 15.70935386 15.52601864 16.06127072 14.83274008 13.87520984
[181]          NA          NA          NA          NA 14.89925822  4.89915637
[187] 13.06425453 12.58001402 15.30121522 18.63119812 14.41946662 15.63354678
[193] 15.36518427 14.51965605 19.50578517          NA 16.26964752 16.06249934
[199] 14.29893604  4.16732928          NA  1.84874640          NA          NA
[205]  6.45260210          NA          NA  0.44059562          NA          NA
[211]          NA  0.63695313          NA          NA  1.93667953          NA
[217]          NA 12.27524350 14.78611072 15.56501484 13.20101453  1.08205085
[223]          NA 15.36155432 15.33724555 15.32882355 14.12964544 13.57238377
[229] 12.32636468 11.23732876  2.06399987 14.19884424 13.54670171 14.70239242
[235] 17.09738651  7.10763350          NA  5.04906911  0.62531325  4.80426923
[241]  0.92090479          NA          NA          NA          NA          NA
[247]          NA  3.86204174  1.77964114          NA          NA  1.22350220
[253]          NA 14.05623295  5.10830703  0.90266863  2.80072572 13.89113299
[259]  3.64550582          NA          NA          NA  5.55790921          NA
[265]          NA  2.51726811  7.18349701  3.64319466          NA  0.41324689
[271]          NA  0.53194229          NA 12.81820464  2.88935667          NA
[277]          NA          NA          NA          NA          NA  4.11167779
[283]  4.65330111          NA          NA  1.53650486          NA  2.32267932
[289]  0.01798155          NA  3.71267729  0.29743842  1.43594265          NA
[295]          NA  2.16772748          NA  6.95036359          NA          NA
[301]  7.03440058  1.21614960          NA  0.65482759  3.28304006          NA
[307]          NA          NA          NA          NA  0.07381142          NA
[313]          NA  0.75934354          NA          NA  0.91909660          NA
[319]  3.19185560  0.15497403  1.15227044          NA          NA          NA
[325]  0.49209221          NA          NA          NA          NA          NA
[331]  6.43926918          NA          NA  0.20766737          NA          NA
[337]          NA          NA          NA  1.11517587          NA  0.58313836
[343]          NA          NA  1.42075181          NA          NA          NA
[349]          NA          NA          NA          NA          NA          NA
[355]  0.48104959          NA  0.41230412

$TS
  [1] 49.51846003 46.73635548 46.23117957 40.52011964 39.61023831 33.23783547
  [7] 46.30758049 41.95504304 41.46482261 38.77347380 35.57239223 29.49383032
 [13] 27.86351420 27.40038283 25.66129730 21.55356825 19.78400639 41.08213922
 [19] 38.37858263 34.80765125 32.00285969 29.34737210 26.56615779 26.49214063
 [25] 20.17610862 18.16651637 15.74643040 15.01205453 13.56313147 37.18431474
 [31] 32.42255029 29.07737622 27.20276066 36.60703221 31.37116656 29.69330449
 [37] 30.97289537 29.11579119 25.23930664 24.49370223 25.99549627 22.32430745
 [43] 19.57457144 17.85557826 16.58367873 14.54610038 14.11072305 13.80586760
 [49] 13.18306778 15.01046900 14.24628940 10.83488163  8.64911521  5.65501455
 [55] 36.95411527 29.02119535 23.64149572 17.11705074 27.51800011 22.23053303
 [61] 27.70372422 26.54464241 25.80550430 24.75197062 22.03607603 16.88699636
 [67] 14.71008126 31.22304551 30.84596529 29.66256707 24.09844971 21.96198494
 [73]  9.03616909 36.69954075 32.57927974 32.47572845 32.07561204 18.62581109
 [79] 16.07957175 21.76141215 23.86953679 19.56510225 26.28994653 26.26319158
 [85] 17.86051813 25.47457738 15.40563556 29.50435512 25.03614351 19.22840474
 [91] 18.37387344 27.58958018 26.43685951 19.69522724 20.91859752 18.22925072
 [97] 18.22116125 16.82076826  8.73372472  7.00948334  5.66458139 30.03701885
[103] 26.44351509 17.88237597 31.70561374 30.53673257 19.93490068 17.77148365
[109] 28.29092705 27.34808312 24.09740351 15.33830323 26.32547768 19.64616932
[115] 19.99946214 18.64866633 11.71440441 14.46873866 16.01989589 29.17500441
[121] 26.20928238 25.95675353 24.16326087 26.26730734 21.91065576 16.44150244
[127] 22.30384859 30.28332457 27.62020701 19.15400850 26.31782692 11.46877474
[133]  9.91904598  7.42607231  6.92741657  3.06333692  2.83428445 26.50841606
[139] 24.60852647 23.99432086 20.25578068 18.41629184 16.63561527 15.93091003
[145] 14.83626281 23.11128153 18.72536010 15.94858007 17.86914152  7.06413630
[151]  1.82232576 18.10018902 16.85373261 15.54481271 14.82205974 14.60564113
[157] 14.22776859 24.44624704 23.52914705 21.46794181 22.87067757 19.28503681
[163] 29.73444272 26.48126800  8.82112638  8.28079787  5.74207473  5.40144240
[169]  9.07580363  7.03581879  5.95116921  7.21414975  6.68262210 15.44995421
[175] 17.33885329 16.37488678 20.99544210 17.13270122 15.38530980 16.45620471
[181]  6.23169053  1.38940702  1.35073353  0.64501258 17.42066272 15.33113238
[187] 14.52608921 12.86812338 24.30472043 19.48109490 17.53482290 17.19567330
[193] 15.53985129 14.73513898 21.01863350 18.74197576 17.35498124 17.46241874
[199] 17.18715249  5.69543038  2.57087674  2.55284036  0.26374847  4.69048468
[205]  6.50537558  6.43946218  4.69676599  2.22990217  5.79934036  0.65549285
[211]  5.66289113  4.67314510  1.57585000  0.11062827  5.60811168  3.92438095
[217]  1.95370568 16.77964197 16.21219905 16.16176598 16.33005830  5.88903849
[223]  0.47406152 16.32012748 15.93378309 15.38513117 15.09096721 13.65453102
[229] 12.50453824 11.80184628  6.49813112 16.50232480 19.41205520 15.92293392
[235] 18.07453091 10.32605058  8.39083144  8.22950481  7.76958025  5.89145637
[241]  5.85970952  4.36783326  3.79545566  1.34284238  1.00266908  1.29804570
[247]  1.15246753  5.24001398  5.19153163  3.99472618  2.42985392  1.48978412
[253]  0.01857491 14.43776479  5.82183322  5.36010725  4.09640186 16.19201166
[259] 10.30147343  9.18964631  8.20630575  7.21576326  6.39234967  6.34796614
[265]  8.18589560  6.80515841  7.51329822  6.32376014  2.95579355  2.60806769
[271]  0.11106477  4.18066581  2.62807848 14.21821985  3.08378997  1.72363668
[277]  2.86315875  9.50375621  6.30173135  6.23634184  6.22117835  7.35790660
[283]  7.20691542  6.03955358  7.30825627  5.88292344  5.86962282  4.07237891
[289]  3.41923398  4.56931552  3.95534683  1.65308305  4.75509375  3.81948208
[295]  4.59717681  4.43455883  7.50921759  7.33682329  0.81507163  1.88866583
[301]  7.28304512  7.22667269  6.51059411  6.15613327  5.81118090  2.96869120
[307]  2.19420593  0.19484791  0.92436840  3.54039585  1.83605265  4.85402812
[313]  4.52476321  6.15482865  2.86538758  1.80786229  1.07012019  1.36959680
[319]  3.51916630  1.75956431  3.83295473  3.72162680  3.96342249  3.21645171
[325]  3.18630539  6.42941321  3.19814424  3.14649476  0.63139263  0.79379958
[331]  7.02642758  6.93088619  2.10801779  1.44268098  2.60966575  1.98080456
[337]  1.62595092  0.85281576  0.46245871  2.45809137  3.47937210  2.30210938
[343]  0.10653613  1.18683670  3.44871556  1.16869805  2.30413830  1.17471711
[349]  1.47169939  4.34855713  0.05688252  6.60050747  0.61496646  0.34483210
[355]  1.25859129  1.31365039  1.28284160

$PAR
  [1]  NA   1   1   1   1   1   2   2   3   5   5   5   5   5   5   5   5   9
 [19]  10  11  11  12  12  12  13  17  17  17  17  18  18  18  18  19  20  20
 [37]  21  21  22  22  23  23  24  24  24  24  24  24  27  28  28  28  29  29
 [55]  30  31  31  31  32  33  34  34  34  34  34  34  34  35  35  36  39  39
 [73]  52  55  55  55  55  56  56  57  59  59  62  62  62  63  66  68  68  68
 [91]  68  70  70  71  72  72  72  72  73  73  73  74  74  74  76  77  80  85
[109]  88  88  89  90  93  93  95  95  95  97  98 102 102 102 102 103 103 104
[127] 105 106 106 107 109 109 109 109 109 109 109 110 110 110 110 111 111 111
[145] 112 113 113 114 115 117 117 121 121 121 121 121 121 122 122 122 123 125
[163] 128 128 132 132 132 132 133 133 133 134 134 140 142 142 146 146 147 149
[181] 150 151 151 151 152 153 154 157 158 159 159 160 160 160 161 162 162 164
[199] 164 166 166 166 166 168 170 170 170 170 171 171 172 172 172 172 173 173
[217] 173 175 175 177 178 181 181 185 185 185 186 186 186 186 186 189 190 192
[235] 196 196 196 196 196 196 196 204 207 207 209 211 211 215 215 215 215 217
[253] 217 218 222 222 231 233 236 236 236 237 237 237 238 238 239 239 241 242
[271] 244 249 249 254 256 256 257 259 259 259 259 260 260 260 261 262 262 262
[289] 262 264 264 264 265 265 266 266 267 267 272 277 278 278 278 278 278 278
[307] 278 279 280 281 281 282 284 285 285 286 287 289 290 290 291 294 295 295
[325] 295 297 297 297 299 300 302 302 302 302 303 304 304 304 309 310 312 315
[343] 315 318 319 320 322 324 325 326 330 331 335 336 342 352 352

$EXTANT
  [1] FALSE FALSE FALSE FALSE FALSE FALSE FALSE FALSE FALSE FALSE FALSE FALSE
 [13] FALSE FALSE FALSE FALSE FALSE FALSE FALSE FALSE FALSE FALSE FALSE FALSE
 [25] FALSE FALSE FALSE FALSE  TRUE FALSE FALSE FALSE FALSE FALSE FALSE FALSE
 [37] FALSE FALSE FALSE FALSE FALSE FALSE FALSE FALSE FALSE FALSE FALSE FALSE
 [49] FALSE FALSE FALSE FALSE FALSE FALSE FALSE FALSE FALSE FALSE FALSE FALSE
 [61] FALSE FALSE FALSE FALSE FALSE FALSE FALSE FALSE FALSE FALSE FALSE FALSE
 [73] FALSE FALSE FALSE FALSE FALSE FALSE FALSE FALSE FALSE FALSE FALSE FALSE
 [85] FALSE FALSE FALSE FALSE FALSE FALSE FALSE FALSE FALSE FALSE FALSE FALSE
 [97] FALSE FALSE FALSE FALSE FALSE FALSE FALSE FALSE FALSE FALSE FALSE FALSE
[109] FALSE FALSE FALSE FALSE FALSE FALSE FALSE FALSE  TRUE FALSE FALSE FALSE
[121] FALSE FALSE FALSE FALSE FALSE FALSE FALSE FALSE FALSE FALSE FALSE FALSE
[133] FALSE FALSE FALSE  TRUE FALSE FALSE FALSE FALSE FALSE FALSE FALSE FALSE
[145] FALSE FALSE FALSE FALSE FALSE  TRUE FALSE FALSE FALSE FALSE FALSE FALSE
[157] FALSE FALSE FALSE FALSE FALSE FALSE FALSE FALSE FALSE  TRUE FALSE FALSE
[169] FALSE FALSE  TRUE  TRUE  TRUE FALSE FALSE FALSE FALSE FALSE FALSE FALSE
[181]  TRUE  TRUE  TRUE  TRUE FALSE FALSE FALSE FALSE FALSE FALSE FALSE FALSE
[193] FALSE FALSE FALSE  TRUE FALSE FALSE FALSE FALSE  TRUE FALSE  TRUE  TRUE
[205] FALSE  TRUE  TRUE FALSE  TRUE  TRUE  TRUE FALSE  TRUE  TRUE FALSE  TRUE
[217]  TRUE FALSE FALSE FALSE FALSE FALSE  TRUE FALSE FALSE FALSE FALSE FALSE
[229] FALSE FALSE FALSE FALSE FALSE FALSE FALSE FALSE  TRUE FALSE FALSE FALSE
[241] FALSE  TRUE  TRUE  TRUE  TRUE  TRUE  TRUE FALSE FALSE  TRUE  TRUE FALSE
[253]  TRUE FALSE FALSE FALSE FALSE FALSE FALSE  TRUE  TRUE  TRUE FALSE  TRUE
[265]  TRUE FALSE FALSE FALSE  TRUE FALSE  TRUE FALSE  TRUE FALSE FALSE  TRUE
[277]  TRUE  TRUE  TRUE  TRUE  TRUE FALSE FALSE  TRUE  TRUE FALSE  TRUE FALSE
[289] FALSE  TRUE FALSE FALSE FALSE  TRUE  TRUE FALSE  TRUE FALSE  TRUE  TRUE
[301] FALSE FALSE  TRUE FALSE FALSE  TRUE  TRUE  TRUE  TRUE  TRUE FALSE  TRUE
[313]  TRUE FALSE  TRUE  TRUE FALSE  TRUE FALSE FALSE FALSE  TRUE  TRUE  TRUE
[325] FALSE  TRUE  TRUE  TRUE  TRUE  TRUE FALSE  TRUE  TRUE FALSE  TRUE  TRUE
[337]  TRUE  TRUE  TRUE FALSE  TRUE FALSE  TRUE  TRUE FALSE  TRUE  TRUE  TRUE
[349]  TRUE  TRUE  TRUE  TRUE  TRUE  TRUE FALSE  TRUE FALSE

