
Birth-death simulation object with 93 species and 31 extant species

Details for some species:

Extinction times (NA means extant)
[1] 30.80471 27.23164 35.25711 36.24831 13.53603 28.54713


Speciation times 
[1] 49.51846 46.23637 45.33182 40.94661 33.13786 31.10054


Species parents (NA for initial)
[1] NA  1  1  1  1  1


Species status (extinct or extant)
[1] "extinct" "extinct" "extinct" "extinct" "extinct" "extinct"


For more details on vector y, try sim$y, with y one of
TE TS PAR EXTANT



$TE
 [1] 30.80471047 27.23164362 35.25711427 36.24830612 13.53603402 28.54712917
 [7] 31.21708366 17.91192765 30.67790920 14.59695313 11.05241939 13.37283371
[13] 27.81079065 20.18703035 20.71790933 20.64710459 14.37325292 29.85055567
[19] 14.73158816 14.58254400 15.06075698 20.02901038 15.76708408 15.29882285
[25] 17.18856714 14.66841644 31.92187524 12.45094682 15.36787888 15.16566478
[31] 10.05431851 14.58602946 16.38675065 15.03572489 14.47309064 17.44144165
[37] 14.08946372 17.14870914 11.27644079          NA  8.74396649  1.38944838
[43] 14.67784557 14.29321907 14.33535345 17.78588609  4.88911584          NA
[49]  5.27050854  3.39324160          NA 15.43418574 15.09126447  2.20529755
[55]          NA  4.26301208          NA  6.06135158  5.43740055          NA
[61]          NA          NA          NA          NA          NA          NA
[67]          NA  0.84413416          NA          NA          NA  2.43187002
[73]          NA          NA          NA  1.30741406          NA  0.81133951
[79]          NA  1.58518235          NA  1.81289264          NA          NA
[85]          NA          NA  1.98893494          NA          NA          NA
[91]          NA  0.08541914          NA

$TS
 [1] 49.51846003 46.23636945 45.33182063 40.94661145 33.13786166 31.10054284
 [7] 34.83873656 32.70080300 37.45678572 37.17686107 30.92794120 21.32891768
[13] 34.75378160 24.87938257 21.57021767 21.04308748 19.15736442 33.95617518
[19] 24.58135690 16.89981885 15.12796513 22.85723013 16.25457949 23.25158171
[25] 21.55758116 18.35927337 32.25889571 18.46029175 19.90095980 19.16190054
[31] 16.03882551 21.08458996 18.90412097 18.06314073 14.91374274 18.60295456
[37] 16.15431085 17.51856928 11.50701683 10.44012147 10.30692300 10.09755871
[43] 20.72655186 15.28021188 15.61376137 17.90122056  8.91752122  6.96340913
[49]  6.66679097  6.98091268  2.97734754 18.46212372 15.40744795  7.94439843
[55]  7.22267777  6.47944467  6.15966222  6.40103618  5.89201295  2.23576072
[61]  7.68269686  5.16099440  6.03256518  1.20568773  5.57659968  2.92386325
[67]  7.45270160  7.06513233  6.08443275  4.24403797  3.37685899  2.83933238
[73]  0.71082503  6.27198154  6.58171998  3.51108014  2.74283058  5.71519754
[79]  5.01147009  2.22895261  0.56361618  2.37744571  1.36646562  3.81675162
[85]  1.12578040  2.47617388  2.10174609  1.61751038  0.55148752  0.03204522
[91]  0.28633693  1.06647808  0.41811038

$PAR
 [1] NA  1  1  1  1  1  2  2  3  3  5  5  7  8  8  8  8  9 10 10 10 11 12 14 15
[26] 17 18 19 24 24 24 25 25 26 28 29 29 30 31 31 31 31 32 32 34 36 40 40 40 42
[51] 42 43 45 47 47 47 47 48 50 51 54 54 55 55 56 57 61 61 61 61 61 65 65 67 68
[76] 68 68 69 74 74 74 76 77 78 78 79 79 79 79 79 85 86 89

$EXTANT
 [1] FALSE FALSE FALSE FALSE FALSE FALSE FALSE FALSE FALSE FALSE FALSE FALSE
[13] FALSE FALSE FALSE FALSE FALSE FALSE FALSE FALSE FALSE FALSE FALSE FALSE
[25] FALSE FALSE FALSE FALSE FALSE FALSE FALSE FALSE FALSE FALSE FALSE FALSE
[37] FALSE FALSE FALSE  TRUE FALSE FALSE FALSE FALSE FALSE FALSE FALSE  TRUE
[49] FALSE FALSE  TRUE FALSE FALSE FALSE  TRUE FALSE  TRUE FALSE FALSE  TRUE
[61]  TRUE  TRUE  TRUE  TRUE  TRUE  TRUE  TRUE FALSE  TRUE  TRUE  TRUE FALSE
[73]  TRUE  TRUE  TRUE FALSE  TRUE FALSE  TRUE FALSE  TRUE FALSE  TRUE  TRUE
[85]  TRUE  TRUE FALSE  TRUE  TRUE  TRUE  TRUE FALSE  TRUE

