
Birth-death simulation object with 317 species and 61 extant species

Details for some species:

Extinction times (NA means extant)
[1] 19.43138 42.37152 36.68840 45.20076 36.96404 33.64219


Speciation times 
[1] 49.51846 48.50056 46.64124 46.40846 38.80177 37.18987


Species parents (NA for initial)
[1] NA  1  1  1  1  1


Species status (extinct or extant)
[1] "extinct" "extinct" "extinct" "extinct" "extinct" "extinct"


For more details on vector y, try sim$y, with y one of
TE TS PAR EXTANT



$TE
  [1] 19.43137506 42.37151541 36.68839650 45.20076249 36.96403507 33.64219207
  [7] 29.54133934 13.67116724 39.42953770 28.96737543 29.96443454 35.73365846
 [13] 32.42250998 21.16638886 19.04140457 16.86470399 17.11638054 42.57540328
 [19] 39.36080103 31.07983753 28.45887617 30.72552158 34.66782048 32.37289334
 [25] 35.16071598 41.76210876 34.06261851 20.12857169 23.80362176 22.01921710
 [31] 17.72296390 14.60418571 32.67763951 25.87104777 33.35469458 31.42427485
 [37] 15.12559346 25.12491669 20.71091492 14.85123036 26.17879748 33.73890004
 [43] 35.41378127 32.65194402 20.93676414 14.43245872 24.91161843 14.46294414
 [49] 34.64451730 13.74170079 10.37979136 15.30428735 31.82446737 13.90964136
 [55] 24.48785074 15.00259777 24.15656870 17.97457108 15.64674881 12.22524093
 [61] 10.66748878 17.37638575 23.23672203 15.09194684 15.02794678 14.85812855
 [67] 24.77635688 22.75916101 15.46411072 10.91553080 15.04819965 23.26061249
 [73] 15.33306281 12.07326767 16.44523404 28.70800411 21.22628668 15.42530886
 [79] 21.10507839 13.97578832 12.64892602 14.06493146 11.29881900 14.67573819
 [85] 25.44862765 26.16585999 22.41836687 15.02165694 22.30427902 19.54214771
 [91] 13.70132022 14.42337496 20.77179577 22.73386624 13.36439518 15.25620454
 [97] 15.48115022 16.39794731 16.29087330 15.47948665 23.50265704 12.56832739
[103] 15.08147235 15.82038479 13.04238997 22.32973803 11.91771913 12.61166063
[109] 10.62104657  8.03260050 10.19615247 12.22707224 15.58060551 15.11240488
[115] 15.24255297 20.52118839 15.64841130 15.22622894 17.67253786 15.45284832
[121] 12.97668604 14.15346496 23.18728836 19.99901750 15.40347649 15.82847549
[127] 14.50687701 20.64746757 18.00012609 15.19686260 15.84999949 15.19342902
[133] 14.81801790 14.93897296 15.31907362 10.92346254          NA          NA
[139] 10.77516492 12.35274520 22.61487574 13.16788679 15.14936507  9.84157991
[145] 15.15558233 15.79232971 15.03394353 17.24798086 10.27936954 16.64901333
[151] 14.66843257 13.88271479 12.33094682 14.53966044 18.34531742 19.05930145
[157] 14.77220690 14.12911361 13.85278791 13.70836531 15.43370255          NA
[163]          NA  2.60889322 17.96669248 18.72309981 15.48636445 15.36525409
[169] 14.94416316 15.14040514 20.46250973 13.38050446          NA  6.08092337
[175] 14.07469357 13.24424879 13.19074536 14.93196645 13.90919740 14.39729672
[181] 11.50341051  3.39180875 14.42395485 22.40998310 22.40809106 18.61500520
[187] 14.52331709 13.34697393 16.54213520 15.55694310 12.78733416  5.66828585
[193]  2.73849223  3.12814130          NA          NA          NA          NA
[199]  6.16460419 14.80036217 13.54773121 13.58390762  1.57196461          NA
[205] 14.47999004 19.06855658 15.10895118 11.54115951 12.40250503          NA
[211]  5.28038648          NA  1.08019951  3.07250921          NA          NA
[217]  4.72308116 15.01262076 15.21347816          NA  2.71765304 13.44276729
[223] 15.01235421  1.42747563          NA  4.23431495  3.67851438  5.06792153
[229]  0.39823966          NA          NA  1.57101542          NA  2.85877001
[235]          NA  3.96209275          NA 15.62255552 14.72095258          NA
[241] 12.87096925 12.56036180 15.74384856 11.13130422 12.06409043 12.52625406
[247]  6.76630564          NA          NA          NA  3.04568830  3.02835965
[253]          NA          NA  0.52678386          NA          NA          NA
[259]  4.13752822  0.01741655          NA  0.66278747          NA          NA
[265] 14.11239522 11.60278055 15.45384653 14.27481182  2.28981958  4.78093210
[271]          NA          NA          NA          NA          NA          NA
[277]  2.78324663  3.86797045          NA          NA          NA          NA
[283]          NA          NA  0.99714079          NA          NA  0.21212209
[289]  0.11518148 12.37344082 12.82010157          NA  0.04282030  2.07422472
[295]          NA  2.09843616          NA          NA  0.40269483  0.97526765
[301]  2.14689902          NA  5.57333306          NA 12.81911103          NA
[307]  0.64602567          NA          NA          NA          NA          NA
[313]          NA  1.78735517  1.24816377  3.18558771          NA

$TS
  [1] 49.51846003 48.50055604 46.64124347 46.40845792 38.80176704 37.18986850
  [7] 29.82751263 25.82786271 45.23961080 41.97555176 40.36472129 39.65825515
 [13] 46.03332191 36.27758178 20.76799893 20.03517512 19.96280673 45.06591415
 [19] 41.00262126 34.41147814 31.06752936 38.68754114 37.16408983 36.16054212
 [25] 42.84575706 42.52406015 42.11754556 38.21399135 27.88502650 26.70469651
 [31] 19.07915856 17.72048244 33.40613268 30.87320165 40.70559405 37.54478046
 [37] 26.53984130 25.24516901 26.00889543 18.84335211 29.38978050 37.61213927
 [43] 37.59556065 32.99384555 24.70499092 19.80539703 25.03542766 18.09922814
 [49] 37.31342262 36.86518674 14.93842761 15.50809843 36.31301070 34.63676655
 [55] 29.65815404 26.62459187 24.26753965 19.63071971 17.78443944 14.88733723
 [61] 11.03657881 32.28386425 30.86799253 18.61959789 17.79740192 15.44479261
 [67] 26.10314427 24.29066159 20.08680602 16.72908041 29.59803800 27.37785433
 [73] 26.26461987 23.19905784 21.70900563 28.92546094 28.81119628 26.88784174
 [79] 26.63313847 26.05547119 17.20416774 16.33504024 16.05921018 14.75792497
 [85] 27.27338500 26.20102186 25.76397854 23.30362557 22.81040172 20.89360298
 [91] 20.45720739 16.27931570 23.61475884 25.40218992 22.05067583 15.42320777
 [97] 21.18443002 18.97261484 17.67624587 16.03637700 26.13746783 20.89304872
[103] 18.86780777 17.49166227 23.59389136 23.27540271 14.54614421 13.49388056
[109] 14.85362824 11.73484320 11.45062249 27.12968203 25.43990050 24.80126278
[115] 23.13595370 22.25501598 21.48606612 17.90951302 18.44776520 16.84006268
[121] 15.94869735 14.74885195 24.49888625 24.23698962 22.73635495 20.16275978
[127] 16.80912741 20.88314341 20.72654458 17.11423271 16.14089853 15.86400739
[133] 17.61458368 16.82370960 15.88159010 14.15620260  9.90945048  8.59209033
[139] 11.43621485 24.91541525 24.82637259 13.43365881 20.70497083 16.04528730
[145] 15.68554814 22.29645803 19.76735607 17.52296580 15.84880962 18.18939700
[151] 15.41594534 15.02567071 13.51778908 21.74844706 20.21219196 19.32573331
[157] 18.32301293 16.67646821 16.32630794 18.45051192 15.68836906  1.16184986
[163]  0.38738623  6.81679859 20.06978760 19.47432177 24.33876565 23.26133428
[169] 17.43194826 16.81516042 21.23524264 14.78638356 12.63324967 10.46086048
[175] 20.59157156 17.07455734 16.46549593 15.10910126 15.01611900 14.43918689
[181] 14.17671185  6.44832809 23.87467558 22.65020827 23.17269891 19.34723610
[187] 18.54960239 17.22844867 16.97369194 15.99343094 15.58471060  8.25964171
[193]  7.11531494  6.36998405  5.68894276  4.30946836  2.66205120  0.44236543
[199]  6.90803943 18.24959287 14.41475200 16.37924518  6.41864445  6.37911106
[205] 21.00761885 23.02374984 19.21592397 16.47065698 14.35857287  8.02720255
[211]  6.61532846  6.64331368  5.52241629  5.58580738  1.83241526  3.40801769
[217]  6.64414229 18.13012043 17.49629237  2.42288037  5.68004883 20.40326420
[223] 21.93066328 18.05639335  7.84983236  7.06031095  6.43194518  6.10729589
[229]  5.02324904  4.48456083  0.62888895  6.03007617  5.96555121  6.56610616
[235]  0.44042212  4.94907388  0.20922769 16.93966610 16.90836856  0.34957565
[241] 17.22713427 14.78851374 18.77312155 16.95349095 13.29089478 12.72522338
[247] 10.50185906  9.57808932  9.55336677  7.50083773  5.97465550  3.14742637
[253]  2.11592964  1.89446107  7.70758134  3.98642342  2.29542231  4.78235953
[259]  5.79995495  4.28245139  5.85281917  1.36808030  3.50248644  0.04056587
[265] 15.58099869 13.19051478 16.97341724 15.93194582  8.55487323  8.13356945
[271]  4.56933467  4.75516126  4.62378827  3.19638467  7.14566770  6.78941578
[277]  4.99411796  4.42812201  3.83583581  3.49767554  0.64522035  1.08445890
[283]  0.48100587  6.45826539  6.42650323  0.53828192  0.15195775  5.78787998
[289]  2.89911231 14.17573773 15.96100349  7.34578982  2.53881590  6.06387978
[295]  5.90272789  4.39683221  0.74466183  0.50064103  3.24085893  2.36142055
[301]  3.76757159  1.15556992  6.12982546  0.25664416 13.03867757  6.93273540
[307]  4.28786714  4.07187436  3.40514510  2.61091934  4.88956702  1.63806126
[313]  1.09284687  2.48254261  1.35547949  4.34936065  2.13678888

$PAR
  [1]  NA   1   1   1   1   1   1   1   2   3   3   3   4   6   8   8   8   9
 [19]  10  10  10  11  12  12  13  13  13  13  14  14  16  16  20  21  27  28
 [37]  28  28  29  31  34  35  35  36  37  37  39  40  42  43  46  48  49  50
 [55]  50  50  50  50  50  51  51  54  54  54  54  54  56  56  56  56  62  62
 [73]  62  62  62  63  63  63  63  63  64  65  65  70  71  71  71  71  71  71
 [91]  71  71  72  73  73  73  74  74  74  74  78  78  78  78  79  80  81  81
[109]  83  83  83  85  87  87  88  88  88  88  91  91  92  92  94  94  94  95
[127]  95  97  97  97  97  97  98  99 104 109 110 110 111 112 112 112 113 113
[145] 113 115 115 115 115 119 121 121 121 124 125 125 125 126 127 129 135 137
[163] 137 138 140 140 141 141 143 143 146 149 149 149 154 154 154 158 158 158
[181] 159 164 167 167 168 168 168 168 168 170 170 173 173 173 173 173 173 173
[199] 174 175 175 177 182 182 183 185 186 187 191 192 192 193 193 195 195 196
[217] 199 200 200 203 204 205 206 207 210 210 210 210 210 210 210 211 211 212
[235] 212 213 216 218 219 220 222 222 223 223 224 224 224 224 224 224 224 224
[253] 224 224 225 225 225 226 227 227 228 230 233 235 239 242 243 244 248 248
[271] 248 249 249 249 250 250 250 250 250 250 253 254 254 255 255 255 256 259
[289] 260 265 267 269 269 270 270 272 275 275 276 276 279 279 285 288 291 292
[307] 296 296 296 299 306 306 306 308 309 311 311

$EXTANT
  [1] FALSE FALSE FALSE FALSE FALSE FALSE FALSE FALSE FALSE FALSE FALSE FALSE
 [13] FALSE FALSE FALSE FALSE FALSE FALSE FALSE FALSE FALSE FALSE FALSE FALSE
 [25] FALSE FALSE FALSE FALSE FALSE FALSE FALSE FALSE FALSE FALSE FALSE FALSE
 [37] FALSE FALSE FALSE FALSE FALSE FALSE FALSE FALSE FALSE FALSE FALSE FALSE
 [49] FALSE FALSE FALSE FALSE FALSE FALSE FALSE FALSE FALSE FALSE FALSE FALSE
 [61] FALSE FALSE FALSE FALSE FALSE FALSE FALSE FALSE FALSE FALSE FALSE FALSE
 [73] FALSE FALSE FALSE FALSE FALSE FALSE FALSE FALSE FALSE FALSE FALSE FALSE
 [85] FALSE FALSE FALSE FALSE FALSE FALSE FALSE FALSE FALSE FALSE FALSE FALSE
 [97] FALSE FALSE FALSE FALSE FALSE FALSE FALSE FALSE FALSE FALSE FALSE FALSE
[109] FALSE FALSE FALSE FALSE FALSE FALSE FALSE FALSE FALSE FALSE FALSE FALSE
[121] FALSE FALSE FALSE FALSE FALSE FALSE FALSE FALSE FALSE FALSE FALSE FALSE
[133] FALSE FALSE FALSE FALSE  TRUE  TRUE FALSE FALSE FALSE FALSE FALSE FALSE
[145] FALSE FALSE FALSE FALSE FALSE FALSE FALSE FALSE FALSE FALSE FALSE FALSE
[157] FALSE FALSE FALSE FALSE FALSE  TRUE  TRUE FALSE FALSE FALSE FALSE FALSE
[169] FALSE FALSE FALSE FALSE  TRUE FALSE FALSE FALSE FALSE FALSE FALSE FALSE
[181] FALSE FALSE FALSE FALSE FALSE FALSE FALSE FALSE FALSE FALSE FALSE FALSE
[193] FALSE FALSE  TRUE  TRUE  TRUE  TRUE FALSE FALSE FALSE FALSE FALSE  TRUE
[205] FALSE FALSE FALSE FALSE FALSE  TRUE FALSE  TRUE FALSE FALSE  TRUE  TRUE
[217] FALSE FALSE FALSE  TRUE FALSE FALSE FALSE FALSE  TRUE FALSE FALSE FALSE
[229] FALSE  TRUE  TRUE FALSE  TRUE FALSE  TRUE FALSE  TRUE FALSE FALSE  TRUE
[241] FALSE FALSE FALSE FALSE FALSE FALSE FALSE  TRUE  TRUE  TRUE FALSE FALSE
[253]  TRUE  TRUE FALSE  TRUE  TRUE  TRUE FALSE FALSE  TRUE FALSE  TRUE  TRUE
[265] FALSE FALSE FALSE FALSE FALSE FALSE  TRUE  TRUE  TRUE  TRUE  TRUE  TRUE
[277] FALSE FALSE  TRUE  TRUE  TRUE  TRUE  TRUE  TRUE FALSE  TRUE  TRUE FALSE
[289] FALSE FALSE FALSE  TRUE FALSE FALSE  TRUE FALSE  TRUE  TRUE FALSE FALSE
[301] FALSE  TRUE FALSE  TRUE FALSE  TRUE FALSE  TRUE  TRUE  TRUE  TRUE  TRUE
[313]  TRUE FALSE FALSE FALSE  TRUE

