
Birth-death simulation object with 204 species and 78 extant species

Details for some species:

Extinction times (NA means extant)
[1] 30.37313 44.73120 30.67175 31.95284 28.78641 30.85708


Speciation times 
[1] 49.51846 46.35083 40.71192 38.61704 37.50667 37.36842


Species parents (NA for initial)
[1] NA  1  1  1  1  1


Species status (extinct or extant)
[1] "extinct" "extinct" "extinct" "extinct" "extinct" "extinct"


For more details on vector y, try sim$y, with y one of
TE TS PAR EXTANT



$TE
  [1] 30.3731269 44.7311956 30.6717517 31.9528417 28.7864077 30.8570767
  [7] 31.7699151 20.9515643 28.9261349 23.2331766 25.9854517 20.6533942
 [13] 18.8423856 23.3737875 23.4886576 23.5712730 23.6944926 27.6150286
 [19] 22.5721220 15.1387009 15.5641928 15.6224244 23.8837075 15.4773869
 [25] 28.3390829 27.9230371 27.6407387 14.7764163 14.4768758 15.0841864
 [31]  5.4081949 13.8734954 14.1930450 15.1899071 17.7953243 18.0829102
 [37] 14.1120270 25.0124619 18.8972309 16.0301578 14.9210382 27.0097713
 [43] 11.8105613 14.6599415 19.3505933 15.2833932 10.8042052         NA
 [49] 13.4814330 12.3158826 14.1929130 16.8640267 15.4924879 13.9810909
 [55] 14.6797441 15.2659244 22.0758343 15.1675802 12.9899439 14.9564403
 [61]         NA         NA 12.3269121 14.2303822 16.6960199 14.4819083
 [67] 16.3596071 14.8926970 14.9914353 14.6867901 14.8122937 10.0058172
 [73]         NA         NA  5.7457270  0.1976202  6.8338945         NA
 [79]  1.1829478  4.4445630         NA         NA 12.0816492 12.2814951
 [85] 14.0357945 12.0491958 12.6580076 17.8475399 13.5602928 20.1721605
 [91]  2.9540194         NA         NA         NA  6.1903517  6.9156418
 [97]  6.7505548         NA  4.6180430  5.0008603         NA         NA
[103]  4.2257053         NA         NA         NA  2.4045523         NA
[109]         NA         NA         NA  1.0069268         NA 16.0565367
[115] 14.6193341         NA 13.9583871 15.4805048 17.4185802 15.4687838
[121] 13.3093573 12.6415002         NA         NA  7.0981246         NA
[127]  5.4088313  0.7548706         NA         NA  5.4458367         NA
[133]  2.7080073         NA         NA  1.5720500         NA         NA
[139]         NA         NA  4.1001857  0.8611173         NA         NA
[145]         NA         NA  3.3170118         NA         NA         NA
[151]         NA 14.1963692  0.4716910         NA         NA         NA
[157]  4.4160817  3.1536740  4.9579090  6.2171520  3.0077819         NA
[163]         NA         NA         NA         NA         NA         NA
[169]  4.3790174  4.7345066         NA         NA         NA  0.4354570
[175]         NA  0.2955366         NA         NA         NA         NA
[181]         NA         NA         NA  3.3699399         NA         NA
[187]  0.4866106  3.0042288         NA  1.1655234         NA         NA
[193]         NA         NA         NA         NA         NA         NA
[199]  0.6790805  2.8983277         NA         NA  0.7309824         NA

$TS
  [1] 49.51846003 46.35082910 40.71191523 38.61704394 37.50666604 37.36842472
  [7] 35.17185419 29.21970566 31.83566321 30.87831145 35.15706936 28.22171832
 [13] 24.51484436 28.90991735 26.71059254 24.75720115 24.35972387 32.06316462
 [19] 25.18968779 25.14688042 22.56381693 25.27485004 25.35339255 31.58593885
 [25] 30.74378025 28.63966271 28.19212672 22.90639689 22.30064168 19.83306690
 [31] 19.50869275 16.31707917 15.88440373 24.97957286 22.23641468 21.46293012
 [37] 30.87578366 30.31836141 23.96043157 19.01694425 18.12894880 30.17770362
 [43] 20.61675000 16.75177175 19.62220092 17.31690543 11.91516081  5.74526564
 [49] 14.96487040 15.04360283 14.60539066 21.54075226 18.14774001 30.85440291
 [55] 14.68910847 29.79406393 27.94105701 26.81668759 16.31914108 15.21606312
 [61] 16.86690963  3.41236299 13.25673741 27.16580269 27.08212854 15.85928151
 [67] 24.09301306 18.85906844 16.77577221 22.71501776 15.33893109 10.24372089
 [73]  9.59723320  9.36003792  8.87580172  7.90105361  7.47713990  7.27606812
 [79]  7.08386581  5.38684074  3.20841015  2.48063356 12.67079334 23.05032838
 [85] 19.26781001 14.61323382 14.48438781 18.61058118 22.93666267 20.64571161
 [91]  4.85856272  4.45019391  2.94681141  0.91508475  9.26126159  9.03960652
 [97]  8.65321476  7.72423119  6.55573451  5.12301464  1.53663632  0.81853300
[103]  7.62863635  5.96525564  0.28197816  7.30064552  6.67492414  4.62352967
[109]  6.93279512  6.60690196  5.61201489  4.95586380  0.87731285 16.06999099
[115] 14.85190539 13.68677918 14.61774558 20.01604128 19.67003731 19.00658885
[121] 14.06654581 13.67608776  3.69528300  0.01461450  7.56489272  7.43583055
[127]  7.48031705  7.36840902  0.03021331  6.48011574  6.29334717  5.85495451
[133]  2.95368956  2.91187908  5.84738554  5.76289497  1.49752074  0.22458860
[139]  5.91701436  6.52595161  6.00193468  4.72801719  2.11608611  3.76717214
[145]  3.31719895  1.82371996  5.76601073  5.45197557  3.34892270  1.87468448
[151]  1.77877457 17.85392505  7.39777904  6.12390449  3.06794814  6.83780904
[157]  6.42337200  5.89837710  5.77267416  7.23522732  6.27462974  3.70062128
[163]  2.38437180  1.93533026  4.16850748  2.19466137  4.43139770  0.62722381
[169]  5.53128262  6.22544000  4.79890890  4.11944261  3.54878407  2.85869085
[175]  5.15650083  3.85951806  3.25398786  0.06709131  0.02410937  4.44127025
[181]  3.10192037  1.31483174  6.22453312  5.88372442  4.86573440  2.96020224
[187]  5.90229718  5.66198041  3.94876695  5.28377224  5.47098932  1.03373571
[193]  1.79060042  4.39046526  1.88680469  1.87450103  1.61551480  1.79844143
[199]  0.85306838  5.64623699  2.14224079  3.64976343  1.82939350  0.22702197

$PAR
  [1]  NA   1   1   1   1   1   4   5   6   6   7   8   8  10  10  10  10  11
 [19]  12  12  12  14  15  18  18  18  18  20  21  21  21  21  21  22  22  22
 [37]  24  24  24  24  24  25  28  28  30  30  31  31  32  33  33  35  35  37
 [55]  37  38  38  38  41  43  46  48  50  54  54  54  56  56  56  57  61  61
 [73]  61  61  61  61  61  61  61  61  62  62  63  64  64  64  64  65  67  67
 [91]  73  73  73  73  74  74  74  74  74  74  74  74  75  75  76  77  78  78
[109]  79  79  79  80  82  84  84  84  85  89  89  89  89  89  91  92  95  96
[127]  97  98  98  99 103 104 104 104 106 106 106 108 109 110 110 110 111 112
[145] 112 112 116 116 116 116 116 118 126 126 126 127 127 127 127 128 128 128
[163] 128 128 130 132 135 137 139 140 140 140 140 145 147 147 148 149 149 153
[181] 154 155 156 156 156 156 157 158 158 159 161 162 167 171 171 171 171 172
[199] 180 187 187 189 195 196

$EXTANT
  [1] FALSE FALSE FALSE FALSE FALSE FALSE FALSE FALSE FALSE FALSE FALSE FALSE
 [13] FALSE FALSE FALSE FALSE FALSE FALSE FALSE FALSE FALSE FALSE FALSE FALSE
 [25] FALSE FALSE FALSE FALSE FALSE FALSE FALSE FALSE FALSE FALSE FALSE FALSE
 [37] FALSE FALSE FALSE FALSE FALSE FALSE FALSE FALSE FALSE FALSE FALSE  TRUE
 [49] FALSE FALSE FALSE FALSE FALSE FALSE FALSE FALSE FALSE FALSE FALSE FALSE
 [61]  TRUE  TRUE FALSE FALSE FALSE FALSE FALSE FALSE FALSE FALSE FALSE FALSE
 [73]  TRUE  TRUE FALSE FALSE FALSE  TRUE FALSE FALSE  TRUE  TRUE FALSE FALSE
 [85] FALSE FALSE FALSE FALSE FALSE FALSE FALSE  TRUE  TRUE  TRUE FALSE FALSE
 [97] FALSE  TRUE FALSE FALSE  TRUE  TRUE FALSE  TRUE  TRUE  TRUE FALSE  TRUE
[109]  TRUE  TRUE  TRUE FALSE  TRUE FALSE FALSE  TRUE FALSE FALSE FALSE FALSE
[121] FALSE FALSE  TRUE  TRUE FALSE  TRUE FALSE FALSE  TRUE  TRUE FALSE  TRUE
[133] FALSE  TRUE  TRUE FALSE  TRUE  TRUE  TRUE  TRUE FALSE FALSE  TRUE  TRUE
[145]  TRUE  TRUE FALSE  TRUE  TRUE  TRUE  TRUE FALSE FALSE  TRUE  TRUE  TRUE
[157] FALSE FALSE FALSE FALSE FALSE  TRUE  TRUE  TRUE  TRUE  TRUE  TRUE  TRUE
[169] FALSE FALSE  TRUE  TRUE  TRUE FALSE  TRUE FALSE  TRUE  TRUE  TRUE  TRUE
[181]  TRUE  TRUE  TRUE FALSE  TRUE  TRUE FALSE FALSE  TRUE FALSE  TRUE  TRUE
[193]  TRUE  TRUE  TRUE  TRUE  TRUE  TRUE FALSE FALSE  TRUE  TRUE FALSE  TRUE

