
Birth-death simulation object with 369 species and 114 extant species

Details for some species:

Extinction times (NA means extant)
[1] 34.90179 27.80674 35.37532 25.26104 27.93065 21.89205


Speciation times 
[1] 49.51846 39.67828 37.44771 34.60630 30.22524 30.71267


Species parents (NA for initial)
[1] NA  1  2  2  2  4


Species status (extinct or extant)
[1] "extinct" "extinct" "extinct" "extinct" "extinct" "extinct"


For more details on vector y, try sim$y, with y one of
TE TS PAR EXTANT



$TE
  [1] 34.901785041 27.806741753 35.375318058 25.261044705 27.930650518
  [6] 21.892045864 15.538617550 24.295882524 14.736949459 15.488839946
 [11] 22.078788926 27.010491835 25.226385547 25.246934279 17.321204022
 [16] 23.397735283 11.621898862 19.345441048 13.629828739 19.599740795
 [21] 15.351877343 14.935656570 14.267062571  9.937258015 13.564889375
 [26] 16.531088848 13.556830423 11.845855306 15.242413473  4.992406913
 [31] 16.910332607 19.279538260 14.124326072 17.995688291 14.606256043
 [36] 15.200081470 15.506857299 15.443732668 14.123561960 12.515820905
 [41] 13.949931902 26.057575017 14.644742899 24.838532113 20.059504700
 [46] 15.068938745 20.610685999 18.996387772 15.563940805 16.278738603
 [51] 15.347782257 14.085231537           NA  8.419121974           NA
 [56] 15.213849068 11.341458424 12.521241818 19.362304759 15.988596454
 [61] 11.807493633 14.138537048 14.743578534 15.380013856 12.879571728
 [66] 18.562160672 15.395074790 17.294830503 14.851817101 13.924915598
 [71] 17.251870317 15.334194623 14.087255659 19.523418789 20.210077222
 [76]  7.136739612           NA 15.323293363 14.911533660 16.359785923
 [81] 14.469894710 13.265263912 15.371973342 13.834008667 13.493764969
 [86] 15.246185713 14.956427777 14.889931484 14.178794271 14.779794907
 [91] 12.518904019 15.079302588 14.268764777 18.498153788 14.470573938
 [96] 17.042664818 20.326952386 12.990642067 15.180262086 15.653501712
[101]  0.937912117           NA  3.000290530 16.074150553 14.025183034
[106] 16.490461908 13.261768644 14.963861431 13.316289248 15.337525144
[111] 14.598892545 13.885524772 16.047667037 14.649448342 15.605552311
[116] 18.580892350 14.127263542 12.567153114 17.350450387 14.521263854
[121] 14.174844641 12.831915169 12.482036811 11.908420327 13.129170855
[126] 14.109215209 14.340004872 13.400765484  5.982904126           NA
[131]  0.073588372           NA           NA           NA  0.612558856
[136]           NA  0.712722157 15.300856543           NA 15.287089906
[141] 14.918887377 15.832786489 14.760457303 14.380589647 15.480425222
[146] 14.399625767 15.387377988 15.225599759 15.647207930 11.802621034
[151] 11.005719129 14.279341335 13.548563850 12.030167981 14.332211227
[156]           NA  0.136530031           NA  0.900031158  2.445431549
[161]  0.455375721           NA 14.503328072 10.840416613  6.554655571
[166]  7.097000127  1.788037039           NA  5.832834483 12.938227963
[171] 14.004601033 15.461559112           NA 13.080373044 11.744046566
[176] 15.195627525 18.393917942 15.109976961 11.852283998 10.338701964
[181] 11.534999099           NA  2.875078582  5.264836470  0.865616307
[186]           NA           NA           NA           NA           NA
[191]  0.104141848 12.576637088 14.860763067           NA  5.289277440
[196]  7.715562143  4.380678171  3.776452791           NA  1.907738580
[201]  1.573243290 11.684873840 14.501829720 11.307122730           NA
[206]           NA  0.924625360           NA  2.842313965  0.007922878
[211]  6.128087741  7.403746449           NA  0.831574808           NA
[216]           NA  1.656441982  2.222894266           NA  2.586469153
[221]           NA           NA  2.191848169           NA           NA
[226]  2.887321367  2.021262998 13.935304181 14.033903960           NA
[231]  3.355830407  4.837827660  6.609868687           NA           NA
[236]           NA  2.654195733           NA 13.737439167 12.047380346
[241] 12.422388981 12.255007849 11.234371009 11.121564943  8.418754115
[246]  5.125016251  2.233649477  5.728567746           NA  2.513936371
[251]  3.085594344           NA  2.233245947  5.385050833  3.275089461
[256]  0.626992781  6.246549402           NA  2.205064083           NA
[261]  1.106627484           NA           NA           NA           NA
[266]           NA           NA           NA           NA           NA
[271]           NA           NA           NA  6.195750618  2.270605430
[276]           NA           NA           NA           NA           NA
[281]  6.203052267           NA  1.847237904  5.096982608  0.049330457
[286]           NA  2.909538529  3.891868371           NA           NA
[291]           NA           NA  6.544464623           NA           NA
[296]           NA           NA  1.637594677           NA           NA
[301]           NA           NA           NA  0.408636978           NA
[306]  2.778908524           NA           NA           NA  1.865236552
[311]  1.011402029           NA  3.740741926           NA           NA
[316]  0.156859016           NA  2.258111871  3.112843606           NA
[321]  0.775530378  4.233739851           NA           NA           NA
[326]  2.586654658           NA  4.108281808           NA           NA
[331]           NA           NA           NA  1.018239614  2.323395519
[336]  0.993188212           NA           NA  7.546819732           NA
[341]  0.656551017           NA  2.277082981  5.198713223           NA
[346]           NA  0.960820900           NA  0.830973845           NA
[351]           NA           NA  3.698164768  6.470530265           NA
[356]  1.022974217  3.055810264           NA           NA           NA
[361]           NA           NA           NA           NA           NA
[366]  2.236882620           NA  0.003786760           NA

$TS
  [1] 49.51846003 39.67828140 37.44770835 34.60629903 30.22523625 30.71267170
  [7] 27.09861927 28.68114836 29.73733218 28.88624277 28.37461860 28.26987849
 [13] 27.81763663 25.65601588 25.38472859 24.96329051 23.55087892 23.24076141
 [19] 26.11471203 24.62974064 22.07070443 21.04876336 20.17428352 28.67672500
 [25] 27.81996903 25.25507905 26.11844120 24.45030357 19.28626928 12.92627284
 [31] 22.70751346 23.52034291 19.76719427 18.22596129 14.83597651 23.33664366
 [37] 16.02714635 15.87130983 18.16059281 18.10773673 28.01560387 27.67383920
 [43] 18.37910847 25.18658410 20.50495295 18.02834360 25.77671213 21.54682576
 [49] 18.80490665 16.28332907 15.74603552 14.44542467  9.91460718  9.58828037
 [55]  6.58626187 21.01958777 20.60508021 15.64418277 22.41790427 20.15743808
 [61] 19.13905587 18.78113343 15.86950568 15.95487695 14.09593798 24.79908837
 [67] 26.56316831 17.93688003 15.55215044 24.59425073 23.65383889 22.71758039
 [73] 20.74749453 20.94858817 20.88748559  7.71260292  9.17414339 19.09547866
 [79] 19.72162909 17.51819403 18.27918011 15.52986948 18.54310673 14.80827127
 [85] 24.60815638 23.74426869 16.08935940 15.30069213 15.19865197 23.38373615
 [91] 17.38134803 17.24108553 15.14044420 20.53319088 19.75668644 18.01785760
 [97] 21.78677117 15.61738490 18.37636757 17.99322983  7.23316316  8.17087393
[103]  6.61987585 18.87163719 18.62575907 18.03656128 17.15360165 15.27454844
[109] 19.39711659 17.45619722 20.76410624 20.51629236 17.51419973 16.33974012
[115] 15.74307075 22.28241880 21.90679585 21.30312898 19.01949037 18.62306345
[121] 15.81786594 14.60909049 13.29588110 12.92515889 16.20276149 15.24664827
[127] 16.78232099 16.31541879  6.13452356  6.01995507  7.05632128  5.75791159
[133]  5.29665742  3.52875728  2.34646904  2.23801806  1.98203384 16.79817586
[139] 14.07226807 19.38212801 19.35713781 19.34886375 18.67160946 18.14223390
[145] 17.03476032 17.70168824 17.21930973 15.29087779 17.51165136 15.37280314
[151] 20.57597333 17.55749463 15.44886780 13.11768186 15.11335042  5.66447366
[157]  1.94534400  6.49055358  6.41322484  5.84395184  5.20743696  0.59507886
[163] 16.03927712 11.41111773  9.17937878  9.03771933  8.74606660  8.23140068
[169]  6.52548740 19.28880241 16.93221704 16.09087787 17.03368524 18.07792801
[175] 15.09363705 15.71357775 19.72400254 16.76173261 13.55794769 11.29067692
[181] 12.47183328 12.23895216  4.62452400  5.89218679  4.32005594  6.22797975
[187]  3.00883520  2.99841853  4.05565043  2.81522922  3.56396964 15.79460569
[193] 15.36165229  7.77727644  7.36333244  8.57147161  8.64878108  7.09800872
[199]  6.71999986  7.44484983  6.78581336 14.08709984 15.73536953 14.70687517
[205]  9.87283356  8.96997516  7.34756015  5.32087620  4.67549701  1.14141237
[211]  9.62363416  7.62659399  7.43403452  7.10702064  6.02242813  4.43805829
[217]  3.26511579  3.00910921  4.23692730  4.03046340  1.39733652  5.99199191
[223]  5.67773657  2.62687627  2.44906140  3.93489044  2.35282185 14.82627410
[229] 14.50948468  7.17431198  5.92833182  7.59741931  6.97515302  5.91130983
[235]  0.11938518  6.50594937  5.81178202  2.20901693 13.78160491 14.72644072
[241] 12.80112293 12.56072509 11.50420738 11.45581696  9.62725876  7.31640722
[247]  6.82749899  6.08915524  5.67853836  2.71926744  7.51048925  0.23374884
[253]  8.67928815  7.43895224  6.91777252  6.75436370  6.96239085  5.99963981
[259]  5.71924102  2.04615562  2.03049920  1.64001535  4.04735605  0.60054188
[265]  1.33193994  0.31921018  2.06023981  6.77169620  4.86608495  6.57889196
[271]  5.69969285  3.37458306  0.94341120  6.45705743  6.15329102  6.04364526
[277]  3.36038585  3.34525182  3.00857669  0.45080936  9.48698056  7.18715656
[283]  6.16542952  7.48075975  6.59384190  7.14216663  7.36685538  6.28365421
[289]  5.60522864  5.90191689  3.61001616  4.30861607  6.95949540  1.79380454
[295]  4.66668841  4.03089060  3.24562700  2.68301640  2.32240972  0.99290794
[301]  0.88980302  0.83836037  0.10090588  0.87471762  0.14662729  6.10107365
[307]  0.31914449  2.23261024  1.43382008  5.58554709  1.76141871  3.86889099
[313]  5.50943107  5.08847829  0.92281156  0.45461876  0.94133337  9.02899558
[319]  8.18854191  7.09046622  2.52496058  7.23101234  6.46427521  1.97221587
[325]  2.08902977  4.25068729  4.88209430  4.16214709  0.80237373  2.65533078
[331]  0.47838597  3.48447804  0.07296576  2.78989887  2.38400300  4.01298514
[337]  1.57832702  0.72176711  8.93837105  7.19805712  7.14583283  6.92957284
[343]  6.97935477  6.45449498  5.78528289  6.20471083  1.74079875  3.22787804
[349]  1.07157753  0.89593353  0.89013682  1.64640140  6.18928124  6.74400845
[355]  2.16441685  5.34704766  3.51088104  0.81763745  3.42497079  1.06091462
[361]  0.44360465  1.47949506  5.68695040  5.09608138  3.30604546  3.22156721
[367]  2.25476646  1.39137951  1.75138634

$PAR
  [1]  NA   1   2   2   2   4   4   5   6   6   6   6   6   6   7   7   7   7
 [19]   9   9   9   9   9  10  10  11  13  15  15  17  18  19  19  19  19  20
 [37]  22  22  23  23  24  24  25  26  26  26  27  27  27  27  27  27  30  30
 [55]  30  32  32  33  36  36  36  36  39  40  40  41  42  43  46  47  47  47
 [73]  47  48  48  53  54  56  59  60  61  61  62  62  66  67  67  69  69  70
 [91]  70  70  70  71  71  71  72  72  73  73  76  77  77  78  78  79  80  81
[109]  85  85  86  86  86  86  86  90  90  90  90  90  91  91  91  91  92  95
[127] 100 100 101 101 102 102 102 102 102 102 102 106 107 111 111 111 111 111
[145] 111 112 112 112 113 114 117 117 117 122 127 130 130 131 131 131 132 132
[163] 138 139 139 139 139 139 139 140 140 140 141 142 144 146 151 151 151 151
[181] 154 154 156 158 158 159 159 159 160 160 161 163 163 165 165 166 167 167
[199] 167 168 168 170 172 173 173 173 173 173 173 173 182 182 182 182 182 182
[217] 182 182 183 183 185 186 186 187 188 189 189 192 192 195 195 197 197 197
[235] 199 200 200 201 202 203 204 204 204 204 205 205 205 205 205 205 206 206
[253] 211 211 211 213 214 215 215 216 216 216 219 219 225 225 227 230 231 232
[271] 234 234 234 236 236 236 237 237 237 238 245 246 247 251 251 253 254 254
[289] 254 255 255 256 257 258 259 259 259 259 259 260 260 262 263 265 266 268
[307] 268 269 269 270 271 275 276 276 277 277 278 281 281 281 283 284 284 285
[325] 286 289 290 290 295 298 304 306 308 312 312 313 314 314 318 318 318 319
[343] 322 322 322 323 323 327 327 332 332 336 340 341 341 342 342 342 346 348
[361] 350 352 353 356 356 357 364 365 367

$EXTANT
  [1] FALSE FALSE FALSE FALSE FALSE FALSE FALSE FALSE FALSE FALSE FALSE FALSE
 [13] FALSE FALSE FALSE FALSE FALSE FALSE FALSE FALSE FALSE FALSE FALSE FALSE
 [25] FALSE FALSE FALSE FALSE FALSE FALSE FALSE FALSE FALSE FALSE FALSE FALSE
 [37] FALSE FALSE FALSE FALSE FALSE FALSE FALSE FALSE FALSE FALSE FALSE FALSE
 [49] FALSE FALSE FALSE FALSE  TRUE FALSE  TRUE FALSE FALSE FALSE FALSE FALSE
 [61] FALSE FALSE FALSE FALSE FALSE FALSE FALSE FALSE FALSE FALSE FALSE FALSE
 [73] FALSE FALSE FALSE FALSE  TRUE FALSE FALSE FALSE FALSE FALSE FALSE FALSE
 [85] FALSE FALSE FALSE FALSE FALSE FALSE FALSE FALSE FALSE FALSE FALSE FALSE
 [97] FALSE FALSE FALSE FALSE FALSE  TRUE FALSE FALSE FALSE FALSE FALSE FALSE
[109] FALSE FALSE FALSE FALSE FALSE FALSE FALSE FALSE FALSE FALSE FALSE FALSE
[121] FALSE FALSE FALSE FALSE FALSE FALSE FALSE FALSE FALSE  TRUE FALSE  TRUE
[133]  TRUE  TRUE FALSE  TRUE FALSE FALSE  TRUE FALSE FALSE FALSE FALSE FALSE
[145] FALSE FALSE FALSE FALSE FALSE FALSE FALSE FALSE FALSE FALSE FALSE  TRUE
[157] FALSE  TRUE FALSE FALSE FALSE  TRUE FALSE FALSE FALSE FALSE FALSE  TRUE
[169] FALSE FALSE FALSE FALSE  TRUE FALSE FALSE FALSE FALSE FALSE FALSE FALSE
[181] FALSE  TRUE FALSE FALSE FALSE  TRUE  TRUE  TRUE  TRUE  TRUE FALSE FALSE
[193] FALSE  TRUE FALSE FALSE FALSE FALSE  TRUE FALSE FALSE FALSE FALSE FALSE
[205]  TRUE  TRUE FALSE  TRUE FALSE FALSE FALSE FALSE  TRUE FALSE  TRUE  TRUE
[217] FALSE FALSE  TRUE FALSE  TRUE  TRUE FALSE  TRUE  TRUE FALSE FALSE FALSE
[229] FALSE  TRUE FALSE FALSE FALSE  TRUE  TRUE  TRUE FALSE  TRUE FALSE FALSE
[241] FALSE FALSE FALSE FALSE FALSE FALSE FALSE FALSE  TRUE FALSE FALSE  TRUE
[253] FALSE FALSE FALSE FALSE FALSE  TRUE FALSE  TRUE FALSE  TRUE  TRUE  TRUE
[265]  TRUE  TRUE  TRUE  TRUE  TRUE  TRUE  TRUE  TRUE  TRUE FALSE FALSE  TRUE
[277]  TRUE  TRUE  TRUE  TRUE FALSE  TRUE FALSE FALSE FALSE  TRUE FALSE FALSE
[289]  TRUE  TRUE  TRUE  TRUE FALSE  TRUE  TRUE  TRUE  TRUE FALSE  TRUE  TRUE
[301]  TRUE  TRUE  TRUE FALSE  TRUE FALSE  TRUE  TRUE  TRUE FALSE FALSE  TRUE
[313] FALSE  TRUE  TRUE FALSE  TRUE FALSE FALSE  TRUE FALSE FALSE  TRUE  TRUE
[325]  TRUE FALSE  TRUE FALSE  TRUE  TRUE  TRUE  TRUE  TRUE FALSE FALSE FALSE
[337]  TRUE  TRUE FALSE  TRUE FALSE  TRUE FALSE FALSE  TRUE  TRUE FALSE  TRUE
[349] FALSE  TRUE  TRUE  TRUE FALSE FALSE  TRUE FALSE FALSE  TRUE  TRUE  TRUE
[361]  TRUE  TRUE  TRUE  TRUE  TRUE FALSE  TRUE FALSE  TRUE

