
Birth-death simulation object with 243 species and 78 extant species

Details for some species:

Extinction times (NA means extant)
[1] 38.16490 41.26205 25.26129 22.34110 43.02079 44.03635


Speciation times 
[1] 49.95521 49.29692 42.43420 38.19593 45.41678 44.99765


Species parents (NA for initial)
[1] NA  1  1  1  2  2


Species status (extinct or extant)
[1] "extinct" "extinct" "extinct" "extinct" "extinct" "extinct"


For more details on vector y, try sim$y, with y one of
TE TS PAR EXTANT



$TE
  [1] 38.1649017 41.2620524 25.2612887 22.3411031 43.0207934 44.0363514
  [7] 37.7134084 40.7894882 32.3455149 36.8688794 26.6475069 25.2259699
 [13] 10.6623575 34.0423294 12.8731525 39.0094699 14.7132615 15.5028640
 [19] 27.6875894 22.2935023 11.8439573 10.4985650 15.0425157 18.9271167
 [25] 18.1787382 18.4783260 15.7087953 12.8663558         NA 26.5949438
 [31] 29.0711188 13.9710697 13.7000775 20.3096012 22.8072754 15.5800723
 [37] 16.2524539 15.1800300 15.6300652 17.8829830 12.3262099 24.9108457
 [43] 15.2730529 13.1179719 12.6788793 16.1008704 13.4725389 14.1677066
 [49] 19.1846798 17.8922774 15.8679550 12.8054454 12.4244064 12.0291288
 [55] 12.4936189         NA         NA 11.0732525 16.7828203 16.2135850
 [61] 15.2171036 21.4789761 17.8846839 15.5868241 13.0034865 23.8525197
 [67] 18.3453190 15.7653398 17.7278222 14.1934980 15.4391823 15.5775124
 [73] 15.1974795 21.4163584 12.4991549  1.6999507         NA 15.1284648
 [79] 15.6464624 15.6411977 18.6791449 14.2467454 15.8214790 13.9076427
 [85] 12.1498371 14.4756314 11.3558014  4.6024896 20.6829716 13.6203842
 [91] 12.5332885         NA 15.0768409 18.8469417 15.0759295 14.4101576
 [97] 15.5445854 15.2514392 15.1706757 14.9363090  7.0605441  3.2116643
[103]         NA 11.8511713 11.3807707  3.8654886  5.4643736         NA
[109] 13.5039793 14.8419260 12.6442914 16.0420033 15.7710405 16.0564883
[115] 21.4542781 13.9139157 12.2829126         NA         NA  0.4382046
[121] 16.2177270 11.8998981 13.4674164  7.9879664  3.2795757  6.4791546
[127]         NA  2.5075237         NA         NA 14.4163694 11.4427008
[133] 22.2125201 18.0867271 15.6446538 13.6477728 16.0080908 14.9609863
[139]  2.8064842  4.7685156         NA         NA  2.9213863         NA
[145] 17.0024021 12.4172889  1.5228999         NA  3.4462944         NA
[151]  6.1931991         NA  7.3538316         NA         NA 12.5271084
[157]         NA         NA  3.0951164         NA 14.9336980 12.0546180
[163]  0.7813548         NA         NA  0.8527751         NA 12.1942677
[169]         NA 13.8332373 15.0513184  9.6234272         NA  4.4092909
[175]         NA  2.9869234  3.1322851  2.1899092         NA  2.2413070
[181]         NA         NA         NA         NA         NA         NA
[187]  2.2644679         NA         NA  2.9193998         NA  8.4294238
[193]         NA 14.1627152  3.0922546         NA  4.7111801         NA
[199]         NA         NA         NA         NA  3.2798700         NA
[205]         NA         NA  2.2874475         NA         NA  0.2819641
[211]         NA  5.2262982         NA         NA         NA         NA
[217]  4.6560746         NA         NA         NA  0.8619027         NA
[223]         NA  0.8484619         NA         NA         NA         NA
[229]         NA         NA  0.8606782         NA  2.4316389         NA
[235]         NA         NA         NA         NA         NA         NA
[241]         NA         NA         NA

$TS
  [1] 49.95521172 49.29692490 42.43419529 38.19592644 45.41678486 44.99764650
  [7] 44.61168147 43.07250789 41.20977385 36.89804117 34.79328853 34.49368892
 [13] 25.68912973 34.35147838 25.97924772 44.52552364 37.41187079 35.79814523
 [19] 29.45338430 27.32586097 13.88249914 10.98192053 23.76160781 23.14980032
 [25] 21.06222471 20.79414724 20.12575059 17.00399067 16.50693666 30.75504338
 [31] 29.92972634 25.41434580 25.10851037 24.96237779 22.95777263 20.84762546
 [37] 29.87851150 21.50415504 17.66543779 26.71247126 25.80519647 24.94385012
 [43] 23.13109083 13.54792596 13.35103864 20.98666401 17.54736190 17.01027842
 [49] 19.85064765 20.84567936 19.92095442 19.98887511 14.89724176 13.25464103
 [55] 12.99428061 11.31394453  5.23517914 29.85949897 21.22570636 19.47861069
 [61] 15.85559182 22.75213086 22.15905719 19.80715111 14.64716589 24.59635209
 [67] 21.31648728 18.41076049 22.09970133 19.23236610 16.82386671 15.66341151
 [73] 22.96402168 21.89815453 15.46790372 18.03269573 16.90606701 16.87103176
 [79] 16.86311270 19.24217163 19.22156165 16.40835506 15.94076325 18.97547049
 [85] 14.63027023 14.51235596 12.66134053  6.45580914 25.39144225 15.56986321
 [91] 15.52971354 17.94173891 15.23113987 19.13983784 15.72955940 15.51161974
 [97] 16.12113719 22.03143197 15.69358999 15.44098383 10.90550640  9.20595080
[103]  7.10661950 12.70158009 11.73535902 11.00378464  6.27570087  0.27996350
[109] 16.16304333 15.89498195 15.73851017 16.68779747 25.03870857 23.88486052
[115] 23.33325309 21.56973697 13.62388857  6.42155748  4.58356150  3.96674166
[121] 19.62460907 19.10289408 15.65792634  9.90476896  8.17990233  7.53994811
[127]  3.35167238  9.75823516  7.92410206 16.10252148 15.56862693 16.34625416
[133] 24.87246683 19.62627543 16.96374985 17.61437894 22.62004849 19.97610302
[139] 15.48897837  6.16785641  4.22373669  1.15359321  3.54778090  2.10925307
[145] 18.87966396 18.76818146 16.96550251  9.03871752  6.77659079  6.70762988
[151]  6.57196290  0.88527052  9.63578273  4.90102419  2.98847741 16.09996571
[157]  8.11351088  7.73912959  5.44720217  2.11936100 15.12238708 13.14997186
[163]  9.17025411  8.32047990  6.53867762  1.31271022  0.80439774 15.06701097
[169] 14.09277191 16.04660081 15.19195697 12.74899532  7.10787886  6.91421161
[175]  6.10676778  5.11621524  4.15069735  9.00907732  2.74596888  8.56847733
[181]  6.38266617  0.82038096  0.58444597  7.06344467  6.12601067  5.88194123
[187]  3.27975777  7.53102928  6.22338160  6.21001975  5.93118106 10.36786289
[193]  3.39002634 15.45500342  3.57120193  3.81408489  5.40436383  4.81869337
[199]  4.35108122  1.89749200  6.33521327  3.24387552  3.62954764  0.54498631
[205]  0.45998086  4.82041960  5.26936647  4.56681716  2.54854523  4.81660685
[211]  0.05327647  5.76720215  4.93475692  4.06002726  3.38908628  3.27399655
[217] 10.02766508  3.07185645  2.48136416  0.01915473  4.12529386  0.72587310
[223]  1.58962117  3.39216089  2.50310475  1.32147432  1.28707669  0.52063544
[229]  2.41543147  1.44306056  1.71295091  1.34655144  2.45563574  2.01729522
[235]  2.84058435  2.16603161  0.88268189  0.51795350  2.29336613  1.29639631
[241]  0.75357043  1.10206085  0.09465054

$PAR
  [1]  NA   1   1   1   2   2   2   2   3   3   3   3   3   4   4   7   9   9
 [19]  11  11  13  13  15  15  15  15  15  15  15  17  17  17  17  17  17  17
 [37]  18  18  18  20  20  20  20  21  21  23  23  23  24  25  26  27  28  28
 [55]  28  29  29  31  32  32  32  33  33  33  33  34  34  36  37  37  39  39
 [73]  40  40  43  46  46  48  48  49  51  51  51  52  52  52  55  56  58  58
 [91]  58  59  61  69  70  70  71  73  73  75  76  76  76  77  77  77  77  77
[109]  78  79  79  80  89  89  89  89  90  92  92  92  98  98  99 101 102 102
[127] 102 106 106 109 111 112 113 113 113 114 115 116 116 118 118 118 120 120
[145] 122 122 122 124 125 126 126 127 128 129 129 130 130 130 130 130 138 139
[163] 139 139 139 141 141 146 146 147 147 147 147 147 147 147 147 148 150 153
[181] 157 157 160 163 163 163 163 164 165 165 165 169 169 170 173 177 178 178
[199] 178 179 180 180 181 183 183 184 185 186 186 188 188 189 189 190 190 190
[217] 192 193 193 193 198 198 199 208 210 214 214 214 216 216 218 218 219 221
[235] 224 224 226 226 229 229 229 232 239

$EXTANT
  [1] FALSE FALSE FALSE FALSE FALSE FALSE FALSE FALSE FALSE FALSE FALSE FALSE
 [13] FALSE FALSE FALSE FALSE FALSE FALSE FALSE FALSE FALSE FALSE FALSE FALSE
 [25] FALSE FALSE FALSE FALSE  TRUE FALSE FALSE FALSE FALSE FALSE FALSE FALSE
 [37] FALSE FALSE FALSE FALSE FALSE FALSE FALSE FALSE FALSE FALSE FALSE FALSE
 [49] FALSE FALSE FALSE FALSE FALSE FALSE FALSE  TRUE  TRUE FALSE FALSE FALSE
 [61] FALSE FALSE FALSE FALSE FALSE FALSE FALSE FALSE FALSE FALSE FALSE FALSE
 [73] FALSE FALSE FALSE FALSE  TRUE FALSE FALSE FALSE FALSE FALSE FALSE FALSE
 [85] FALSE FALSE FALSE FALSE FALSE FALSE FALSE  TRUE FALSE FALSE FALSE FALSE
 [97] FALSE FALSE FALSE FALSE FALSE FALSE  TRUE FALSE FALSE FALSE FALSE  TRUE
[109] FALSE FALSE FALSE FALSE FALSE FALSE FALSE FALSE FALSE  TRUE  TRUE FALSE
[121] FALSE FALSE FALSE FALSE FALSE FALSE  TRUE FALSE  TRUE  TRUE FALSE FALSE
[133] FALSE FALSE FALSE FALSE FALSE FALSE FALSE FALSE  TRUE  TRUE FALSE  TRUE
[145] FALSE FALSE FALSE  TRUE FALSE  TRUE FALSE  TRUE FALSE  TRUE  TRUE FALSE
[157]  TRUE  TRUE FALSE  TRUE FALSE FALSE FALSE  TRUE  TRUE FALSE  TRUE FALSE
[169]  TRUE FALSE FALSE FALSE  TRUE FALSE  TRUE FALSE FALSE FALSE  TRUE FALSE
[181]  TRUE  TRUE  TRUE  TRUE  TRUE  TRUE FALSE  TRUE  TRUE FALSE  TRUE FALSE
[193]  TRUE FALSE FALSE  TRUE FALSE  TRUE  TRUE  TRUE  TRUE  TRUE FALSE  TRUE
[205]  TRUE  TRUE FALSE  TRUE  TRUE FALSE  TRUE FALSE  TRUE  TRUE  TRUE  TRUE
[217] FALSE  TRUE  TRUE  TRUE FALSE  TRUE  TRUE FALSE  TRUE  TRUE  TRUE  TRUE
[229]  TRUE  TRUE FALSE  TRUE FALSE  TRUE  TRUE  TRUE  TRUE  TRUE  TRUE  TRUE
[241]  TRUE  TRUE  TRUE

