
Birth-death simulation object with 358 species and 149 extant species

Details for some species:

Extinction times (NA means extant)
[1] 21.63312 42.57186 32.72361 15.53980 32.24102 12.80047


Speciation times 
[1] 49.95521 47.60774 41.82237 35.82938 32.88160 23.97988


Species parents (NA for initial)
[1] NA  1  1  1  1  1


Species status (extinct or extant)
[1] "extinct" "extinct" "extinct" "extinct" "extinct" "extinct"


For more details on vector y, try sim$y, with y one of
TE TS PAR EXTANT



$TE
  [1] 21.63311585 42.57185815 32.72361313 15.53979680 32.24101790 12.80046889
  [7] 15.26631444 37.46922360 27.47067669 14.26899789 14.36038868 21.54683242
 [13] 16.36951326 18.48264555 11.53478712 14.69858196 13.97877149 12.88633654
 [19] 15.79764236 12.36843873 14.62704606 15.55588523 29.72552223 37.13174511
 [25] 15.52066016 17.31733500 14.98654980 19.91079683 18.53092366 15.62221286
 [31] 13.29536634 13.47760796 15.61774592 22.61396495  7.41188926 31.10856998
 [37] 20.06479616 29.18426618 15.90496419 21.26473252 16.07455052 11.45869943
 [43] 19.16900197 15.04327710 13.48881551 22.97550699 23.34378346 30.68439954
 [49] 27.27987285 12.72270307 19.23128865 13.95029938  1.27172393  7.17339398
 [55] 29.53599295 23.57182995 11.69787550 15.07732357 23.48040924  4.02553500
 [61] 20.49751510 15.68134482 13.25851991 15.42838686 11.74697970 17.94798313
 [67] 20.80249151 12.19651186 15.93090974 11.22616796  9.71189754 29.16760623
 [73] 24.53405406 15.37282852 16.69784964 19.95854632          NA 16.04365364
 [79] 11.67200219 12.31700275 13.71965570 24.92467187 26.35378161 14.85514755
 [85] 11.25112056  6.53903995  7.25776818          NA 17.71324864 16.05769639
 [91] 15.34984016 13.65579005 14.53254067 15.30341456  9.13991484 11.97943878
 [97] 16.03251717 16.07806721          NA  0.66695480          NA  3.54271865
[103]          NA          NA 14.85097035 13.19359358 11.69661185 12.01845020
[109] 15.59003383 15.90877553 20.79783034 16.13087916 12.86724652  2.43033873
[115]          NA  5.91047970          NA          NA  2.28434243          NA
[121] 17.76517255 14.22826076 17.36179165          NA 12.48604839 13.05371914
[127] 11.78024026 15.29158323          NA          NA  4.90297011          NA
[133]  2.67783501          NA          NA 14.39837649 11.53109566 18.37666497
[139] 14.00579834          NA          NA  4.16497336  4.61528868  4.29880356
[145]          NA  1.18346422          NA          NA          NA          NA
[151]          NA          NA          NA 15.24559907 15.44472664 13.74251119
[157] 12.66367765 13.55538338  5.36012605  5.20798459          NA          NA
[163]  0.15830936 15.86136554 14.71201373 13.55637329  1.86941165  3.14525542
[169]          NA          NA          NA  5.77815186          NA          NA
[175]  0.28470891          NA  2.31953941  0.98292574 15.04186231  4.58140665
[181]          NA          NA          NA          NA          NA          NA
[187]          NA  0.08412410  1.82664999 15.77773212  3.13092697  5.40423227
[193]          NA          NA          NA          NA 10.17915774  3.42109780
[199]  4.63771755  6.13723383          NA          NA          NA          NA
[205]          NA          NA          NA  2.91534394  0.07675839          NA
[211]          NA          NA          NA          NA          NA  5.94035566
[217]  9.70040124  3.00820196  0.92205163 13.91006767 13.18124395  1.44646466
[223]          NA          NA  1.66594389          NA  4.02595961          NA
[229]          NA          NA  6.41006169          NA  0.34900069          NA
[235]          NA  0.06223921          NA          NA          NA          NA
[241]          NA          NA          NA  9.25848188  0.58284358          NA
[247]          NA 15.19699411 13.64607222 12.77895980          NA          NA
[253]          NA          NA          NA          NA          NA          NA
[259]  7.52558370  5.14427329  3.41516646          NA  1.39161963          NA
[265]  2.53232917          NA  3.05724342          NA          NA          NA
[271]          NA 11.98668871  4.26875217  1.42903691          NA  2.71870843
[277]          NA          NA          NA          NA          NA          NA
[283]          NA          NA  2.16995967  2.48750208          NA          NA
[289]          NA          NA 12.35495658  3.94928392          NA          NA
[295]          NA          NA          NA          NA          NA          NA
[301]  2.34113263          NA          NA          NA  6.13619050          NA
[307]          NA          NA          NA          NA          NA          NA
[313]          NA  0.64417137          NA          NA  0.70236846          NA
[319]          NA  1.32208781  7.64199899  6.39708078          NA          NA
[325]          NA  3.40252185          NA  6.49785243          NA          NA
[331]          NA          NA          NA  0.41971992          NA  6.41838020
[337]  8.74258031          NA  8.00894454  2.67934331          NA          NA
[343]          NA  1.62002100          NA          NA  5.28859475  4.61754503
[349]  8.42534575          NA  0.21241141          NA          NA          NA
[355]          NA  3.93738967  3.19791653          NA

$TS
  [1] 49.95521172 47.60773577 41.82236940 35.82938355 32.88159523 23.97987629
  [7] 22.02799956 45.17608378 27.77521939 26.13508714 24.01998644 22.74902343
 [13] 22.11184661 21.77632875 19.96510807 16.83462478 15.04745263 20.46952024
 [19] 20.37634744 19.05574889 18.80676591 16.25335040 41.78871648 39.41460695
 [25] 23.79566957 23.30878307 19.90403811 22.42962762 19.64925760 16.11516175
 [31] 14.07193190 19.29053137 16.42155528 37.87056363 35.62377434 33.43942097
 [37] 32.25939052 31.64354218 37.50613547 21.90343958 19.35560306 19.19767441
 [43] 22.23900293 20.48261343 17.75729439 36.30941302 24.25439982 33.01497532
 [49] 28.41747877 24.57957816 23.57175405 16.52893925 11.41696762  8.63885187
 [55] 31.51227752 26.75419200 22.35303002 21.43149394 29.25704380 26.63080408
 [61] 25.99367822 25.91410449 25.49831842 24.41264694 16.08112039 21.71394931
 [67] 21.05207734 17.87302398 16.41983261 15.19879381 14.50073001 30.68874871
 [73] 29.55276249 27.81697731 24.90161804 23.23764091 10.99256971 20.87335947
 [79] 16.54155580 13.57292389 15.73602296 29.25313608 27.59577725 24.31076836
 [85] 22.53815428 10.21161977  9.80203956  8.85235721 23.79743043 19.39170239
 [91] 20.83423414 14.22219034 20.49426825 17.04945795 12.65412270 18.54620171
 [97] 20.78980136 20.35379770  9.45981958  7.44939414  6.91685274  6.63018880
[103]  1.89759526  0.41789948 19.10773212 15.03030799 11.70575550 12.72895229
[109] 23.75698789 16.24974246 22.16531909 20.46893309 13.23829134 10.10608051
[115]  9.02928953  7.54520256  6.56725059  8.01300556  3.13596169  2.18435236
[121] 18.70059238 18.30270190 18.04406316 14.98635098 14.88522953 17.44009371
[127] 18.95680303 16.27149300  7.83454900  2.69835819  6.88622144  6.62343074
[133]  4.62287825  0.42747810  1.86443256 17.41331422 15.72536917 18.97283744
[139] 16.11993164  2.71983323  7.79404744  7.18268511  4.61988981  4.36400458
[145]  2.07410890  1.77819983  6.81240062  5.97171572  5.62544947  3.72697051
[151]  2.14431476  1.46490390  0.42145380 17.96184301 17.64981860 17.63791668
[157] 13.86940045 13.85171711  7.63912682  7.30103865  2.69021256  0.85684043
[163] 13.20955899 16.50995517 16.21946350 14.55983201  7.47856132  4.74850021
[169]  2.09398377  0.26495395  1.31230711  5.90900088  5.11114629  3.83510336
[175]  1.40753951  4.47108896  2.84711642  2.69592845 15.04362114 13.08851387
[181]  1.60882100  1.45726097  4.24166485  1.97145841  1.48587901  5.36920108
[187]  3.69126096  3.31944855 15.81793796 17.52715322  7.05935464  7.00478048
[193]  6.65946677  6.04341180  0.77807896  0.44907413 11.62824806  6.69245691
[199]  6.48425727  6.16969723  3.84239422  2.84541179  2.56779721  4.67543136
[205]  0.06303444  1.66478488  0.19132814  6.34097078  6.03196991  2.38090205
[211]  0.47586352  0.68162702  3.69938875  2.80839802  2.53123876 12.13838029
[217] 12.03904432  5.23617960  3.06799103 17.06723819 16.40975234 16.14435003
[223]  5.40671077  5.30429596  6.28305578  5.78708386  4.79435166  2.69965383
[229]  0.90077483  0.46987155 10.91670106  6.55390142  4.27219426  1.88785568
[235]  1.54939371  1.00450922  1.19844256  4.62872603  0.51885869  2.27500685
[241]  2.10389989  0.76125841  0.09931382 10.56579378  9.02449216  8.43534198
[247]  6.88101388 15.21890614 15.71866028 15.03636223 14.03686421 10.88974781
[253]  7.22948405  5.45183532  3.18076322  2.67503554  2.72855511  0.75905952
[259]  8.95222720  8.54826098  7.66812376  3.60588819  1.53446058  0.37488723
[265]  8.26053737  6.40647263  6.55151787  2.57416650  1.42899085  1.39216569
[271] 13.26072044 12.08637829  9.84590593  2.05130730  8.16923024  7.53554923
[277]  0.68711088  0.54850529  3.66243022  2.82672542  1.37570665  8.19561343
[283]  6.24486491  7.33554828  4.41041903  2.83313545  7.07455346  3.18517515
[289]  4.77016093  4.75043764 12.66405756 11.76837007  7.77528715  4.18099172
[295]  3.11455706  0.35704074  2.92684970  4.88346747  1.51203381  1.19507877
[301]  6.35442556  4.70824232 12.48850310  9.40439242  7.42989222  6.48029266
[307]  4.46862168  7.40216248  2.03916502  1.75552084  1.73186230  1.55838826
[313]  0.49761583  2.51688606  1.43079377  4.59182113  3.71461552  1.09456952
[319]  0.14883939 11.06544699  9.04285936  8.86219615  1.85984707  0.41776551
[325]  6.46786667  6.40728629  2.78883890  7.11173056  3.96802146  3.37920832
[331]  3.13256342  0.66075510  0.65598791  2.83848195  0.01394657 10.86698965
[337] 10.14503832  4.61395165  8.35477583  7.19244913  2.32170052  1.25004330
[343]  0.23907856  3.76508758  1.59952319  1.79549186 10.26410496 10.11855429
[349]  9.16343031  1.11519311  0.89038531  0.95323379  0.50972541  3.07347800
[355]  1.63596379  6.51511654  5.28372139  0.02171575

$PAR
  [1]  NA   1   1   1   1   1   1   2   4   4   4   4   4   4   4   4   6   7
 [19]   7   7   7   7   8   8  10  10  10  11  13  15  18  19  21  23  23  23
 [37]  23  23  24  25  25  27  28  28  32  34  34  35  35  35  35  35  35  35
 [55]  36  37  37  37  39  39  39  39  39  39  39  40  43  44  44  45  45  46
 [73]  46  46  46  46  53  57  57  57  58  59  59  60  60  60  60  60  61  62
 [91]  64  65  66  68  71  75  76  76  77  77  77  77  77  77  78  79  79  80
[109]  84  84  85  85  85  86  86  86  86  87  88  88  91  93  93  93  93  96
[127]  98  98  99  99 101 101 101 101 103 105 105 109 110 114 115 115 115 115
[145] 117 117 118 118 118 118 120 120 120 122 123 123 124 124 124 124 124 124
[163] 125 127 127 127 129 129 129 129 130 132 132 132 132 133 133 133 136 137
[181] 140 146 148 148 148 149 150 150 154 155 159 159 159 160 161 161 163 163
[199] 163 163 163 163 167 168 170 176 176 180 180 183 183 184 186 186 188 189
[217] 189 189 189 190 190 190 191 191 193 193 193 193 194 194 197 198 198 201
[235] 201 202 203 209 209 210 210 210 213 216 216 216 216 220 221 222 222 222
[253] 222 222 222 225 226 228 231 231 231 232 235 238 245 245 247 247 247 247
[271] 250 251 251 251 252 252 252 253 254 254 257 260 260 261 261 262 265 265
[289] 267 267 271 271 271 271 271 271 276 282 284 284 287 289 291 292 292 292
[307] 292 293 294 295 295 295 295 298 298 301 301 302 302 303 304 304 304 304
[325] 305 305 307 308 308 308 308 309 314 317 319 320 320 320 322 322 325 327
[343] 327 329 330 331 336 336 337 338 338 341 341 344 344 347 348 355

$EXTANT
  [1] FALSE FALSE FALSE FALSE FALSE FALSE FALSE FALSE FALSE FALSE FALSE FALSE
 [13] FALSE FALSE FALSE FALSE FALSE FALSE FALSE FALSE FALSE FALSE FALSE FALSE
 [25] FALSE FALSE FALSE FALSE FALSE FALSE FALSE FALSE FALSE FALSE FALSE FALSE
 [37] FALSE FALSE FALSE FALSE FALSE FALSE FALSE FALSE FALSE FALSE FALSE FALSE
 [49] FALSE FALSE FALSE FALSE FALSE FALSE FALSE FALSE FALSE FALSE FALSE FALSE
 [61] FALSE FALSE FALSE FALSE FALSE FALSE FALSE FALSE FALSE FALSE FALSE FALSE
 [73] FALSE FALSE FALSE FALSE  TRUE FALSE FALSE FALSE FALSE FALSE FALSE FALSE
 [85] FALSE FALSE FALSE  TRUE FALSE FALSE FALSE FALSE FALSE FALSE FALSE FALSE
 [97] FALSE FALSE  TRUE FALSE  TRUE FALSE  TRUE  TRUE FALSE FALSE FALSE FALSE
[109] FALSE FALSE FALSE FALSE FALSE FALSE  TRUE FALSE  TRUE  TRUE FALSE  TRUE
[121] FALSE FALSE FALSE  TRUE FALSE FALSE FALSE FALSE  TRUE  TRUE FALSE  TRUE
[133] FALSE  TRUE  TRUE FALSE FALSE FALSE FALSE  TRUE  TRUE FALSE FALSE FALSE
[145]  TRUE FALSE  TRUE  TRUE  TRUE  TRUE  TRUE  TRUE  TRUE FALSE FALSE FALSE
[157] FALSE FALSE FALSE FALSE  TRUE  TRUE FALSE FALSE FALSE FALSE FALSE FALSE
[169]  TRUE  TRUE  TRUE FALSE  TRUE  TRUE FALSE  TRUE FALSE FALSE FALSE FALSE
[181]  TRUE  TRUE  TRUE  TRUE  TRUE  TRUE  TRUE FALSE FALSE FALSE FALSE FALSE
[193]  TRUE  TRUE  TRUE  TRUE FALSE FALSE FALSE FALSE  TRUE  TRUE  TRUE  TRUE
[205]  TRUE  TRUE  TRUE FALSE FALSE  TRUE  TRUE  TRUE  TRUE  TRUE  TRUE FALSE
[217] FALSE FALSE FALSE FALSE FALSE FALSE  TRUE  TRUE FALSE  TRUE FALSE  TRUE
[229]  TRUE  TRUE FALSE  TRUE FALSE  TRUE  TRUE FALSE  TRUE  TRUE  TRUE  TRUE
[241]  TRUE  TRUE  TRUE FALSE FALSE  TRUE  TRUE FALSE FALSE FALSE  TRUE  TRUE
[253]  TRUE  TRUE  TRUE  TRUE  TRUE  TRUE FALSE FALSE FALSE  TRUE FALSE  TRUE
[265] FALSE  TRUE FALSE  TRUE  TRUE  TRUE  TRUE FALSE FALSE FALSE  TRUE FALSE
[277]  TRUE  TRUE  TRUE  TRUE  TRUE  TRUE  TRUE  TRUE FALSE FALSE  TRUE  TRUE
[289]  TRUE  TRUE FALSE FALSE  TRUE  TRUE  TRUE  TRUE  TRUE  TRUE  TRUE  TRUE
[301] FALSE  TRUE  TRUE  TRUE FALSE  TRUE  TRUE  TRUE  TRUE  TRUE  TRUE  TRUE
[313]  TRUE FALSE  TRUE  TRUE FALSE  TRUE  TRUE FALSE FALSE FALSE  TRUE  TRUE
[325]  TRUE FALSE  TRUE FALSE  TRUE  TRUE  TRUE  TRUE  TRUE FALSE  TRUE FALSE
[337] FALSE  TRUE FALSE FALSE  TRUE  TRUE  TRUE FALSE  TRUE  TRUE FALSE FALSE
[349] FALSE  TRUE FALSE  TRUE  TRUE  TRUE  TRUE FALSE FALSE  TRUE

