
Birth-death simulation object with 181 species and 62 extant species

Details for some species:

Extinction times (NA means extant)
[1] 37.26953 28.15974 19.10940 27.04666 19.64233 30.13099


Speciation times 
[1] 49.95521 42.16627 41.20105 32.70147 32.61469 31.43411


Species parents (NA for initial)
[1] NA  1  1  2  2  2


Species status (extinct or extant)
[1] "extinct" "extinct" "extinct" "extinct" "extinct" "extinct"


For more details on vector y, try sim$y, with y one of
TE TS PAR EXTANT



$TE
  [1] 37.26952868 28.15973677 19.10939745 27.04666023 19.64233456 30.13098758
  [7] 33.11594473 16.73909093 21.31850975 14.05009847 17.16680469 22.42213062
 [13] 26.38219214 19.19030219 14.11460921 15.61447910 14.10824698 26.88334250
 [19] 28.63576371 20.27903460 22.26467931 15.16218635 14.19410191 22.10197428
 [25]  6.68767142  6.28394904 11.19080099 18.52902586 15.64782727 11.09491738
 [31] 13.96325019 27.25735978 18.66035647  3.30735254 13.10933655  9.04747599
 [37] 26.32105017 15.02964246 14.40490478 25.77280833 14.08990114 12.21414717
 [43] 15.95908118 15.59351079 14.27067211 20.22716845  4.44417976          NA
 [49] 14.64769556 13.38324736 13.37037528 13.19423460 18.09329188 14.31489212
 [55]  1.64310666 15.04028999 16.06463184 13.75155334 15.78305798 10.31695386
 [61]  0.25219196          NA          NA 15.63226924 20.06096787 15.92522115
 [67] 12.49048716 15.68211232 15.66806631          NA  8.10171004 14.57009859
 [73] 15.13345381 12.87685417 15.51687213 14.65895186 12.64174491 12.02436605
 [79]          NA  5.72540760          NA  1.93138187  1.08638331          NA
 [85]          NA 12.34375275 12.70139598  3.54020462  2.19116502  1.41455066
 [91]          NA          NA 15.64395296 15.71266766 12.89349448 11.90786719
 [97]  5.97385387          NA 17.16465045  0.45326957 14.87761452 12.99331320
[103]          NA          NA          NA  4.32791093  3.90820655          NA
[109] 15.62047664  1.25906927          NA  8.02047144  4.15265872  0.80336045
[115]          NA          NA          NA          NA 15.97570502 13.33281354
[121]  6.77560862          NA          NA          NA 15.89471515          NA
[127]          NA          NA 13.38953319 13.38057378  6.19385908  1.64386483
[133]  3.94715101          NA          NA  0.77514106 11.18747896          NA
[139]          NA          NA  6.67721532          NA          NA          NA
[145]          NA          NA          NA          NA          NA          NA
[151]          NA          NA          NA          NA  4.65847492          NA
[157]          NA  0.01675766          NA          NA          NA          NA
[163]  0.31490225  6.87928655  5.53425586          NA          NA          NA
[169]          NA          NA          NA  1.18849548          NA          NA
[175]          NA          NA  1.47563249          NA  5.45760387          NA
[181]  3.97616086

$TS
  [1] 49.95521172 42.16627230 41.20105003 32.70146632 32.61469047 31.43411246
  [7] 36.21397952 32.29234256 24.48590439 21.00073502 20.20917940 32.34852297
 [13] 31.05188333 22.69636392 20.47583874 34.07278856 31.17142798 31.13705365
 [19] 29.27632939 26.14266183 23.43511437 21.11405944 17.28188350 23.64438647
 [25] 23.28573820 19.09265686 18.71453536 27.84151704 20.18256382 18.45048631
 [31] 15.25471257 30.86730285 23.43382924 18.57430529 15.80023119 26.66106060
 [37] 26.45620288 22.16775557 19.58751905 28.22793505 23.26330365 18.61318898
 [43] 18.06841280 16.67171837 15.94819276 20.95669261  8.70093131  6.96388573
 [49] 15.84198403 13.60651340 16.81042169 16.36459857 19.55454950 17.76531226
 [55] 11.41731632 15.11900529 18.73640815 18.05063479 17.10762714 11.04185347
 [61] 10.33723355  4.13139213  4.09637589 22.46938554 20.35646901 18.33613492
 [67] 17.28416774 16.37920850 16.19609447  9.54634929  9.31880248 18.03823788
 [73] 21.65752595 20.77794838 17.28775539 17.93260889 14.22441009 15.97665269
 [79]  8.54793573  6.13786425  1.66445374  9.30312609  7.01384576  3.81390116
 [85]  2.82040055 17.83844270 14.68735100 10.08357082  6.00168127  4.58781526
 [91]  2.84370860  1.75205439 18.46041962 18.05399392 14.35307849 13.49564754
 [97]  9.16801100  4.34321572 17.99686694 14.03786368 15.88783706 17.83361004
[103]  3.54128157  2.61351656  1.07061458  6.15024157  5.28119284  0.85370155
[109] 16.54670508 14.82146535 13.56500478  8.22484811  8.11660750  3.86777568
[115]  4.83704997  3.43251750  4.04163397  3.69942927 17.14888422 13.39850693
[121]  8.90000179  7.31633042  3.71922911  0.07979778 17.93955792  7.70930775
[127]  4.00817342  2.02719015 14.04221493 14.23546657  7.59501681  6.14914226
[133]  5.15064808  2.57283937  2.42559670  2.22901960 11.92332616  7.32040914
[139]  6.56712937  8.06957588  7.92852844  2.44347258  1.34512309  2.21257516
[145]  1.60657230  3.52188700  2.82214349  0.35913066  4.61756514  0.11980002
[151]  1.91143629  1.27335960  3.23269600  1.37113442  5.63544114  3.47626321
[157]  1.94640693  3.89306000  0.66860427  3.57605527  6.38818207  4.26015341
[163]  1.40432047  7.40825202  7.33914913  2.43070142  0.73244251  2.74060502
[169]  1.74352209  2.44846591  3.61529266  3.00548444  1.00576107  6.90021138
[175]  0.33014073  0.18005297  1.96296314  0.28000244  6.56382538  6.13957789
[181]  4.86801573

$PAR
  [1]  NA   1   1   2   2   2   3   3   3   3   3   5   5   5   5   7   8   8
 [19]   8   8   8   8   8   9   9  11  11  12  15  15  15  16  16  16  16  17
 [37]  17  17  17  18  21  22  22  23  23  25  25  25  26  26  27  27  29  30
 [55]  30  31  33  34  34  34  34  34  34  36  36  36  36  36  36  36  36  38
 [73]  41  41  41  42  42  43  47  48  48  55  55  55  55  58  58  61  61  61
 [91]  61  62  64  64  67  67  70  70  74  74  75  76  79  79  79  83  83  84
[109]  86  86  87  88  88  88  89  89  90  90  94  95  97  97  98  98  99 100
[127] 100 100 102 110 110 110 110 110 110 110 111 111 111 112 113 114 114 115
[145] 116 117 118 118 122 122 123 123 126 127 132 132 136 138 138 139 140 140
[163] 140 141 141 149 151 156 158 160 161 161 161 164 167 167 171 171 174 179
[181] 180

$EXTANT
  [1] FALSE FALSE FALSE FALSE FALSE FALSE FALSE FALSE FALSE FALSE FALSE FALSE
 [13] FALSE FALSE FALSE FALSE FALSE FALSE FALSE FALSE FALSE FALSE FALSE FALSE
 [25] FALSE FALSE FALSE FALSE FALSE FALSE FALSE FALSE FALSE FALSE FALSE FALSE
 [37] FALSE FALSE FALSE FALSE FALSE FALSE FALSE FALSE FALSE FALSE FALSE  TRUE
 [49] FALSE FALSE FALSE FALSE FALSE FALSE FALSE FALSE FALSE FALSE FALSE FALSE
 [61] FALSE  TRUE  TRUE FALSE FALSE FALSE FALSE FALSE FALSE  TRUE FALSE FALSE
 [73] FALSE FALSE FALSE FALSE FALSE FALSE  TRUE FALSE  TRUE FALSE FALSE  TRUE
 [85]  TRUE FALSE FALSE FALSE FALSE FALSE  TRUE  TRUE FALSE FALSE FALSE FALSE
 [97] FALSE  TRUE FALSE FALSE FALSE FALSE  TRUE  TRUE  TRUE FALSE FALSE  TRUE
[109] FALSE FALSE  TRUE FALSE FALSE FALSE  TRUE  TRUE  TRUE  TRUE FALSE FALSE
[121] FALSE  TRUE  TRUE  TRUE FALSE  TRUE  TRUE  TRUE FALSE FALSE FALSE FALSE
[133] FALSE  TRUE  TRUE FALSE FALSE  TRUE  TRUE  TRUE FALSE  TRUE  TRUE  TRUE
[145]  TRUE  TRUE  TRUE  TRUE  TRUE  TRUE  TRUE  TRUE  TRUE  TRUE FALSE  TRUE
[157]  TRUE FALSE  TRUE  TRUE  TRUE  TRUE FALSE FALSE FALSE  TRUE  TRUE  TRUE
[169]  TRUE  TRUE  TRUE FALSE  TRUE  TRUE  TRUE  TRUE FALSE  TRUE FALSE  TRUE
[181] FALSE

