
Birth-death simulation object with 262 species and 88 extant species

Details for some species:

Extinction times (NA means extant)
[1] 39.56817 45.03234 44.84192 31.59413 36.34040 35.83142


Speciation times 
[1] 49.95521 47.73648 47.23560 43.49958 42.63196 42.39321


Species parents (NA for initial)
[1] NA  1  1  1  4  4


Species status (extinct or extant)
[1] "extinct" "extinct" "extinct" "extinct" "extinct" "extinct"


For more details on vector y, try sim$y, with y one of
TE TS PAR EXTANT



$TE
  [1] 39.56817183 45.03234009 44.84192038 31.59412979 36.34039779 35.83141946
  [7] 28.57931342 19.08407191 21.72641423 13.12384915 27.16205287 30.89462893
 [13] 30.91555000 38.77960904 30.98428200 18.66819855 11.18549183 23.68214476
 [19] 15.37590914 14.98066466 12.86384442 15.94256312 15.67582590 34.35952757
 [25] 30.57783490 29.81754682 38.15281919 30.24485568 22.09547650 22.58983419
 [31] 29.94757629 26.26450580 15.29155688 15.54878691 21.46818468 21.73212538
 [37] 14.47148777 15.85071509  0.13820387 14.29190376 13.02286086 17.53995318
 [43] 22.36696439 15.22317526 10.69808796 22.08331009 16.89451577 20.57424531
 [49] 25.31450198 29.20573730 23.00160740 19.73617045 15.71696758 14.03751579
 [55] 21.51131251 14.97263753 15.13911456 10.03604386          NA  7.28809325
 [61]  6.20725184  5.49629904 20.16338144 16.07977129          NA 16.20434952
 [67] 14.60885512 11.56366153 22.21286001 17.58296225 15.45620442 20.06208473
 [73] 12.74182248 29.79515102 23.52058243 17.26008591 17.11133122 25.14815862
 [79] 19.28227298 13.30279876 18.51476081          NA          NA          NA
 [85]          NA  4.99477776          NA 14.86849103 13.37878394  2.90075767
 [91]          NA 21.27610733 15.13861788 11.12737226 14.59199441 14.76383488
 [97] 11.35713175 13.40864535 14.18976729 14.33205662 16.87330582 15.91573203
[103] 14.75757636 17.63363438  3.56376665 24.65125888 13.46086448 15.28757933
[109] 14.51861177 19.83347208          NA          NA          NA  2.53993211
[115]  1.31304462  4.94711172  1.98621190          NA          NA          NA
[121]  0.08344097          NA          NA          NA  1.44163140          NA
[127] 17.10749914 15.12955767 14.61517074  6.79601199 14.75622451 17.31261344
[133] 13.95032006 23.78085720 14.37170245 21.42767215 13.71831307 12.87549068
[139]  9.16527109  8.10201190 17.42312633 12.67700640 14.82745306 18.79868168
[145]          NA  4.02771562          NA          NA          NA  4.35829461
[151]  3.85865471  4.26301573  5.11510478          NA          NA  6.03807485
[157]          NA  1.65358218  4.14903017  1.98799912          NA  0.13273844
[163] 13.86963628 15.98019980 15.49162116 15.59798466          NA 14.65122141
[169] 15.81330489 11.28230969 18.15749761 15.49208584  4.04088428          NA
[175]          NA          NA          NA          NA  0.19115701  4.70612934
[181]  2.03198902  5.34524084  3.03680971  3.77243029  1.43805764          NA
[187]  3.60420955          NA          NA          NA          NA 15.28723766
[193] 15.39135666 15.20167338  0.85383830  2.72918346          NA          NA
[199] 15.92043314 15.15755225          NA          NA          NA          NA
[205]          NA          NA          NA  0.06792288          NA          NA
[211]          NA          NA  1.45543162  4.53251803  3.85409144          NA
[217]          NA          NA          NA          NA          NA          NA
[223]          NA          NA          NA          NA          NA  5.74625319
[229]  0.31547080          NA          NA          NA          NA          NA
[235]          NA  0.32090069          NA  1.75135796          NA          NA
[241]          NA          NA  2.31654407          NA          NA          NA
[247]          NA          NA          NA  0.87476857          NA  0.79331308
[253]  0.04493524          NA          NA          NA          NA          NA
[259]          NA          NA          NA  0.62815936

$TS
  [1] 49.9552117 47.7364755 47.2356011 43.4995773 42.6319622 42.3932088
  [7] 41.3040667 40.2121325 36.2612478 34.5801473 37.4873345 41.1268019
 [13] 36.2976390 39.4560102 32.4792587 25.4286977 19.2044298 34.1917680
 [19] 24.7047861 22.2705142 32.0920101 16.7364020 16.1466106 34.9586195
 [25] 31.4355987 30.6502243 38.5180267 35.5089887 33.0704437 31.6495007
 [31] 35.2620322 32.7721785 20.3875314 33.0565914 24.6915334 24.4724482
 [37] 23.0957604 18.6866366 17.8852336 17.8808185 27.9103377 23.1717803
 [43] 22.5372503 16.0446918 12.9147283 29.9897399 26.7336552 23.3484097
 [49] 33.2382542 30.1383518 29.0815497 29.0429100 20.1930857 15.7186571
 [55] 24.5196639 24.4310178 15.7238710 10.6738093  8.9356229  8.7162300
 [61]  8.0177260  7.6634801 23.4137743 16.5898955 16.5646322 16.4361796
 [67] 26.9491298 23.1020879 22.9589832 19.6239836 17.8387232 22.4958219
 [73] 20.7250706 32.4117373 29.9271058 26.8994896 25.3180797 25.4742867
 [79] 20.5810969 18.5518971 20.6615563 10.2345913  6.4353090  6.0408233
 [85]  1.3642432  8.1045490  7.0414469 16.1069388 13.7828913  8.0440357
 [91]  6.0748557 23.1773635 19.6680997 14.7590749 14.6599717 16.2109787
 [97] 15.1295069 14.4429037 17.9241545 17.7265508 22.4173835 18.7868147
[103] 18.2620208 32.0129686 21.7849783 25.3076166 19.7508401 17.2739652
[109] 15.9343559 20.5700343  9.0521331  8.7449231  8.3519636  6.7211123
[115]  6.5441578  5.9986965  3.3327767  6.2022964  5.5020178  2.9495360
[121]  2.5048153  5.4107773  2.0425857  0.3013389  5.1691100  3.1253751
[127] 18.3748245 15.4571403 14.9817793 11.6099725 16.0126231 17.7900326
[133] 30.9824404 27.5040140 27.1659853 25.0933009 22.1254590 14.9485455
[139] 10.6322950  8.5098289 18.8830946 16.7594221 16.2912473 19.8692095
[145]  7.2942938  7.0988515  6.6801497  0.8260932  6.4862684  4.5904096
[151]  4.3008667  8.2165849  5.7907024  1.8751921  6.2881655  6.4403903
[157]  5.1523869  4.4536398  4.5197158  3.1382077  2.3403271  2.2281983
[163] 24.3534406 21.6650226 18.3144422 23.4116797 17.4722807 21.7818383
[169] 18.3095022 14.4893866 18.6555846 15.7777624  5.0657321  3.9638349
[175]  1.2498668  5.9823532  4.5844751  4.1859442  4.1169845  6.5403730
[181]  2.2154078  6.3493147  6.0296554  4.9331402  1.5375468  0.1195829
[187]  5.0163372  1.3092627  0.8132703  2.4424334  2.4088578 15.4443326
[193] 16.6770209 17.1764776  5.8153918  4.6988525  4.0952212  0.8344025
[199] 18.9936908 15.2923093 12.2528254  1.3501953  1.1502529  3.7534356
[205]  3.6233050  1.0354312  1.6960821  1.6974009  4.7709982  0.4255936
[211]  0.4931429  0.2815866  9.5931439  8.7166079  4.6420617  1.1040474
[217]  0.5947821  0.3584119  0.6967989  0.5736834  0.5216645  0.4270583
[223]  2.5152725  0.6390078  1.2941022  1.0104200  0.1773341  9.5774694
[229]  8.1139682  2.5896433  0.6863881  0.1057763  0.3516729  8.6190678
[235]  8.5392838  4.3936416  4.3038977  7.7020744  7.0771710  2.9229440
[241]  2.0621476  3.1707920  3.9626819  4.3214834  3.9042285  2.5239057
[247]  2.0049090  0.4486492  0.2260235  2.5954822  2.5454866  2.7671190
[253]  1.4892223  2.9842183  2.3611690  2.0373139  0.1132137  2.5042997
[259]  0.8211933  0.1697823  0.3314003  0.7413276

$PAR
  [1]  NA   1   1   1   4   4   4   4   4   4   5   6   6   8   8   8   8   9
 [19]   9   9  10  10  10  11  11  11  12  12  12  12  13  13  16  18  19  19
 [37]  19  19  20  20  21  21  21  21  21  26  29  29  31  31  32  32  34  34
 [55]  35  36  39  39  39  39  39  39  41  41  41  41  46  46  46  47  47  48
 [73]  48  49  49  51  51  52  52  53  56  58  59  59  59  60  62  65  65  65
 [91]  65  67  67  67  67  68  68  68  70  70  72  73  73  74  77  78  79  80
[109]  80  81  82  82  82  82  82  82  82  83  83  84  84  86  87  87  90  91
[127]  93  93  96  97 100 103 104 104 104 104 104 105 105 105 107 108 108 110
[145] 111 111 111 111 112 112 112 113 113 113 114 115 115 115 118 119 120 126
[163] 133 133 133 135 135 136 137 138 141 142 145 145 145 146 146 146 146 147
[181] 149 152 152 152 154 155 157 157 157 158 158 163 165 166 167 167 167 167
[199] 168 168 170 176 176 177 177 177 178 179 187 189 190 190 201 201 201 201
[217] 202 202 204 204 204 204 205 207 208 209 211 213 213 213 216 220 221 228
[235] 228 229 229 234 234 235 235 237 238 239 239 239 239 239 239 242 243 244
[253] 244 245 246 246 253 254 255 255 258 259

$EXTANT
  [1] FALSE FALSE FALSE FALSE FALSE FALSE FALSE FALSE FALSE FALSE FALSE FALSE
 [13] FALSE FALSE FALSE FALSE FALSE FALSE FALSE FALSE FALSE FALSE FALSE FALSE
 [25] FALSE FALSE FALSE FALSE FALSE FALSE FALSE FALSE FALSE FALSE FALSE FALSE
 [37] FALSE FALSE FALSE FALSE FALSE FALSE FALSE FALSE FALSE FALSE FALSE FALSE
 [49] FALSE FALSE FALSE FALSE FALSE FALSE FALSE FALSE FALSE FALSE  TRUE FALSE
 [61] FALSE FALSE FALSE FALSE  TRUE FALSE FALSE FALSE FALSE FALSE FALSE FALSE
 [73] FALSE FALSE FALSE FALSE FALSE FALSE FALSE FALSE FALSE  TRUE  TRUE  TRUE
 [85]  TRUE FALSE  TRUE FALSE FALSE FALSE  TRUE FALSE FALSE FALSE FALSE FALSE
 [97] FALSE FALSE FALSE FALSE FALSE FALSE FALSE FALSE FALSE FALSE FALSE FALSE
[109] FALSE FALSE  TRUE  TRUE  TRUE FALSE FALSE FALSE FALSE  TRUE  TRUE  TRUE
[121] FALSE  TRUE  TRUE  TRUE FALSE  TRUE FALSE FALSE FALSE FALSE FALSE FALSE
[133] FALSE FALSE FALSE FALSE FALSE FALSE FALSE FALSE FALSE FALSE FALSE FALSE
[145]  TRUE FALSE  TRUE  TRUE  TRUE FALSE FALSE FALSE FALSE  TRUE  TRUE FALSE
[157]  TRUE FALSE FALSE FALSE  TRUE FALSE FALSE FALSE FALSE FALSE  TRUE FALSE
[169] FALSE FALSE FALSE FALSE FALSE  TRUE  TRUE  TRUE  TRUE  TRUE FALSE FALSE
[181] FALSE FALSE FALSE FALSE FALSE  TRUE FALSE  TRUE  TRUE  TRUE  TRUE FALSE
[193] FALSE FALSE FALSE FALSE  TRUE  TRUE FALSE FALSE  TRUE  TRUE  TRUE  TRUE
[205]  TRUE  TRUE  TRUE FALSE  TRUE  TRUE  TRUE  TRUE FALSE FALSE FALSE  TRUE
[217]  TRUE  TRUE  TRUE  TRUE  TRUE  TRUE  TRUE  TRUE  TRUE  TRUE  TRUE FALSE
[229] FALSE  TRUE  TRUE  TRUE  TRUE  TRUE  TRUE FALSE  TRUE FALSE  TRUE  TRUE
[241]  TRUE  TRUE FALSE  TRUE  TRUE  TRUE  TRUE  TRUE  TRUE FALSE  TRUE FALSE
[253] FALSE  TRUE  TRUE  TRUE  TRUE  TRUE  TRUE  TRUE  TRUE FALSE

