
Birth-death simulation object with 346 species and 121 extant species

Details for some species:

Extinction times (NA means extant)
[1] 40.51317 20.18653 32.27003 36.64066 36.01524 36.90451


Speciation times 
[1] 49.95521 44.07236 42.39050 41.10174 38.41965 37.52928


Species parents (NA for initial)
[1] NA  1  2  2  2  2


Species status (extinct or extant)
[1] "extinct" "extinct" "extinct" "extinct" "extinct" "extinct"


For more details on vector y, try sim$y, with y one of
TE TS PAR EXTANT



$TE
  [1] 40.51316769 20.18653314 32.27003413 36.64066478 36.01524063 36.90451460
  [7] 31.96522255 29.02566238 14.28355065 14.60319942 15.82639115 16.80971354
 [13] 40.23616713 24.59814940 24.67640902 13.98323516 17.46759414 24.17928666
 [19] 13.66717379 14.00526977 12.77501748 18.60761340 16.04234764 15.88855805
 [25] 13.79784191 34.40435452 31.97426126 33.43977337 29.60276489 15.38904002
 [31] 22.61895998 15.58440552 20.49765289 15.75179264 13.71570320 12.60939099
 [37] 12.55845459 12.44947828 16.82599474 15.64409758 12.85068068 14.27312188
 [43] 11.84309846 12.66330285  7.28182856 29.53647389  7.84090686 14.77480271
 [49] 16.79908867 24.23831359 21.87395204 19.87629279 14.79529874 13.89722368
 [55] 18.10152361 12.94752678 13.31099257 10.83435556 12.66638870 11.45498459
 [61] 15.86789042  7.02687732 12.32763577 14.03481235  9.08516180  3.47934774
 [67]          NA          NA  7.12218931  8.50862510 29.25273321 14.01432545
 [73] 15.99809785 16.35798184 15.88339450 15.15890484  9.78572374  6.08450527
 [79] 19.36218110 18.69998834 15.45990533 13.80767480 22.65430567 17.87476905
 [85] 20.60205870 11.22693163 13.93035078 14.68296870 13.60417187  2.97698335
 [91] 16.00008245  2.17880187 12.36275473 15.71294253 16.92147554 14.55345791
 [97]  2.07390591          NA  8.44885943          NA          NA  5.14573941
[103]          NA  7.40980720  5.20622184  3.07447744          NA 22.62154224
[109] 23.50230442 15.79568941 11.55685129  8.39226442          NA  0.22457155
[115] 17.31710613 15.83393590 15.57555102 15.79558838 13.08629188 13.83452867
[121] 16.32287014 16.06308012 11.23529112  8.83409509 16.64198803 15.69080656
[127] 14.58598482 14.31657522 12.92920828 12.95727849  7.15122089  4.80660098
[133]  3.26952226  2.28101348  2.61967306          NA 11.59158004 15.22082468
[139]          NA  0.22906031          NA  5.19648737          NA  4.39347481
[145]  0.89361393          NA  0.57137554  3.96246483  0.98167677          NA
[151] 15.95767235 19.83999259          NA 15.21941326 10.04685029  0.39917520
[157]          NA          NA          NA 15.39510227 15.40131755          NA
[163] 15.30155945 10.68451429 13.15518241  6.19867806          NA  1.40220032
[169]  7.80980012  4.19391943          NA  4.62371605          NA  5.64976018
[175]  1.95282847  5.74907553          NA  4.58617539          NA 14.35201156
[181]          NA          NA          NA  5.72560377  2.26496429          NA
[187]          NA          NA          NA          NA 17.10368933          NA
[193] 10.27107448 16.01323609 12.41953470 10.39653246  8.44522372 17.70212046
[199] 12.11961453          NA          NA          NA 14.69051038  3.30866993
[205]  8.10875114          NA          NA          NA  8.19615555          NA
[211]          NA  0.09238353          NA  9.15530841          NA          NA
[217]          NA  0.93685314          NA  1.56332440          NA          NA
[223]          NA          NA          NA          NA 16.29179576 15.17209650
[229]  5.23897712          NA 16.04295349 17.28278773 14.10186986 15.79918743
[235]  6.22484958  2.87476955  8.76675542 11.35071863 12.44533032  4.40204679
[241]          NA  0.75675038          NA  8.66477016  2.12074138  5.35575615
[247]          NA          NA          NA          NA          NA  8.06858168
[253]  2.09796229          NA          NA          NA  0.26347420  2.48865096
[259]          NA  3.69329928          NA  1.27882150          NA  0.26292856
[265]          NA          NA 14.11218457          NA          NA 16.04600735
[271]  6.03891370  5.03102072          NA  5.77964933          NA 12.28381991
[277] 12.50800409 11.66467704          NA  4.33886446          NA          NA
[283]  1.43783748          NA          NA          NA  0.82059836  4.39015648
[289]          NA          NA          NA          NA          NA          NA
[295]  4.07610965          NA          NA  2.24259732          NA          NA
[301]          NA 11.17826522  3.68028367  5.28870922  4.03232532          NA
[307]  0.87512426          NA          NA          NA          NA  1.15630762
[313]          NA  0.02999038          NA  3.97564914          NA          NA
[319]  4.68491447          NA          NA          NA  0.50164313          NA
[325]          NA  3.77912005          NA          NA          NA          NA
[331]          NA  0.76123210          NA          NA          NA  1.14658382
[337]          NA          NA          NA          NA          NA          NA
[343]          NA          NA          NA          NA

$TS
  [1] 4.995521e+01 4.407236e+01 4.239050e+01 4.110174e+01 3.841965e+01
  [6] 3.752928e+01 3.463052e+01 3.071190e+01 2.984310e+01 2.397838e+01
 [11] 2.382072e+01 2.112632e+01 4.032286e+01 3.944682e+01 3.661628e+01
 [16] 2.918062e+01 2.596062e+01 2.442041e+01 1.463175e+01 2.224788e+01
 [21] 2.292356e+01 2.235927e+01 2.108418e+01 2.047354e+01 2.021095e+01
 [26] 3.488675e+01 3.427224e+01 3.352693e+01 3.316943e+01 3.022950e+01
 [31] 2.784473e+01 2.658798e+01 2.379744e+01 2.340193e+01 2.018118e+01
 [36] 1.832637e+01 1.426238e+01 1.828451e+01 2.037806e+01 1.757551e+01
 [41] 1.674787e+01 1.843100e+01 1.727562e+01 1.829178e+01 1.414901e+01
 [46] 3.168716e+01 2.864792e+01 2.438923e+01 1.818483e+01 2.512613e+01
 [51] 2.440612e+01 2.290583e+01 2.208780e+01 1.591700e+01 1.983467e+01
 [56] 1.660076e+01 1.397895e+01 1.261403e+01 1.281991e+01 1.592461e+01
 [61] 2.024315e+01 1.890931e+01 1.371423e+01 1.468585e+01 1.132132e+01
 [66] 1.045421e+01 9.317460e+00 9.055830e+00 8.710588e+00 8.541001e+00
 [71] 3.053615e+01 2.815769e+01 2.198428e+01 2.019937e+01 1.810062e+01
 [76] 1.731835e+01 1.046926e+01 8.566377e+00 2.332683e+01 2.192724e+01
 [81] 2.181110e+01 1.875289e+01 2.279960e+01 2.133523e+01 2.192106e+01
 [86] 2.036487e+01 1.920493e+01 1.867781e+01 1.400250e+01 1.972493e+01
 [91] 1.611891e+01 1.241884e+01 1.428731e+01 1.738695e+01 1.734215e+01
 [96] 1.639134e+01 8.143613e+00 1.025767e+01 9.568199e+00 8.724957e+00
[101] 8.260374e+00 7.622645e+00 7.166386e+00 7.580177e+00 5.574179e+00
[106] 3.117231e+00 1.904119e-04 2.597464e+01 2.358980e+01 1.989296e+01
[111] 1.885067e+01 9.948973e+00 7.630993e+00 6.445052e+00 1.965365e+01
[116] 1.962752e+01 2.006864e+01 2.064251e+01 1.725417e+01 1.422011e+01
[121] 1.679978e+01 1.629015e+01 1.180296e+01 1.842125e+01 1.747038e+01
[126] 1.628047e+01 1.477941e+01 1.611430e+01 1.441126e+01 1.387094e+01
[131] 9.520145e+00 8.910796e+00 1.046174e+01 9.695501e+00 8.494566e+00
[136] 7.279319e+00 1.382703e+01 1.715550e+01 5.976117e+00 3.377808e+00
[141] 9.792526e+00 7.844125e+00 1.585250e+00 6.404827e+00 3.027711e+00
[146] 1.343732e+00 7.060318e+00 6.942440e+00 3.473662e+00 2.973151e+00
[151] 2.575974e+01 2.425638e+01 1.732828e+01 1.868743e+01 1.704579e+01
[156] 9.871358e+00 7.007158e+00 2.727332e+00 2.294372e+00 1.716626e+01
[161] 1.585068e+01 1.728159e+01 1.714831e+01 1.229567e+01 1.366739e+01
[166] 1.326542e+01 8.955931e+00 7.998622e+00 9.332663e+00 8.230400e+00
[171] 5.410794e+00 4.881281e+00 3.300596e+00 8.689158e+00 8.222879e+00
[176] 7.870170e+00 7.415376e+00 5.539554e+00 3.612805e+00 1.663329e+01
[181] 6.223789e+00 3.386970e+00 6.826715e+00 6.284563e+00 5.295910e+00
[186] 5.918615e+00 5.270271e-01 1.955721e+00 1.134775e+00 1.110373e+00
[191] 2.270114e+01 2.093614e+01 1.957490e+01 1.789861e+01 2.301569e+01
[196] 1.056139e+01 1.047102e+01 1.790263e+01 1.578116e+01 4.983521e+00
[201] 6.765284e+00 6.025820e-01 1.565155e+01 1.101537e+01 8.919871e+00
[206] 6.223311e+00 3.108164e+00 1.071080e+01 1.034286e+01 8.346900e+00
[211] 6.381127e+00 8.246690e+00 4.179745e+00 9.228063e+00 8.367000e+00
[216] 4.133698e+00 2.074275e+00 2.760665e+00 5.432396e+00 3.586769e+00
[221] 4.462691e+00 2.302637e+00 1.011537e+00 5.446021e-01 6.046834e+00
[226] 3.303275e+00 1.828279e+01 1.717967e+01 5.930422e+00 1.342636e+00
[231] 1.869183e+01 1.784459e+01 1.768144e+01 1.790500e+01 1.052322e+01
[236] 9.292506e+00 9.064900e+00 1.570674e+01 1.493720e+01 6.310970e+00
[241] 4.439715e+00 2.803956e+00 2.249817e+00 9.849429e+00 9.725751e+00
[246] 6.248913e+00 3.994145e+00 1.663676e+00 1.621413e+00 5.824618e-01
[251] 1.525688e+00 9.137841e+00 6.107194e+00 5.545514e+00 1.307891e+00
[256] 4.132353e-01 3.709899e+00 7.208581e+00 6.114308e+00 4.979506e+00
[261] 4.869984e+00 2.437171e+00 2.037974e+00 4.177471e-01 2.838201e+00
[266] 2.912120e+00 1.699504e+01 3.624840e-01 3.541373e-01 1.718607e+01
[271] 7.527070e+00 7.004993e+00 6.658292e+00 8.489453e+00 6.110572e+00
[276] 1.281131e+01 1.279878e+01 1.239234e+01 6.027038e+00 5.361579e+00
[281] 8.723199e+00 2.973524e+00 4.003524e+00 2.561880e+00 7.588913e-01
[286] 6.140321e+00 5.750818e+00 4.535768e+00 2.843985e+00 2.251135e+00
[291] 4.841915e+00 4.418849e+00 1.548711e+00 7.146960e+00 6.338186e+00
[296] 6.206811e+00 6.205110e+00 6.168313e+00 1.291087e+00 8.034620e+00
[301] 3.478102e+00 1.256225e+01 4.923244e+00 6.963376e+00 4.738057e+00
[306] 1.816740e+00 1.309179e+00 1.911191e+00 1.520129e+00 4.896185e+00
[311] 4.249066e+00 2.766734e+00 2.353899e+00 1.830599e+00 5.459906e+00
[316] 5.162761e+00 2.166127e+00 6.787884e-01 4.893865e+00 1.054790e+00
[321] 1.041206e-01 4.733416e+00 4.465798e+00 1.850508e+00 1.695151e+00
[326] 4.034577e+00 3.088201e+00 3.051101e+00 2.549110e+00 7.231459e-01
[331] 1.669877e+00 3.378543e+00 1.674332e+00 2.786199e+00 2.375421e+00
[336] 1.882385e+00 2.215557e-01 2.672910e-01 2.992937e+00 1.036425e+00
[341] 1.350280e+00 1.330627e+00 3.065604e-01 2.335308e+00 4.305449e-01
[346] 3.436692e-02

$PAR
  [1]  NA   1   2   2   2   2   2   2   2   2   2   2   3   3   5   9   9   9
 [19]   9  10  11  11  11  11  12  14  14  14  14  15  15  15  16  17  17  17
 [37]  19  20  21  21  21  23  23  24  25  29  30  30  30  31  31  33  33  34
 [55]  35  35  36  36  37  38  39  39  41  42  45  45  45  45  45  45  46  47
 [73]  47  47  47  47  47  47  48  48  48  48  52  52  53  53  53  53  54  55
 [91]  56  58  60  61  62  62  62  65  66  67  67  67  67  68  68  68  68  72
[109]  72  74  74  77  78  78  79  79  80  81  82  82  86  86  86  87  87  88
[127]  88  90  90  90  90  90  92  92  92  92  93  95  97  97  98  98  98 100
[145] 100 100 101 101 103 103 108 108 110 111 111 112 113 113 113 117 117 124
[163] 124 124 130 130 131 132 133 133 133 133 133 134 134 134 134 135 135 138
[181] 141 141 142 142 142 144 146 149 149 150 151 151 151 151 152 153 153 154
[199] 154 156 157 157 162 162 162 162 162 164 166 166 166 167 168 169 169 171
[217] 171 175 177 177 181 181 181 181 183 183 192 192 192 192 193 194 194 195
[235] 196 197 197 199 199 201 201 201 201 204 204 204 204 206 207 207 208 209
[253] 212 212 212 212 213 215 215 215 215 215 215 223 225 226 228 230 230 231
[271] 235 235 235 236 236 238 238 238 245 246 252 253 254 254 257 258 259 259
[289] 259 259 261 261 262 271 273 273 273 273 273 274 275 277 280 281 281 281
[307] 281 283 283 286 286 286 286 286 287 287 289 292 295 296 296 297 297 297
[325] 297 298 298 301 301 314 315 323 325 327 327 327 327 330 332 333 334 334
[343] 334 335 335 339

$EXTANT
  [1] FALSE FALSE FALSE FALSE FALSE FALSE FALSE FALSE FALSE FALSE FALSE FALSE
 [13] FALSE FALSE FALSE FALSE FALSE FALSE FALSE FALSE FALSE FALSE FALSE FALSE
 [25] FALSE FALSE FALSE FALSE FALSE FALSE FALSE FALSE FALSE FALSE FALSE FALSE
 [37] FALSE FALSE FALSE FALSE FALSE FALSE FALSE FALSE FALSE FALSE FALSE FALSE
 [49] FALSE FALSE FALSE FALSE FALSE FALSE FALSE FALSE FALSE FALSE FALSE FALSE
 [61] FALSE FALSE FALSE FALSE FALSE FALSE  TRUE  TRUE FALSE FALSE FALSE FALSE
 [73] FALSE FALSE FALSE FALSE FALSE FALSE FALSE FALSE FALSE FALSE FALSE FALSE
 [85] FALSE FALSE FALSE FALSE FALSE FALSE FALSE FALSE FALSE FALSE FALSE FALSE
 [97] FALSE  TRUE FALSE  TRUE  TRUE FALSE  TRUE FALSE FALSE FALSE  TRUE FALSE
[109] FALSE FALSE FALSE FALSE  TRUE FALSE FALSE FALSE FALSE FALSE FALSE FALSE
[121] FALSE FALSE FALSE FALSE FALSE FALSE FALSE FALSE FALSE FALSE FALSE FALSE
[133] FALSE FALSE FALSE  TRUE FALSE FALSE  TRUE FALSE  TRUE FALSE  TRUE FALSE
[145] FALSE  TRUE FALSE FALSE FALSE  TRUE FALSE FALSE  TRUE FALSE FALSE FALSE
[157]  TRUE  TRUE  TRUE FALSE FALSE  TRUE FALSE FALSE FALSE FALSE  TRUE FALSE
[169] FALSE FALSE  TRUE FALSE  TRUE FALSE FALSE FALSE  TRUE FALSE  TRUE FALSE
[181]  TRUE  TRUE  TRUE FALSE FALSE  TRUE  TRUE  TRUE  TRUE  TRUE FALSE  TRUE
[193] FALSE FALSE FALSE FALSE FALSE FALSE FALSE  TRUE  TRUE  TRUE FALSE FALSE
[205] FALSE  TRUE  TRUE  TRUE FALSE  TRUE  TRUE FALSE  TRUE FALSE  TRUE  TRUE
[217]  TRUE FALSE  TRUE FALSE  TRUE  TRUE  TRUE  TRUE  TRUE  TRUE FALSE FALSE
[229] FALSE  TRUE FALSE FALSE FALSE FALSE FALSE FALSE FALSE FALSE FALSE FALSE
[241]  TRUE FALSE  TRUE FALSE FALSE FALSE  TRUE  TRUE  TRUE  TRUE  TRUE FALSE
[253] FALSE  TRUE  TRUE  TRUE FALSE FALSE  TRUE FALSE  TRUE FALSE  TRUE FALSE
[265]  TRUE  TRUE FALSE  TRUE  TRUE FALSE FALSE FALSE  TRUE FALSE  TRUE FALSE
[277] FALSE FALSE  TRUE FALSE  TRUE  TRUE FALSE  TRUE  TRUE  TRUE FALSE FALSE
[289]  TRUE  TRUE  TRUE  TRUE  TRUE  TRUE FALSE  TRUE  TRUE FALSE  TRUE  TRUE
[301]  TRUE FALSE FALSE FALSE FALSE  TRUE FALSE  TRUE  TRUE  TRUE  TRUE FALSE
[313]  TRUE FALSE  TRUE FALSE  TRUE  TRUE FALSE  TRUE  TRUE  TRUE FALSE  TRUE
[325]  TRUE FALSE  TRUE  TRUE  TRUE  TRUE  TRUE FALSE  TRUE  TRUE  TRUE FALSE
[337]  TRUE  TRUE  TRUE  TRUE  TRUE  TRUE  TRUE  TRUE  TRUE  TRUE

