
Birth-death simulation object with 220 species and 82 extant species

Details for some species:

Extinction times (NA means extant)
[1] 43.43964 41.57803 38.91213 41.25164 36.61744 35.18282


Speciation times 
[1] 49.95521 48.11914 47.08410 46.96365 45.25249 38.92556


Species parents (NA for initial)
[1] NA  1  1  1  3  3


Species status (extinct or extant)
[1] "extinct" "extinct" "extinct" "extinct" "extinct" "extinct"


For more details on vector y, try sim$y, with y one of
TE TS PAR EXTANT



$TE
  [1] 43.43964341 41.57802675 38.91212816 41.25164427 36.61744445 35.18281711
  [7] 35.01234068 39.98083795 34.06014588 33.38335419 33.03825324 34.76874420
 [13] 24.18812123 25.30610426 15.26067039 26.58287101 21.22608948 23.60126894
 [19] 15.05825952 24.50407899 20.08606234 15.44525833 29.46961571 28.04417245
 [25] 26.46964797 15.77303476 18.17252275 16.24952199 15.55182251 11.48147754
 [31] 23.66509100 16.14618080 12.71585422 15.58982419 15.03115225 18.43235493
 [37] 15.59746127 11.89434559 16.15681402 16.58607692 14.81748429 13.55499715
 [43] 15.18014490 23.54942791 12.41758763 24.25231292 17.47593248 13.21576907
 [49]  6.08999430 12.59518797 14.69396575 12.68302395 18.15468746 16.85150111
 [55] 11.95147894 13.12890275  3.66449565 14.51345822 19.78741784 18.65335297
 [61] 14.72942484  8.57188136  4.97816710  9.18864585          NA 12.43495237
 [67] 13.03281792 18.83459065 14.50874899 15.85530752 11.26740728  7.18483018
 [73]  5.42192445 14.86164124 19.39387056  9.10775687  8.49182637  3.04923675
 [79]  7.13471444          NA  7.83160943  6.02300082          NA  3.67430997
 [85]          NA          NA 15.66156907 12.89273175 16.99967867 13.78483252
 [91]  7.04047662  7.79393377  5.97656561          NA 19.43748342  1.10661574
 [97]          NA  1.44985466          NA          NA          NA  0.53462214
[103] 13.81462329 13.58582314 13.59014720 11.11805603          NA          NA
[109]  5.94869295  4.40696182          NA          NA          NA          NA
[115] 14.33045176          NA          NA  2.91343492          NA          NA
[121]          NA  2.94801237  6.61702327  1.00970477          NA  2.76965075
[127]  0.81537991  5.79520893          NA  8.00409032          NA  3.71666088
[133]  3.97822980  5.79050135  2.02224220          NA          NA          NA
[139]          NA          NA          NA          NA 15.62557638 14.62394139
[145]  3.18504828  4.77705798  2.01217698          NA  2.77684565          NA
[151]          NA  1.52608299          NA  1.75089042          NA  1.49045225
[157]  5.50699308          NA  3.67056311  4.90250403  0.06606946  1.89038229
[163]          NA          NA  8.91135870          NA          NA          NA
[169]          NA          NA          NA          NA          NA          NA
[175]          NA          NA  3.19149017  0.60698846  3.65178145  5.04292021
[181]  3.09338055          NA          NA          NA          NA          NA
[187]          NA  6.91813467          NA          NA          NA          NA
[193]          NA  6.05525456          NA          NA          NA  4.63385449
[199]          NA          NA          NA          NA          NA  5.59156689
[205]          NA          NA          NA  5.10153902          NA          NA
[211]          NA          NA  0.40030589  0.80053790          NA          NA
[217]          NA          NA          NA          NA

$TS
  [1] 49.95521172 48.11914363 47.08409855 46.96364622 45.25248813 38.92555907
  [7] 44.78605388 42.07792153 39.51232421 38.70577735 36.82296475 38.07880296
 [13] 37.38768910 34.82731816 35.67895500 34.34647059 31.54570227 27.80136421
 [19] 30.10468377 26.19306118 25.51308211 19.21982797 30.24813633 29.77690772
 [25] 30.75880774 24.10456365 23.07987668 27.19293787 24.40867550 15.34293708
 [31] 25.68969334 29.73667835 27.37395187 17.02213220 23.01562797 22.70180035
 [37] 21.29004907 19.51249088 20.53701457 16.61348793 16.25517661 14.90552802
 [43] 24.96514031 24.25839359 19.96351548 25.15838710 22.50928730 14.15822564
 [49] 13.30276225 13.10603954 19.49142136 18.85786506 20.70238279 19.33426587
 [55] 20.11315652 13.42437296 18.82499528 15.30579240 22.89441674 18.97279878
 [61] 19.73434773 14.10700652 12.29338878 11.76720690 10.94203676 12.84211216
 [67] 19.32522887 19.09663461 19.28470410 16.74199969 13.09975466 12.22781625
 [73]  8.00097929 14.97218697 20.53093234  9.61402699  8.75592997  8.65918841
 [79] 11.16209582  5.33377995  9.22658712  8.13129444  6.46759293  4.20643619
 [85]  3.28521402  1.56474515 19.24831179 14.54147546 18.97947340 16.20135484
 [91] 15.50215516 10.91593818  7.56972792  6.31954211 20.07934778  8.28434915
 [97]  8.06678595  7.70841547  9.77523036  7.81950349  7.26203942  4.48853788
[103] 17.56227428 14.41768101 14.29246170 11.46410252  9.52197769 10.36723780
[109] 10.25216091  7.24008318  7.11737630  6.82212541  5.81526069  3.35064927
[115] 19.72073905  8.06078957  6.18723536  5.80863329  4.12001506  2.56461334
[121]  3.50459597  9.57333955  9.28545983  5.46995198  3.69922716  3.11627064
[127]  3.93775510  6.68354277 10.20781746  9.87189761  1.34192241  5.96915180
[133]  5.68928132  6.25404590  2.36071881  4.38131872  4.07258425  3.23043939
[139]  2.17876932  1.29923156  1.25448701  1.70956334 16.74399102 15.75213418
[145]  6.10958053  5.28733145  4.44318384  1.21306208  5.14268816  3.77828730
[151]  2.52816552  2.28833959  0.82384120  9.42598376  8.62780749  3.01525422
[157]  7.29074462  5.28787365  5.20744602  5.19208814  2.98992149  3.50656084
[163]  1.15942016  5.81643727 10.12572335  5.78314308  1.41214467  5.68232129
[169]  4.36100457  2.80266930  1.39834239  2.14022018  1.23010870  0.96927909
[175]  8.89754906  7.24913580  7.12122412  6.57287679  5.64923858  5.36774884
[181]  4.36893868  3.06472358  0.31976152  4.72407908  0.72412205  3.96940586
[187]  0.51055184  9.91557072  2.07899694  0.02822968  0.09626440  1.61468034
[193]  0.92443361  7.48207225  6.76078588  0.99287805  7.21391572  6.75478545
[199]  2.75911115  0.11293079  5.10959892  0.32678715  6.07318837  5.74373594
[205]  6.34222829  3.08132817  0.34757091  5.72402145  0.80976647  3.25680412
[211]  5.07214748  1.74308235  3.70125596  0.92011554  0.84580676  1.78811543
[217]  0.79515400  0.16534750  0.32845147  0.52112563

$PAR
  [1]  NA   1   1   1   3   3   4   4   5   5   6   7   7   9  11  11  13  13
 [19]  14  15  15  15  16  16  17  17  17  19  19  19  20  25  25  26  27  27
 [37]  27  27  28  29  29  30  32  32  32  33  33  33  33  33  35  35  36  36
 [55]  37  38  39  41  43  43  47  48  49  49  49  50  51  51  54  55  55  57
 [73]  57  58  59  62  62  62  63  63  64  65  65  65  65  65  67  67  69  69
 [91]  69  72  72  73  75  78  78  78  79  82  82  83  87  88  91  91  91  92
[109]  92  93  93  93  94  94  95  96  96  96  96  96  97  99  99  99 101 101
[127] 102 107 108 108 108 110 110 111 111 113 113 113 113 113 113 114 115 115
[145] 117 117 117 117 118 118 119 121 121 122 122 122 123 124 124 124 124 127
[163] 127 128 129 129 129 132 133 137 138 139 139 142 154 154 154 154 154 155
[181] 155 158 158 159 161 164 164 165 166 167 171 172 172 175 175 175 176 176
[199] 176 176 177 182 194 195 197 197 197 198 199 201 203 203 205 205 210 211
[217] 213 215 216 217

$EXTANT
  [1] FALSE FALSE FALSE FALSE FALSE FALSE FALSE FALSE FALSE FALSE FALSE FALSE
 [13] FALSE FALSE FALSE FALSE FALSE FALSE FALSE FALSE FALSE FALSE FALSE FALSE
 [25] FALSE FALSE FALSE FALSE FALSE FALSE FALSE FALSE FALSE FALSE FALSE FALSE
 [37] FALSE FALSE FALSE FALSE FALSE FALSE FALSE FALSE FALSE FALSE FALSE FALSE
 [49] FALSE FALSE FALSE FALSE FALSE FALSE FALSE FALSE FALSE FALSE FALSE FALSE
 [61] FALSE FALSE FALSE FALSE  TRUE FALSE FALSE FALSE FALSE FALSE FALSE FALSE
 [73] FALSE FALSE FALSE FALSE FALSE FALSE FALSE  TRUE FALSE FALSE  TRUE FALSE
 [85]  TRUE  TRUE FALSE FALSE FALSE FALSE FALSE FALSE FALSE  TRUE FALSE FALSE
 [97]  TRUE FALSE  TRUE  TRUE  TRUE FALSE FALSE FALSE FALSE FALSE  TRUE  TRUE
[109] FALSE FALSE  TRUE  TRUE  TRUE  TRUE FALSE  TRUE  TRUE FALSE  TRUE  TRUE
[121]  TRUE FALSE FALSE FALSE  TRUE FALSE FALSE FALSE  TRUE FALSE  TRUE FALSE
[133] FALSE FALSE FALSE  TRUE  TRUE  TRUE  TRUE  TRUE  TRUE  TRUE FALSE FALSE
[145] FALSE FALSE FALSE  TRUE FALSE  TRUE  TRUE FALSE  TRUE FALSE  TRUE FALSE
[157] FALSE  TRUE FALSE FALSE FALSE FALSE  TRUE  TRUE FALSE  TRUE  TRUE  TRUE
[169]  TRUE  TRUE  TRUE  TRUE  TRUE  TRUE  TRUE  TRUE FALSE FALSE FALSE FALSE
[181] FALSE  TRUE  TRUE  TRUE  TRUE  TRUE  TRUE FALSE  TRUE  TRUE  TRUE  TRUE
[193]  TRUE FALSE  TRUE  TRUE  TRUE FALSE  TRUE  TRUE  TRUE  TRUE  TRUE FALSE
[205]  TRUE  TRUE  TRUE FALSE  TRUE  TRUE  TRUE  TRUE FALSE FALSE  TRUE  TRUE
[217]  TRUE  TRUE  TRUE  TRUE

