
Birth-death simulation object with 375 species and 130 extant species

Details for some species:

Extinction times (NA means extant)
[1] 46.24190 39.64983 45.17745 45.84729 39.53935 37.08116


Speciation times 
[1] 49.95521 49.13359 47.66385 47.56642 44.52306 43.82362


Species parents (NA for initial)
[1] NA  1  1  1  2  2


Species status (extinct or extant)
[1] "extinct" "extinct" "extinct" "extinct" "extinct" "extinct"


For more details on vector y, try sim$y, with y one of
TE TS PAR EXTANT



$TE
  [1] 46.24190192 39.64983348 45.17744517 45.84728886 39.53935009 37.08115768
  [7] 39.75011051 26.15370123 39.59812864 20.39163025 36.00525708 31.19377859
 [13] 26.95668050 25.86047097 22.72790959 15.66559803 34.76942849 23.94347460
 [19] 13.50500091 32.13098220 16.05948205 22.34987726 14.67101399 26.35409469
 [25] 15.06841845 11.06105401 17.65843263 21.78954889 14.98059847 18.54373194
 [31] 17.10918727 28.99415373 16.27957673 21.31136861 17.54402129 21.64885535
 [37] 16.02995986 13.39752458  2.92788753 17.55583607 21.65474215 13.91083695
 [43] 15.00418265 26.34191661 21.65339394 22.61723933 15.19694521 19.81885462
 [49] 26.37499513 17.63123120 14.85293235 14.49931594 15.32409811 12.36936424
 [55]  0.80944239 15.55190029 14.39005899 15.34614814 14.20282592 15.79661999
 [61] 15.75272535 16.82324082 16.85858611 17.27657574 20.17391245 17.28898319
 [67] 17.32532204 15.89885761 21.38228757 17.82183011 14.84582986          NA
 [73]  6.88997478          NA 20.60329486 21.28583399 18.29053376 12.30487582
 [79] 21.58072994 15.86429333 29.30608233 15.98921174 22.05525712 16.05357813
 [85] 18.40084793 15.82394004 14.84227997 20.82775076 13.71917576 14.17779288
 [91] 13.14307349  8.25842279  2.07489059 16.38621128 21.00887215 16.38087285
 [97] 17.08585367  3.60678274 15.76821101 14.25905744 16.77296073 15.63108973
[103] 22.84078797 14.29579270 14.07347756 12.28004309 15.15803661          NA
[109]          NA          NA 15.49371566 14.25409477 15.25852738 14.37043342
[115] 14.36183851 17.45596968 14.79981928 14.41243751 18.41083617 11.81591400
[121]  8.74700472  4.45176407 13.78076285 13.84813549 13.01134587 11.82059165
[127]  9.82934381  5.79323131          NA  2.99922564 17.10712077 13.44790754
[133] 14.89105099 18.31696849 12.47139082  9.64630817 15.42627557 13.27430008
[139] 15.18914824          NA  4.47306370  9.02724037  1.27158149          NA
[145]  1.60139842          NA 14.47896727 21.46442657 20.78702365 16.27841255
[151] 14.66325046 16.17396892 15.04818683 14.85749529          NA 15.39502523
[157] 12.87407435 14.62912985  9.40717177 14.70494971 14.75219158          NA
[163]          NA 14.17819662  9.25820237  6.39109696 14.98521328 12.32402322
[169]  9.29350597          NA 15.37582315 12.15354642  4.90332908          NA
[175]  5.60494354 12.96830785 15.92410050 14.20352417 14.12386960  7.52386730
[181] 14.38639970 12.47558823 11.30339749  6.89079849          NA          NA
[187] 14.03232504 10.67295814  0.62565414          NA  0.95014780  6.65501909
[193]          NA  0.12452227          NA  9.58767794          NA          NA
[199]          NA  5.87961686  3.56088134          NA          NA 14.46747842
[205]          NA  6.93459214          NA          NA  6.18216527 19.74644533
[211]  7.45208465  9.50239093 10.36921641          NA 12.35194385 18.73168717
[217] 16.08597304 15.76527083 15.45074634  8.06476755  3.70933977  2.98887553
[223]          NA          NA  5.41909017          NA          NA          NA
[229] 10.67464817          NA  5.09436844  3.34411282          NA          NA
[235]          NA  5.63422835  7.22255384  0.99898113          NA          NA
[241]          NA  1.09275200  9.15759707  6.80626748          NA          NA
[247]  6.10042450  1.57387759  6.35884026          NA  1.80718391          NA
[253]          NA          NA  6.59449174  7.71373854  0.51395360  4.73808157
[259]          NA          NA          NA  3.52285801          NA          NA
[265]          NA          NA  1.61625985          NA          NA          NA
[271]          NA          NA          NA          NA          NA          NA
[277]  6.58075058          NA  3.10155801          NA          NA          NA
[283]          NA          NA          NA          NA          NA          NA
[289]          NA          NA  3.43091194          NA  4.89454575          NA
[295]  6.76787737  0.87355314  1.29591649          NA          NA          NA
[301]          NA          NA  7.04663003  3.07249538          NA  0.07299674
[307]          NA          NA  4.59517049          NA  5.05303691  5.41783579
[313]  1.44112266          NA  5.17729424          NA          NA          NA
[319]  1.00927169          NA  0.42008555          NA  5.30138946          NA
[325]  0.60811422          NA          NA          NA  0.41569712          NA
[331]          NA          NA          NA          NA  3.72679188  1.85118613
[337]          NA  6.10614794          NA          NA          NA          NA
[343]          NA          NA          NA          NA  4.10581426          NA
[349]          NA          NA          NA          NA  2.15367667          NA
[355]          NA          NA  5.42153835  0.35534543          NA          NA
[361]          NA          NA          NA          NA  1.30856048  3.35759969
[367]          NA          NA  4.31543965  1.62999731          NA          NA
[373]          NA          NA          NA

$TS
  [1] 49.95521172 49.13358920 47.66385136 47.56642416 44.52306387 43.82361922
  [7] 45.64866033 40.08729375 42.19241159 40.58314991 38.64047741 37.28382253
 [13] 35.39567603 32.75169138 27.51526354 26.98369871 34.79622325 30.86600033
 [19] 23.58577378 32.45374976 32.27014385 27.16205967 30.96802445 30.27453810
 [25] 26.44016298 23.59849907 22.88028574 22.52686105 21.15688424 18.84459868
 [31] 17.63637561 30.36472230 27.03843862 26.92525374 22.22953755 21.82254153
 [37] 16.47359545 14.50800853 26.96383274 25.42505020 23.42245281 20.88244438
 [43] 24.51466797 30.31045871 28.53241404 28.42122371 25.08015545 23.20390130
 [49] 27.46938886 24.90949250 19.98258322 19.81312920 17.83022307 13.10504336
 [55] 11.34055147 19.51664392 18.84644783 17.19927618 15.23593811 18.57209459
 [61] 25.76408177 20.81409466 20.01822082 17.95356345 25.20719425 23.92333757
 [67] 23.91524762 17.59540304 23.65162263 19.33171971 19.05570761  8.49841680
 [73]  8.27712453  8.08701882 21.17606046 22.89773119 19.32975234 13.98476868
 [79] 23.31006265 17.54366601 30.12171240 26.20504226 27.86762067 22.33546952
 [85] 20.30695105 18.76095715 17.71067329 20.93919104 19.89333274 15.89287625
 [91] 19.00417480  9.96339767  6.54868474 18.23868756 22.51337572 21.75212269
 [97] 20.68450464 18.91676311 16.84205326 17.79966459 24.10497653 17.35893307
[103] 23.81669871 23.52685507 18.35473897 17.35324725 18.51448744  7.35678579
[109]  0.41814666 12.35793794 16.52230629 29.80923103 24.59712298 17.79774616
[115] 20.11180162 19.08839302 16.53416385 15.20499219 18.68038645 17.99310180
[121] 15.86616959  6.38705855 18.90755326 17.99638291 14.00226311 13.66445766
[127] 10.98247363  9.55474989  6.21858311  4.61916129 17.53754108 14.43892508
[133] 15.94831634 22.89685743 18.51780509 18.03045116 17.34155836 15.36201292
[139] 16.38352948  2.62464773 10.51943632 10.10204141  7.64902180  6.89908526
[145]  2.86226366  0.23681856 28.97863619 22.56444105 21.37901000 23.84830958
[151] 20.83588217 16.37380767 16.06665869 15.83302071 14.38489921 17.91084120
[157] 16.84664336 14.84749492 18.42637820 15.85487225 14.97573802  9.95349866
[163]  5.81934383 15.97365020 10.47092658  8.98286141 22.58731851 13.22899670
[169] 15.32382464 10.82495795 17.29845146 16.90074623 10.23299697  7.03493048
[175] 24.22917560 16.18498505 21.08651626 16.87873092 15.50422683 15.44693863
[181] 15.20569127 13.02653619 11.74950389  8.39986252  7.57453187  4.64458458
[187] 15.08658566 13.13479229 12.06690529  9.53355905  8.54914915  7.05900869
[193]  6.91716061  2.87342435 10.53675406  9.82031918  9.89986662  9.18866605
[199]  8.46603635  7.01129525  5.56342147  4.21890047  2.36907401 15.77731824
[205] 12.84210582  8.30297098  6.25662445  5.04472730  6.78498613 21.29713321
[211] 11.53802170 10.88818753 10.47159907  8.85227516 13.69335640 19.75008478
[217] 18.67670252 16.18763562 15.85520160 11.61402403  7.75280561 12.79413777
[223]  8.20267842  7.94072693  6.27794102  3.10719167  2.38241628  1.43665766
[229] 11.35870756  8.81426538  8.70250920  7.93465634  0.71047321  0.63757384
[235]  8.54744359  8.27862621  7.77689138  6.69251556  6.44949522  0.30913270
[241]  7.03382432  3.73921640  9.65785103  9.21063744  7.98385587  6.41082681
[247]  6.19394788  3.86487697  7.90395664  7.45812569  5.34974502  2.52634194
[253]  4.41652265  1.50802991 10.04675472  9.10817324  6.24814344  6.18635508
[259]  3.07151720  2.40266316  7.54568653  5.61923148  3.52374374  3.12865143
[265]  2.92169900  0.48608532  9.53108641  5.00249170  1.75360718  1.43293847
[271]  0.95420194  1.32648490  6.79719992  8.32238084  0.57235727  6.28232921
[277]  8.17447474  7.61742671  3.84205273  6.29355741  1.42334547  1.30976622
[283]  3.24306531  7.64458260  3.51660506  0.73631876  3.31841519  5.00979109
[289]  2.65861478  0.38210709  8.70176149  7.64926499  6.87514992  3.59485852
[295]  7.48241759  4.95312752  2.86094235  2.01111638  1.67655752  5.53248732
[301]  0.87984052  0.37452981  9.50380942  6.82919155  2.61953437  1.13357520
[307]  0.37598261  0.70261999  7.59556382  6.78766631  6.13206776  8.08608095
[313]  7.12372647  0.63879234  7.63624203  3.20172603  0.36020387  2.62844978
[319]  1.53820588  1.14230913  6.72590502  4.68846542  5.75165332  3.27611705
[325]  2.13545325  6.26304712  2.52174151  0.30617755  1.81974496  1.74389587
[331]  0.06364301  6.71278020  5.10825109  0.40367923  6.48059821  2.56655891
[337]  0.76806798  6.15039515  6.12785753  5.92257600  5.51495117  1.91120133
[343]  1.18067055  0.12939781  5.70018518  4.67593446  4.60277005  1.01537971
[349]  0.80396436  0.36650112  4.81866781  2.41481005  5.82993555  2.39429097
[355]  2.21936052  0.33133975  6.12082318  1.74058355  4.46451894  3.12798794
[361]  2.12022521  2.64449091  2.37803946  2.34433022  4.49936953  3.82336290
[367]  1.22031748  0.82015782  5.73147036  2.59140123  3.92530310  1.08072690
[373]  0.16985480  2.11038722  0.84635657

$PAR
  [1]  NA   1   1   1   2   2   3   6   7   7   8   8   8   8   8   8  10  10
 [19]  10  12  13  13  14  14  14  15  15  16  16  16  16  18  18  18  19  19
 [37]  19  19  21  21  21  21  22  23  23  23  23  23  24  25  25  25  25  26
 [55]  26  27  29  29  29  30  33  33  33  33  34  34  34  35  39  39  39  39
 [73]  39  39  40  41  42  42  43  43  44  45  46  47  47  47  47  50  51  51
 [91]  52  55  55  56  61  61  61  61  62  63  65  66  67  67  67  68  70  72
[109]  74  78  80  81  82  82  84  85  87  87  91  91  91  93  97  98  98  98
[127]  98  98  98  98 100 100 102 104 104 104 104 106 107 108 110 110 110 110
[145] 110 110 112 112 112 113 113 113 113 114 114 115 115 115 116 117 121 121
[163] 122 124 127 128 134 135 136 136 137 137 141 143 147 147 150 150 151 154
[181] 154 155 155 155 155 155 157 157 159 162 162 162 162 162 169 169 170 170
[199] 170 170 170 170 170 171 172 173 173 173 174 175 175 175 175 175 176 177
[217] 177 177 178 180 180 182 184 184 185 185 185 185 189 189 189 189 189 190
[235] 191 191 191 191 191 194 195 195 196 197 197 197 197 197 198 198 198 198
[253] 201 202 205 205 205 205 205 205 206 207 207 208 208 208 212 214 214 214
[271] 224 227 230 231 234 235 236 237 238 239 239 241 242 244 245 245 248 251
[289] 251 254 255 255 255 257 261 261 261 261 261 262 263 266 267 267 267 268
[307] 270 271 274 274 276 277 277 281 284 287 287 288 289 289 291 291 292 292
[325] 292 293 297 298 300 300 301 304 304 308 313 318 318 321 321 321 321 321
[343] 322 324 326 326 326 326 330 330 333 333 335 336 336 337 339 339 340 345
[361] 345 346 346 346 347 351 351 354 357 360 365 367 368 371 371

$EXTANT
  [1] FALSE FALSE FALSE FALSE FALSE FALSE FALSE FALSE FALSE FALSE FALSE FALSE
 [13] FALSE FALSE FALSE FALSE FALSE FALSE FALSE FALSE FALSE FALSE FALSE FALSE
 [25] FALSE FALSE FALSE FALSE FALSE FALSE FALSE FALSE FALSE FALSE FALSE FALSE
 [37] FALSE FALSE FALSE FALSE FALSE FALSE FALSE FALSE FALSE FALSE FALSE FALSE
 [49] FALSE FALSE FALSE FALSE FALSE FALSE FALSE FALSE FALSE FALSE FALSE FALSE
 [61] FALSE FALSE FALSE FALSE FALSE FALSE FALSE FALSE FALSE FALSE FALSE  TRUE
 [73] FALSE  TRUE FALSE FALSE FALSE FALSE FALSE FALSE FALSE FALSE FALSE FALSE
 [85] FALSE FALSE FALSE FALSE FALSE FALSE FALSE FALSE FALSE FALSE FALSE FALSE
 [97] FALSE FALSE FALSE FALSE FALSE FALSE FALSE FALSE FALSE FALSE FALSE  TRUE
[109]  TRUE  TRUE FALSE FALSE FALSE FALSE FALSE FALSE FALSE FALSE FALSE FALSE
[121] FALSE FALSE FALSE FALSE FALSE FALSE FALSE FALSE  TRUE FALSE FALSE FALSE
[133] FALSE FALSE FALSE FALSE FALSE FALSE FALSE  TRUE FALSE FALSE FALSE  TRUE
[145] FALSE  TRUE FALSE FALSE FALSE FALSE FALSE FALSE FALSE FALSE  TRUE FALSE
[157] FALSE FALSE FALSE FALSE FALSE  TRUE  TRUE FALSE FALSE FALSE FALSE FALSE
[169] FALSE  TRUE FALSE FALSE FALSE  TRUE FALSE FALSE FALSE FALSE FALSE FALSE
[181] FALSE FALSE FALSE FALSE  TRUE  TRUE FALSE FALSE FALSE  TRUE FALSE FALSE
[193]  TRUE FALSE  TRUE FALSE  TRUE  TRUE  TRUE FALSE FALSE  TRUE  TRUE FALSE
[205]  TRUE FALSE  TRUE  TRUE FALSE FALSE FALSE FALSE FALSE  TRUE FALSE FALSE
[217] FALSE FALSE FALSE FALSE FALSE FALSE  TRUE  TRUE FALSE  TRUE  TRUE  TRUE
[229] FALSE  TRUE FALSE FALSE  TRUE  TRUE  TRUE FALSE FALSE FALSE  TRUE  TRUE
[241]  TRUE FALSE FALSE FALSE  TRUE  TRUE FALSE FALSE FALSE  TRUE FALSE  TRUE
[253]  TRUE  TRUE FALSE FALSE FALSE FALSE  TRUE  TRUE  TRUE FALSE  TRUE  TRUE
[265]  TRUE  TRUE FALSE  TRUE  TRUE  TRUE  TRUE  TRUE  TRUE  TRUE  TRUE  TRUE
[277] FALSE  TRUE FALSE  TRUE  TRUE  TRUE  TRUE  TRUE  TRUE  TRUE  TRUE  TRUE
[289]  TRUE  TRUE FALSE  TRUE FALSE  TRUE FALSE FALSE FALSE  TRUE  TRUE  TRUE
[301]  TRUE  TRUE FALSE FALSE  TRUE FALSE  TRUE  TRUE FALSE  TRUE FALSE FALSE
[313] FALSE  TRUE FALSE  TRUE  TRUE  TRUE FALSE  TRUE FALSE  TRUE FALSE  TRUE
[325] FALSE  TRUE  TRUE  TRUE FALSE  TRUE  TRUE  TRUE  TRUE  TRUE FALSE FALSE
[337]  TRUE FALSE  TRUE  TRUE  TRUE  TRUE  TRUE  TRUE  TRUE  TRUE FALSE  TRUE
[349]  TRUE  TRUE  TRUE  TRUE FALSE  TRUE  TRUE  TRUE FALSE FALSE  TRUE  TRUE
[361]  TRUE  TRUE  TRUE  TRUE FALSE FALSE  TRUE  TRUE FALSE FALSE  TRUE  TRUE
[373]  TRUE  TRUE  TRUE

