
Birth-death simulation object with 188 species and 77 extant species

Details for some species:

Extinction times (NA means extant)
[1] 23.53837 33.09111 29.27918 30.94864 40.17532 39.82732


Speciation times 
[1] 49.11595 41.79635 35.43336 31.42091 41.23672 40.07792


Species parents (NA for initial)
[1] NA  1  1  1  2  2


Species status (extinct or extant)
[1] "extinct" "extinct" "extinct" "extinct" "extinct" "extinct"


For more details on vector y, try sim$y, with y one of
TE TS PAR EXTANT



$TE
  [1] 23.5383723 33.0911134 29.2791796 30.9486352 40.1753183 39.8273196
  [7] 34.7633907 32.5960856 32.5285880 38.1593667 31.4113535  6.6518567
 [13] 30.9783853 29.7989638 28.6077356 15.5295826 13.0034209 15.6994309
 [19]  9.5863196         NA 30.9644561 14.6663541 24.9038652 25.9122278
 [25] 15.9492174 14.8696639 14.7545672         NA  9.2869515         NA
 [31] 19.3987469  2.2201651 14.6720653  5.5898163  1.0748614 20.5417852
 [37] 26.1196938  8.9076043 25.7043798         NA         NA  1.9686481
 [43]  2.4357589         NA 13.2164673  9.1131441  1.3169808         NA
 [49]         NA 17.4072519 15.4690357 13.1153832 12.8950398 19.8018575
 [55]         NA         NA         NA         NA  1.9896744  4.6680712
 [61]         NA         NA         NA 22.6868811 21.7908989  9.8097574
 [67]  1.4954171         NA 13.4821763 14.7077209 13.5819893         NA
 [73]         NA  2.5592953         NA  5.9824218         NA  2.4633318
 [79]         NA         NA 11.3923495 15.0941659  5.2154857         NA
 [85] 12.1200685  3.9742818         NA 13.5041600 14.9353701  7.6345078
 [91]  8.9535464  0.4397112 13.9363997 19.7029302 18.2886090 11.6996650
 [97]         NA         NA  7.1003789  4.0859452         NA         NA
[103]         NA         NA  2.7485686         NA 11.5625447  7.8642840
[109] 15.0445474 12.8784397  6.6664338  7.4368081  3.6778324 14.6192588
[115] 12.8394524  5.5458297  5.2433869  3.9562057         NA 13.5667453
[121]  7.8655906 10.5146608         NA 14.9306231 13.2477813 19.6833195
[127] 15.8030831 13.0745361  6.4783441         NA         NA         NA
[133]  0.2446964         NA         NA  1.5829360         NA         NA
[139]         NA  7.6266806         NA         NA  4.5716440  1.0584077
[145]  7.5072200 12.5114029         NA         NA         NA         NA
[151]         NA  4.0483749  1.3466551         NA  6.5413012         NA
[157] 13.5354439 11.0809699  6.3070885         NA         NA         NA
[163]         NA         NA         NA         NA  0.4741318         NA
[169]  2.0611858         NA         NA         NA         NA         NA
[175]         NA         NA         NA         NA         NA         NA
[181]         NA         NA         NA         NA         NA         NA
[187]         NA         NA

$TS
  [1] 49.115954651 41.796352979 35.433358017 31.420907092 41.236716528
  [6] 40.077922960 39.731347148 35.672439251 35.064984779 38.697182867
 [11] 38.664689393 36.266410762 33.089678566 33.344390770 32.725843503
 [16] 26.041502575 20.522527600 20.350813341  9.827805272  6.926464582
 [21] 32.206443089 31.517686046 29.495764662 29.448663076 16.064608820
 [26] 18.138538904 17.954612532 15.475395762 14.610046931 13.617176642
 [31] 19.539323697 17.434542655 16.713021763  6.255187194  4.401025751
 [36] 22.015466971 28.786650453 28.605124980 27.233155153  5.321859166
 [41]  1.878685992  8.808605094  3.645715387  1.668725593 15.143055464
 [46] 13.709721381  5.013844248  6.104994694  1.517773541 28.716604015
 [51] 27.529504598 24.370754361 23.925001435 21.623479932 10.181855201
 [56]  1.293517936  4.222122553  2.779490455  2.282757909 12.200193384
 [61] 11.658121781  3.630373817  0.067702317 24.213276871 25.325837087
 [66] 21.333058027 20.861433221 19.765232788 22.031623156 19.354560447
 [71] 15.729100962  7.150796914  3.158238132  2.915855096  0.555376366
 [76] 11.343506091  9.521925687  5.331710294  4.587589326  0.526344535
 [81] 23.617662255 22.897194207 15.956349450 15.593783284 13.530378398
 [86] 11.189989865  9.824311417 15.297269596 15.180808054 14.085788194
 [91] 15.292084281 12.735826371 21.135962018 21.060335246 19.161792817
 [96] 18.255287574  0.378965765 11.310399047  7.917655343  6.683935914
[101]  3.546083593  1.204065447  1.099469575  0.988555927  4.805150771
[106]  0.381963572 17.013537748 13.348172142 17.820499736 13.743134389
[111] 10.069271360  9.882237037  6.336311082 14.978934809 13.237685925
[116]  7.314698176  8.887437598  8.124984916  5.878856265 15.104905534
[121]  9.862995875 11.611238144  1.276159412 16.103373629 14.014192513
[126] 20.074030333 16.749976867 15.915294388  8.252941507  5.170580490
[131]  2.834069395  1.426880133  1.488539536  0.477939719 16.841067900
[136]  8.899494426  7.996093445  6.831301419  7.938432848  7.830243753
[141]  3.983072494  0.400632273 14.987619092 10.569847125 15.183621409
[146] 13.645312183  3.586019418  0.689186748  0.046963165  4.858692161
[151]  1.827127029  5.931147139  5.353139666  4.339156029  7.015543691
[156]  6.146906027 14.127575490 11.564304397  8.734633897  1.931157638
[161]  0.635360119  0.343335227  0.008985013  5.510859408  4.512745778
[166]  1.430167175  2.124657887  5.762922189  2.973565623  0.118841828
[171]  8.027151917  0.881191519  0.083515253  4.501455603  2.146336825
[176]  2.424324955  1.101086281  0.774823352  5.435849230  4.937320337
[181]  3.219183593  0.032848141  4.053766856  0.249585424  3.095199529
[186]  0.984371827  0.577449434  0.232998715

$PAR
  [1]  NA   1   1   1   2   2   2   2   2   7   7   7   8  12  12  12  12  12
 [19]  12  12  15  15  15  15  16  17  17  17  17  17  18  18  18  20  20  22
 [37]  23  24  24  28  28  30  30  30  32  32  32  34  35  37  37  38  38  38
 [55]  38  41  42  42  42  46  46  48  48  50  51  51  52  52  53  53  53  55
 [73]  55  55  55  60  60  60  61  61  64  64  66  66  66  66  66  67  67  67
 [91]  68  68  69  69  70  70  73  76  76  76  77  77  77  77  78  80  81  81
[109]  82  83  83  83  83  84  84  84  86  86  86  89  90  91  92  93  93  94
[127]  96  96  98  98  98  98 101 103 109 112 117 117 118 118 119 119 120 122
[145] 128 128 130 130 134 136 136 137 138 139 143 144 145 145 145 147 147 148
[163] 151 152 152 153 154 156 156 156 159 160 160 164 164 165 166 167 168 171
[181] 171 172 174 180 181 185 186 187

$EXTANT
  [1] FALSE FALSE FALSE FALSE FALSE FALSE FALSE FALSE FALSE FALSE FALSE FALSE
 [13] FALSE FALSE FALSE FALSE FALSE FALSE FALSE  TRUE FALSE FALSE FALSE FALSE
 [25] FALSE FALSE FALSE  TRUE FALSE  TRUE FALSE FALSE FALSE FALSE FALSE FALSE
 [37] FALSE FALSE FALSE  TRUE  TRUE FALSE FALSE  TRUE FALSE FALSE FALSE  TRUE
 [49]  TRUE FALSE FALSE FALSE FALSE FALSE  TRUE  TRUE  TRUE  TRUE FALSE FALSE
 [61]  TRUE  TRUE  TRUE FALSE FALSE FALSE FALSE  TRUE FALSE FALSE FALSE  TRUE
 [73]  TRUE FALSE  TRUE FALSE  TRUE FALSE  TRUE  TRUE FALSE FALSE FALSE  TRUE
 [85] FALSE FALSE  TRUE FALSE FALSE FALSE FALSE FALSE FALSE FALSE FALSE FALSE
 [97]  TRUE  TRUE FALSE FALSE  TRUE  TRUE  TRUE  TRUE FALSE  TRUE FALSE FALSE
[109] FALSE FALSE FALSE FALSE FALSE FALSE FALSE FALSE FALSE FALSE  TRUE FALSE
[121] FALSE FALSE  TRUE FALSE FALSE FALSE FALSE FALSE FALSE  TRUE  TRUE  TRUE
[133] FALSE  TRUE  TRUE FALSE  TRUE  TRUE  TRUE FALSE  TRUE  TRUE FALSE FALSE
[145] FALSE FALSE  TRUE  TRUE  TRUE  TRUE  TRUE FALSE FALSE  TRUE FALSE  TRUE
[157] FALSE FALSE FALSE  TRUE  TRUE  TRUE  TRUE  TRUE  TRUE  TRUE FALSE  TRUE
[169] FALSE  TRUE  TRUE  TRUE  TRUE  TRUE  TRUE  TRUE  TRUE  TRUE  TRUE  TRUE
[181]  TRUE  TRUE  TRUE  TRUE  TRUE  TRUE  TRUE  TRUE

