
Birth-death simulation object with 308 species and 91 extant species

Details for some species:

Extinction times (NA means extant)
[1] 36.54460 49.05980 45.34568 39.56736 35.60934 35.17454


Speciation times 
[1] 49.11595 49.08061 48.87976 40.46780 36.94973 48.64521


Species parents (NA for initial)
[1] NA  1  1  1  1  3


Species status (extinct or extant)
[1] "extinct" "extinct" "extinct" "extinct" "extinct" "extinct"


For more details on vector y, try sim$y, with y one of
TE TS PAR EXTANT



$TE
  [1] 36.54459905 49.05979703 45.34567814 39.56736250 35.60933812 35.17454345
  [7] 34.13290727 42.96352055 27.32720666 34.61777700 35.36066840 25.29951193
 [13] 36.42279935 33.17714155 14.15705982 37.32588826 34.16388107 39.98859057
 [19] 11.20612964 25.04581318 24.36345750  8.51658672 34.89111214 28.35147035
 [25] 16.85131540 28.26698942 10.85122400 12.89428070 36.42265098 37.23681000
 [31] 21.98507093 12.44650883          NA 25.49041216 14.67174330 28.95676446
 [37] 27.08671896 10.82818584          NA 31.80462535 31.26774776 29.99239823
 [43] 29.61259404 16.96180286 13.16531036  7.57592216 14.96034862 10.96778570
 [49] 14.19906925 27.02532500 14.07689135 11.19331378 17.79368981 14.88489996
 [55] 18.74958168 20.82091976 12.48930026          NA          NA          NA
 [61]  7.33440622 26.68997560 14.54166474 14.79182764 26.09873810 17.13405099
 [67] 24.77617426 16.19404330 19.41152677 12.99313983  0.12651738 11.67365473
 [73] 13.35170606 12.28409908 14.62716271          NA 12.55137651 21.92655230
 [79] 26.99095730 12.10776171 10.57118573 13.31875895 13.48262619 20.56904997
 [85] 12.50003409 13.49708164  8.62262321 11.27574143 15.24979836 20.80483104
 [91] 11.33788084 13.24273560          NA 24.85899264 19.53528018 13.49938441
 [97] 12.43456079          NA 15.65693107  8.27695516 11.35060783 14.37467081
[103] 11.41715555 11.66741511  5.98103985  2.61249642  7.04493442          NA
[109]  4.20947934 14.30599555  9.28214653 19.99748583          NA 12.74693574
[115] 12.43144037  9.44785184 23.87081711 14.74300762 13.94690653 13.95933314
[121] 15.67800245 12.79550131 12.67812940 15.36654331 11.72487017 14.92254734
[127] 14.52141720          NA 11.43059864          NA          NA  0.89350355
[133]          NA 18.44988889 13.35229126  3.00375214          NA 15.43961708
[139] 19.30917233 14.88199291  1.54929749 11.89712373 13.05298636  5.20001223
[145]  3.12357743  8.57119166  3.13454781  0.56145265  3.59568616 10.77455429
[151] 16.92145090  8.72918625  8.09537587          NA  7.23535307 16.55695526
[157]          NA 18.75153511 14.65594872 12.90772562 13.60855420 10.79568954
[163] 15.79573711  4.33623808          NA          NA          NA  0.39964932
[169]  1.98887790 14.48386192 14.50537296 14.03685374 12.56154999          NA
[175] 11.91418774 12.37486537 10.78763623 10.25783275  1.31754263  4.01859413
[181] 10.40782794          NA  0.07468648  8.97237044 14.92050390 14.11162912
[187] 12.41363510  4.10090296  0.40883022          NA          NA          NA
[193]          NA          NA  5.09021645          NA          NA          NA
[199]          NA 10.64342398  9.51127508  3.24075496  5.00706039  5.93111733
[205] 15.93662837 14.38388338 14.52934633  6.18748055 11.45666344 10.89656106
[211]          NA          NA          NA          NA  7.78412924 13.41444723
[217]          NA  1.21600047          NA 10.63041795          NA          NA
[223]          NA          NA          NA          NA 10.68032328  3.11790467
[229]          NA          NA 15.02309294  4.53968870  2.65126692 10.84294873
[235] 10.36225118  7.62720685  3.87824972  2.12785641          NA          NA
[241]          NA          NA          NA  4.37880227          NA          NA
[247]  1.47080584  2.38732216          NA 12.81121814          NA          NA
[253]  4.04225592  3.25287429  3.72397098          NA  1.88392489          NA
[259]          NA          NA  7.88453406          NA          NA  0.50542224
[265]  2.20610820          NA  0.42083071          NA          NA  8.23204522
[271]  3.51947874          NA          NA          NA          NA          NA
[277]          NA          NA          NA  7.08963160  7.14135958          NA
[283]          NA          NA          NA          NA  3.81054473          NA
[289]  3.99743588          NA          NA 13.14669512  3.04119765  0.05072229
[295]  1.98586620          NA  1.84954660          NA          NA          NA
[301]          NA          NA          NA          NA          NA  4.96206394
[307]          NA          NA

$TS
  [1] 49.11595465 49.08060689 48.87975921 40.46779593 36.94972633 48.64520572
  [7] 40.20903519 46.22919987 45.72073334 43.86466630 41.54093621 38.28329913
 [13] 37.75815068 37.04230931 35.52356508 39.42371506 35.91202646 41.21976739
 [19] 38.49812563 38.84997350 29.93642269 33.21499183 35.10754133 33.00990533
 [25] 30.74782468 29.31021356 19.39392992 15.90969885 37.46912834 38.21598163
 [31] 24.04955488 38.44240629 34.00000966 30.95517548 30.22729865 29.42636577
 [37] 29.16011726 21.40483818 11.63140256 32.73033600 32.34927536 31.59593563
 [43] 31.25973271 28.83207747 24.56747167 24.37718190 18.40472009 13.81576435
 [49] 29.67691782 29.28142135 26.75226139 26.11107166 22.65386866 25.32580983
 [55] 25.13050569 23.89666978 23.67403873  8.81336178  8.78354167  5.88994046
 [61] 28.46144765 27.23489755 25.93565479 19.13518949 28.45641601 28.40044375
 [67] 25.65546654 16.92428952 20.80704383 19.45887960 19.13717194 15.32788398
 [73] 13.59723564 13.36134948 17.99793912 12.57938196 26.34242250 22.70440214
 [79] 28.87277526 21.90812825 17.49697297 25.59618235 24.92948045 21.90523602
 [85] 21.45332031 17.38817595 21.17228203 17.48659757 23.62768659 21.81913652
 [91] 17.68165650 15.26916037  6.77716449 27.59828643 24.98556991 19.02682742
 [97] 15.70643824 10.00543734 16.34147333 23.14112322 18.18017856 14.74112237
[103] 14.14819712 15.66040372  8.75604033  6.15501885  7.87181593  3.61045525
[109] 17.45395807 14.48593274 13.47985095 21.55180299 21.19401798 16.06375290
[115] 14.82524722 10.59148235 25.03241601 14.81758924 15.71413911 20.68618006
[121] 18.68502555 14.95997006 20.70490356 16.71713230 11.83995313 15.40624623
[127] 17.01169687 15.59396037 15.03001535 13.69639638  6.51912978  1.87414865
[133]  1.79852224 21.80602141 17.61664637  9.72071046  2.42415153 20.84296791
[139] 20.64933798 19.19970536 17.84185353 12.93973680 17.39543051 14.99989513
[145]  4.02490990 13.20347943  9.38643630  5.34193216  4.81377288 12.02811610
[151] 20.68360007 13.17887103 10.37081251  0.29590227 15.21533694 20.50784137
[157] 19.93359670 19.19408898 16.96933825 15.46698754 18.30152784 13.21379031
[163] 15.88541110  9.64438770  7.73839629  0.27853389 10.89910874  1.66097248
[169] 19.69926862 16.50080296 15.08781780 19.02159291 18.42990618 11.56567891
[175] 12.73706492 17.02591753 13.80477483 10.30163997  8.92536242  6.92120703
[181] 10.61321856  3.83821151  1.79457830 13.03972553 19.06336401 16.08956544
[187] 13.19769010  6.16657608  5.16691354  2.77513395  1.82635196 12.29673040
[193]  3.71990357  0.77401506  6.30270326  4.61886631  3.94960178  0.08949168
[199]  0.03848648 14.01469232 10.76987765  8.00395698  6.95201246  6.49012246
[205] 18.45179145 14.60417984 15.33007457  8.33743513 16.78045010 12.66286527
[211] 12.62577398  3.64925734  2.58023248  5.31166546 11.74765781 16.63800284
[217]  3.21933502  1.76630385  0.35590620 11.88471899  5.57488688  0.39970191
[223]  0.17553965  0.44633292  2.66912831  0.10946059 11.10717340  4.62419266
[229]  4.54696492  4.19238333 17.91535545  7.49958780  7.45366069 11.14524544
[235] 11.24881228 10.03143293  9.47123864  3.44074000  1.27261261  0.03038300
[241]  2.42943099  0.77055526 11.55155813  4.56477712  1.73371879  2.32198949
[247] 10.87530482  2.95457533  2.65193597 16.04840838  6.44537825  6.97949851
[253]  5.27283194  3.40152802  8.05473887  5.89281983  2.79613476  0.70475371
[259]  1.78509566 11.22507090  9.08398534  2.52801587  2.01099391  1.13339148
[265]  2.29376163  2.15939444 10.75978505  9.31727911  1.82603380 14.39004946
[271]  4.89561029  2.66204641  0.91021968  4.51057809  3.46313594  1.30739942
[277]  4.54084442  5.38140366  4.81355275  9.58907064  7.97750485  6.84629418
[283]  2.06027322  1.50425469  0.90749438  7.65812504  8.73850050  7.92589829
[289]  7.40538968  4.29968995  1.41830431 14.23870585  4.04085429  0.14529759
[295]  2.04224811  0.93861535  3.11795405  4.05916011  7.64962206  6.14709967
[301]  5.89970754  4.67954706  1.57622920  1.20724891  2.50313740  7.49936389
[307]  2.92124013  1.42455928

$PAR
  [1]  NA   1   1   1   1   3   4   6   6   6   6   6   7   7   7   9   9  10
 [19]  10  11  12  14  15  15  15  15  15  15  16  19  19  20  20  20  20  20
 [37]  20  22  22  24  24  24  24  24  25  25  25  28  32  32  32  32  32  33
 [55]  33  33  33  33  33  33  34  35  35  35  37  37  44  45  46  46  46  46
 [73]  46  46  47  48  49  49  50  51  51  52  52  52  52  52  53  54  57  57
 [91]  57  57  58  61  61  61  61  61  64  66  70  70  70  71  71  71  76  76
[109]  77  77  77  80  80  80  81  81  82  82  83  84  85  85  87  87  87  89
[127]  91  91  92  92  93  93  93  95  96  98  98 100 100 100 100 100 101 101
[145] 106 109 109 109 109 111 113 113 113 113 119 120 120 120 120 120 121 122
[163] 124 128 128 128 130 131 134 135 135 138 138 141 142 143 143 144 144 144
[181] 146 147 148 152 156 157 157 157 157 157 157 162 165 165 167 167 167 167
[199] 167 169 169 169 169 169 172 172 173 174 176 176 176 179 179 180 184 185
[217] 189 191 191 192 192 192 194 196 197 197 200 202 202 202 205 208 208 210
[235] 211 211 211 211 211 213 214 217 220 221 221 225 227 230 230 231 232 233
[253] 233 233 236 237 238 239 241 243 243 243 243 245 246 246 247 247 247 250
[271] 251 251 251 252 252 252 253 255 255 260 260 260 262 266 266 267 268 268
[289] 268 268 268 270 271 272 274 274 275 279 281 286 286 288 288 288 290 299
[307] 300 303

$EXTANT
  [1] FALSE FALSE FALSE FALSE FALSE FALSE FALSE FALSE FALSE FALSE FALSE FALSE
 [13] FALSE FALSE FALSE FALSE FALSE FALSE FALSE FALSE FALSE FALSE FALSE FALSE
 [25] FALSE FALSE FALSE FALSE FALSE FALSE FALSE FALSE  TRUE FALSE FALSE FALSE
 [37] FALSE FALSE  TRUE FALSE FALSE FALSE FALSE FALSE FALSE FALSE FALSE FALSE
 [49] FALSE FALSE FALSE FALSE FALSE FALSE FALSE FALSE FALSE  TRUE  TRUE  TRUE
 [61] FALSE FALSE FALSE FALSE FALSE FALSE FALSE FALSE FALSE FALSE FALSE FALSE
 [73] FALSE FALSE FALSE  TRUE FALSE FALSE FALSE FALSE FALSE FALSE FALSE FALSE
 [85] FALSE FALSE FALSE FALSE FALSE FALSE FALSE FALSE  TRUE FALSE FALSE FALSE
 [97] FALSE  TRUE FALSE FALSE FALSE FALSE FALSE FALSE FALSE FALSE FALSE  TRUE
[109] FALSE FALSE FALSE FALSE  TRUE FALSE FALSE FALSE FALSE FALSE FALSE FALSE
[121] FALSE FALSE FALSE FALSE FALSE FALSE FALSE  TRUE FALSE  TRUE  TRUE FALSE
[133]  TRUE FALSE FALSE FALSE  TRUE FALSE FALSE FALSE FALSE FALSE FALSE FALSE
[145] FALSE FALSE FALSE FALSE FALSE FALSE FALSE FALSE FALSE  TRUE FALSE FALSE
[157]  TRUE FALSE FALSE FALSE FALSE FALSE FALSE FALSE  TRUE  TRUE  TRUE FALSE
[169] FALSE FALSE FALSE FALSE FALSE  TRUE FALSE FALSE FALSE FALSE FALSE FALSE
[181] FALSE  TRUE FALSE FALSE FALSE FALSE FALSE FALSE FALSE  TRUE  TRUE  TRUE
[193]  TRUE  TRUE FALSE  TRUE  TRUE  TRUE  TRUE FALSE FALSE FALSE FALSE FALSE
[205] FALSE FALSE FALSE FALSE FALSE FALSE  TRUE  TRUE  TRUE  TRUE FALSE FALSE
[217]  TRUE FALSE  TRUE FALSE  TRUE  TRUE  TRUE  TRUE  TRUE  TRUE FALSE FALSE
[229]  TRUE  TRUE FALSE FALSE FALSE FALSE FALSE FALSE FALSE FALSE  TRUE  TRUE
[241]  TRUE  TRUE  TRUE FALSE  TRUE  TRUE FALSE FALSE  TRUE FALSE  TRUE  TRUE
[253] FALSE FALSE FALSE  TRUE FALSE  TRUE  TRUE  TRUE FALSE  TRUE  TRUE FALSE
[265] FALSE  TRUE FALSE  TRUE  TRUE FALSE FALSE  TRUE  TRUE  TRUE  TRUE  TRUE
[277]  TRUE  TRUE  TRUE FALSE FALSE  TRUE  TRUE  TRUE  TRUE  TRUE FALSE  TRUE
[289] FALSE  TRUE  TRUE FALSE FALSE FALSE FALSE  TRUE FALSE  TRUE  TRUE  TRUE
[301]  TRUE  TRUE  TRUE  TRUE  TRUE FALSE  TRUE  TRUE

