
Birth-death simulation object with 206 species and 76 extant species

Details for some species:

Extinction times (NA means extant)
[1] 44.19443 38.24284 11.44687 43.36682 34.65139 39.30690


Speciation times 
[1] 49.11595 46.07289 45.23982 43.67390 39.03439 39.91355


Species parents (NA for initial)
[1] NA  1  1  2  2  3


Species status (extinct or extant)
[1] "extinct" "extinct" "extinct" "extinct" "extinct" "extinct"


For more details on vector y, try sim$y, with y one of
TE TS PAR EXTANT



$TE
  [1] 44.1944310 38.2428381 11.4468732 43.3668209 34.6513939 39.3069021
  [7] 31.5897192 33.4968002 30.5803593 35.6779558 38.2002656 34.2627445
 [13] 19.7339859 32.9563108 14.2312074 15.4743940 19.5190446 23.0916869
 [19] 23.2449751 23.6249973 18.4831364 19.8506613  6.0737171 13.7821799
 [25] 14.4317274 13.2519456 12.8635477 26.3196403 15.0447494 14.2242284
 [31] 18.5925331  4.6157087 14.6028756 25.0144677 18.3064515 20.2066922
 [37]  9.1192368 17.9113190 11.9732455 12.4285633  7.4771407         NA
 [43] 10.4708295 13.8757111 13.3713336 12.7581678 13.1097229 23.0165218
 [49] 24.6825234 15.7117766 14.5661473  1.3680480 17.5061016 16.9037936
 [55] 11.3649161 10.2563498  2.6773348         NA 15.0695346 13.3998354
 [61] 21.4383634 17.2292788 13.9300725 12.9712920 11.6245500         NA
 [67]         NA 19.0457631 12.6053165 13.7988413 14.1511749 11.2357063
 [73]  5.8545014  2.1837544         NA         NA         NA 11.0316800
 [79] 10.4167185 12.4181779 13.4999490 10.6835944  6.5981455         NA
 [85]         NA         NA         NA  0.1436993         NA 10.1816462
 [91] 10.7578031 12.9121628  0.2807034  4.5222532  3.8733636         NA
 [97]  4.1573972  6.6926868  1.6241393         NA  1.4128497  0.1468354
[103]         NA         NA         NA  9.5536597         NA         NA
[109]         NA         NA         NA         NA         NA         NA
[115]  7.8763126  2.8617118  7.1401593 15.0808829 13.8467915 11.8454324
[121] 10.6480300 10.7704044  2.2896898         NA  3.1226316         NA
[127]         NA         NA         NA         NA         NA         NA
[133]         NA  5.0918883         NA         NA         NA         NA
[139]  0.3288790  5.6576652         NA         NA         NA         NA
[145]         NA  1.0742658  3.5216350 12.4928832  0.9176380         NA
[151]         NA  2.4875396  5.2338993  1.9184580         NA         NA
[157]         NA  0.4613547         NA  0.9423267         NA         NA
[163]         NA  0.3071741  6.5853418         NA  2.9745260         NA
[169]         NA         NA  4.5822197  2.7337679  4.7851986         NA
[175]  1.3514724  0.8248994         NA  3.2707829         NA  6.9135481
[181]  6.5171187  5.1777435         NA         NA  0.7999093  0.4795898
[187]         NA         NA  5.6606345         NA  3.3695995         NA
[193]  5.0060956         NA         NA         NA         NA         NA
[199]  6.6125624         NA         NA  0.5865399         NA         NA
[205]         NA         NA

$TS
  [1] 49.11595465 46.07288946 45.23981573 43.67389776 39.03438709 39.91354647
  [7] 39.68081688 35.43776637 34.54676529 38.98203564 38.74838578 34.26302873
 [13] 33.12934122 33.06460263 32.17800475 29.80747663 27.62675305 30.02682800
 [19] 27.05611815 24.34265349 22.81846942 21.46406026 20.34892269 17.03270726
 [25] 16.15484545 14.88995989 28.17854114 28.16655991 26.18152689 19.94560662
 [31] 19.18787359 18.01216924 16.86072070 25.13189777 24.71678590 21.74113645
 [37] 25.63695034 19.97789347 19.18557190 13.96707131  9.48675819  8.39201125
 [43] 16.81431031 16.10817449 14.54549172 14.18246031 13.91792528 28.03541071
 [49] 25.49268103 21.64671450 19.80410688 13.92924071 18.27081285 17.86410246
 [55] 11.41322464 10.99776907  8.44565910  7.77981159 16.28136209 15.74736152
 [61] 22.59498045 19.01805578 17.55468156 17.00114360 16.08066218  9.84205504
 [67]  9.78878929 19.61710449 19.56054071 18.12100933 18.05002465 16.19502161
 [73]  7.59372139  6.04742402  2.10117789  1.25984357  0.82587915 11.46114915
 [79] 10.50357685 20.77890307 13.58900077 11.42924220  8.24707798  3.12472793
 [85]  2.17880628  4.33338294  4.72639678  2.56682273 18.78294281 16.07821190
 [91] 13.16677588 14.14235795  9.06662580  4.97585577  4.58355588  0.66596186
 [97]  9.07247677  8.93213067  8.42313989  7.82994858  5.67389227  5.31714895
[103]  7.40875857  5.86907953  2.50499377 13.36140906 10.70231426  0.74200948
[109]  0.99994115  1.26361797  2.02773869  1.35983008  2.32157797  2.29117805
[115]  8.79233121  8.33672189  7.37818520 15.36661538 15.19805994 13.80908580
[121] 10.71168764 10.78463524  8.02467276  6.01076766  5.52750002  2.60577604
[127]  9.01716840  4.37498646  2.04620422  7.31882218  5.19708567  2.87665426
[133]  3.97839762  6.42939025  5.68148709  4.55520476  5.56222584  1.16009591
[139]  9.84151639  8.81707589  1.08382079  1.53613874  0.83925796  0.12225521
[145]  6.46284834  6.11501415  3.73362407 13.02589942  4.85980877  1.24891681
[151]  0.36982495  7.94858019  6.62068964  4.25763316  1.00092696  1.13478559
[157]  0.96957873  5.20098507  5.57895847  5.51722762  1.44427268  1.08369888
[163]  3.85559397  8.82317029  8.37806815  7.94353014  7.24651859  6.74020630
[169]  5.68988220  0.60030822  4.61250831  3.79784173  4.86585473  4.83700721
[175]  7.62426302  5.87387172  0.73808837  4.60285757  2.51072501  7.91229525
[181]  7.81077400  7.13869121  1.62744281  5.72834542  1.16003021  0.67018860
[187]  2.91402414  0.09852654  5.66874127  1.86817286  7.58390097  7.00781684
[193]  6.71909826  6.27270393  5.60853022  0.49371154  0.79857880  4.15380889
[199]  6.71794942  5.14849294  4.14043322  3.18789776  2.09149041  1.86340646
[205]  1.05906543  1.08871013

$PAR
  [1]  NA   1   1   2   2   3   3   3   3   5   5   7   7  13  13  13  13  15
 [19]  15  15  15  15  15  15  15  15  16  16  16  16  16  16  16  17  17  17
 [37]  19  22  23  23  23  23  24  25  26  26  26  27  27  27  27  27  29  29
 [55]  32  32  32  32  33  33  35  35  37  37  37  37  37  38  38  39  39  39
 [73]  41  42  42  42  42  43  43  50  52  52  52  52  52  57  58  58  62  63
 [91]  64  65  66  66  66  66  67  67  67  67  67  67  73  74  74  80  82  84
[109]  85  86  87  87  88  88  89  89  89  90  90  90  90  91  93  93  93  93
[127]  97  99  99 100 101 101 102 103 103 103 104 104 106 107 107 111 111 112
[145] 116 116 116 120 123 126 126 127 127 127 128 129 129 130 134 135 135 136
[163] 137 139 139 139 139 139 139 141 145 145 146 146 152 152 156 158 159 165
[181] 166 166 166 168 168 169 174 174 175 179 181 181 181 182 184 186 190 191
[199] 192 192 192 192 192 195 201 204

$EXTANT
  [1] FALSE FALSE FALSE FALSE FALSE FALSE FALSE FALSE FALSE FALSE FALSE FALSE
 [13] FALSE FALSE FALSE FALSE FALSE FALSE FALSE FALSE FALSE FALSE FALSE FALSE
 [25] FALSE FALSE FALSE FALSE FALSE FALSE FALSE FALSE FALSE FALSE FALSE FALSE
 [37] FALSE FALSE FALSE FALSE FALSE  TRUE FALSE FALSE FALSE FALSE FALSE FALSE
 [49] FALSE FALSE FALSE FALSE FALSE FALSE FALSE FALSE FALSE  TRUE FALSE FALSE
 [61] FALSE FALSE FALSE FALSE FALSE  TRUE  TRUE FALSE FALSE FALSE FALSE FALSE
 [73] FALSE FALSE  TRUE  TRUE  TRUE FALSE FALSE FALSE FALSE FALSE FALSE  TRUE
 [85]  TRUE  TRUE  TRUE FALSE  TRUE FALSE FALSE FALSE FALSE FALSE FALSE  TRUE
 [97] FALSE FALSE FALSE  TRUE FALSE FALSE  TRUE  TRUE  TRUE FALSE  TRUE  TRUE
[109]  TRUE  TRUE  TRUE  TRUE  TRUE  TRUE FALSE FALSE FALSE FALSE FALSE FALSE
[121] FALSE FALSE FALSE  TRUE FALSE  TRUE  TRUE  TRUE  TRUE  TRUE  TRUE  TRUE
[133]  TRUE FALSE  TRUE  TRUE  TRUE  TRUE FALSE FALSE  TRUE  TRUE  TRUE  TRUE
[145]  TRUE FALSE FALSE FALSE FALSE  TRUE  TRUE FALSE FALSE FALSE  TRUE  TRUE
[157]  TRUE FALSE  TRUE FALSE  TRUE  TRUE  TRUE FALSE FALSE  TRUE FALSE  TRUE
[169]  TRUE  TRUE FALSE FALSE FALSE  TRUE FALSE FALSE  TRUE FALSE  TRUE FALSE
[181] FALSE FALSE  TRUE  TRUE FALSE FALSE  TRUE  TRUE FALSE  TRUE FALSE  TRUE
[193] FALSE  TRUE  TRUE  TRUE  TRUE  TRUE FALSE  TRUE  TRUE FALSE  TRUE  TRUE
[205]  TRUE  TRUE

