
Birth-death simulation object with 384 species and 135 extant species

Details for some species:

Extinction times (NA means extant)
[1] 45.14934 35.74953 41.96534 20.85263 34.83499 40.69763


Speciation times 
[1] 49.11595 46.37998 46.37087 37.67521 36.06609 45.82376


Species parents (NA for initial)
[1] NA  1  2  2  2  3


Species status (extinct or extant)
[1] "extinct" "extinct" "extinct" "extinct" "extinct" "extinct"


For more details on vector y, try sim$y, with y one of
TE TS PAR EXTANT



$TE
  [1] 45.14934128 35.74952640 41.96533869 20.85262667 34.83498854 40.69763053
  [7] 16.12275275 31.38482881 21.62087827 23.99513057 25.11802231 12.94148021
 [13] 42.56731761 33.76541854 21.87351124 17.48149598 21.17163571 17.60983600
 [19] 16.82793883 25.98564332 18.54437253 14.48003564          NA 14.98675455
 [25] 12.42501942 23.45942220 21.45376592 22.98554697 22.27659207 11.92907331
 [31] 23.46041202 18.07592067 21.52136173 12.89504526 14.21724203 24.51258222
 [37] 20.07900506 12.66489564  5.93938565 16.24733941 16.08134941 10.75452498
 [43]  2.79686398          NA          NA 13.94146166 14.37650269 12.34056854
 [49] 30.13642989 19.91424128 28.56897427 27.57567425 20.04933141 12.90454909
 [55] 12.63066465 22.52877760 14.82843066 22.37923000 14.23069070 12.62929740
 [61] 12.83300604 22.23445651 14.49902897 22.68239651 13.61254436 16.19184752
 [67] 14.34909979 12.07096903 10.61680718  5.98833591          NA 12.68819027
 [73]          NA  2.10640624  0.82317355  2.31245778  0.99857087          NA
 [79]          NA 26.60123376 12.86638871 16.50197934 14.26429264          NA
 [85] 11.65833647 14.87888077 18.34759826 12.26417957  6.98010668 22.74598208
 [91] 14.19863053 13.64030229 14.52687909          NA          NA  5.96088369
 [97]  5.84082865          NA          NA  4.22812590          NA          NA
[103] 25.60416166 17.89358918 14.59155166 17.96271605 12.57600059  5.75003583
[109]          NA  3.75753107  7.57894376  2.34140763 12.99806750  3.21865453
[115] 11.87388658 15.04808844          NA  5.27632793          NA  0.47026725
[121]          NA  4.35300319          NA          NA 13.43087318 13.24037124
[127] 13.54271604 12.45066215 15.16304099 18.06502734 13.45477999 12.81558871
[133]  4.22119842  6.90789058          NA  4.11302853  1.08581734  0.38122454
[139]  5.16402897          NA  0.33522129  6.15115972  0.29269746 11.70258432
[145]  5.11289075  2.41923861  8.19572521          NA          NA 22.98917847
[151] 16.96863454 14.67318219 19.06970445 17.05518852 15.92128670 14.05859838
[157] 13.79710778 13.24866868 15.22870294 18.38338741 15.08458506 14.90031228
[163] 13.58721070 14.20103919 13.76108588          NA          NA  6.77708403
[169]          NA  1.83993885          NA  9.93845100  9.04364893  0.88064276
[175]          NA  1.29528228          NA          NA 13.91302724 10.78868064
[181] 12.80293154 10.25428415 15.04634853 15.34501480 17.73936054 18.91661509
[187] 12.78673786  9.59770479 18.23781981 14.74360886 13.61415821          NA
[193]          NA  1.76846570          NA  1.73922519          NA          NA
[199]  3.27845512          NA 11.84068252 10.66640524  4.10414626 11.17598366
[205] 11.01402322  7.53840152 11.42233451 17.85731135 11.16128478  3.77899126
[211] 17.14640082  8.12585035  1.22623469  4.52815974  3.83783130          NA
[217]          NA  0.24243080          NA          NA  3.05124880  0.56558493
[223]  2.96291294          NA  5.02399211          NA  2.69787913          NA
[229] 14.07483100  5.25083030 13.91893507 13.55818275 15.19959167 12.76490505
[235] 12.41457108  8.36431957          NA  2.81998675 10.22955709          NA
[241]          NA          NA  2.09591936  2.19688062  3.28995145          NA
[247]          NA  0.55453111  2.21025971          NA  2.21773317 10.21270872
[253]  6.83325619          NA          NA  4.29846900          NA          NA
[259]          NA  2.17410303          NA 14.09593419 10.60499627  0.79671388
[265]  2.38815497          NA  5.40160564          NA  1.16483589  3.52085548
[271]  2.36275014          NA          NA          NA          NA  5.41042129
[277]  7.17136656  1.97655988          NA  1.90735737          NA  0.87246834
[283]          NA          NA  1.83051190          NA          NA  3.74203607
[289]          NA  1.94720653          NA  1.78342320          NA  0.51610539
[295]          NA          NA  0.02453396  1.46278324          NA          NA
[301]  4.40628706  2.09892568          NA          NA          NA          NA
[307]          NA          NA          NA  0.73998152  0.62935416          NA
[313]  1.56132635          NA          NA          NA          NA          NA
[319]          NA          NA  1.02476416  0.63945987  5.06121486          NA
[325]  6.74025011          NA  0.46284332  3.50408755  3.47713115          NA
[331]          NA          NA          NA  0.13429256          NA  0.76129630
[337]          NA          NA          NA          NA          NA          NA
[343]  0.98615430  1.68578073  2.58304104          NA  3.40706909          NA
[349]          NA          NA          NA          NA          NA          NA
[355]  1.63838239          NA          NA          NA          NA          NA
[361]  3.80648040          NA          NA          NA  0.44573024          NA
[367]  2.43135924  1.08005146          NA          NA  0.80303682          NA
[373]  0.25855114          NA          NA          NA          NA          NA
[379]          NA          NA          NA          NA          NA          NA

$TS
  [1] 49.11595465 46.37998468 46.37087055 37.67520694 36.06609048 45.82376196
  [7] 33.01247950 32.25483402 32.21577950 30.59502088 28.72274745 23.59009268
 [13] 42.85934492 42.02663575 24.90940927 21.20448095 26.21181936 21.67325808
 [19] 26.62525745 28.20119269 23.12078271 22.89375046 22.32355813 17.57589921
 [25] 13.99667739 38.16222656 37.82015722 25.19965647 22.98308069 21.99405349
 [31] 25.84994793 25.32942454 23.21328957 22.03248018 20.42384159 26.70205328
 [37] 21.57702477 17.52151894 17.11910586 20.29419454 19.68639504 15.86939810
 [43] 14.45876988  9.69581045  9.29970542 15.91778442 15.08019439 12.45619884
 [49] 34.64242487 31.37965105 29.56083898 28.81064064 25.87094733 23.94199643
 [55] 27.72000015 26.61899974 24.99837662 23.87535793 18.22219690 13.49378344
 [61] 13.25487373 24.49871328 23.23609129 23.19340936 18.86228223 19.38543482
 [67] 16.40191181 12.71308636 11.65434772  9.48829319  7.29227930 13.01956102
 [73]  9.75696285  9.72788415  8.30184811  2.54039905  1.92765049  0.02801826
 [79]  9.14536589 29.26058789 13.42005261 24.57195796 21.03672253 23.53371190
 [85] 14.99643988 23.15641823 22.93712609 14.53686504 12.92598168 23.51686912
 [91] 14.80529296 13.68779640 18.94061154  6.57709469  1.03701710  7.60351288
 [97]  6.87037406  2.05323196  6.46702299  5.23613880  3.46138787  7.69448563
[103] 29.23564320 22.86462743 22.84033991 19.34216346 13.71584299 11.91636562
[109] 10.91741553  9.97323995  9.72465996  7.73988292 13.44219662  8.51879019
[115] 17.29425625 16.49436391  0.11129278  6.46993721  0.96209004  3.74985880
[121]  2.48854566  4.74077724  3.21258586  2.91354036 28.11052446 26.38628173
[127] 18.33825463 20.88869725 20.45578553 18.18289101 16.28677904 15.38932125
[133]  8.17195352  7.59792008  7.10050411 10.79985909  7.02006579  1.29133935
[139]  9.24613354  8.12055369  4.53834339  9.58592560  4.93483865 13.25207676
[145]  7.38828529  6.90801290 14.54250974  6.39284319  0.72861745 24.13481654
[151] 23.73594278 22.45287087 22.35794378 18.42450426 17.14858345 16.97516056
[157] 14.78927076 18.14578645 15.66619641 20.10435768 15.92367227 18.17905315
[163] 18.10643706 15.21794140 14.10080304 14.37362261  7.60841846  7.00780354
[169]  4.31912057  3.32462873  3.28777800 10.71926120  9.25432341  6.15512674
[175]  2.57935585  1.33612873  0.38455517  5.23219054 23.66858264 20.49255426
[181] 19.38125414 19.21153628 17.38531437 20.05229424 19.46082916 21.19381400
[187] 18.06376075 13.66873726 18.40386068 16.25224813 15.74237353 10.24776801
[193]  5.53947360  5.32693720  2.50910260  6.92641155  3.89808006  0.72228356
[199] 10.09095499  3.78280137 14.26168975 16.46538518 11.89238121 11.32142395
[205] 16.78853228 10.74579221 19.34846098 17.91587337 18.31906418 20.92004880
[211] 20.73361526 15.36613733 11.40798417  9.91195411  4.87943735  4.78398177
[217]  4.24868390  3.60507778  1.32408009  6.03944568  3.73272733  8.20348057
[223]  5.14175238  1.92410056 14.11216746  7.34901692  6.99106550  4.15194422
[229] 16.19880516 10.14353779 17.37141914 13.72346649 15.97048146 19.16732473
[235] 14.32054369  9.19118184  4.25190066 10.94096500 10.38094269  9.95293586
[241]  7.98629357  5.08107963  3.55789244  4.52368773  3.69741544  0.89796969
[247]  0.56673539  3.39980016  3.99724993  1.20877857 13.21022972 10.72655869
[253] 10.29251464  7.49622343  5.23311034  4.43496917  4.34141969  5.90106704
[259]  9.97837212  6.56702834  5.61164645 14.31305534 12.88193227  0.93707715
[265]  7.91678547  3.20277191 10.34509263  9.33177543  8.59827641  4.85564268
[271]  4.84504633  2.00568889  1.42163070  1.91564641  3.94871386 10.32218914
[277]  9.90340331  5.62376754  5.56060256  4.56690522  3.65076472  4.37600552
[283]  3.95176188  3.17067022  2.55204727  2.30958857  0.38266927  4.09315012
[289]  3.26986960  4.69530808  2.31859755  1.83226448  3.65878774  2.75039302
[295]  9.58568491  6.75892693  1.62892269  3.67625796  1.53607144  2.49539890
[301] 10.24642481  9.92257371  3.79973374  3.94449883  3.46362116  1.62612950
[307]  2.12221333  0.91056859  0.34877604  1.86388250  1.05481096  0.03784903
[313]  3.79196807  1.61022819  3.20671664  2.01757473  3.14437111  4.25637070
[319]  2.20188079  0.82014818  1.58977102 10.19545539  9.08959451  7.20156137
[325]  7.09438083  8.04215549  5.30689464  4.08915922  3.72344704  0.55202812
[331]  1.16299855  1.32280673  1.30895391  1.05527638  0.70258301  2.68171245
[337]  1.52269418  1.37481556  2.10183196  0.21192736  0.66474910  6.22137322
[343]  6.85959106  5.67912560  7.31076074  7.03074405  5.45262223  0.78504434
[349]  1.15278653  1.06833552  0.45906815  6.45234635  5.17564882  4.88555914
[355]  3.82098745  3.60467879  1.09186650  4.85962054  4.15537704  4.51057315
[361]  6.30492138  5.48226032  0.82727968  6.12376860  4.92796953  4.49383816
[367]  2.70918205  1.49935388  1.29032788  3.28713521  3.17301875  2.19924306
[373]  6.30486034  3.30510905  0.65674882  1.50163748  4.52453941  1.25549964
[379]  2.03138258  1.48002223  0.33401662  0.67219475  0.02804785  0.34875277

$PAR
  [1]  NA   1   2   2   2   3   4   4   4   4   4   4   6   6   7   7   9   9
 [19]  10  11  12  12  12  12  12  14  14  17  17  17  19  19  19  19  19  20
 [37]  22  22  22  23  23  23  23  23  23  24  24  25  26  26  26  26  26  26
 [55]  27  27  28  28  30  30  30  32  32  33  34  35  38  38  39  39  39  43
 [73]  43  43  43  44  44  44  45  51  54  55  55  56  57  58  58  59  60  62
 [91]  63  65  66  70  71  73  73  73  75  75  75  79  80  84  84  84  84  84
[109]  84  84  84  84  85  89  93  93  95  96  98  99  99 100 101 101 103 103
[127] 104 105 105 105 105 105 108 108 108 109 109 109 110 110 110 111 112 113
[145] 114 114 115 118 123 125 125 125 125 126 126 126 126 128 128 129 129 130
[163] 130 131 131 132 133 135 135 135 135 136 136 137 140 141 143 146 150 151
[181] 151 151 151 152 152 153 158 158 160 162 163 166 167 167 167 168 169 169
[199] 172 178 179 180 180 180 181 182 184 184 185 186 186 187 188 188 192 192
[217] 192 193 193 196 196 199 199 200 202 203 203 203 205 206 207 207 209 210
[235] 210 210 210 212 213 213 213 213 213 216 217 217 217 221 223 224 225 225
[253] 225 225 226 226 226 227 230 230 230 234 235 237 238 238 239 240 240 240
[271] 241 241 242 248 249 251 251 251 251 251 254 255 255 255 255 255 255 257
[289] 257 258 259 259 260 261 267 268 269 271 272 275 276 276 279 280 281 281
[307] 282 283 283 284 286 286 290 291 293 294 295 296 298 299 300 301 301 301
[325] 301 302 302 302 303 303 305 306 306 306 307 317 317 317 318 319 320 322
[343] 324 324 326 326 326 332 336 339 341 343 343 343 343 343 343 344 344 345
[361] 346 346 346 352 352 352 352 353 356 360 360 360 361 362 362 364 365 365
[379] 370 372 372 373 376 379

$EXTANT
  [1] FALSE FALSE FALSE FALSE FALSE FALSE FALSE FALSE FALSE FALSE FALSE FALSE
 [13] FALSE FALSE FALSE FALSE FALSE FALSE FALSE FALSE FALSE FALSE  TRUE FALSE
 [25] FALSE FALSE FALSE FALSE FALSE FALSE FALSE FALSE FALSE FALSE FALSE FALSE
 [37] FALSE FALSE FALSE FALSE FALSE FALSE FALSE  TRUE  TRUE FALSE FALSE FALSE
 [49] FALSE FALSE FALSE FALSE FALSE FALSE FALSE FALSE FALSE FALSE FALSE FALSE
 [61] FALSE FALSE FALSE FALSE FALSE FALSE FALSE FALSE FALSE FALSE  TRUE FALSE
 [73]  TRUE FALSE FALSE FALSE FALSE  TRUE  TRUE FALSE FALSE FALSE FALSE  TRUE
 [85] FALSE FALSE FALSE FALSE FALSE FALSE FALSE FALSE FALSE  TRUE  TRUE FALSE
 [97] FALSE  TRUE  TRUE FALSE  TRUE  TRUE FALSE FALSE FALSE FALSE FALSE FALSE
[109]  TRUE FALSE FALSE FALSE FALSE FALSE FALSE FALSE  TRUE FALSE  TRUE FALSE
[121]  TRUE FALSE  TRUE  TRUE FALSE FALSE FALSE FALSE FALSE FALSE FALSE FALSE
[133] FALSE FALSE  TRUE FALSE FALSE FALSE FALSE  TRUE FALSE FALSE FALSE FALSE
[145] FALSE FALSE FALSE  TRUE  TRUE FALSE FALSE FALSE FALSE FALSE FALSE FALSE
[157] FALSE FALSE FALSE FALSE FALSE FALSE FALSE FALSE FALSE  TRUE  TRUE FALSE
[169]  TRUE FALSE  TRUE FALSE FALSE FALSE  TRUE FALSE  TRUE  TRUE FALSE FALSE
[181] FALSE FALSE FALSE FALSE FALSE FALSE FALSE FALSE FALSE FALSE FALSE  TRUE
[193]  TRUE FALSE  TRUE FALSE  TRUE  TRUE FALSE  TRUE FALSE FALSE FALSE FALSE
[205] FALSE FALSE FALSE FALSE FALSE FALSE FALSE FALSE FALSE FALSE FALSE  TRUE
[217]  TRUE FALSE  TRUE  TRUE FALSE FALSE FALSE  TRUE FALSE  TRUE FALSE  TRUE
[229] FALSE FALSE FALSE FALSE FALSE FALSE FALSE FALSE  TRUE FALSE FALSE  TRUE
[241]  TRUE  TRUE FALSE FALSE FALSE  TRUE  TRUE FALSE FALSE  TRUE FALSE FALSE
[253] FALSE  TRUE  TRUE FALSE  TRUE  TRUE  TRUE FALSE  TRUE FALSE FALSE FALSE
[265] FALSE  TRUE FALSE  TRUE FALSE FALSE FALSE  TRUE  TRUE  TRUE  TRUE FALSE
[277] FALSE FALSE  TRUE FALSE  TRUE FALSE  TRUE  TRUE FALSE  TRUE  TRUE FALSE
[289]  TRUE FALSE  TRUE FALSE  TRUE FALSE  TRUE  TRUE FALSE FALSE  TRUE  TRUE
[301] FALSE FALSE  TRUE  TRUE  TRUE  TRUE  TRUE  TRUE  TRUE FALSE FALSE  TRUE
[313] FALSE  TRUE  TRUE  TRUE  TRUE  TRUE  TRUE  TRUE FALSE FALSE FALSE  TRUE
[325] FALSE  TRUE FALSE FALSE FALSE  TRUE  TRUE  TRUE  TRUE FALSE  TRUE FALSE
[337]  TRUE  TRUE  TRUE  TRUE  TRUE  TRUE FALSE FALSE FALSE  TRUE FALSE  TRUE
[349]  TRUE  TRUE  TRUE  TRUE  TRUE  TRUE FALSE  TRUE  TRUE  TRUE  TRUE  TRUE
[361] FALSE  TRUE  TRUE  TRUE FALSE  TRUE FALSE FALSE  TRUE  TRUE FALSE  TRUE
[373] FALSE  TRUE  TRUE  TRUE  TRUE  TRUE  TRUE  TRUE  TRUE  TRUE  TRUE  TRUE

