
Birth-death simulation object with 195 species and 87 extant species

Details for some species:

Extinction times (NA means extant)
[1] 28.75958 44.22276 25.87721 37.57318 30.22966 32.89941


Speciation times 
[1] 49.11595 46.74596 35.41304 45.61497 34.65345 34.04855


Species parents (NA for initial)
[1] NA  1  1  2  3  3


Species status (extinct or extant)
[1] "extinct" "extinct" "extinct" "extinct" "extinct" "extinct"


For more details on vector y, try sim$y, with y one of
TE TS PAR EXTANT



$TE
  [1] 28.7595795 44.2227628 25.8772100 37.5731767 30.2296577 32.8994091
  [7] 26.3729007 15.9419463 22.0503593 36.3076317 17.1613173 14.1576237
 [13] 35.8136274 20.9249389 13.0175182 22.1342473 14.9781772 33.9799348
 [19] 30.6845533 16.8513286 14.9840603 12.1346282 15.1982315 16.3545727
 [25]         NA 11.3945128 15.1050888 23.0354578 14.7972670 26.4414329
 [31] 13.1997482 13.8128189 15.7238466         NA 11.2559531 15.9721618
 [37] 13.6037372         NA 21.1009325 13.0473127 28.0045528 27.2715070
 [43] 13.4137127 22.6281951  1.5219015 13.5286465 10.4371490 22.4309819
 [49] 14.5054997 13.9084162  8.7729666         NA 11.9755403 10.4144676
 [55] 13.4964852 14.9232848 11.5492858 14.9964172 15.0394558  8.6051360
 [61] 11.4096932         NA  4.6040731         NA  4.9061754         NA
 [67]  5.9476050  3.5285435 11.9585663  4.3232118 13.2652237 13.4063634
 [73]  5.6991370 12.6394569 17.8330566  0.4503022  3.5208125  2.3608631
 [79]  2.7571495         NA         NA         NA         NA 11.1698516
 [85]  1.4348213  3.7650862  6.0522198 14.1673040         NA  7.9091509
 [91]  4.9196115         NA  4.4767456  2.5497959  2.8326021  1.8386781
 [97]         NA 10.4962206  6.0829851  7.8024112  6.1410902         NA
[103]         NA  2.4364093         NA  8.3942025  7.9799614         NA
[109]  8.5827986         NA         NA         NA  3.6284236  0.2118389
[115]         NA         NA         NA  0.6752205         NA         NA
[121]         NA         NA  1.7150564         NA 10.3176171  7.3844714
[127]         NA         NA  2.2331218  4.5241581  6.0772257         NA
[133]         NA  4.5779752         NA         NA  0.5808728         NA
[139]         NA         NA         NA         NA         NA         NA
[145]         NA         NA         NA         NA         NA         NA
[151]  0.9870353         NA         NA  7.6131836         NA         NA
[157]         NA         NA         NA         NA  1.8721502         NA
[163]         NA  1.3880044  1.3134631         NA         NA         NA
[169]         NA         NA         NA         NA         NA         NA
[175]         NA         NA         NA         NA         NA         NA
[181]         NA         NA         NA         NA         NA         NA
[187]         NA         NA         NA         NA         NA  1.3158203
[193]         NA         NA         NA

$TS
  [1] 49.11595465 46.74595847 35.41304080 45.61496641 34.65344756 34.04854850
  [7] 27.43282013 44.17423743 40.35485681 40.07743359 33.96864602 40.90526636
 [13] 35.96622262 23.00709541 17.88060329 30.23489507 27.89387913 37.97945148
 [19] 32.38117141 32.37591436 18.58871943 17.15225928 16.22870933 22.12713647
 [25] 14.10132979 13.30329570 26.79798091 25.82097555 15.89472568 31.80702267
 [31] 30.07868503 27.35663570 25.84918637 17.56555291 12.44651073 18.33387151
 [37] 17.00644526  2.32178445 26.37899020 20.45825501 29.35337680 28.05453890
 [43] 19.39657975 23.26913723 21.98651883 18.14989006 15.98042974 22.67786886
 [49] 20.09255520 15.98089017  9.22859270  2.94087292 12.32462261 12.05246084
 [55] 16.41281699 22.37417704 17.96081351 18.21741312 16.73824315 14.17509740
 [61] 13.81757304 13.60740703 12.54446037  8.87576536  6.52124554  6.32950953
 [67]  6.29795176  5.45061904 13.85921261 10.63297243 14.92107151 15.18775211
 [73] 14.99350389 14.33985271 21.27147102 10.23151234  7.83737467  7.51205410
 [79]  6.68855056  1.88587174  1.79675231  0.13921143 13.62376966 12.49562686
 [85]  9.62244432  9.44786015 13.73310512 14.43170241 13.23306183  8.43490388
 [91]  7.77215673  5.41133476  6.88523806  4.73430494  4.52624711  3.20023278
 [97]  1.49932408 13.42822042 11.82709700 10.27609420  8.82554356  3.67911108
[103]  3.44484952  2.71135835  1.60473145  9.41741097  8.17629249  8.15739322
[109] 12.76490004  9.84449413 12.78027386  6.55606780  5.59764941  4.76429835
[115]  4.75363819  1.34970800  4.06346404  1.34125066  4.54315329  3.43744978
[121]  3.20780010  2.80372119  3.83050242 10.99330831 11.33439201  9.02605180
[127]  7.70393755  1.79751168 11.80281357 10.62440258  8.85247527  9.76479427
[133]  7.69870619  4.70555978  2.87754032  0.89832479  3.45665660  1.09838749
[139]  0.25237796  2.70725528  0.18447236  0.07696335  2.98030955  0.88333725
[145]  3.89813422  3.14907707  1.01281240  2.02033413 10.09974117  4.43404836
[151]  8.12937641  1.62980706  0.04487335  8.31776492  7.12117463  5.45803642
[157]  8.61282073  3.57374669  2.05535341  0.96516364  2.30741229  2.29565883
[163]  0.47647691  1.85600593  1.83921517  1.87376838  2.62069222  2.56780905
[169]  1.16613737  0.78441416  7.15654103  5.90714574  3.72818186  1.85998061
[175]  6.88853639  4.79938446  4.73848358  7.70633536  0.50506244  2.00470524
[181]  1.82460392  1.68787614  3.70144972  2.65971890  3.88419136  3.83794472
[187]  2.33223924  0.81135392  3.67114430  1.91202866  1.15091449  3.74830269
[193]  0.07603787  0.70508865  2.04546175

$PAR
  [1]  NA   1   1   2   3   3   3   4   4   4   5   8   8   8   8  11  11  12
 [19]  12  12  12  12  12  14  15  15  17  17  17  19  20  20  20  20  22  24
 [37]  24  25  27  27  30  31  31  32  32  32  32  33  33  34  34  34  35  35
 [55]  36  39  40  43  43  43  43  45  45  45  45  45  45  45  46  47  49  50
 [73]  50  50  56  63  63  63  64  66  66  66  69  69  70  70  71  73  74  76
 [91]  76  76  77  78  79  79  80  83  83  83  83  83  83  83  83  85  86  86
[109]  87  87  89  89  89  89  89  89  92  92  93  94  94  94  95  98  99  99
[127] 101 108 109 109 109 110 110 110 110 110 111 111 114 115 116 116 117 118
[145] 119 120 121 123 124 124 126 127 128 129 129 129 130 132 132 132 133 133
[163] 133 135 135 137 143 145 145 146 149 149 150 150 151 155 156 157 158 162
[181] 165 165 172 173 175 176 177 177 183 184 184 185 188 189 192

$EXTANT
  [1] FALSE FALSE FALSE FALSE FALSE FALSE FALSE FALSE FALSE FALSE FALSE FALSE
 [13] FALSE FALSE FALSE FALSE FALSE FALSE FALSE FALSE FALSE FALSE FALSE FALSE
 [25]  TRUE FALSE FALSE FALSE FALSE FALSE FALSE FALSE FALSE  TRUE FALSE FALSE
 [37] FALSE  TRUE FALSE FALSE FALSE FALSE FALSE FALSE FALSE FALSE FALSE FALSE
 [49] FALSE FALSE FALSE  TRUE FALSE FALSE FALSE FALSE FALSE FALSE FALSE FALSE
 [61] FALSE  TRUE FALSE  TRUE FALSE  TRUE FALSE FALSE FALSE FALSE FALSE FALSE
 [73] FALSE FALSE FALSE FALSE FALSE FALSE FALSE  TRUE  TRUE  TRUE  TRUE FALSE
 [85] FALSE FALSE FALSE FALSE  TRUE FALSE FALSE  TRUE FALSE FALSE FALSE FALSE
 [97]  TRUE FALSE FALSE FALSE FALSE  TRUE  TRUE FALSE  TRUE FALSE FALSE  TRUE
[109] FALSE  TRUE  TRUE  TRUE FALSE FALSE  TRUE  TRUE  TRUE FALSE  TRUE  TRUE
[121]  TRUE  TRUE FALSE  TRUE FALSE FALSE  TRUE  TRUE FALSE FALSE FALSE  TRUE
[133]  TRUE FALSE  TRUE  TRUE FALSE  TRUE  TRUE  TRUE  TRUE  TRUE  TRUE  TRUE
[145]  TRUE  TRUE  TRUE  TRUE  TRUE  TRUE FALSE  TRUE  TRUE FALSE  TRUE  TRUE
[157]  TRUE  TRUE  TRUE  TRUE FALSE  TRUE  TRUE FALSE FALSE  TRUE  TRUE  TRUE
[169]  TRUE  TRUE  TRUE  TRUE  TRUE  TRUE  TRUE  TRUE  TRUE  TRUE  TRUE  TRUE
[181]  TRUE  TRUE  TRUE  TRUE  TRUE  TRUE  TRUE  TRUE  TRUE  TRUE  TRUE FALSE
[193]  TRUE  TRUE  TRUE

