
Birth-death simulation object with 280 species and 62 extant species

Details for some species:

Extinction times (NA means extant)
[1] 27.28159 41.73993 39.40746 14.05405 21.72514 22.82701


Speciation times 
[1] 49.11595 47.65325 42.50470 44.09732 43.44737 41.18102


Species parents (NA for initial)
[1] NA  1  1  2  4  4


Species status (extinct or extant)
[1] "extinct" "extinct" "extinct" "extinct" "extinct" "extinct"


For more details on vector y, try sim$y, with y one of
TE TS PAR EXTANT



$TE
  [1] 27.28158771 41.73993108 39.40745752 14.05404893 21.72513535 22.82701409
  [7] 16.74162334 36.69925452 17.57829731 15.09968785 24.56308573 23.01742403
 [13] 21.20914701 16.47621239  7.97288098 28.91696110 32.04087309 18.95023070
 [19] 28.79461931 26.11002138 24.06922264 25.09386642 19.37162112 15.96287067
 [25] 11.22015756 15.22199243  7.91072189 14.27937666 12.14127967 29.12139909
 [31] 31.60549709 24.52885935  7.04637322 30.71975062 10.87099698 26.03810259
 [37] 24.22369658 17.51353788 27.63088453 25.11289913 11.24288769  8.44495271
 [43] 12.59029634 12.50229858          NA 25.96400858 13.89149374 20.61678685
 [49]          NA 13.69070858 14.90727362  5.44651618  6.18975355 33.04638025
 [55] 25.25965538 21.16203212 14.80617769 12.39905155 12.33986673  9.51107656
 [61]  4.99552462 13.71327577 27.40899158          NA 24.27143758 15.18209481
 [67] 19.95981223 19.45090737 24.13394347 13.81815876 19.17198277 15.09305388
 [73] 11.58696551 11.64169588 12.67684579 19.10322864 11.57351679 14.38893546
 [79] 23.59926792 16.24926247 12.00218296 16.00940470 11.35725454 12.95637956
 [85] 13.79912047  5.04785506          NA          NA  0.41631947  1.26082144
 [91] 21.60799366 10.96283426 12.75368630          NA  9.54644192          NA
 [97]          NA  7.87364115  5.40441857  0.82788718 24.17588972 25.44867009
[103] 12.81007965 12.59332443  9.89331015 23.93255232 20.98368924 20.91478558
[109] 15.16936736 23.96210107 19.66544169 19.46557691 12.14505258  1.09890892
[115]  6.71554700  0.67513934          NA 25.07207374 18.02518845 16.50169627
[121]  9.92423846 15.94642618 13.50808019 14.66483205 12.26067728          NA
[127] 20.16098388 10.52229333 15.12915481 15.05234063 14.93396568 14.81625015
[133] 13.68134984 12.16289124 12.76558865          NA  2.85773506          NA
[139]          NA  3.14198237          NA 11.74457487          NA  4.03641932
[145]          NA  9.55009844          NA          NA 21.08759756 18.65041104
[151] 20.15663044 13.94511889 13.11217669          NA 28.15162096 14.61828005
[157] 18.80042534 17.76621005 15.54410458 19.30836179 20.46128503  6.28047092
[163] 13.70367396 12.01242530  5.18166007  6.31102372          NA 14.70525438
[169] 14.05157193 15.25433680 14.66882584  0.30711323          NA  4.55712109
[175]  3.18538431          NA 13.13773435 21.20457536 20.51370570 13.65396600
[181] 17.18100888 12.11775625 12.00584826 13.50339991          NA          NA
[187] 15.47239007 17.23063474 15.21348976  3.14529615 23.42754407  5.64934447
[193] 13.26910967          NA  0.70896177  1.07185979          NA  0.73120730
[199] 15.45750003 14.62283391 14.96767440  5.24323220  2.78492979          NA
[205]          NA  4.46406146 13.99244210 14.39496549 12.50082868 14.57404138
[211]  6.22903696 11.69095676 14.45247006          NA          NA  2.37770932
[217]          NA 14.21894376 14.06675112          NA  4.96894162          NA
[223]  0.37532500  8.16684188  7.93426740          NA          NA          NA
[229]          NA  0.18599860          NA 13.46365577  1.41777505 12.71072403
[235]  9.48997327          NA 11.31827046 12.45489765  6.15138858          NA
[241]  6.88065396  0.32316830          NA          NA          NA 12.57936269
[247] 13.65959856          NA  1.16173207          NA  5.19668101          NA
[253]          NA  3.97443318  4.72042109          NA          NA          NA
[259]  0.44532235  8.31037303          NA  6.32287088          NA          NA
[265] 13.53976128          NA          NA          NA          NA          NA
[271]  5.22370299  0.35768927  0.51236428          NA          NA  0.32635370
[277]          NA  0.41431565          NA  0.01738264

$TS
  [1] 49.1159547 47.6532543 42.5047017 44.0973204 43.4473663 41.1810207
  [7] 39.9025908 36.9927037 33.1287990 31.2343357 27.6348582 25.7447380
 [13] 23.5930891 18.3630779 37.6583258 31.0570439 34.4996901 31.4351855
 [19] 34.3369712 29.7979795 29.5786125 28.9772429 24.9142101 29.0747358
 [25] 20.5095590 18.2120481 21.8288526 18.2917489 17.3459390 35.5620601
 [31] 35.2960878 27.2469482 19.8808958 31.0192941 30.9620200 30.1918038
 [37] 28.0580385 21.2632570 31.3432714 30.0017415 29.5836307 27.8123739
 [43] 24.5496771 20.4678126 19.7757180 28.9676479 15.3167455 21.3005131
 [49] 19.5865414 16.3235916 15.1807678 10.1203485  9.0427211 34.0225530
 [55] 31.3349024 34.4671156 15.6294963 15.3962357 12.4727031 12.3407383
 [61]  7.9692004 29.8048036 28.7654131 26.7325168 24.7306463 21.8153946
 [67] 27.4123367 30.1182264 26.2831015 20.6854830 20.5100177 17.9913170
 [73] 17.9038497 15.2963116 14.1312136 26.4158175 17.4319388 17.0078581
 [79] 23.9433892 18.5599830 13.5268656 16.8519792 16.9206667 15.7102596
 [85] 15.2668769 14.7486689  6.9089471  5.7518718  1.4787196  1.3788403
 [91] 26.7611973 14.6882253 13.9460666 13.5456162 13.1377273  7.9705244
 [97]  3.9017296 10.0832820 10.0475091  7.8303853 30.2889976 26.9832861
[103] 23.9762491 22.8344773 11.5044693 28.4457105 25.8507582 22.4356177
[109] 21.9921697 24.1733763 21.7520433 21.4435379 16.4949518 14.6290549
[115]  7.5998833  4.7354731  1.2427853 27.8652146 26.4164567 19.7259660
[121] 19.2050150 17.6035979 16.1502326 15.0081443 14.6334006 13.3509052
[127] 26.1804757 25.6365725 25.4202974 21.9358004 21.0903689 15.8884739
[133] 13.9485172 14.5155833 13.0692308 12.0223999  7.3696449  5.6050479
[139]  1.3084396  5.0983647  1.7184401 12.0634265  4.5420373  4.3002613
[145]  0.7363675  9.8096840  5.9069932  3.8643357 25.9035100 25.5625317
[151] 22.4999295 22.3803123 18.1466740 10.0137358 28.2426498 21.4206416
[157] 21.3736985 20.0674425 19.3414368 20.5681089 24.9306777 16.3245353
[163] 14.9584081 12.6536346  8.8743850  6.7005900 16.4014120 21.0161222
[169] 17.2475117 16.2688956 16.7901680 10.6240648  6.5076341  6.1347794
[175]  4.3225963  1.9026671 22.0240117 21.6421212 20.9716425 21.7944665
[181] 18.7733018 15.8592319 17.0922783 16.6686743  7.0265604  0.5975622
[187] 19.0280951 18.9203531 20.3116224 19.6633440 24.8228446 10.2498562
[193] 14.1632066  8.8569134  5.8860960  5.8151264  2.9577787  1.9491465
[199] 19.1739716 17.1458252 16.8286068 16.2582289  7.0031422  5.6182942
[205]  0.4162202  6.0053431 14.5287809 20.6276291 16.1371746 15.1119470
[211] 13.9965591 15.2468510 14.5122488 14.6523117  4.9526475  3.5490657
[217]  3.4899352 17.1648005 15.4961612  8.0461324  7.6027372  7.3445895
[223]  7.2926203  9.8525205  9.6425813  8.4903633  2.4484276  1.3145933
[229]  4.3852649  2.0194270  2.0313385 15.1823485 13.8270534 13.6645059
[235] 10.6548288  4.4184669 11.3461223 12.6115720 11.8449753 11.6775963
[241]  8.9932970  2.0117933  1.2301818  2.6148199  0.5335098 16.4574404
[247] 15.4809396  5.8840632  2.9722600  1.1377614  5.9799218  5.2311619
[253]  7.2529175  6.1736679  8.2771355  5.9405821  1.2268629  0.2327832
[259]  9.3775003  9.1271959  1.5310705  8.6945026  1.7102646  0.5864338
[265] 14.8831835  0.8699334  2.4289078  4.3656252  2.3642809  0.1496319
[271]  6.0713595  3.2006243  0.5378708  0.3779110  1.0965888  0.3800125
[277]  1.6548020  2.1445918  0.2666756  0.1996386

$PAR
  [1]  NA   1   1   2   4   4   4   4   4   4   4   4   4   4   5   5   6   6
 [19]   7   9   9   9   9  10  10  10  13  14  14  15  15  15  15  16  16  16
 [37]  18  18  19  19  19  22  23  23  23  24  26  27  27  27  27  27  27  30
 [55]  30  31  33  33  33  33  33  35  35  35  35  35  36  39  41  41  41  41
 [73]  41  41  41  42  42  42  43  43  43  44  45  45  45  45  45  45  45  45
 [91]  46  47  49  49  49  49  49  52  52  52  55  56  56  56  60  62  62  62
[109]  62  64  64  64  64  64  64  64  64  68  68  71  71  73  73  73  73  73
[127]  76  76  76  76  76  78  84  85  86  86  86  87  87  88  88  92  94  94
[145]  97  98 100 100 102 102 103 103 104 105 106 108 108 109 109 112 119 121
[163] 121 126 126 126 128 129 129 129 131 136 136 137 147 147 151 151 151 152
[181] 152 152 153 153 154 154 156 156 160 160 161 162 163 167 167 167 167 167
[199] 168 169 169 169 172 173 173 174 177 180 180 180 180 182 182 184 185 185
[217] 185 189 189 190 190 190 190 192 192 194 194 195 196 196 197 200 202 202
[235] 202 203 211 212 214 214 214 214 214 217 217 218 218 220 220 220 221 221
[253] 222 222 225 226 227 229 233 233 236 239 240 244 247 248 252 254 256 258
[271] 259 259 259 266 267 267 269 272 274 277

$EXTANT
  [1] FALSE FALSE FALSE FALSE FALSE FALSE FALSE FALSE FALSE FALSE FALSE FALSE
 [13] FALSE FALSE FALSE FALSE FALSE FALSE FALSE FALSE FALSE FALSE FALSE FALSE
 [25] FALSE FALSE FALSE FALSE FALSE FALSE FALSE FALSE FALSE FALSE FALSE FALSE
 [37] FALSE FALSE FALSE FALSE FALSE FALSE FALSE FALSE  TRUE FALSE FALSE FALSE
 [49]  TRUE FALSE FALSE FALSE FALSE FALSE FALSE FALSE FALSE FALSE FALSE FALSE
 [61] FALSE FALSE FALSE  TRUE FALSE FALSE FALSE FALSE FALSE FALSE FALSE FALSE
 [73] FALSE FALSE FALSE FALSE FALSE FALSE FALSE FALSE FALSE FALSE FALSE FALSE
 [85] FALSE FALSE  TRUE  TRUE FALSE FALSE FALSE FALSE FALSE  TRUE FALSE  TRUE
 [97]  TRUE FALSE FALSE FALSE FALSE FALSE FALSE FALSE FALSE FALSE FALSE FALSE
[109] FALSE FALSE FALSE FALSE FALSE FALSE FALSE FALSE  TRUE FALSE FALSE FALSE
[121] FALSE FALSE FALSE FALSE FALSE  TRUE FALSE FALSE FALSE FALSE FALSE FALSE
[133] FALSE FALSE FALSE  TRUE FALSE  TRUE  TRUE FALSE  TRUE FALSE  TRUE FALSE
[145]  TRUE FALSE  TRUE  TRUE FALSE FALSE FALSE FALSE FALSE  TRUE FALSE FALSE
[157] FALSE FALSE FALSE FALSE FALSE FALSE FALSE FALSE FALSE FALSE  TRUE FALSE
[169] FALSE FALSE FALSE FALSE  TRUE FALSE FALSE  TRUE FALSE FALSE FALSE FALSE
[181] FALSE FALSE FALSE FALSE  TRUE  TRUE FALSE FALSE FALSE FALSE FALSE FALSE
[193] FALSE  TRUE FALSE FALSE  TRUE FALSE FALSE FALSE FALSE FALSE FALSE  TRUE
[205]  TRUE FALSE FALSE FALSE FALSE FALSE FALSE FALSE FALSE  TRUE  TRUE FALSE
[217]  TRUE FALSE FALSE  TRUE FALSE  TRUE FALSE FALSE FALSE  TRUE  TRUE  TRUE
[229]  TRUE FALSE  TRUE FALSE FALSE FALSE FALSE  TRUE FALSE FALSE FALSE  TRUE
[241] FALSE FALSE  TRUE  TRUE  TRUE FALSE FALSE  TRUE FALSE  TRUE FALSE  TRUE
[253]  TRUE FALSE FALSE  TRUE  TRUE  TRUE FALSE FALSE  TRUE FALSE  TRUE  TRUE
[265] FALSE  TRUE  TRUE  TRUE  TRUE  TRUE FALSE FALSE FALSE  TRUE  TRUE FALSE
[277]  TRUE FALSE  TRUE FALSE

