
Birth-death simulation object with 328 species and 149 extant species

Details for some species:

Extinction times (NA means extant)
[1] 45.15671 46.22161 46.09648 44.51758 34.80360 33.91159


Speciation times 
[1] 49.11595 48.99117 48.35607 46.32780 45.90522 41.21130


Species parents (NA for initial)
[1] NA  1  1  3  4  5


Species status (extinct or extant)
[1] "extinct" "extinct" "extinct" "extinct" "extinct" "extinct"


For more details on vector y, try sim$y, with y one of
TE TS PAR EXTANT



$TE
  [1] 45.15671203 46.22161203 46.09647882 44.51757656 34.80359864 33.91158591
  [7] 29.52015155 33.12599580 32.88140052 33.45425851 18.74494389 12.08524393
 [13] 34.92283722 31.58503992 23.08172579 11.18183077 29.09492298 28.06079696
 [19] 20.73964920 21.72493912 23.38651426 24.11752009 20.14662817 14.37076039
 [25] 14.95938646 22.75876601 12.58935760 18.08023422 21.02776949 20.05247531
 [31] 21.35952873 18.95770339 10.17994057 21.67964008 22.29002930 21.86051924
 [37] 13.08288273 24.93082108 18.60693399 25.78100688          NA 13.35431032
 [43] 30.48653599 14.87449222 12.96214336 14.58628841  6.55382197 28.41449642
 [49] 26.31179666 15.86970349 11.68490766 20.12151144 19.98270580 12.38689500
 [55]  6.91368641 14.60546202 20.41461909 21.53931211  9.96641739 17.56538995
 [61] 16.94288043  9.13044641  4.15950348          NA 18.93683165 15.22394139
 [67] 11.90292209          NA 15.62845176  5.58746106  8.49195258 12.25703371
 [73] 12.69983213          NA 13.42289614 12.43377391 15.03885071 10.62806918
 [79]          NA  1.17853223 19.77764893 11.15132034  8.27991791 16.50133966
 [85]  2.26132123  1.22125607 19.54330916 10.06900853 13.97853994 15.06201205
 [91] 12.65217004  3.84298791 14.35969673 14.60210829          NA  9.57608172
 [97]  1.80935384  0.60335899  1.65054253  2.05128451  8.54436924  9.08150257
[103]  8.16741001  3.35109080  3.28336374          NA  6.74093059  8.09365027
[109]  2.83391286          NA  3.58404687          NA          NA  1.35861431
[115]          NA 14.16473133 13.92527450 13.82778892 18.04367858  1.36993169
[121] 11.79245020          NA          NA  4.53429241          NA          NA
[127]  0.12171164  6.56049623  0.73804355  2.78581328  4.60273575          NA
[133]          NA 13.33604353          NA  9.35352404          NA  2.80757202
[139]  4.77660414  4.09927266          NA          NA  2.12045609 18.76585851
[145]  2.46420784 19.09264662          NA          NA  0.59589056          NA
[151]          NA          NA          NA  2.55961301          NA 13.57788506
[157]  2.63971485  1.56061395          NA          NA          NA          NA
[163]          NA  5.50399793  1.12580779  1.26143477  5.08869082          NA
[169]          NA          NA          NA          NA          NA          NA
[175]  6.02948524  9.35594792          NA  0.08582904  1.44082461          NA
[181]          NA  4.47106214  1.63978644          NA          NA          NA
[187]          NA          NA  0.26667291  0.78281523          NA          NA
[193]          NA 12.09000277  5.71059813  2.89744897          NA          NA
[199]          NA          NA          NA  1.60128579          NA          NA
[205]          NA  0.09835358  5.02354105          NA          NA          NA
[211]          NA          NA  2.90248556          NA          NA          NA
[217]  2.41548217  3.52910176  9.02004372          NA  3.59322962          NA
[223]  2.65112342          NA          NA          NA  0.78874172          NA
[229]  3.71301942          NA          NA          NA          NA          NA
[235]          NA  1.49651049          NA  5.54269879          NA          NA
[241]  2.89228623          NA  0.50149211  5.94316143  0.82141102          NA
[247]          NA          NA  1.33741236          NA  5.37370697          NA
[253]  2.76093947          NA          NA  0.34664914          NA          NA
[259]          NA          NA  0.26248382          NA          NA          NA
[265]          NA          NA  2.10939921  1.56879342  2.58911144  4.29358434
[271]  3.40730848          NA          NA          NA  1.88999176          NA
[277]  2.06662630          NA          NA          NA          NA  2.71549113
[283]          NA          NA          NA          NA          NA          NA
[289]          NA          NA          NA          NA  2.46486861          NA
[295]          NA          NA          NA          NA  2.32273299          NA
[301]          NA          NA          NA          NA          NA          NA
[307]          NA          NA          NA          NA          NA          NA
[313]  0.59249131          NA          NA          NA          NA          NA
[319]          NA          NA          NA          NA          NA  0.64775173
[325]          NA          NA          NA          NA

$TS
  [1] 4.911595e+01 4.899117e+01 4.835607e+01 4.632780e+01 4.590522e+01
  [6] 4.121130e+01 3.710738e+01 3.838463e+01 3.531439e+01 3.461066e+01
 [11] 3.513068e+01 3.473998e+01 3.634050e+01 3.507320e+01 3.356391e+01
 [16] 3.346339e+01 3.302944e+01 3.268134e+01 3.137313e+01 2.973677e+01
 [21] 2.970296e+01 2.841787e+01 2.660115e+01 2.073926e+01 1.902451e+01
 [26] 3.245646e+01 1.796120e+01 2.409889e+01 2.326198e+01 2.312240e+01
 [31] 2.637722e+01 2.197784e+01 1.812954e+01 2.994679e+01 2.605184e+01
 [36] 2.268223e+01 2.204105e+01 2.875277e+01 2.229651e+01 2.582614e+01
 [41] 2.422111e+01 2.345601e+01 3.071657e+01 2.697720e+01 1.738464e+01
 [46] 1.480058e+01 1.023835e+01 2.895830e+01 2.804695e+01 2.243290e+01
 [51] 2.235748e+01 2.220654e+01 2.524692e+01 2.266409e+01 1.849296e+01
 [56] 1.511755e+01 2.120786e+01 2.370714e+01 2.158292e+01 1.925735e+01
 [61] 1.820359e+01 9.150971e+00 7.117589e+00 4.189243e+00 2.014265e+01
 [66] 1.956389e+01 1.586321e+01 2.169494e+01 1.733417e+01 1.661727e+01
 [71] 9.741400e+00 1.353590e+01 1.333174e+01 1.225052e+01 2.194443e+01
 [76] 1.243460e+01 1.762479e+01 1.356050e+01 1.187323e+01 7.248080e+00
 [81] 2.331611e+01 2.288089e+01 2.170994e+01 2.072552e+01 3.938323e+00
 [86] 2.639713e+00 1.999133e+01 1.920336e+01 1.939728e+01 1.719599e+01
 [91] 1.612779e+01 1.268328e+01 1.600233e+01 1.469569e+01 9.775717e+00
 [96] 9.643549e+00 3.231505e+00 2.215713e+00 8.265155e+00 6.115527e+00
[101] 8.948027e+00 1.035120e+01 8.743920e+00 7.125033e+00 5.368197e+00
[106] 2.263490e+00 1.693854e+01 1.545531e+01 1.472746e+01 1.072003e+01
[111] 8.672691e+00 4.971019e+00 3.933348e+00 2.869557e+00 1.438312e+00
[116] 2.311145e+01 2.128564e+01 1.953641e+01 2.028489e+01 1.544459e+00
[121] 1.439709e+01 5.309227e+00 4.011878e+00 5.342995e+00 5.240732e+00
[126] 3.090160e+00 1.867887e+00 6.810921e+00 2.629705e+00 9.908269e+00
[131] 5.085035e+00 5.121982e+00 7.724224e-01 1.597456e+01 1.034523e+01
[136] 1.022418e+01 7.173663e+00 1.239863e+01 1.433155e+01 7.393311e+00
[141] 2.254887e+00 3.831365e+00 3.828469e+00 2.086899e+01 1.406760e+01
[146] 2.005517e+01 2.826324e+00 1.893620e+00 4.203691e+00 3.509924e+00
[151] 2.597519e+00 1.456963e+00 8.483528e-01 7.161459e+00 5.761139e+00
[156] 1.432360e+01 8.884044e+00 8.487725e+00 2.820734e+00 2.362386e+00
[161] 4.750178e+00 9.868971e-01 1.199388e+01 8.083326e+00 6.845748e+00
[166] 5.955170e+00 1.424851e+01 5.789838e+00 7.387628e+00 1.255349e+00
[171] 2.676428e+00 1.417255e+00 8.208230e-01 2.345459e+00 1.065490e+01
[176] 1.037183e+01 8.112764e+00 7.830378e-01 2.055212e+00 3.296959e+00
[181] 5.369188e-01 6.446963e+00 3.614243e+00 8.383388e+00 2.083624e+00
[186] 1.616981e+00 1.232055e+00 2.191568e+00 5.947915e+00 4.520408e+00
[191] 5.534814e+00 4.756178e+00 3.453986e+00 1.229616e+01 1.059889e+01
[196] 7.887401e+00 7.415165e+00 5.694500e+00 3.550379e-01 1.835428e+00
[201] 1.642554e+00 8.277637e+00 7.023781e+00 6.330572e+00 1.181596e-01
[206] 2.895727e-01 7.598882e+00 6.994886e+00 2.345118e+00 2.205994e-01
[211] 3.226975e+00 3.775102e+00 3.602722e+00 1.204194e+00 4.622047e+00
[216] 1.902518e+00 2.752747e+00 1.054714e+01 9.473960e+00 7.323975e+00
[221] 7.616100e+00 7.137406e+00 3.803718e+00 2.663872e+00 4.945342e-01
[226] 7.798788e-01 2.527965e+00 6.819622e+00 6.409761e+00 5.706729e+00
[231] 5.317118e+00 2.483588e+00 4.215708e+00 3.972223e+00 2.652932e+00
[236] 4.210991e+00 1.233165e+00 7.816025e+00 7.079823e+00 4.860589e+00
[241] 4.047784e+00 5.318202e+00 1.678519e+00 7.584807e+00 5.196506e+00
[246] 6.379338e+00 5.679859e+00 5.449109e+00 5.254259e+00 6.093010e-01
[251] 5.894654e+00 5.196443e+00 3.897567e+00 2.547444e+00 2.871227e+00
[256] 1.290603e+00 4.126234e+00 2.970785e+00 2.135607e+00 1.974952e+00
[261] 3.980924e+00 3.121844e+00 2.916220e-01 1.539409e+00 7.172205e+00
[266] 6.808318e+00 6.598873e+00 5.760079e+00 5.591179e+00 6.861655e+00
[271] 4.021751e+00 2.500202e+00 1.282593e+00 1.184566e+00 2.283116e+00
[276] 6.251652e+00 5.200503e+00 1.433047e+00 5.435173e+00 1.830606e+00
[281] 1.262973e-01 3.719063e+00 3.373998e+00 2.283363e+00 1.050859e+00
[286] 8.525218e-01 7.948823e-01 1.471795e+00 1.097155e+00 2.049438e-01
[291] 2.329124e+00 2.053080e+00 5.378420e+00 2.578678e+00 3.777074e+00
[296] 3.425889e+00 7.160721e-01 4.821159e-02 6.008677e+00 2.957674e+00
[301] 2.825329e+00 9.486359e-01 4.134761e+00 3.471738e+00 3.393526e+00
[306] 3.362694e+00 8.795152e-01 8.747784e-01 2.562004e-01 9.054933e-03
[311] 6.126449e-01 7.833770e-01 9.433618e-01 8.781709e-01 2.797179e+00
[316] 2.655886e+00 1.048214e+00 3.111054e+00 7.529516e-01 1.877800e+00
[321] 7.534363e-01 1.539777e-01 5.077356e-01 2.685129e+00 3.609788e-04
[326] 5.025610e-01 3.319726e-03 1.184413e+00

$PAR
  [1]  NA   1   1   3   4   5   5   6   6   6   7   7   8   8   8  10  11  11
 [19]  11  11  11  11  11  11  11  12  12  15  15  15  16  16  16  19  19  19
 [37]  19  20  20  21  21  23  26  26  27  27  33  34  34  34  34  34  35  35
 [55]  37  37  39  41  41  41  41  41  41  41  42  42  42  44  45  45  47  51
 [73]  51  51  52  54  55  55  55  55  58  58  58  59  64  64  65  65  66  66
 [91]  66  67  68  68  68  68  68  68  70  70  71  74  74  74  74  74  75  75
[109]  75  79  79  79  80  80  80  81  81  82  83  86  88  92  92  95  95  95
[127]  95  99 100 102 104 105 106 107 107 107 107 108 109 109 110 111 111 117
[145] 117 119 123 123 125 125 125 125 126 130 130 134 135 135 135 135 137 137
[163] 138 138 138 138 139 139 140 141 142 142 142 143 145 145 145 148 149 150
[181] 150 154 157 158 158 158 159 160 165 165 166 166 166 167 167 167 167 169
[199] 170 171 171 175 175 175 177 180 184 184 184 187 189 191 191 191 192 192
[217] 193 195 195 195 196 196 196 198 200 201 202 203 203 203 203 203 204 208
[235] 208 215 216 218 218 218 218 220 220 221 221 222 222 222 222 224 228 228
[253] 228 228 230 230 231 231 231 231 233 233 233 236 238 238 238 238 238 239
[271] 242 242 242 242 245 246 246 246 247 247 248 249 252 252 254 256 257 258
[289] 258 264 265 265 266 268 269 271 273 273 276 276 276 276 277 279 282 282
[307] 283 283 285 286 288 289 291 291 295 295 296 299 300 303 305 311 315 318
[325] 319 321 323 324

$EXTANT
  [1] FALSE FALSE FALSE FALSE FALSE FALSE FALSE FALSE FALSE FALSE FALSE FALSE
 [13] FALSE FALSE FALSE FALSE FALSE FALSE FALSE FALSE FALSE FALSE FALSE FALSE
 [25] FALSE FALSE FALSE FALSE FALSE FALSE FALSE FALSE FALSE FALSE FALSE FALSE
 [37] FALSE FALSE FALSE FALSE  TRUE FALSE FALSE FALSE FALSE FALSE FALSE FALSE
 [49] FALSE FALSE FALSE FALSE FALSE FALSE FALSE FALSE FALSE FALSE FALSE FALSE
 [61] FALSE FALSE FALSE  TRUE FALSE FALSE FALSE  TRUE FALSE FALSE FALSE FALSE
 [73] FALSE  TRUE FALSE FALSE FALSE FALSE  TRUE FALSE FALSE FALSE FALSE FALSE
 [85] FALSE FALSE FALSE FALSE FALSE FALSE FALSE FALSE FALSE FALSE  TRUE FALSE
 [97] FALSE FALSE FALSE FALSE FALSE FALSE FALSE FALSE FALSE  TRUE FALSE FALSE
[109] FALSE  TRUE FALSE  TRUE  TRUE FALSE  TRUE FALSE FALSE FALSE FALSE FALSE
[121] FALSE  TRUE  TRUE FALSE  TRUE  TRUE FALSE FALSE FALSE FALSE FALSE  TRUE
[133]  TRUE FALSE  TRUE FALSE  TRUE FALSE FALSE FALSE  TRUE  TRUE FALSE FALSE
[145] FALSE FALSE  TRUE  TRUE FALSE  TRUE  TRUE  TRUE  TRUE FALSE  TRUE FALSE
[157] FALSE FALSE  TRUE  TRUE  TRUE  TRUE  TRUE FALSE FALSE FALSE FALSE  TRUE
[169]  TRUE  TRUE  TRUE  TRUE  TRUE  TRUE FALSE FALSE  TRUE FALSE FALSE  TRUE
[181]  TRUE FALSE FALSE  TRUE  TRUE  TRUE  TRUE  TRUE FALSE FALSE  TRUE  TRUE
[193]  TRUE FALSE FALSE FALSE  TRUE  TRUE  TRUE  TRUE  TRUE FALSE  TRUE  TRUE
[205]  TRUE FALSE FALSE  TRUE  TRUE  TRUE  TRUE  TRUE FALSE  TRUE  TRUE  TRUE
[217] FALSE FALSE FALSE  TRUE FALSE  TRUE FALSE  TRUE  TRUE  TRUE FALSE  TRUE
[229] FALSE  TRUE  TRUE  TRUE  TRUE  TRUE  TRUE FALSE  TRUE FALSE  TRUE  TRUE
[241] FALSE  TRUE FALSE FALSE FALSE  TRUE  TRUE  TRUE FALSE  TRUE FALSE  TRUE
[253] FALSE  TRUE  TRUE FALSE  TRUE  TRUE  TRUE  TRUE FALSE  TRUE  TRUE  TRUE
[265]  TRUE  TRUE FALSE FALSE FALSE FALSE FALSE  TRUE  TRUE  TRUE FALSE  TRUE
[277] FALSE  TRUE  TRUE  TRUE  TRUE FALSE  TRUE  TRUE  TRUE  TRUE  TRUE  TRUE
[289]  TRUE  TRUE  TRUE  TRUE FALSE  TRUE  TRUE  TRUE  TRUE  TRUE FALSE  TRUE
[301]  TRUE  TRUE  TRUE  TRUE  TRUE  TRUE  TRUE  TRUE  TRUE  TRUE  TRUE  TRUE
[313] FALSE  TRUE  TRUE  TRUE  TRUE  TRUE  TRUE  TRUE  TRUE  TRUE  TRUE FALSE
[325]  TRUE  TRUE  TRUE  TRUE

