
Birth-death simulation object with 266 species and 59 extant species

Details for some species:

Extinction times (NA means extant)
[1] 32.92116 43.04125 16.79885 40.46745 14.59976 39.60966


Speciation times 
[1] 49.11595 43.56505 42.71021 41.69113 38.51512 42.45485


Species parents (NA for initial)
[1] NA  1  1  1  1  3


Species status (extinct or extant)
[1] "extinct" "extinct" "extinct" "extinct" "extinct" "extinct"


For more details on vector y, try sim$y, with y one of
TE TS PAR EXTANT



$TE
  [1] 32.921159350 43.041247500 16.798849621 40.467453616 14.599763712
  [6] 39.609657832 22.020909824 26.529259550 15.686403431 32.661099478
 [11] 28.544292964 31.654926985 27.390404081 17.816277066 25.922069051
 [16] 14.174849280 13.228113813 13.391936319 14.448916848 35.022710321
 [21] 19.481360654 16.949717946 21.218607167 26.899673371 26.847521143
 [26] 30.371424684 29.305510896 23.761689228 26.004028775 20.175812845
 [31] 18.976284063 19.698890890  6.907510181 32.139816827 27.951610788
 [36] 16.287651111 17.876666008 20.519278126 20.708542566 15.973053936
 [41] 19.948433282 24.432690283 24.328585836 15.998430934 14.792504631
 [46] 19.943514771 10.295969918 16.245461336 20.414971289  6.639656893
 [51]  1.836946365 22.706026034 18.268985291  1.675840066 17.250951816
 [56] 15.574642498 16.011070202           NA 19.243925067 16.147824308
 [61] 12.992607290 23.935381670 18.161198996 13.302301058 24.452987382
 [66] 25.306597382 13.372362126 16.631435023 14.384741943 15.493380194
 [71] 10.747390497 13.403505577 18.876813231  6.306924237           NA
 [76] 20.107243662 13.632696729 15.356888477 17.574002938  7.350459510
 [81]           NA  0.816856129 14.187058902 14.822896929 11.186228775
 [86] 17.090866900 15.979879312  9.457203101 17.557396970           NA
 [91]           NA 17.361282940  8.329817068 14.440492984 12.991260082
 [96]  1.945577811 14.465508003 13.561278992 14.934503751 19.301732232
[101] 11.526098682  7.231681876  6.001629983           NA 12.606412124
[106]  7.607688565           NA 16.845021981 14.803180906 13.668741184
[111] 14.271251003 12.267525818 10.878959098           NA           NA
[116] 14.901181863  2.761240199           NA 18.238322159 22.756002924
[121] 15.578372148 12.090720798 14.927351359 20.735715144 16.286748863
[126] 19.616468881 12.952879319 18.802329542  2.301164411 21.505096248
[131]  8.038449477           NA  0.309641118  3.008399427  1.833931494
[136]  0.806301925 15.180821725 14.370795944 11.766768049           NA
[141] 12.124422145  9.493636685  6.106693611  6.579408180  8.709392237
[146]  8.269887201           NA           NA  4.881513469  4.684603831
[151]           NA           NA           NA  1.205642132 16.692886833
[156]  2.974642335 12.453526597 17.248453199 14.472948169 11.563861929
[161] 15.197520191  2.850091346           NA           NA           NA
[166]  1.297831500  0.696285676  4.160076029           NA  0.624302129
[171]  1.111778431  6.240372039           NA  2.506017296  1.007707892
[176]           NA           NA 11.443525995  2.818612975           NA
[181] 17.420648883 16.114231678 11.742985757 14.086751703           NA
[186] 13.625271125  1.935868327  0.489760700 12.375682759 13.028707850
[191] 12.326004377 11.624782455           NA  1.279850192           NA
[196]  0.184609271           NA  6.131081855           NA  6.718927747
[201]  1.592889724           NA  1.723245059           NA 14.049448239
[206]  1.675751616  2.085871432 15.024618311  2.398744112  5.600064769
[211]  2.855104531  0.816004506  1.070259650  4.007477043           NA
[216]  6.735162739  0.188700611           NA  3.488234164  2.552800272
[221]           NA  7.600314788           NA  8.309215907  2.651128394
[226]           NA  5.857746306  5.127126087  2.929011273           NA
[231]  4.508541602           NA  4.288714088  4.017301096  4.651373147
[236]           NA  6.716670008           NA           NA           NA
[241]           NA  5.826317994  0.522060039  0.009666618           NA
[246]  2.698574343           NA           NA  7.113649462           NA
[251]           NA           NA           NA  7.090189411  2.823553619
[256]           NA  0.639577636           NA           NA           NA
[261]  4.150606484           NA           NA  0.995651286           NA
[266]           NA

$TS
  [1] 49.1159547 43.5650546 42.7102138 41.6911255 38.5151202 42.4548485
  [7] 38.8984492 34.3601503 31.5960262 37.6327013 35.9684700 33.6780231
 [13] 29.7447014 27.4139014 26.7029586 21.9519287 21.2215873 15.8272760
 [19] 15.6573429 35.9183942 31.1038800 24.7390922 28.0237457 30.6853197
 [25] 26.8891540 34.8955958 30.8888940 29.3912238 29.3484258 27.1558404
 [31] 22.7696463 20.5945327 15.4104461 35.8837555 30.9392828 29.8585568
 [37] 26.3696081 25.3236497 21.7100289 27.4286638 22.2862052 27.2119847
 [43] 30.6676134 29.0319029 27.0331383 23.1510950 21.8185331 21.1624623
 [49] 22.0721859 11.3505035  7.5530521 24.6967569 23.2540511 19.1110322
 [55] 17.7575818 16.4752530 19.5967302 24.0399630 21.2438691 20.9177015
 [61] 20.8224676 26.8640037 20.0940984 16.0936775 30.1391832 26.8476992
 [67] 20.7641208 19.6467777 26.1120849 16.3829366 15.7835625 21.2140894
 [73] 20.5954802 10.8933198 10.5936854 20.4478147 17.1930429 21.5049256
 [79] 20.9005470  8.3027117  5.7819513  2.8081244 18.6410421 18.3509711
 [85] 11.5349266 17.6889932 16.3183592 23.0942222 20.5545982  5.1162949
 [91]  2.7457623 18.6740923 27.0423499 18.7072720 26.0271739 22.6419640
 [97] 14.6249859 14.0916059 18.4011688 19.8118894 19.7857669  8.8516414
[103]  7.8517489  2.5323601 15.7993231 15.0201867  1.3036541 17.1286095
[109] 16.5673427 17.3255242 22.2111906 12.4002735 11.6749619 11.5573690
[115] 10.4502030 18.2941439  4.6338662  2.6268255 26.5560656 23.9592076
[121] 19.1300869 17.6399166 15.2733899 25.8562734 22.1683715 21.6554984
[127] 20.9265229 20.1337345 16.6618977 21.5132555  8.5749947  8.4228608
[133]  7.2440663  6.5454187  3.3061136 16.0201102 17.9748557 15.2748803
[139] 12.1760710  8.5521658 15.6713900 12.1164734 10.7841168  9.3291651
[145]  9.2297542  8.7977604  5.5176632  2.0064279  6.9040246  5.6029563
[151]  4.7761243  1.9750493  0.3025348  2.9660872 25.7089463 22.9023562
[157] 17.4317681 17.3269489 16.5497465 21.3830093 16.1950546  6.4216253
[163]  6.3624486  5.4835036  3.1265791  2.4435359  1.7157486  4.4135184
[169]  1.9026070  4.9843804  2.2087303  9.6445233  5.4651966  8.3099654
[175]  7.1912074  0.7677180  0.3941469 12.1605026  5.9160065  1.4697489
[181] 19.3358314 17.3904734 17.2378679 19.2807633 19.2086829 15.9236547
[187] 12.3413340  9.0396293 17.2030836 15.9910092 12.8938116 12.8245227
[193] 15.4646489  5.8221513  5.3447637  4.4677223  0.8261708  8.7988740
[199]  2.8078352  6.9172277  6.0318086  4.8890147  3.5693089 12.6631879
[205] 16.2513087  2.8417779  2.7908155 15.3031494  9.1407458  8.8790716
[211]  7.3578084  7.1213218  1.1779609 15.7550341 13.5813453 13.4670864
[217]  9.2408508  7.1719749  5.3600028  3.1696952  0.5366841  7.8692485
[223]  1.9804588 12.0139043  5.7120110  2.9158111  6.8627791  6.7134402
[229]  6.1218359  5.6188169  5.6619276  2.4996797  9.8254742  5.4071800
[235]  5.8167153  2.6280878 11.0071891  2.5389338  5.4575811  0.2571639
[241]  0.4609303  9.8673241  3.5741546  3.4532292  2.7347260  6.3121174
[247]  4.2246799  2.0349777  8.1403755  0.6152030  8.0444878  1.1399911
[253]  0.8337335  9.3195182  7.7611430  1.6336182  1.6262384  1.5170760
[259]  0.5101544  0.4783351  6.0207710  4.4900146  1.4576860  3.3582585
[265]  1.1536469  1.9130253

$PAR
  [1]  NA   1   1   1   1   3   3   3   3   5   5   5   5   5   5   5   5   5
 [19]   5   7   7   7   8   9   9  11  11  13  13  14  14  17  18  20  21  21
 [37]  21  21  21  23  23  24  27  29  29  30  30  30  31  33  33  36  36  36
 [55]  36  36  37  38  38  38  39  40  40  40  43  43  44  44  45  45  45  46
 [73]  47  47  47  48  48  49  49  50  51  51  54  54  54  57  57  58  58  58
 [91]  58  60  65  68  69  69  69  71  72  73  73  75  75  75  77  77  81  83
[109]  83  84  88  88  88  88  88  89  90  91  93  93  93  93  93  95  95  95
[127]  95  95  95  96  96  96  96  96  96  99 101 101 101 102 105 106 106 106
[145] 106 114 114 114 115 115 115 115 115 117 119 120 121 121 122 126 129 129
[163] 129 129 129 132 132 133 133 134 135 136 136 140 140 140 140 141 149 151
[181] 155 155 155 156 156 156 156 156 157 157 157 157 159 163 163 163 167 172
[199] 174 175 175 179 179 183 185 185 185 186 187 188 188 188 188 189 189 190
[217] 193 193 194 194 197 198 201 204 204 204 209 209 209 210 211 212 214 214
[235] 215 215 216 217 218 218 223 224 225 225 226 227 229 230 233 236 237 238
[253] 239 242 242 245 245 245 245 248 255 255 256 262 262 264

$EXTANT
  [1] FALSE FALSE FALSE FALSE FALSE FALSE FALSE FALSE FALSE FALSE FALSE FALSE
 [13] FALSE FALSE FALSE FALSE FALSE FALSE FALSE FALSE FALSE FALSE FALSE FALSE
 [25] FALSE FALSE FALSE FALSE FALSE FALSE FALSE FALSE FALSE FALSE FALSE FALSE
 [37] FALSE FALSE FALSE FALSE FALSE FALSE FALSE FALSE FALSE FALSE FALSE FALSE
 [49] FALSE FALSE FALSE FALSE FALSE FALSE FALSE FALSE FALSE  TRUE FALSE FALSE
 [61] FALSE FALSE FALSE FALSE FALSE FALSE FALSE FALSE FALSE FALSE FALSE FALSE
 [73] FALSE FALSE  TRUE FALSE FALSE FALSE FALSE FALSE  TRUE FALSE FALSE FALSE
 [85] FALSE FALSE FALSE FALSE FALSE  TRUE  TRUE FALSE FALSE FALSE FALSE FALSE
 [97] FALSE FALSE FALSE FALSE FALSE FALSE FALSE  TRUE FALSE FALSE  TRUE FALSE
[109] FALSE FALSE FALSE FALSE FALSE  TRUE  TRUE FALSE FALSE  TRUE FALSE FALSE
[121] FALSE FALSE FALSE FALSE FALSE FALSE FALSE FALSE FALSE FALSE FALSE  TRUE
[133] FALSE FALSE FALSE FALSE FALSE FALSE FALSE  TRUE FALSE FALSE FALSE FALSE
[145] FALSE FALSE  TRUE  TRUE FALSE FALSE  TRUE  TRUE  TRUE FALSE FALSE FALSE
[157] FALSE FALSE FALSE FALSE FALSE FALSE  TRUE  TRUE  TRUE FALSE FALSE FALSE
[169]  TRUE FALSE FALSE FALSE  TRUE FALSE FALSE  TRUE  TRUE FALSE FALSE  TRUE
[181] FALSE FALSE FALSE FALSE  TRUE FALSE FALSE FALSE FALSE FALSE FALSE FALSE
[193]  TRUE FALSE  TRUE FALSE  TRUE FALSE  TRUE FALSE FALSE  TRUE FALSE  TRUE
[205] FALSE FALSE FALSE FALSE FALSE FALSE FALSE FALSE FALSE FALSE  TRUE FALSE
[217] FALSE  TRUE FALSE FALSE  TRUE FALSE  TRUE FALSE FALSE  TRUE FALSE FALSE
[229] FALSE  TRUE FALSE  TRUE FALSE FALSE FALSE  TRUE FALSE  TRUE  TRUE  TRUE
[241]  TRUE FALSE FALSE FALSE  TRUE FALSE  TRUE  TRUE FALSE  TRUE  TRUE  TRUE
[253]  TRUE FALSE FALSE  TRUE FALSE  TRUE  TRUE  TRUE FALSE  TRUE  TRUE FALSE
[265]  TRUE  TRUE

