
Birth-death simulation object with 307 species and 105 extant species

Details for some species:

Extinction times (NA means extant)
[1] 27.43917 26.95727 14.91218 22.42858 36.39279 23.92496


Speciation times 
[1] 49.26651 39.21505 38.52988 37.37210 36.62322 31.63595


Species parents (NA for initial)
[1] NA  1  1  1  1  1


Species status (extinct or extant)
[1] "extinct" "extinct" "extinct" "extinct" "extinct" "extinct"


For more details on vector y, try sim$y, with y one of
TE TS PAR EXTANT



$TE
  [1] 27.4391667 26.9572724 14.9121770 22.4285789 36.3927935 23.9249645
  [7] 27.7743481 31.3053044 18.1078912 33.8328185 21.7582434 23.0972822
 [13]  7.6820562 19.9950554 31.8213663 24.7743105 21.0245833 14.8143557
 [19] 24.4465992 25.0816478 26.8397017 12.8054365 11.5709055 16.0544484
 [25] 23.4557842 19.1461260 12.3299175 10.8508342  2.9276456 24.2073073
 [31] 23.3722352 21.4348012 14.7663687 13.1657150 11.5788381 20.7938138
 [37] 30.8930540 14.9809216 28.4593768 20.7131307 13.1941358 13.6877031
 [43] 14.7632367 13.9602204 20.5932148 17.1156359 20.8833111 17.4546245
 [49] 11.6669112 22.8597237 12.9324924 11.1457368  6.4418296  2.7709991
 [55]         NA 16.9512749 17.8563168 15.0334153 13.2670187 14.7260841
 [61] 18.8382742 18.0386108 14.4210976 14.4982903 23.5253320 20.7262628
 [67] 18.2497278 14.2087322 11.8955005 21.4994169 25.1781783 19.7409826
 [73] 14.2193803 23.4944016 16.2452075 15.5219472  6.1763093  4.7463595
 [79]  2.8940904         NA  1.3935331         NA         NA 14.7905770
 [85] 12.5110379 13.9462022 11.8341731 19.5808923 17.1635326 17.6942626
 [91] 15.3084876 16.2152388         NA 15.5763607 19.3636009 12.1584326
 [97] 30.2093184 23.1622469 15.1618936 12.2562464 11.3628691 18.6274783
[103]  3.8809457         NA         NA 11.8684237 14.3567710 17.4653370
[109] 19.6216921 19.3113364  8.7898990 14.1929928 19.4989551 13.2070135
[115] 11.4361296 18.0066854 14.1707610  6.2036947         NA         NA
[121] 17.4484967 13.0591420 20.3234926 16.7872467 14.6397871 12.9887499
[127]  0.0347418         NA 13.6831332 14.1944395 13.2790210 14.4523381
[133] 14.1997383 19.5197412  2.1079871  7.9388764 10.4434646 14.2542582
[139] 11.8738123  3.2869468  3.7707729  5.1665954 16.0734675 12.6035090
[145] 15.1346114 14.9795631 11.2216102  4.9052315 12.9717550  9.0966546
[151]         NA  6.7033303  3.6063065         NA  8.6697626  2.1263468
[157]         NA 12.3797761 11.8632072  4.4988184         NA         NA
[163]         NA         NA 12.3475252 14.2562879 15.3108109 12.2792160
[169] 15.7266360 14.5234001  2.7428113         NA         NA  2.7710051
[175]         NA  7.0529845  5.0761333         NA         NA         NA
[181]  2.4991565  3.4598266  2.5446038         NA         NA 10.7237829
[187]  7.0420676         NA  3.4857782         NA  1.2779483         NA
[193]         NA  6.9060343  5.3038321         NA 17.3028552 16.5080723
[199] 14.0709354 15.1313462  1.2564969         NA  0.7773560         NA
[205]         NA         NA         NA         NA         NA  2.9563744
[211]  1.1315330         NA         NA         NA         NA  3.3900329
[217]         NA         NA  4.8302218         NA         NA         NA
[223]  5.2332867         NA         NA         NA         NA  2.1473568
[229]         NA         NA         NA         NA         NA         NA
[235]         NA         NA         NA  0.5246266         NA 14.4627175
[241]         NA         NA         NA  0.4460029         NA         NA
[247]         NA         NA  5.4932148         NA         NA         NA
[253]         NA         NA         NA         NA         NA         NA
[259]         NA         NA         NA         NA 11.8912179  2.4799435
[265]         NA  4.3450603         NA  1.1400751         NA         NA
[271]         NA  5.3095706  1.4435808         NA         NA         NA
[277] 12.7898909         NA         NA         NA         NA  1.6657627
[283]         NA         NA         NA         NA  6.3359200  1.1764554
[289]  4.3890744  4.9261413  2.9069176         NA         NA  0.4554631
[295]  2.2918735  2.9513665         NA  3.4022192         NA         NA
[301]  0.1375063         NA  0.2945014         NA         NA  0.1389003
[307]         NA

$TS
  [1] 49.266511476 39.215049417 38.529878347 37.372098564 36.623220038
  [6] 31.635945418 28.391422896 35.610432309 27.129144922 36.974471428
 [11] 29.946290591 26.223185453 17.694826632 33.852522306 32.809764432
 [16] 26.843947495 25.002694786 24.681543472 31.264974668 26.925022731
 [21] 34.086441196 25.027235731 26.225167322 24.022327560 23.604759384
 [26] 23.506844342 15.320994552 11.996748117  9.488066499 26.128070173
 [31] 24.827913322 24.549230852 23.612487775 24.390024870 15.076665861
 [36] 27.230226651 33.683224999 32.712142833 30.408901883 20.820149408
 [41] 18.549928556 17.307612434 15.818905672 14.336663520 22.477322599
 [46] 22.122861495 21.772629622 18.981245069 11.696089194 23.937733423
 [51] 14.182440255 12.338427049  8.274577918  7.291458595  5.391816327
 [56] 20.109957745 19.638735530 17.909851393 16.477755372 16.306983363
 [61] 24.070887828 20.872043860 17.299499803 14.545867340 25.897064770
 [66] 25.297311617 22.509765979 22.162074076 31.492431832 31.344310734
 [71] 26.538670136 23.402655113 20.490181670 30.345194517 17.071608068
 [76] 21.693374937  8.177080049  6.904539983  6.900864770  3.085270314
 [81]  3.093324272  2.536873318  0.555294666 17.884734776 17.631185361
 [86] 23.114231231 25.273240412 24.419423313 20.874118558 21.301603756
 [91] 18.294840685 17.797956975 17.760829849 15.972099479 23.067870795
 [96] 12.166281663 30.667095719 28.005646145 20.081378272 16.806278971
[101] 14.468671414 18.735267499  7.136861807  4.119545068  1.495889528
[106] 17.358285233 16.845232762 22.623865818 21.481042301 19.610345499
[111] 17.686554174 14.811959859 20.374340689 14.735646090 19.700253815
[116] 18.660839933 15.892010945 10.020224841  7.410122798  2.854657434
[121] 21.228707154 27.346484285 26.688124229 17.284478231 15.676509453
[126] 15.488072250  1.671928363  0.741562484 15.123427182 14.661124650
[131] 22.301141715 19.973317279 17.884706295 20.661170718 12.861394724
[136] 10.334741601 18.589153075 15.696513901 14.097319337 13.817827812
[141]  8.462728069  7.790386727 19.671515276 22.724864369 22.513369223
[146] 19.559937132 14.891339596 15.392630680 16.868334241 10.664704097
[151] 10.626770770  9.899058200  7.043074684  2.143073281  9.423275452
[156]  9.213381095  8.271683646 12.785760696 12.548090657  9.462548033
[161]  8.268719910  4.929485425  4.924729272  8.259661229 21.031547636
[166] 18.777614352 18.568494435 15.292408766 18.662343453 15.584427552
[171] 10.072135065  7.597558836  7.028173728  6.124248556  4.009470677
[176]  8.247171949  8.119180387  1.182491933  8.969731556  7.377025749
[181]  6.576301267  8.232851522  5.924705592  3.025035548 12.633300473
[186] 12.277749129  9.230076010  5.265613792  8.111407650  6.579265906
[191]  1.911445099  1.547692308  4.270181861  7.873173861  6.898355862
[196]  2.741755341 20.828362931 17.084483808 18.238402242 15.478440396
[201]  7.080389924  5.712427358  5.374846839  4.483247836  7.569054524
[206]  3.072854751  0.245402854  8.042504193  6.887463375  5.646497330
[211]  4.904058565  3.978781780  3.565257666  3.312624120  0.147850837
[216]  5.157669333  1.013981979  6.695720643  5.953287440  5.182381931
[221]  2.720214347  2.609259245 12.526158011  8.898089964  8.710787575
[226]  2.639235657  8.111225674  7.418668174  6.268462622  5.931904708
[231]  5.088371890  0.207946587  2.818297149  2.800704214  1.171577094
[236]  0.652494740  7.664861531  6.586124240  6.023527931 16.982495824
[241]  1.275389658  1.180166694  0.486285069  3.720164809  2.514880252
[246]  0.931067200  7.180380090  0.699118529  7.924348957  6.054197179
[251]  2.628518789  5.723807489  5.283707755  5.016109665  2.646731004
[256]  3.702076008  3.518452487  5.057341799  1.250912356  3.106078678
[261]  1.796376079  0.977825616 11.942240821  3.520445472  2.383118481
[266]  6.633735199  7.774340652  6.073583935  0.186079639  5.449476125
[271]  2.029642953  6.810644615  5.335209009  0.951812143  2.353351875
[276]  2.124841357 15.274372145  6.470775173  5.260300369  0.373409897
[281]  0.573603743  1.859396414  1.939410678  0.240062457  0.233816174
[286]  0.001496099  6.475701107  4.916507185  5.496388197  5.012292549
[291]  4.129478213  1.399998980  0.932032812  1.455210751  4.624685392
[296]  3.693748738  2.524087391  4.197773674  2.445713714  1.701596040
[301]  4.217472669  0.506459911  2.076699556  0.100344991  1.536582798
[306]  0.714251582  0.667569276

$PAR
  [1]  NA   1   1   1   1   1   1   2   2   3   3   3   3   4   4   4   4   4
 [19]   6   6   8   9  11  11  12  12  13  13  13  14  14  14  14  18  18  19
 [37]  21  21  21  22  22  22  22  22  23  23  23  23  23  24  27  27  29  29
 [55]  29  33  33  33  33  33  34  34  34  35  36  36  36  36  37  37  38  38
 [73]  38  39  41  47  53  54  54  54  55  55  55  56  58  61  65  66  66  68
 [91]  68  68  68  68  69  69  70  70  72  73  73  76  77  79  81  85  85  86
[109]  86  86  86  86  87  87  90  90  91  93  93  93  95  98  98  99 100 100
[127] 104 104 106 106 108 108 108 109 111 111 115 115 115 115 118 118 121 122
[145] 122 122 129 131 132 135 135 135 135 135 136 136 136 139 140 140 140 140
[163] 140 141 144 144 144 145 146 146 148 151 151 151 151 152 152 154 156 156
[181] 156 157 157 157 158 159 160 160 161 161 161 161 162 164 164 164 165 166
[199] 167 170 171 171 171 171 172 173 175 177 177 177 179 179 179 179 179 180
[217] 180 182 182 183 184 184 185 185 185 185 187 189 190 190 190 190 193 193
[235] 193 193 194 195 195 198 201 202 202 204 204 204 205 206 208 208 208 209
[253] 209 209 209 210 213 218 218 220 221 221 223 224 224 225 227 227 227 229
[271] 233 237 237 238 239 239 240 247 247 247 250 253 254 256 257 260 266 266
[289] 267 267 268 270 270 271 273 278 278 279 279 282 288 293 297 299 301 305
[307] 305

$EXTANT
  [1] FALSE FALSE FALSE FALSE FALSE FALSE FALSE FALSE FALSE FALSE FALSE FALSE
 [13] FALSE FALSE FALSE FALSE FALSE FALSE FALSE FALSE FALSE FALSE FALSE FALSE
 [25] FALSE FALSE FALSE FALSE FALSE FALSE FALSE FALSE FALSE FALSE FALSE FALSE
 [37] FALSE FALSE FALSE FALSE FALSE FALSE FALSE FALSE FALSE FALSE FALSE FALSE
 [49] FALSE FALSE FALSE FALSE FALSE FALSE  TRUE FALSE FALSE FALSE FALSE FALSE
 [61] FALSE FALSE FALSE FALSE FALSE FALSE FALSE FALSE FALSE FALSE FALSE FALSE
 [73] FALSE FALSE FALSE FALSE FALSE FALSE FALSE  TRUE FALSE  TRUE  TRUE FALSE
 [85] FALSE FALSE FALSE FALSE FALSE FALSE FALSE FALSE  TRUE FALSE FALSE FALSE
 [97] FALSE FALSE FALSE FALSE FALSE FALSE FALSE  TRUE  TRUE FALSE FALSE FALSE
[109] FALSE FALSE FALSE FALSE FALSE FALSE FALSE FALSE FALSE FALSE  TRUE  TRUE
[121] FALSE FALSE FALSE FALSE FALSE FALSE FALSE  TRUE FALSE FALSE FALSE FALSE
[133] FALSE FALSE FALSE FALSE FALSE FALSE FALSE FALSE FALSE FALSE FALSE FALSE
[145] FALSE FALSE FALSE FALSE FALSE FALSE  TRUE FALSE FALSE  TRUE FALSE FALSE
[157]  TRUE FALSE FALSE FALSE  TRUE  TRUE  TRUE  TRUE FALSE FALSE FALSE FALSE
[169] FALSE FALSE FALSE  TRUE  TRUE FALSE  TRUE FALSE FALSE  TRUE  TRUE  TRUE
[181] FALSE FALSE FALSE  TRUE  TRUE FALSE FALSE  TRUE FALSE  TRUE FALSE  TRUE
[193]  TRUE FALSE FALSE  TRUE FALSE FALSE FALSE FALSE FALSE  TRUE FALSE  TRUE
[205]  TRUE  TRUE  TRUE  TRUE  TRUE FALSE FALSE  TRUE  TRUE  TRUE  TRUE FALSE
[217]  TRUE  TRUE FALSE  TRUE  TRUE  TRUE FALSE  TRUE  TRUE  TRUE  TRUE FALSE
[229]  TRUE  TRUE  TRUE  TRUE  TRUE  TRUE  TRUE  TRUE  TRUE FALSE  TRUE FALSE
[241]  TRUE  TRUE  TRUE FALSE  TRUE  TRUE  TRUE  TRUE FALSE  TRUE  TRUE  TRUE
[253]  TRUE  TRUE  TRUE  TRUE  TRUE  TRUE  TRUE  TRUE  TRUE  TRUE FALSE FALSE
[265]  TRUE FALSE  TRUE FALSE  TRUE  TRUE  TRUE FALSE FALSE  TRUE  TRUE  TRUE
[277] FALSE  TRUE  TRUE  TRUE  TRUE FALSE  TRUE  TRUE  TRUE  TRUE FALSE FALSE
[289] FALSE FALSE FALSE  TRUE  TRUE FALSE FALSE FALSE  TRUE FALSE  TRUE  TRUE
[301] FALSE  TRUE FALSE  TRUE  TRUE FALSE  TRUE

