
Birth-death simulation object with 391 species and 163 extant species

Details for some species:

Extinction times (NA means extant)
[1] 15.15146 41.45895 29.73169 38.59048 25.89625 37.41509


Speciation times 
[1] 49.26651 45.81968 45.51206 42.60239 39.56670 38.33148


Species parents (NA for initial)
[1] NA  1  1  1  1  1


Species status (extinct or extant)
[1] "extinct" "extinct" "extinct" "extinct" "extinct" "extinct"


For more details on vector y, try sim$y, with y one of
TE TS PAR EXTANT



$TE
  [1] 15.151459401 41.458951058 29.731692004 38.590483816 25.896252641
  [6] 37.415092929 27.094158625 32.318994289 21.049674473           NA
 [11] 31.504503249 15.071297624 19.964836809 24.168370651 23.765294967
 [16] 33.097070386 35.706577978 29.370261665 25.738486481 24.909994260
 [21] 19.655965055 17.265205332 13.242270134 15.357691130 15.673154520
 [26]  3.199363863  7.307551121  2.580291804           NA 25.638666993
 [31] 19.795472030 23.574883368 13.716624357 14.095601593  9.904125697
 [36] 31.052169360 22.756078390 24.122246355 23.836419524 35.022598049
 [41] 33.075251167 31.019467846 28.119582351  8.217558717 21.488276297
 [46] 14.699435292 12.976876323           NA  5.405816658  3.880941798
 [51]           NA 27.806601640 15.008300792 18.999290356 18.918200260
 [56] 13.096016947 15.062882707 12.204262796 14.775535061 14.504880450
 [61] 18.907041847 14.645534451 23.611255429 24.883335316 17.273938332
 [66] 16.962702564 19.563308964 12.653328709 15.363986653 11.960264017
 [71] 30.653601361 20.913349973 31.978277744 27.474528548 31.846704654
 [76] 28.851216515 15.278910619 15.441729945 13.706684393 13.301048996
 [81]           NA  2.529750918  3.881541422  0.987527237           NA
 [86] 12.760084606 16.512793536 14.478276736 17.540133493 15.981288877
 [91] 16.056037005 11.729161684 13.899527828 17.718229619 11.222338861
 [96] 13.059517631 11.242921765 13.825707275 12.736328293 18.309422570
[101] 13.320399754 14.230507174 14.321946363 14.460546821 13.168773721
[106] 15.389090557 14.879694583 29.708039498 20.911667177 11.271922234
[111] 12.979995069 14.005421503 14.409451281 13.378906847 15.057055200
[116] 15.172748292  4.396849431           NA           NA           NA
[121] 14.334350816 14.768476729 14.257499912 15.254850585 12.052194560
[126] 15.626563567 14.801919618 14.783735204 16.636891113 13.626769448
[131] 14.179481506 14.047379438 18.668534627 14.497785766 13.045899987
[136] 22.931910825 14.990502285  0.005957463 12.799811915 15.933479278
[141] 15.249358862           NA           NA           NA           NA
[146]           NA 11.377907922           NA 17.116220087 14.586160272
[151] 13.199664844 14.776436892 15.226616315 18.245044345 12.716375358
[156] 13.573810980 14.235787883 13.515890543 19.186415913 12.910116667
[161]  8.453981529  1.290305883 14.223753069  8.563762127           NA
[166]           NA  1.302425574           NA  9.576839258           NA
[171]  1.046709459  1.766976826  4.407640238  2.218566424 11.913029017
[176] 12.195254949 12.257356214 15.374355496  8.828038583 15.357253377
[181]           NA           NA           NA  6.640616230  6.656417660
[186]  0.238704241           NA           NA           NA           NA
[191]  8.191008452           NA  2.142486889           NA  1.894003309
[196] 15.303261809           NA 10.654161008 15.335994734 14.987678609
[201]  6.269933611  0.864201745  3.750621939  1.329762162           NA
[206]  0.971501145           NA  8.100621558  5.508473825           NA
[211]  6.753371118  3.201131330  4.755751747           NA           NA
[216]           NA           NA  2.875233233           NA           NA
[221]           NA           NA           NA           NA           NA
[226]           NA  9.152721098  5.931874035           NA  5.117458676
[231]  0.190356491  8.354497997           NA  2.110867583  1.102167928
[236]           NA  3.708457825           NA           NA  7.264333049
[241]           NA           NA           NA           NA           NA
[246]           NA  0.374009678  2.783428180           NA           NA
[251]           NA           NA           NA           NA           NA
[256]  1.856710014           NA           NA           NA  0.071340706
[261]           NA           NA  5.256397519           NA           NA
[266]           NA  3.028937246           NA           NA           NA
[271]           NA           NA           NA           NA           NA
[276]  0.229238013           NA           NA  4.274599743           NA
[281]  0.678713277  6.617445346  5.182787632           NA           NA
[286]  2.771495856           NA           NA           NA  0.583027965
[291]           NA  0.136900967  3.772389678           NA           NA
[296]           NA           NA           NA           NA  0.243325119
[301]           NA  2.581700190           NA           NA           NA
[306]           NA           NA  4.628104296  4.935261708  1.895890224
[311]  0.927517496  0.470905586           NA           NA           NA
[316]           NA           NA           NA           NA  6.592495410
[321]  4.035104676  2.995857399  1.547455105           NA           NA
[326]  1.254494003           NA           NA           NA           NA
[331]           NA           NA           NA  5.032222215           NA
[336]           NA           NA           NA           NA  1.313800771
[341]           NA           NA           NA  2.387148725           NA
[346]           NA           NA           NA           NA  4.786692220
[351]  0.693399998           NA           NA           NA           NA
[356]           NA           NA  2.353093831           NA           NA
[361]           NA           NA           NA           NA           NA
[366]           NA           NA           NA           NA  2.174708110
[371]           NA           NA           NA           NA           NA
[376]           NA           NA           NA           NA           NA
[381]           NA           NA           NA  3.996254904  1.847506947
[386]           NA           NA           NA           NA  1.693772466
[391]           NA

$TS
  [1] 49.26651148 45.81967682 45.51205807 42.60238813 39.56670479 38.33147548
  [7] 38.19570496 36.52725863 26.99250747 17.93809440 31.65204866 36.98776810
 [13] 35.45357145 27.97900996 38.20955688 37.52053399 36.16284710 34.13097898
 [19] 34.68396239 26.45965390 24.79513195 21.31187579 17.09442527 16.54163063
 [25] 16.38702681  8.66885207  7.42881409  4.35321775  1.04632154 28.13084143
 [31] 26.80967783 24.06568107 29.02831006 22.42760243 26.77388390 34.34570685
 [37] 30.45307532 26.67896817 25.77192784 35.19738821 33.65889936 32.99830127
 [43] 32.85910533 32.85775120 26.42711768 19.21991237 14.03980867  6.93910443
 [49]  6.18173258  6.04998617  3.95391292 28.10997842 25.99450209 25.43064334
 [55] 22.80105985 27.29347761 24.56965968 22.17905637 16.40343821 20.07349332
 [61] 18.98781767 26.07510784 25.96415487 25.42031983 25.39953513 23.58301444
 [67] 21.75889821 18.23010235 16.50556501 12.21186980 32.09877965 29.66874315
 [73] 32.80787704 28.84244745 32.08727874 31.65919311 21.39056097 18.33915026
 [79] 15.20428605 14.24267370  9.41064082  5.88605186  5.85770545  5.07750728
 [85]  0.43755238 22.13101099 17.21298096 16.41990202 21.51294722 21.02177827
 [91] 18.04350676 22.43225819 19.96907875 18.14916404 15.80499927 15.57383520
 [97] 13.00909492 15.14516564 17.46308908 20.62146864 17.21096175 18.49951160
[103] 23.54713762 17.39146086 21.29188309 20.00430591 15.59437737 31.97201995
[109] 31.95036943 20.39065182 18.22639991 17.20533439 16.76195626 16.63781449
[115] 18.02499497 17.70280369  8.60805914  7.80434590  6.38616658  4.49572904
[121] 15.21184350 15.89107957 18.15785791 17.76065615 12.32264314 16.16067804
[127] 15.02612892 19.68829911 18.60936771 19.50065919 16.93588998 17.28524336
[133] 19.50163432 18.69957034 18.42220583 25.57669181 15.30012757 16.25210386
[139] 16.08385421 16.02223510 15.64033054  4.66608029  2.91697928  4.08983353
[145]  0.41965131  0.30837617 14.36188461 15.06982353 17.83364884 17.31422218
[151] 18.00875463 16.58888140 16.37275871 18.24738409 15.84674179 15.05967141
[157] 14.95887035 25.46298138 23.79208547 12.94239562  8.87039133  6.74278895
[163] 14.77316146 13.55264515  2.94731380  1.40587861  3.58370641  2.70752378
[169] 13.61608744 11.56112456 11.00783362  7.18153007  5.13080930  2.84340876
[175] 17.97546601 14.14310413 13.58165428 15.79007876 16.22381965 15.93495047
[181]  8.67163002  3.43903277  2.57337284 12.17406558 10.13148959  9.80699835
[187]  9.54961698  6.47616683  5.53239738  0.43103657  8.69427161  7.02637010
[193]  6.22727342  6.18585975  5.89569340 15.42615240 12.27818795 11.95902718
[199] 15.92249652 15.25449712 12.29745828  9.89109215  8.48728294  8.43344535
[205]  1.94212029  1.57369287  0.64830992 12.16067075  8.13461688  7.17621247
[211]  7.12599390  6.94100141  9.06080316  5.27431910  4.95481832  2.31186483
[217]  2.23638915  6.04499271  4.28951972  3.08015481  0.34001975  6.25018953
[223]  3.85842077  2.96969048  1.87052838  2.89967943  9.88470963  9.42818918
[229]  1.61510049 11.81027402 10.15078394  8.85863486  8.65418311  8.31535618
[235]  4.18997656  1.80746075  6.84069511  5.70047899  4.31654691 10.09782079
[241]  2.05948862  6.54787574  5.57911994  3.25779584  7.85234330  7.70496658
[247]  5.91919430  5.06909046  3.34390346  0.61615195  1.92353983  1.56043697
[253]  0.56342836  5.73757213  2.05011625  2.48083312  3.62285535  1.40722628
[259]  0.60085309  0.36444728  0.41061197  8.04688750  7.29107896 11.29078030
[265]  6.31928429  5.44685283  7.04521001  7.01323128  2.34430087  0.57760999
[271]  6.07765718  5.00675712  4.21424042  3.22554900  1.62568543  0.96790951
[277]  0.18410227  5.90983630  5.47308845  5.13479553  2.16799495  8.98503000
[283]  8.58978489  5.95583059  1.83962610  4.20543472  1.60152397  1.36787363
[289]  1.27440694  2.66293412  7.09610373  0.83799506  5.72028471  0.65262846
[295]  4.78397611  0.82711651  6.67458436  5.64516659  0.33591027 11.13503125
[301]  9.73567986  7.03930698  1.60132264  5.11273143  3.05129457  1.28482824
[307]  0.82035750  5.31216795  6.45131171  6.36971727  5.02336317  1.96943503
[313]  4.90790229  3.49001066  1.18045411  0.49340724  3.81033326  2.07825911
[319]  8.08675247  7.22223040  5.35193270  4.30618294  1.62900917  2.51872861
[325]  5.61913568  3.41432257  1.99661780  0.75153106  7.69811551  2.43448110
[331]  4.55780124  3.14028438  2.19246963  6.84868395  4.17412980  2.42414440
[337]  1.56353112  1.66726601  0.72098727  4.24450701  3.52476555  1.70332941
[343]  0.53466171  4.80300970  2.58896662  3.23639468  0.06056422  7.94650391
[349]  5.98091671  5.45132404  3.18410642  0.98009345  1.35129587  6.90785843
[355]  6.05031405  2.07436247  0.39261269  2.64245949  2.01865660  0.88472013
[361]  3.96820721  2.72339915  1.89100365  0.64532097  2.76486171  6.49685851
[367]  6.04606536  3.11642705  1.82565867  4.75262291  4.10353859  5.68755366
[373]  5.61892468  1.35538468  0.17070159  3.46027571  3.15841324  3.01867787
[379]  0.21863845  2.95021639  1.66119869  2.52956347  3.53279675  5.52561520
[385]  3.74971390  1.48526309  1.33380442  0.98919314  1.34377932  2.05190820
[391]  0.45280060

$PAR
  [1]  NA   1   1   1   1   1   1   1   1   1   3   5   5   5   6   7   7   7
 [19]   8   9   9   9  10  10  10  10  10  10  10  12  12  12  13  13  14  15
 [37]  15  15  15  16  16  19  19  19  20  22  23  26  26  26  28  30  30  31
 [55]  31  33  33  33  33  34  34  35  35  35  35  35  35  35  35  35  36  37
 [73]  43  43  44  44  44  44  44  44  44  49  49  50  51  53  53  53  55  56
 [91]  56  57  57  57  58  58  58  59  60  62  62  65  66  66  67  67  69  75
[109]  75  77  77  77  77  77  78  78  81  81  81  83  86  88  89  93  97  99
[127]  99 100 100 103 103 104 105 105 105 109 110 113 114 115 116 118 119 120
[145] 120 120 121 122 123 123 128 128 128 129 132 134 134 136 136 138 138 138
[163] 139 139 142 142 144 144 147 147 148 148 148 148 151 151 151 152 153 158
[181] 161 167 167 169 170 170 170 170 170 170 171 171 171 171 172 175 175 175
[199] 179 179 179 179 181 181 182 183 183 184 185 185 185 185 186 186 186 187
[217] 187 188 189 189 189 192 193 193 194 195 197 197 197 198 201 201 202 202
[235] 202 202 204 204 204 208 210 212 212 212 213 213 213 214 215 216 217 217
[253] 217 218 220 222 223 223 224 225 226 228 228 230 230 230 231 231 233 233
[271] 234 234 234 235 235 236 236 237 237 237 238 240 240 242 242 243 243 243
[289] 243 244 245 245 246 247 254 257 262 262 262 264 264 264 264 265 265 265
[307] 266 267 268 268 268 268 272 272 273 275 278 278 283 283 283 284 284 290
[325] 293 295 297 297 300 300 301 301 301 302 302 304 304 305 307 310 310 312
[343] 312 313 313 317 318 319 319 319 319 324 327 329 329 329 329 331 331 331
[361] 335 335 341 341 346 348 348 348 348 349 349 354 354 354 354 367 367 367
[379] 367 368 369 371 372 373 373 376 376 376 381 382 388

$EXTANT
  [1] FALSE FALSE FALSE FALSE FALSE FALSE FALSE FALSE FALSE  TRUE FALSE FALSE
 [13] FALSE FALSE FALSE FALSE FALSE FALSE FALSE FALSE FALSE FALSE FALSE FALSE
 [25] FALSE FALSE FALSE FALSE  TRUE FALSE FALSE FALSE FALSE FALSE FALSE FALSE
 [37] FALSE FALSE FALSE FALSE FALSE FALSE FALSE FALSE FALSE FALSE FALSE  TRUE
 [49] FALSE FALSE  TRUE FALSE FALSE FALSE FALSE FALSE FALSE FALSE FALSE FALSE
 [61] FALSE FALSE FALSE FALSE FALSE FALSE FALSE FALSE FALSE FALSE FALSE FALSE
 [73] FALSE FALSE FALSE FALSE FALSE FALSE FALSE FALSE  TRUE FALSE FALSE FALSE
 [85]  TRUE FALSE FALSE FALSE FALSE FALSE FALSE FALSE FALSE FALSE FALSE FALSE
 [97] FALSE FALSE FALSE FALSE FALSE FALSE FALSE FALSE FALSE FALSE FALSE FALSE
[109] FALSE FALSE FALSE FALSE FALSE FALSE FALSE FALSE FALSE  TRUE  TRUE  TRUE
[121] FALSE FALSE FALSE FALSE FALSE FALSE FALSE FALSE FALSE FALSE FALSE FALSE
[133] FALSE FALSE FALSE FALSE FALSE FALSE FALSE FALSE FALSE  TRUE  TRUE  TRUE
[145]  TRUE  TRUE FALSE  TRUE FALSE FALSE FALSE FALSE FALSE FALSE FALSE FALSE
[157] FALSE FALSE FALSE FALSE FALSE FALSE FALSE FALSE  TRUE  TRUE FALSE  TRUE
[169] FALSE  TRUE FALSE FALSE FALSE FALSE FALSE FALSE FALSE FALSE FALSE FALSE
[181]  TRUE  TRUE  TRUE FALSE FALSE FALSE  TRUE  TRUE  TRUE  TRUE FALSE  TRUE
[193] FALSE  TRUE FALSE FALSE  TRUE FALSE FALSE FALSE FALSE FALSE FALSE FALSE
[205]  TRUE FALSE  TRUE FALSE FALSE  TRUE FALSE FALSE FALSE  TRUE  TRUE  TRUE
[217]  TRUE FALSE  TRUE  TRUE  TRUE  TRUE  TRUE  TRUE  TRUE  TRUE FALSE FALSE
[229]  TRUE FALSE FALSE FALSE  TRUE FALSE FALSE  TRUE FALSE  TRUE  TRUE FALSE
[241]  TRUE  TRUE  TRUE  TRUE  TRUE  TRUE FALSE FALSE  TRUE  TRUE  TRUE  TRUE
[253]  TRUE  TRUE  TRUE FALSE  TRUE  TRUE  TRUE FALSE  TRUE  TRUE FALSE  TRUE
[265]  TRUE  TRUE FALSE  TRUE  TRUE  TRUE  TRUE  TRUE  TRUE  TRUE  TRUE FALSE
[277]  TRUE  TRUE FALSE  TRUE FALSE FALSE FALSE  TRUE  TRUE FALSE  TRUE  TRUE
[289]  TRUE FALSE  TRUE FALSE FALSE  TRUE  TRUE  TRUE  TRUE  TRUE  TRUE FALSE
[301]  TRUE FALSE  TRUE  TRUE  TRUE  TRUE  TRUE FALSE FALSE FALSE FALSE FALSE
[313]  TRUE  TRUE  TRUE  TRUE  TRUE  TRUE  TRUE FALSE FALSE FALSE FALSE  TRUE
[325]  TRUE FALSE  TRUE  TRUE  TRUE  TRUE  TRUE  TRUE  TRUE FALSE  TRUE  TRUE
[337]  TRUE  TRUE  TRUE FALSE  TRUE  TRUE  TRUE FALSE  TRUE  TRUE  TRUE  TRUE
[349]  TRUE FALSE FALSE  TRUE  TRUE  TRUE  TRUE  TRUE  TRUE FALSE  TRUE  TRUE
[361]  TRUE  TRUE  TRUE  TRUE  TRUE  TRUE  TRUE  TRUE  TRUE FALSE  TRUE  TRUE
[373]  TRUE  TRUE  TRUE  TRUE  TRUE  TRUE  TRUE  TRUE  TRUE  TRUE  TRUE FALSE
[385] FALSE  TRUE  TRUE  TRUE  TRUE FALSE  TRUE

