
Birth-death simulation object with 260 species and 82 extant species

Details for some species:

Extinction times (NA means extant)
[1] 43.51433 30.36157 40.70211 42.46871 33.35250 15.23452


Speciation times 
[1] 49.26651 47.01197 45.00767 43.22903 43.09091 36.64918


Species parents (NA for initial)
[1] NA  1  1  2  2  2


Species status (extinct or extant)
[1] "extinct" "extinct" "extinct" "extinct" "extinct" "extinct"


For more details on vector y, try sim$y, with y one of
TE TS PAR EXTANT



$TE
  [1] 43.514328887 30.361574903 40.702113756 42.468705815 33.352503410
  [6] 15.234523743 27.147327228 32.669378753 15.363748823 22.839087560
 [11] 17.594454339 37.033247675 28.789454886 18.931994786 17.910878059
 [16] 29.238209228 28.118154762 31.444021664 26.266059574 27.922486144
 [21] 34.755940636 14.388328450 26.742657633 20.172091651 13.604828677
 [26] 14.800751864 14.074210754 23.622083907 28.524242695 20.466465919
 [31] 18.204128308 24.652133733 14.556027073 28.394752061 27.103137877
 [36] 19.549637403 26.188326723 20.873396776 14.002579036 25.939410310
 [41] 30.537146267 30.679692314 22.038597217 18.003427387 15.168054507
 [46] 15.938763266 15.014064886 28.679000410 29.408160469 10.181565396
 [51] 14.748781313 13.474438352 27.057846465 25.498557972 22.347343674
 [56] 12.138847371 18.589643538 10.975331891 13.845261216 16.221712214
 [61] 13.399871193 18.128948137 10.774310577 26.597611433 28.978185296
 [66] 24.864260745 18.912112478 24.679155797 24.272058551 16.646996819
 [71] 12.444312284 28.848181560 28.817633205 23.464055076 23.812027923
 [76] 13.596183802  1.368147955  8.559850511  3.080997193 13.569799260
 [81] 12.326310010           NA 14.606643290 11.366658527 11.907732382
 [86] 13.370236958 11.701149694 21.884139912 20.179235787 17.873895596
 [91] 18.354395589 11.956794663 13.906571554 14.320125031 15.387696108
 [96] 13.508007535 21.349446028           NA 11.468060592 30.139370875
[101]  6.518831121  5.896673582  6.506548062  6.243300793  3.505538075
[106]           NA  0.097126600 13.474938628           NA  4.511464064
[111]  1.814183528           NA           NA 15.895239485 11.611305795
[116] 17.054046543 10.707366381 12.506706642 14.571931832 13.210356038
[121] 12.372769166 11.405131429  2.161323386 12.755934692 14.185371979
[126]           NA 23.164787457 13.963283504  6.625216197  3.726302638
[131]           NA           NA           NA  4.324328002  5.011798584
[136]  3.393629769           NA  1.292674778  4.630226690           NA
[141]  3.112419697  6.804949031  5.423481915  5.403246925  4.518342489
[146]           NA  7.392985494  0.061643601           NA           NA
[151] 16.807420661 11.610447625 15.244343994 16.770629536           NA
[156]           NA 11.588343891 11.341095285 11.731444540 10.630342012
[161]  1.223895052  1.347411603  4.306426514           NA  0.841031888
[166]           NA           NA           NA           NA  0.323259772
[171]           NA           NA           NA           NA 10.809589349
[176]  8.980036713           NA           NA  4.792234237  1.732322633
[181]           NA  1.953702791           NA  8.751447250           NA
[186]  0.292335181           NA 13.312181629 11.352373577 11.577472024
[191] 12.008789391           NA  2.677329580           NA  1.500058605
[196]           NA  2.083728301  0.003609876           NA  1.723463560
[201]           NA  1.154734851           NA           NA  0.125042862
[206]           NA           NA  0.278193892           NA           NA
[211]  0.353302249 10.895474445           NA           NA           NA
[216]           NA           NA  0.217613951           NA           NA
[221]           NA  1.495593770           NA  3.757267355           NA
[226]           NA           NA           NA           NA           NA
[231]           NA           NA           NA           NA           NA
[236]  1.115786093           NA           NA           NA           NA
[241]  1.046372120  1.269340645           NA           NA           NA
[246]  1.990581902  1.146797259  1.889593766           NA           NA
[251]           NA           NA           NA           NA           NA
[256]           NA           NA           NA           NA           NA

$TS
  [1] 49.26651148 47.01197061 45.00766807 43.22902717 43.09091474 36.64917722
  [7] 36.04382216 35.16025524 34.86650602 34.37273738 32.51491106 42.79649926
 [13] 36.24645351 25.35470365 21.59013766 33.33513842 33.31192697 32.70276823
 [19] 31.89621947 35.15387025 35.02897368 33.76599486 33.32009842 25.50332443
 [25] 18.55597849 17.59338275 32.37038706 31.06731746 28.95194549 26.40483258
 [31] 22.97872888 30.19592738 24.37264429 38.12530507 32.38412215 19.88915363
 [37] 30.15657949 29.43732158 33.69363937 28.99824978 33.45243413 32.65231597
 [43] 28.03207360 21.81300208 20.28203870 18.52785655 17.05989751 32.28400874
 [49] 31.53552096 24.98102312 15.62369769 15.60914211 31.71221891 28.75804306
 [55] 24.55441733 14.19738656 30.45708526 25.44572679 24.11958001 21.98336198
 [61] 20.47836044 20.05725217 15.67226509 27.34143834 33.03668550 29.96624884
 [67] 21.34832891 26.20280352 24.32296635 20.31895930 19.88574677 31.75836279
 [73] 30.04163941 23.91252514 23.88026710 15.21080317 13.82566813 11.77710848
 [79] 11.15151584 15.07002045 15.37628222 13.02938757 20.80434977 18.61372595
 [85] 16.17220833 13.84592766 12.15436330 22.55807405 21.19321521 21.12188471
 [91] 18.63976496 17.73476114 15.91005583 14.51678704 19.84094582 14.32323200
 [97] 26.69450821 16.65879573 12.97128750 31.15300305  9.31860967  7.66072558
[103]  7.65596513 10.24780273  8.60491777  6.82618245  6.40222331 14.26738322
[109]  8.91384474  8.74062835  6.73148786  2.78499005  0.86275304 18.87075360
[115] 16.14193801 17.51228607 14.07461074 20.49763764 19.64779542 15.79661943
[121] 13.54938960 13.09094310 12.11745924 15.27457057 19.18363232 17.66526201
[127] 24.20168292 15.46897059 12.20623558  9.24496539  7.14340616  7.02539433
[133]  7.05770793  7.55071958  5.03973976  5.38814772  3.86446685  1.49278253
[139] 14.25417445  7.79255167  7.17115625  7.06972804  6.32802305  6.20094188
[145]  4.75958652  0.62132722  7.94614365  6.25361081  4.84332321  0.22313839
[151] 17.39277670 13.20012663 20.16753322 20.01342804 12.88636904  6.93171937
[157] 18.21557620 14.72728870 13.29801537 11.75875672  9.06042069  8.10924634
[163]  8.98323530  7.88649927  7.68133451  6.97251518  1.11446216  5.53485710
[169]  4.33166181  3.43754181  1.61512223  1.49840106  1.34070311 11.98006406
[175] 10.83099459 10.02007071  1.22849727  0.16079766  5.41862135  5.19498453
[181]  3.81080651  2.13467050  1.66077838 13.19627886  3.94596491  3.45044504
[187]  0.31382189 13.88189342 12.87409491 11.91980578 12.26899493  6.78467534
[193]  6.16109499  5.33614544  3.85278724  3.36384147  3.30250922  2.40942490
[199]  7.28087996  7.17823163  5.87137360  4.41184067  6.82214877  5.97883883
[205]  5.42487596  1.94886934  0.14066657  5.84749784  4.26618795  3.18173985
[211]  1.19246215 12.51003989  1.06151013  4.05221245  3.58736711  4.55637668
[217]  0.09295384  1.54637127  2.54082150  6.04656653  2.00979469  1.59791510
[223]  2.15980737  5.83112837  5.14522578  4.12477917  2.28860040  0.79487745
[229]  3.91730436  1.92844884  0.04821525  1.76368671  1.67020247  1.90760786
[235]  5.06678173  4.55571514  3.52522493  2.45217223  0.44606922  2.10132524
[241]  1.05825615  1.33349896  1.08101836  3.09914009  3.71594040  3.33522523
[247]  2.92726535  2.74134927  1.22051204  1.80700766  1.28910867  0.67946931
[253]  2.69574024  3.06326929  2.08602252  0.43730991  0.05421085  1.65178640
[259]  0.42772145  0.08126008

$PAR
  [1]  NA   1   1   2   2   2   2   2   2   2   2   3   6   6   6   7   7   7
 [19]   7   8   8   9   9   9   9   9  10  10  10  10  10  11  11  12  13  15
 [37]  19  19  20  20  22  22  22  22  22  22  22  23  23  24  25  26  27  27
 [55]  27  27  28  28  28  31  31  33  33  38  39  39  39  40  43  44  44  48
 [73]  48  50  50  50  50  50  50  51  52  56  58  58  58  58  58  59  60  60
 [91]  60  61  61  61  62  63  66  70  71  72  77  77  77  79  79  79  79  81
[109]  82  82  82  82  82  83  83  84  84  89  90  92  92  92  92  93  95  95
[127]  97  98  98 101 101 101 103 105 105 106 107 107 108 109 109 109 109 109
[145] 109 109 110 110 110 112 114 115 118 118 118 123 125 125 126 126 126 126
[163] 129 129 129 129 131 132 133 136 137 137 137 139 139 139 140 140 141 141
[181] 141 148 149 152 155 156 156 157 157 157 158 161 161 161 161 161 161 161
[199] 162 162 162 163 164 164 164 168 169 174 174 174 174 184 186 193 193 194
[217] 194 196 199 200 200 201 202 203 203 203 205 208 214 215 215 220 220 223
[235] 224 224 225 225 225 227 229 230 232 235 236 236 236 236 236 238 242 243
[253] 244 245 245 249 252 254 256 259

$EXTANT
  [1] FALSE FALSE FALSE FALSE FALSE FALSE FALSE FALSE FALSE FALSE FALSE FALSE
 [13] FALSE FALSE FALSE FALSE FALSE FALSE FALSE FALSE FALSE FALSE FALSE FALSE
 [25] FALSE FALSE FALSE FALSE FALSE FALSE FALSE FALSE FALSE FALSE FALSE FALSE
 [37] FALSE FALSE FALSE FALSE FALSE FALSE FALSE FALSE FALSE FALSE FALSE FALSE
 [49] FALSE FALSE FALSE FALSE FALSE FALSE FALSE FALSE FALSE FALSE FALSE FALSE
 [61] FALSE FALSE FALSE FALSE FALSE FALSE FALSE FALSE FALSE FALSE FALSE FALSE
 [73] FALSE FALSE FALSE FALSE FALSE FALSE FALSE FALSE FALSE  TRUE FALSE FALSE
 [85] FALSE FALSE FALSE FALSE FALSE FALSE FALSE FALSE FALSE FALSE FALSE FALSE
 [97] FALSE  TRUE FALSE FALSE FALSE FALSE FALSE FALSE FALSE  TRUE FALSE FALSE
[109]  TRUE FALSE FALSE  TRUE  TRUE FALSE FALSE FALSE FALSE FALSE FALSE FALSE
[121] FALSE FALSE FALSE FALSE FALSE  TRUE FALSE FALSE FALSE FALSE  TRUE  TRUE
[133]  TRUE FALSE FALSE FALSE  TRUE FALSE FALSE  TRUE FALSE FALSE FALSE FALSE
[145] FALSE  TRUE FALSE FALSE  TRUE  TRUE FALSE FALSE FALSE FALSE  TRUE  TRUE
[157] FALSE FALSE FALSE FALSE FALSE FALSE FALSE  TRUE FALSE  TRUE  TRUE  TRUE
[169]  TRUE FALSE  TRUE  TRUE  TRUE  TRUE FALSE FALSE  TRUE  TRUE FALSE FALSE
[181]  TRUE FALSE  TRUE FALSE  TRUE FALSE  TRUE FALSE FALSE FALSE FALSE  TRUE
[193] FALSE  TRUE FALSE  TRUE FALSE FALSE  TRUE FALSE  TRUE FALSE  TRUE  TRUE
[205] FALSE  TRUE  TRUE FALSE  TRUE  TRUE FALSE FALSE  TRUE  TRUE  TRUE  TRUE
[217]  TRUE FALSE  TRUE  TRUE  TRUE FALSE  TRUE FALSE  TRUE  TRUE  TRUE  TRUE
[229]  TRUE  TRUE  TRUE  TRUE  TRUE  TRUE  TRUE FALSE  TRUE  TRUE  TRUE  TRUE
[241] FALSE FALSE  TRUE  TRUE  TRUE FALSE FALSE FALSE  TRUE  TRUE  TRUE  TRUE
[253]  TRUE  TRUE  TRUE  TRUE  TRUE  TRUE  TRUE  TRUE

