
Birth-death simulation object with 103 species and 35 extant species

Details for some species:

Extinction times (NA means extant)
[1] 46.81990 33.59931 34.74215 20.29540 28.56958 26.86935


Speciation times 
[1] 49.26651 47.34195 36.32756 34.83416 31.72390 31.45871


Species parents (NA for initial)
[1] NA  1  2  3  4  4


Species status (extinct or extant)
[1] "extinct" "extinct" "extinct" "extinct" "extinct" "extinct"


For more details on vector y, try sim$y, with y one of
TE TS PAR EXTANT



$TE
  [1] 46.81989744 33.59930998 34.74214865 20.29540056 28.56958286 26.86934528
  [7] 25.01536629 15.83549613 27.08047270 22.53695262 16.58730137 22.89380134
 [13] 13.86721108 12.48604793 21.20448778 20.16420427 22.85797378 23.46617807
 [19] 13.75781755 12.91502104 14.68234991 15.09490349 11.63725835 14.15402390
 [25] 10.96277550 21.28848451 16.12465070 15.24096019 14.38384727 15.12146331
 [31] 12.67128854  9.69570366 12.56634157 14.48882498 14.30114927 13.20506356
 [37]  9.73658143          NA 14.45981703          NA 10.80506186 14.63110036
 [43] 14.75963209 15.00538772  4.27974307  3.24106366  3.14883640          NA
 [49]  5.48151693          NA          NA  1.87348477 14.84871186 10.64656798
 [55]  2.82042131  5.45412664          NA          NA          NA  5.69618214
 [61]  4.94816584          NA  5.07008719  4.01214211          NA          NA
 [67]  1.20069715  1.64155779          NA          NA          NA          NA
 [73]          NA  0.05227088          NA          NA  5.88258958          NA
 [79]  2.85317673          NA  2.69964215          NA  0.53857713          NA
 [85]  0.30317802          NA          NA          NA          NA          NA
 [91]          NA          NA  6.20337923          NA  1.57373999          NA
 [97]  1.82320889  0.17319749          NA  3.80241651          NA          NA
[103]          NA

$TS
  [1] 49.26651148 47.34195304 36.32755703 34.83416070 31.72389901 31.45871391
  [7] 27.23218547 25.64151550 30.64197873 29.12011391 25.86839194 23.64590901
 [13] 22.04630845 16.51004737 28.94858903 27.67752867 23.74058926 25.26257785
 [19] 20.71201021 18.82450615 21.21518628 19.96129517 15.52127155 14.79786615
 [25] 14.11939969 25.59403589 20.79403373 24.24217489 17.75437833 15.65807734
 [31] 15.54058946 18.06883185 13.00215804 18.07886381 16.86344314 16.61328685
 [37] 12.07950530 11.24908310 18.27501445 20.17575794 11.06274982 14.83971276
 [43] 16.30050138 15.31628478 11.19413004  8.62056539  7.54554846  6.39894238
 [49]  5.57706712  5.10095717  4.09011097  3.13195007 17.22487330 15.06570204
 [55]  5.86494219  5.63732049  3.79781631  2.67170842 11.16517404  5.92522440
 [61]  5.88737022  4.49137342  6.65402700  7.28086701  5.84616235  5.34408670
 [67]  4.77117504  4.01361255  5.84799592  0.29478682  0.27124768  0.04882633
 [73]  3.69265408  1.85282347  0.38766121  1.34732706  7.34565876  0.79292368
 [79]  4.34572223  5.65884057  6.56204561  4.28579303  4.30041985  1.58324770
 [85]  1.32243088  2.46887059  5.65317718  5.49441367  1.63046505  3.53736580
 [91]  3.50384411  0.16934426  6.54154477  6.39731138  5.26447813  2.30300044
 [97]  4.24437508  0.99018600  0.16881591  3.85742405  2.27144922  2.09222077
[103]  1.74177341

$PAR
  [1] NA  1  2  3  4  4  4  4  5  5  7  8  8  8 10 10 10 11 11 11 13 13 14 14 14
 [26] 15 16 18 19 19 19 20 20 21 21 21 23 25 27 28 32 35 36 36 38 38 38 38 38 38
 [51] 38 38 40 40 40 40 40 40 45 45 45 45 46 47 47 47 47 47 48 50 50 50 51 57 57
 [76] 58 59 59 62 63 64 64 66 66 66 68 69 69 69 73 80 80 81 81 81 82 83 83 94 95
[101] 95 96 96

$EXTANT
  [1] FALSE FALSE FALSE FALSE FALSE FALSE FALSE FALSE FALSE FALSE FALSE FALSE
 [13] FALSE FALSE FALSE FALSE FALSE FALSE FALSE FALSE FALSE FALSE FALSE FALSE
 [25] FALSE FALSE FALSE FALSE FALSE FALSE FALSE FALSE FALSE FALSE FALSE FALSE
 [37] FALSE  TRUE FALSE  TRUE FALSE FALSE FALSE FALSE FALSE FALSE FALSE  TRUE
 [49] FALSE  TRUE  TRUE FALSE FALSE FALSE FALSE FALSE  TRUE  TRUE  TRUE FALSE
 [61] FALSE  TRUE FALSE FALSE  TRUE  TRUE FALSE FALSE  TRUE  TRUE  TRUE  TRUE
 [73]  TRUE FALSE  TRUE  TRUE FALSE  TRUE FALSE  TRUE FALSE  TRUE FALSE  TRUE
 [85] FALSE  TRUE  TRUE  TRUE  TRUE  TRUE  TRUE  TRUE FALSE  TRUE FALSE  TRUE
 [97] FALSE FALSE  TRUE FALSE  TRUE  TRUE  TRUE

