
Birth-death simulation object with 330 species and 146 extant species

Details for some species:

Extinction times (NA means extant)
[1] 42.26251 32.02590 38.26457 30.11951 30.81847 32.86590


Speciation times 
[1] 49.26651 47.37398 43.03897 33.74131 32.90892 41.10631


Species parents (NA for initial)
[1] NA  1  2  2  2  3


Species status (extinct or extant)
[1] "extinct" "extinct" "extinct" "extinct" "extinct" "extinct"


For more details on vector y, try sim$y, with y one of
TE TS PAR EXTANT



$TE
  [1] 42.26251250 32.02589849 38.26457315 30.11950897 30.81847190 32.86590476
  [7] 27.34233566 27.62671605 22.36739279 31.66857120 31.65452607 32.62522202
 [13] 22.58408370 21.83536886 28.83040330 15.32689329 20.77329703 23.49070278
 [19] 18.15962867 18.41022111 23.02000556 25.67918536 20.09741157 20.42345553
 [25] 21.97958584 19.64158093 13.96872274 13.69821965 15.23038147 15.57575174
 [31] 25.12945808 13.95298959 24.47594048 25.48236293 19.72394571 15.22486755
 [37] 20.84157926 12.97202700 15.37501022 30.35347530 19.46886120 15.21102485
 [43] 19.41285565 14.12120333 14.84967939 15.07487038 20.37714270 23.22172814
 [49] 13.64707080 11.24948196 19.74755235 14.31340243 15.02112258 16.79349173
 [55] 12.10395077 13.98641208 13.71793476 13.48350598 14.10453137 14.59838792
 [61] 17.24600096 12.53726985 13.85057005 13.39314214 14.98439119 24.97531031
 [67] 22.79053203 13.41366639 24.46335818 20.85836986 13.01857326 21.40908934
 [73] 13.56708353 13.91262244          NA 17.21942834          NA 10.49587630
 [79] 15.33073300  8.79419290 12.68269410 14.22637773          NA 14.73254165
 [85] 14.99161113 14.56451569 15.27209077          NA 12.25982449 10.57428613
 [91]          NA  0.41900191  4.12371323          NA 10.15210694          NA
 [97]  6.33182863          NA  1.51726633          NA  7.04207693  7.13731575
[103]  6.41489729  5.13556435          NA 13.72052286 18.17132389 15.58085775
[109]  6.48143534  4.45914278  5.15437984  3.25696208          NA          NA
[115]          NA          NA          NA          NA          NA  2.87757571
[121]          NA          NA  1.82447135  1.22587740          NA          NA
[127]          NA  6.79135423  6.57754958  4.13294399  5.69230630          NA
[133]          NA  4.99990932          NA          NA  9.64423647 15.24087481
[139] 12.33358374 14.11486827 11.77264729 10.73632305  9.44132318  7.77457711
[145]  4.05835514          NA  1.01289455          NA          NA  0.94694139
[151]  1.61412834  1.63341502          NA          NA          NA          NA
[157]          NA  0.78584333          NA          NA          NA          NA
[163]          NA  9.66779469  6.14292879  5.59292030  0.74637696  1.80843649
[169]          NA  6.27495647          NA  4.32621399  4.26433221  4.00336527
[175]  4.58584878          NA          NA          NA  0.77960031  1.81067521
[181]          NA 14.58459920  3.67254831  0.65736716          NA          NA
[187]  4.73195500          NA  7.40073689  0.27082876          NA          NA
[193]          NA          NA          NA          NA          NA          NA
[199]  1.24077323  1.01839244          NA          NA  0.70310912  2.30031507
[205]          NA          NA          NA  0.22171272  0.52837365  4.28638035
[211]  0.08513662          NA  0.52467591  4.94668084          NA          NA
[217]          NA          NA  3.97167542  2.63959523          NA  1.14814302
[223]  3.25736697          NA          NA          NA          NA          NA
[229]          NA          NA  4.49518325  3.42689645  2.32309660  0.13378057
[235]          NA          NA          NA  3.05610095          NA          NA
[241]          NA          NA          NA          NA  0.44862171          NA
[247]          NA          NA          NA          NA          NA          NA
[253]          NA  0.74063346          NA          NA  4.33442963          NA
[259]  0.76118129          NA          NA          NA          NA          NA
[265]          NA          NA          NA          NA  2.06802109  2.74839514
[271]  0.63106789  0.12730359          NA          NA  2.10407736          NA
[277]  4.53625401          NA          NA          NA          NA          NA
[283]          NA          NA  2.43612597          NA  1.50119032  2.09026931
[289]          NA          NA          NA          NA          NA          NA
[295]  0.97104390  2.78629608          NA          NA  2.54827639          NA
[301]          NA          NA  0.03108661  0.01634290          NA          NA
[307]          NA          NA          NA          NA  0.07660400  0.30767175
[313]          NA          NA          NA          NA          NA          NA
[319]          NA          NA  2.44083257          NA  4.46158168          NA
[325]  2.94335788          NA          NA          NA          NA          NA

$TS
  [1] 49.26651148 47.37398358 43.03897228 33.74131310 32.90892094 41.10631364
  [7] 33.66177658 35.40878186 33.96931654 33.14209010 33.41522437 33.00853329
 [13] 30.40637915 31.02492516 30.72319401 27.08197342 26.15683536 23.59746300
 [19] 31.73135460 24.97287055 30.96509546 25.87505926 25.18808896 24.73078686
 [25] 23.15512502 22.88220203 18.97597278 17.86384166 16.78049645 16.60714299
 [31] 25.92451525 22.86113932 30.17062357 27.39275354 23.70402166 22.21615130
 [37] 21.81898810 20.62833547 18.78446153 30.53331246 24.14895528 21.63590918
 [43] 20.56067201 17.20040163 16.22573098 17.51731834 29.50735344 26.80948724
 [49] 24.59740757 26.94019517 22.18364847 18.32020943 16.51387431 18.16560183
 [55] 16.62497843 14.66302103 15.59786395 24.11889856 21.94631223 20.13420798
 [61] 17.35715276 16.59630293 15.98840381 14.22750417 14.99354615 26.49259257
 [67] 25.20012132 21.54066211 24.55087611 23.48585845 18.01994756 22.10028539
 [73] 13.77695146 20.04738663 19.94665600 17.45209166 15.31045077 15.15702295
 [79] 16.43147410 16.85556511 12.77734523 23.49081233 17.99019341 15.05471246
 [85] 21.50055689 17.48479807 17.28154331 13.15752616 12.63826670 11.12056792
 [91]  9.02302762  9.01763150  6.29712960  4.37478900 12.13413472 10.69663311
 [97]  9.63776783  9.36439374  7.68315929  2.55311986 13.04575852 10.54779515
[103] 10.50627304  9.36471893  5.27390299 20.04938742 18.82602720 16.86961071
[109] 16.37393156  9.36245673  5.54221780  3.27550122  6.55353829  4.83633535
[115]  1.43882361  6.26614952  5.20332284  1.19516159  7.78924862  7.57896327
[121]  7.81008480  6.68427976  7.71857086  6.55372112  2.02852520  0.83745978
[127] 10.15716017  9.03209622  9.26887089  9.24189681  6.61333495  9.15335549
[133]  5.19874614  5.13906990  3.14419654  2.00307522 19.99766506 18.43086210
[139] 16.27870499 14.43587632 13.85912188 10.74240336  9.73298567  9.72914325
[145]  9.38911002  8.27896258  8.06444642  4.15577195  4.71125606  1.19369284
[151]  5.62019964  5.37876752  3.66453472  0.15537244  5.95655261  5.06199937
[157]  6.76846790  4.82633962  4.10397275  5.88556891  1.40189981  2.87199706
[163]  6.21350385 10.11568115  7.94327532  6.58663875  4.89943054  4.80645196
[169]  3.85890068  8.76036169  9.05129057  7.55271861  6.98243606  6.60577056
[175]  6.44101791  6.41531917  2.99206450  0.03598964  4.88920960  4.87635602
[181]  1.84155616 17.94244552 11.89624711  8.19496544  7.95730218  6.21814311
[187]  5.24341987  4.36144376  7.50377580  6.06509370  5.70148159  4.74972853
[193]  1.96929793  5.93722518  4.75333456  3.42099426  4.06883838  2.85968521
[199]  4.53459601  1.67074145  1.51195360  5.89994691  5.56774157  2.62370587
[205]  2.12038044  0.11561384  5.42871575  1.11382955  4.59599236  4.39428968
[211]  3.18018061  2.38947143  0.76750744  6.50093767  5.28882137  5.07060908
[217]  3.39285620  0.11429239  5.95170611  6.39228916  6.12013129  6.11226057
[223]  5.79084554  5.60974847  0.72740024  0.80110395  0.53969213  2.95002008
[229]  1.79661405  3.91470061  7.16923927  3.80774157  2.98647098  4.26153469
[235]  1.68050473  0.56750838  1.26779493  5.81007560  5.09547057  0.66559358
[241]  4.43259658  4.13269388  1.52541092  0.84782211  0.72369678  5.16891159
[247]  3.76519304  0.51018722  0.19083870  1.31206955  2.62164641  2.42198001
[253]  2.28564394  3.90417093  2.41050381  5.56241279  5.19014587  5.11503580
[259]  3.83818835  0.58577583  3.83726891  2.91118369  3.12522646  1.46043035
[265]  0.79647049  1.33334178  0.72637299  5.89031865  4.64646185  3.29048020
[271]  3.31858315  1.70938530  3.30956759  4.79589119  4.45446445  3.47484126
[277]  5.45796950  3.45426937  2.14159208  5.62563433  4.76651499  4.29993203
[283]  3.59740347  3.59375712  2.60759053  0.71297906  3.57933064  4.72981451
[289]  4.75158125  3.61512425  2.96007239  0.93006569  0.37231315  1.12297161
[295]  1.74342311  3.40755435  3.35204606  2.46400504  3.70177817  1.03683404
[301]  1.00667559  3.55515617  0.10847068  0.23281765  0.59175308  0.51434578
[307]  0.09370747  5.24205961  1.48171399  0.37457072  3.59379140  2.55186161
[313]  4.63875922  1.02106004  0.84389334  3.49046149  3.47276525  2.02203899
[319]  0.91788525  0.07277249  3.94934165  0.29559789  4.51721356  1.16603091
[325]  3.47447234  1.69801045  2.89979669  2.88083631  1.54784021  0.64875162

$PAR
  [1]  NA   1   2   2   2   3   4   6   6   6   7   7   7   8   9   9   9   9
 [19]  10  13  14  14  14  14  14  14  16  16  16  16  17  17  19  19  19  19
 [37]  20  20  20  21  23  24  26  28  29  32  33  33  33  34  35  36  36  38
 [55]  38  38  39  41  41  41  42  42  44  44  45  47  47  47  48  48  49  50
 [73]  50  51  51  52  53  57  58  60  62  67  68  68  70  71  75  75  75  75
 [91]  75  75  75  75  77  77  77  77  77  77  78  80  83  83  83  85  85  86
[109]  87  88  88  88  91  91  91  93  93  94  96  96  97  97  98  99  99 100
[127] 101 101 102 102 103 104 104 104 105 105 106 107 109 109 109 109 109 109
[145] 109 109 109 113 114 114 116 116 117 117 119 119 120 120 121 122 122 123
[163] 124 127 127 127 127 127 127 130 132 132 132 132 132 132 132 132 133 133
[181] 135 138 141 144 144 145 145 145 146 146 146 146 146 147 147 147 149 149
[199] 152 152 155 157 157 157 160 162 163 163 167 168 169 169 169 171 171 171
[217] 171 171 172 173 173 173 173 174 176 177 177 179 179 180 183 183 184 185
[235] 185 186 188 190 190 190 191 192 192 193 193 194 194 196 197 198 199 199
[253] 199 202 202 203 203 203 203 205 207 207 209 209 209 211 212 214 215 215
[271] 216 216 217 220 220 220 221 221 221 222 223 224 224 224 224 228 234 238
[289] 239 242 246 246 247 250 251 254 254 254 258 258 258 261 261 262 263 263
[307] 267 268 268 274 275 275 280 281 282 289 289 289 291 305 308 310 313 313
[325] 316 317 321 321 327 329

$EXTANT
  [1] FALSE FALSE FALSE FALSE FALSE FALSE FALSE FALSE FALSE FALSE FALSE FALSE
 [13] FALSE FALSE FALSE FALSE FALSE FALSE FALSE FALSE FALSE FALSE FALSE FALSE
 [25] FALSE FALSE FALSE FALSE FALSE FALSE FALSE FALSE FALSE FALSE FALSE FALSE
 [37] FALSE FALSE FALSE FALSE FALSE FALSE FALSE FALSE FALSE FALSE FALSE FALSE
 [49] FALSE FALSE FALSE FALSE FALSE FALSE FALSE FALSE FALSE FALSE FALSE FALSE
 [61] FALSE FALSE FALSE FALSE FALSE FALSE FALSE FALSE FALSE FALSE FALSE FALSE
 [73] FALSE FALSE  TRUE FALSE  TRUE FALSE FALSE FALSE FALSE FALSE  TRUE FALSE
 [85] FALSE FALSE FALSE  TRUE FALSE FALSE  TRUE FALSE FALSE  TRUE FALSE  TRUE
 [97] FALSE  TRUE FALSE  TRUE FALSE FALSE FALSE FALSE  TRUE FALSE FALSE FALSE
[109] FALSE FALSE FALSE FALSE  TRUE  TRUE  TRUE  TRUE  TRUE  TRUE  TRUE FALSE
[121]  TRUE  TRUE FALSE FALSE  TRUE  TRUE  TRUE FALSE FALSE FALSE FALSE  TRUE
[133]  TRUE FALSE  TRUE  TRUE FALSE FALSE FALSE FALSE FALSE FALSE FALSE FALSE
[145] FALSE  TRUE FALSE  TRUE  TRUE FALSE FALSE FALSE  TRUE  TRUE  TRUE  TRUE
[157]  TRUE FALSE  TRUE  TRUE  TRUE  TRUE  TRUE FALSE FALSE FALSE FALSE FALSE
[169]  TRUE FALSE  TRUE FALSE FALSE FALSE FALSE  TRUE  TRUE  TRUE FALSE FALSE
[181]  TRUE FALSE FALSE FALSE  TRUE  TRUE FALSE  TRUE FALSE FALSE  TRUE  TRUE
[193]  TRUE  TRUE  TRUE  TRUE  TRUE  TRUE FALSE FALSE  TRUE  TRUE FALSE FALSE
[205]  TRUE  TRUE  TRUE FALSE FALSE FALSE FALSE  TRUE FALSE FALSE  TRUE  TRUE
[217]  TRUE  TRUE FALSE FALSE  TRUE FALSE FALSE  TRUE  TRUE  TRUE  TRUE  TRUE
[229]  TRUE  TRUE FALSE FALSE FALSE FALSE  TRUE  TRUE  TRUE FALSE  TRUE  TRUE
[241]  TRUE  TRUE  TRUE  TRUE FALSE  TRUE  TRUE  TRUE  TRUE  TRUE  TRUE  TRUE
[253]  TRUE FALSE  TRUE  TRUE FALSE  TRUE FALSE  TRUE  TRUE  TRUE  TRUE  TRUE
[265]  TRUE  TRUE  TRUE  TRUE FALSE FALSE FALSE FALSE  TRUE  TRUE FALSE  TRUE
[277] FALSE  TRUE  TRUE  TRUE  TRUE  TRUE  TRUE  TRUE FALSE  TRUE FALSE FALSE
[289]  TRUE  TRUE  TRUE  TRUE  TRUE  TRUE FALSE FALSE  TRUE  TRUE FALSE  TRUE
[301]  TRUE  TRUE FALSE FALSE  TRUE  TRUE  TRUE  TRUE  TRUE  TRUE FALSE FALSE
[313]  TRUE  TRUE  TRUE  TRUE  TRUE  TRUE  TRUE  TRUE FALSE  TRUE FALSE  TRUE
[325] FALSE  TRUE  TRUE  TRUE  TRUE  TRUE

