
Birth-death simulation object with 252 species and 111 extant species

Details for some species:

Extinction times (NA means extant)
[1] 43.41201 43.98924 38.64763 34.64901 28.01093 17.97694


Speciation times 
[1] 49.26651 45.14934 43.43208 42.96008 41.88888 35.30109


Species parents (NA for initial)
[1] NA  1  1  3  4  4


Species status (extinct or extant)
[1] "extinct" "extinct" "extinct" "extinct" "extinct" "extinct"


For more details on vector y, try sim$y, with y one of
TE TS PAR EXTANT



$TE
  [1] 43.41200836 43.98923760 38.64763177 34.64901365 28.01093412 17.97693697
  [7] 37.96997752 15.19313467 23.85679259 19.63093633 17.09148916 25.63822183
 [13] 25.01299571 33.78304556 18.92407211 29.46761011 18.35538009 14.80955627
 [19] 14.81370779 15.24536366 13.71764843 12.07739085  6.29728715  3.03097692
 [25] 17.09182925 15.08540046 16.24471018 21.88540255 19.38442113 14.73025364
 [31] 24.51783207 16.01477852 18.41083034 12.08386789 14.97656178 15.19882802
 [37] 13.83669923 16.49158274 15.06557322 10.60485225 12.10606390 11.64424157
 [43] 19.85808402 15.79655807          NA  3.34143200 13.24162830 24.99723170
 [49] 15.09141110 19.38639249  7.67489834 15.33740383 11.82035125  8.81363319
 [55] 12.83799942  8.50576265          NA  3.42146813          NA 12.82644968
 [61]  0.24508834 13.49690689 13.11937255 10.62799794 11.34717343  0.39824087
 [67] 13.39404665 12.36994261 10.48873617          NA          NA  4.40442518
 [73]          NA  6.93805496          NA          NA          NA  6.58254496
 [79]  2.93778496          NA          NA  4.28498106  2.88025297          NA
 [85]  6.47420956          NA          NA  6.27650204  4.28011943  2.34327697
 [91]          NA  0.23462491          NA          NA          NA          NA
 [97]          NA 13.64789613 11.87996848          NA          NA          NA
[103]          NA 14.45835465  9.75551788 10.23988109          NA          NA
[109]  4.79386702  3.79918193  0.20216098          NA  0.17673577          NA
[115]          NA  3.07351738  6.53885581  1.22969405  0.05032216          NA
[121]  3.81989258          NA          NA  3.51882287          NA  4.83606176
[127]          NA          NA  0.65147231          NA          NA          NA
[133]  1.64357868  2.67725649          NA  1.51425406  0.08502749          NA
[139]          NA          NA          NA          NA          NA  5.50253966
[145]  0.02749973          NA          NA          NA          NA          NA
[151]  2.14039673          NA          NA  8.71307291          NA          NA
[157]  6.68716396          NA  5.61974353          NA          NA          NA
[163]  2.82102747  0.73351395          NA          NA          NA  1.94332676
[169]          NA          NA          NA          NA          NA          NA
[175]  2.84842013          NA          NA          NA          NA          NA
[181]  4.06055602  1.40675961          NA          NA  3.71065103  2.27104464
[187]  4.58359282  6.50801317  0.13108433          NA  0.69173424          NA
[193]  6.13178285  4.35885205  0.03045093  3.13584212          NA          NA
[199]          NA  1.51277850  0.30212053          NA          NA  4.97754124
[205]  0.11245020          NA  3.09600502          NA          NA  0.35048210
[211]          NA          NA  0.90101173  7.31940929  7.64580451          NA
[217]  3.78814016  0.50010562          NA          NA          NA          NA
[223]  2.63970294          NA          NA          NA          NA  5.96804907
[229]          NA          NA  0.25188558  1.24570568  1.90564680          NA
[235]          NA          NA          NA          NA          NA          NA
[241]  0.45109732  0.45460123          NA          NA  2.22812966  1.05902424
[247]          NA          NA          NA          NA  0.21779750          NA

$TS
  [1] 49.26651148 45.14934021 43.43207568 42.96008282 41.88888035 35.30109004
  [7] 39.72426211 37.67165161 31.86331896 30.30205274 27.79877635 27.09386168
 [13] 26.97584050 34.02860826 30.12695836 29.52921523 19.46820511 19.46121285
 [19] 19.28539505 18.74806180 18.13325541 17.27218142 16.91904771 24.28532154
 [25] 22.34159405 20.41079636 27.31552564 26.95585138 26.54986238 18.67697318
 [31] 26.26812744 22.33288836 21.35684223 18.87487826 15.70920749 17.45398833
 [37] 17.17633602 16.52500394 16.33764678 13.70152073 12.28914733 16.47869340
 [43] 21.86373712 16.88545755 12.68383943  5.66094575 17.29661212 25.82398319
 [49] 23.44987694 22.66015935 22.65567270 17.23042065 12.80872901 12.54672616
 [55] 17.31987626 13.15318376  5.63239498  3.75739536 17.14998363 14.49235261
 [61] 16.65379176 17.04739766 16.10546643 13.50588235 11.92968495  9.81892617
 [67] 16.08561288 14.59291508 12.10947858  9.02836471  5.32280758  4.82382621
 [73]  3.97352169 16.56290810  4.77671633  3.36426034  1.42173600 15.74150403
 [79] 10.13278020  3.70536080  1.18234746 11.45307107  9.11093009  6.92714323
 [85]  9.01175143  7.85784475  7.80360276  6.89071903  4.56100914  4.14088609
 [91]  3.79745460  3.25388703  1.69450182  1.08657392  4.03491790  2.04645095
 [97]  0.80997007 14.38697733 12.14823730  8.11135764  3.81573332  1.00963275
[103]  1.86710159 15.47863851 13.05102147 10.53507259  9.87383744  9.34540105
[109]  7.69939961  7.23754549  5.82301973  3.05545599  3.32891134  2.22947894
[115]  0.45269999 10.67523259  6.68295841  6.36995090  4.96079444  8.64757535
[121]  4.48600811  6.18866184  3.25969057  6.46608346  6.27815003  4.97764657
[127]  3.96052805  1.19753797  2.56614284  3.04494991  2.11562839  0.07774406
[133]  2.27637078  6.29469006  5.64948255  4.25432085  3.23085212  3.57026903
[139]  2.54980696  2.10678739  0.97422668  8.91879849  8.03962626  7.44560562
[145]  6.30444102  6.29800435  2.83949229  0.29508006  2.24251299  7.53895970
[151]  5.79056092  2.18957609  1.83768806 10.04348305  6.74005869  0.27842693
[157]  6.94672519  5.42971468  6.01358278  4.04277013  2.81117641  3.13036167
[163]  4.40476069  6.04281666  1.52532123  0.75634304  4.21279968  3.83790927
[169]  3.34634299  2.71276545  0.32767030  0.34095831  0.86157452  8.35425584
[175]  3.15609455  0.01709377  6.53109885  5.53397377  5.31986507  7.12530407
[181]  5.05605070  5.96413535  1.86175023  7.19583181  7.16362061  5.55079720
[187]  5.49828243  8.96581357  5.88314450  4.51665881  1.67736873  0.06126111
[193]  6.74146035  4.92507825  4.62798646  3.82230910  1.06507182  0.16715940
[199]  2.50524028  2.38419519  5.76776427  1.90710316  2.71685509  6.19876078
[205]  6.50064354  3.03125882  3.99289633  3.94829815  0.57713906  2.66937119
[211]  5.39326831  3.49383061  2.50148007  8.22134830  7.74962832  7.29255333
[217]  4.97253392  3.09203819  2.55418599  0.95181174  0.48335434  3.77754106
[223]  3.73774484  3.85309336  4.97302165  4.37435083  2.97687941  6.20293547
[229]  5.66551981  5.57665357  1.23101295  4.61033060  2.65584237  2.22841584
[235]  3.05797721  1.42984706  4.80157580  2.39963556  2.02627905  2.46665028
[241]  0.95313420  3.81634940  2.01845321  2.62115820  2.59688081  1.53961037
[247]  0.58781693  0.57277169  2.38798158  2.37049001  1.14201411  0.49902917

$PAR
  [1]  NA   1   1   3   4   4   5   5   6   6   6   6   6   8   8   8   8   8
 [19]   8   8   8   8   8  10  10  10  11  11  11  11  13  15  15  18  18  20
 [37]  20  20  21  22  22  23  24  24  24  24  25  27  27  27  27  27  34  34
 [55]  36  40  45  45  47  47  49  51  51  51  51  51  52  55  56  56  57  57
 [73]  57  59  59  59  59  61  61  61  61  65  66  66  70  70  70  70  70  70
 [91]  70  70  70  70  71  71  73  74  74  74  75  75  76  78  78  78  78  79
[109]  79  79  79  79  80  80  80  82  82  82  82  83  83  84  84  87  87  87
[127]  87  87  90  91  91  91  95 100 100 100 100 101 101 101 101 107 107 107
[145] 107 107 107 107 108 109 109 114 114 116 116 119 120 120 122 122 122 123
[163] 124 125 125 128 134 135 135 135 137 139 141 142 142 142 143 143 143 144
[181] 145 146 149 150 150 150 150 154 155 155 155 156 157 158 158 160 160 161
[199] 162 162 164 167 168 174 177 177 178 178 178 180 184 184 186 188 188 188
[217] 189 189 190 195 195 196 196 207 211 211 212 216 216 216 216 217 218 218
[235] 222 222 225 227 229 230 230 232 232 235 235 235 237 237 240 242 249 249

$EXTANT
  [1] FALSE FALSE FALSE FALSE FALSE FALSE FALSE FALSE FALSE FALSE FALSE FALSE
 [13] FALSE FALSE FALSE FALSE FALSE FALSE FALSE FALSE FALSE FALSE FALSE FALSE
 [25] FALSE FALSE FALSE FALSE FALSE FALSE FALSE FALSE FALSE FALSE FALSE FALSE
 [37] FALSE FALSE FALSE FALSE FALSE FALSE FALSE FALSE  TRUE FALSE FALSE FALSE
 [49] FALSE FALSE FALSE FALSE FALSE FALSE FALSE FALSE  TRUE FALSE  TRUE FALSE
 [61] FALSE FALSE FALSE FALSE FALSE FALSE FALSE FALSE FALSE  TRUE  TRUE FALSE
 [73]  TRUE FALSE  TRUE  TRUE  TRUE FALSE FALSE  TRUE  TRUE FALSE FALSE  TRUE
 [85] FALSE  TRUE  TRUE FALSE FALSE FALSE  TRUE FALSE  TRUE  TRUE  TRUE  TRUE
 [97]  TRUE FALSE FALSE  TRUE  TRUE  TRUE  TRUE FALSE FALSE FALSE  TRUE  TRUE
[109] FALSE FALSE FALSE  TRUE FALSE  TRUE  TRUE FALSE FALSE FALSE FALSE  TRUE
[121] FALSE  TRUE  TRUE FALSE  TRUE FALSE  TRUE  TRUE FALSE  TRUE  TRUE  TRUE
[133] FALSE FALSE  TRUE FALSE FALSE  TRUE  TRUE  TRUE  TRUE  TRUE  TRUE FALSE
[145] FALSE  TRUE  TRUE  TRUE  TRUE  TRUE FALSE  TRUE  TRUE FALSE  TRUE  TRUE
[157] FALSE  TRUE FALSE  TRUE  TRUE  TRUE FALSE FALSE  TRUE  TRUE  TRUE FALSE
[169]  TRUE  TRUE  TRUE  TRUE  TRUE  TRUE FALSE  TRUE  TRUE  TRUE  TRUE  TRUE
[181] FALSE FALSE  TRUE  TRUE FALSE FALSE FALSE FALSE FALSE  TRUE FALSE  TRUE
[193] FALSE FALSE FALSE FALSE  TRUE  TRUE  TRUE FALSE FALSE  TRUE  TRUE FALSE
[205] FALSE  TRUE FALSE  TRUE  TRUE FALSE  TRUE  TRUE FALSE FALSE FALSE  TRUE
[217] FALSE FALSE  TRUE  TRUE  TRUE  TRUE FALSE  TRUE  TRUE  TRUE  TRUE FALSE
[229]  TRUE  TRUE FALSE FALSE FALSE  TRUE  TRUE  TRUE  TRUE  TRUE  TRUE  TRUE
[241] FALSE FALSE  TRUE  TRUE FALSE FALSE  TRUE  TRUE  TRUE  TRUE FALSE  TRUE

