
Birth-death simulation object with 181 species and 26 extant species

Details for some species:

Extinction times (NA means extant)
[1] 43.99535 32.15299 46.84976 30.91561 37.56294 35.52375


Speciation times 
[1] 49.26651 49.00740 47.70303 45.57576 43.92274 43.56707


Species parents (NA for initial)
[1] NA  1  2  2  2  2


Species status (extinct or extant)
[1] "extinct" "extinct" "extinct" "extinct" "extinct" "extinct"


For more details on vector y, try sim$y, with y one of
TE TS PAR EXTANT



$TE
  [1] 43.99535497 32.15299112 46.84976249 30.91560616 37.56293613 35.52374762
  [7] 29.56591583 37.58054607 36.71487451 24.70814810 33.17502255 36.43375452
 [13] 35.02194695 37.49757421 35.04226303 36.95442662 33.62544140 29.92823929
 [19] 32.76259338 28.04293713 40.11454150 30.82473734 13.62837107 33.69872120
 [25] 25.52367486 37.45803733  7.01481772 29.25583029 33.91870453 34.85174409
 [31] 29.98378976 17.63023990 27.35655364 29.69679141 30.39608444 12.77729174
 [37] 31.28795967 32.23988760 28.26169883 29.06588622 32.14846502 25.12930035
 [43] 20.85366660 31.72405200 25.90572607 27.98555549  3.35748023  7.69575667
 [49]          NA 32.06084694 24.77543931 22.70403621 14.59925712 27.49606620
 [55] 25.39733220 13.40956096 29.02262009 23.94434803 21.80512128 29.88047562
 [61] 24.26754612 15.30466142 16.22074117          NA 19.13746408 13.54188004
 [67] 21.88107519 14.72621469 17.68556834 14.03720346 11.90067935 18.87028703
 [73] 15.01079586 27.48729997 24.11610046 26.77792737 29.45614174 22.50271355
 [79] 11.89292450 20.96632260 14.33395504 23.34817400 14.99903769 17.52831627
 [85] 12.26755764 12.36293449 27.47791432 21.72263680          NA 22.88620956
 [91] 26.06749064 20.81731300 15.23587603 13.33849682  3.10945342 16.03428828
 [97] 13.43511710 14.36468065 14.06080552 17.86357206 19.21457201 19.13647855
[103]  0.51180277  3.55933437 22.44839422 14.08345041 13.35115751          NA
[109]          NA  4.05125049  3.55651818  6.21484000          NA  3.65553779
[115] 18.01207587 13.74572060 15.57001035 22.51507186          NA  1.23537318
[121]          NA 15.36571677 21.85008782 20.35670219 16.07148194 15.12028585
[127] 13.65673865 12.82828247  7.54107945  6.70176722          NA  4.61109057
[133]  6.02179843  0.10219754  5.72689995  3.06234415          NA          NA
[139] 13.74704752 11.76881109 14.74669977 12.29423067  3.03588224  0.45075031
[145]  4.40968136          NA 22.51902274 13.75275572 12.93021449  9.24783223
[151] 14.31077213 13.69707796 12.79918923  7.97316943          NA          NA
[157] 15.09399953 16.90401193  8.74760934  0.07715378          NA          NA
[163]          NA  1.42753088 10.77324723  8.60817738 13.33668019  1.51810780
[169]          NA          NA  4.08508685  5.08699722          NA          NA
[175]          NA          NA          NA          NA  4.11566552          NA
[181]  4.40826370

$TS
  [1] 49.2665115 49.0074042 47.7030330 45.5757595 43.9227414 43.5670716
  [7] 43.2413052 41.7204874 43.2935547 41.0690929 37.6619711 36.7609513
 [13] 39.1151798 37.8868678 36.3086196 41.3707170 39.8556738 39.3965745
 [19] 36.5883893 29.6659443 40.2519736 38.8104884 39.0348386 33.8412998
 [25] 26.7209681 37.6574606 38.3660577 33.6686723 38.8130561 38.5989275
 [31] 36.9075499 35.9249341 33.7570544 30.8092226 38.1033500 36.8344014
 [37] 31.5835081 32.8464448 32.5657829 32.5379226 32.2693765 26.1962516
 [43] 36.2751984 34.6776610 33.7031156 28.6812887  8.3516445  8.1886244
 [49]  7.7927892 35.5992463 29.3966495 25.1340273 19.4661345 37.8307098
 [55] 30.7855214 18.7016930 30.5718566 30.3766198 31.2898824 32.3755998
 [61] 31.4786506 31.1280451 28.3383302  1.1353638 25.5066458 16.7687778
 [67] 30.2047794 28.6132436 25.3637858 24.8900664 24.7077044 24.4757071
 [73] 28.3344199 31.2316097 27.8792962 30.2817847 30.0607251 25.1160546
 [79] 19.4010554 23.0112221 24.8641193 24.0610943 18.4059673 19.4181715
 [85] 17.5246747 16.8928807 27.7340459 25.2378925 15.6371054 28.9805998
 [91] 27.9452827 23.7240545 19.1757729 13.4856693 12.1461754 21.3960798
 [97] 19.4042300 17.3149452 15.4712968 23.5770482 23.4182447 22.0624292
[103]  8.0070662  6.6874903 26.0887498 20.8666244 17.7556428  9.3807096
[109]  8.5887876  7.1989969  6.8158769  6.2801151  5.0710426  3.6626180
[115] 18.2698240 18.1928619 15.5771442 22.7064113 21.6736780  7.4823125
[121]  0.5241712 25.7806283 24.6555359 23.9777762 18.1171118 15.2288780
[127] 17.3149217 16.0325560  7.7656823  7.1980139  1.4074128  8.4894009
[133]  8.4818071  6.6086310  7.0277826  5.3936950  3.8042697  1.7218713
[139] 15.5068760 19.0852701 17.4681187 12.4422389 11.0336140  7.4402656
[145]  5.3836790  1.3870119 22.5861027 16.5867641 14.8543354 15.7183581
[151] 15.5991268 15.4713578 14.0952807  8.3863968  5.1757554  4.8144553
[157] 17.3122020 17.1424741 12.3572811  9.7921556  6.4866875  7.1718749
[163]  1.4964177  5.1305164 12.7942114 12.3099923 13.8117348  3.8328584
[169]  3.0823360  8.8455579  6.3023526  6.2886585  5.7497716  1.9559461
[175]  5.7640219  2.8306339  0.9690873  0.1918796  5.7676824  2.4269004
[181]  5.4985789

$PAR
  [1]  NA   1   2   2   2   2   2   2   4   4   4   4   5   5   6   7   7   7
 [19]   7   7   8   8  10  10  10  13  16  17  18  18  18  18  18  18  22  22
 [37]  22  23  23  23  23  23  27  27  27  27  27  27  27  31  32  32  32  35
 [55]  35  36  39  39  43  44  45  45  45  49  51  56  58  58  58  58  58  58
 [73]  59  60  61  62  62  62  62  65  67  68  68  70  70  70  73  73  73  76
 [91]  76  78  79  79  79  81  81  81  83  88  88  88  89  89  91  92  93  95
[109]  95  95  95  95  95  95  96  96  98 101 102 103 103 105 105 105 106 106
[127] 107 107 108 108 108 109 109 109 110 111 111 113 116 119 119 119 119 120
[145] 120 120 123 127 127 128 128 128 128 132 136 136 141 141 142 143 143 144
[163] 144 145 150 150 153 156 156 159 160 160 161 161 162 168 169 170 172 173
[181] 179

$EXTANT
  [1] FALSE FALSE FALSE FALSE FALSE FALSE FALSE FALSE FALSE FALSE FALSE FALSE
 [13] FALSE FALSE FALSE FALSE FALSE FALSE FALSE FALSE FALSE FALSE FALSE FALSE
 [25] FALSE FALSE FALSE FALSE FALSE FALSE FALSE FALSE FALSE FALSE FALSE FALSE
 [37] FALSE FALSE FALSE FALSE FALSE FALSE FALSE FALSE FALSE FALSE FALSE FALSE
 [49]  TRUE FALSE FALSE FALSE FALSE FALSE FALSE FALSE FALSE FALSE FALSE FALSE
 [61] FALSE FALSE FALSE  TRUE FALSE FALSE FALSE FALSE FALSE FALSE FALSE FALSE
 [73] FALSE FALSE FALSE FALSE FALSE FALSE FALSE FALSE FALSE FALSE FALSE FALSE
 [85] FALSE FALSE FALSE FALSE  TRUE FALSE FALSE FALSE FALSE FALSE FALSE FALSE
 [97] FALSE FALSE FALSE FALSE FALSE FALSE FALSE FALSE FALSE FALSE FALSE  TRUE
[109]  TRUE FALSE FALSE FALSE  TRUE FALSE FALSE FALSE FALSE FALSE  TRUE FALSE
[121]  TRUE FALSE FALSE FALSE FALSE FALSE FALSE FALSE FALSE FALSE  TRUE FALSE
[133] FALSE FALSE FALSE FALSE  TRUE  TRUE FALSE FALSE FALSE FALSE FALSE FALSE
[145] FALSE  TRUE FALSE FALSE FALSE FALSE FALSE FALSE FALSE FALSE  TRUE  TRUE
[157] FALSE FALSE FALSE FALSE  TRUE  TRUE  TRUE FALSE FALSE FALSE FALSE FALSE
[169]  TRUE  TRUE FALSE FALSE  TRUE  TRUE  TRUE  TRUE  TRUE  TRUE FALSE  TRUE
[181] FALSE

