
Birth-death simulation object with 150 species and 55 extant species

Details for some species:

Extinction times (NA means extant)
[1] 36.99247 37.10042 46.93224 44.41203 36.98297 30.78897


Speciation times 
[1] 49.26651 48.35043 47.41108 46.04466 39.55587 39.22751


Species parents (NA for initial)
[1] NA  1  2  2  2  2


Species status (extinct or extant)
[1] "extinct" "extinct" "extinct" "extinct" "extinct" "extinct"


For more details on vector y, try sim$y, with y one of
TE TS PAR EXTANT



$TE
  [1] 36.99247254 37.10041657 46.93224033 44.41202889 36.98296682 30.78896564
  [7] 35.46307264 31.77976142 30.32681363 15.57136677 30.81766038 12.96441416
 [13] 32.73272792 25.46086942 29.01633203 27.05144618 19.55634442 14.72208933
 [19] 13.24649635 15.06011098 19.39151250 17.05547874 16.67279350 15.93051548
 [25] 14.88558297 18.28230239 14.92874812 13.16254270 14.89321559 14.00394881
 [31] 13.56583119  6.96174938 14.16953834 15.59646733 14.88163061 24.49992637
 [37]  6.98936256 16.49227645 13.73862132 13.81323400 11.85566428          NA
 [43] 13.77079320  7.86400277 13.83859320 16.55851125 11.22339805 11.25013593
 [49]  4.07733000  6.61702877 16.11229773 14.66688605 12.61960127 13.94786755
 [55]          NA  0.29693574  5.80265358  2.70967052 10.88013138  3.11842182
 [61]          NA  0.97859304 12.16123170 14.96362986 14.78136579 14.41439749
 [67]          NA          NA 13.22167157 16.07884873  6.14038200  7.79193679
 [73]          NA  1.48484910  1.71540667          NA          NA          NA
 [79]          NA  2.32919815          NA          NA          NA  7.82072498
 [85]  0.81329771          NA 11.29262623 14.47009553 11.23991463 14.18896069
 [91]  0.18165300  1.15092225          NA  5.59526834          NA          NA
 [97]  1.69966942 13.98907770 14.36391750  3.72351749          NA          NA
[103]          NA          NA          NA          NA          NA  0.75546183
[109]          NA          NA          NA          NA          NA          NA
[115]          NA 11.04542369 10.99946416 13.35741544          NA          NA
[121]          NA          NA          NA 13.15112768          NA  4.00225386
[127]          NA  0.97755707          NA          NA          NA          NA
[133]          NA          NA  2.06580777          NA          NA          NA
[139]  1.30800052          NA          NA 13.97816821          NA  0.42291096
[145]  0.07236564          NA          NA          NA          NA          NA

$TS
  [1] 49.26651148 48.35042681 47.41107592 46.04465601 39.55587116 39.22750688
  [7] 39.11769289 34.59749097 34.27997755 33.95413283 33.62131869 33.55278004
 [13] 33.04830098 31.10412365 31.40686821 27.16623547 21.07279828 20.76726906
 [19] 17.53002857 27.85224077 20.64722677 20.05091034 19.53846099 16.82622484
 [25] 29.06032113 20.51032141 18.00564430 17.72358662 17.06273555 17.30191768
 [31] 13.99304379 18.35593141 19.45000894 18.66438211 16.72744006 28.56748602
 [37] 26.28580277 25.42943464 15.24775392 17.95290405 13.64550443 16.75091361
 [43] 14.21774084 12.40118283 17.51929971 21.14888021 11.53698406 11.51288796
 [49]  8.85334576  7.28649123 22.02224770 15.07334675 14.48388207 14.21119071
 [55] 10.68372205  8.89530244  7.80777216  6.94877705 10.97213804  9.30995013
 [61]  9.04726903  8.39222795 15.00981925 17.53465953 17.26895882 16.94043473
 [67]  8.05105076  6.88575706 21.60910363 18.90596436  9.21406133  8.90431046
 [73]  4.93722946  4.91417633  4.07245975  3.09234853  1.94816815  4.22626105
 [79]  0.91910057  6.79660080  6.25675450  6.69881073  4.54272812  8.85199259
 [85]  6.74066528  3.76982506 15.77147030 16.60728053 16.37307516 15.95200709
 [91]  3.77033917  3.46907306  2.38932251  6.60371944  4.80973258  3.03447291
 [97]  1.72089330 14.70552900 18.23973670  8.10530624  8.01970859  4.42985012
[103]  3.27526604  2.47397498  2.67205215  2.81317909  3.65784435  3.33484769
[109]  0.26256957  4.34009693  2.43869347  5.31165382  0.25874919  4.95856247
[115]  1.75083393 11.57752023 14.73934179 15.02604515  3.30823236  5.90455690
[121]  1.55440527  1.15995285  1.39860307 18.19293083  4.42321640  4.84640703
[127]  2.67926824  1.35332470  0.15888402  4.35542766  1.40213119  2.48658991
[133]  0.90258018  0.29056686  2.52646651  0.23978677  2.37111453  0.06620811
[139]  4.79021216  2.77931026  1.38495972 14.58876921  0.69440920  3.11419229
[145]  0.28503856  2.20570215  2.12864050  4.35252243  0.96602592  0.34446296

$PAR
  [1]  NA   1   2   2   2   2   6   6   8   8   9   9   9   9  10  10  10  10
 [19]  10  12  12  12  12  12  15  17  18  18  18  19  19  20  22  23  23  25
 [37]  25  25  25  27  28  30  32  32  34  37  37  37  37  37  38  39  40  42
 [55]  42  42  42  42  44  44  44  44  45  46  46  46  49  50  51  51  55  55
 [73]  55  55  55  55  55  56  56  57  57  58  60  61  62  62  65  66  66  66
 [91]  67  67  67  68  68  68  68  69  70  71  71  73  74  74  75  76  78  78
[109]  79  80  80  81  81  82  85  87  89  90  91  94  95  95  96  99 100 101
[127] 101 101 101 102 102 103 104 104 105 105 107 113 114 114 115 118 119 125
[145] 125 135 135 139 140 147

$EXTANT
  [1] FALSE FALSE FALSE FALSE FALSE FALSE FALSE FALSE FALSE FALSE FALSE FALSE
 [13] FALSE FALSE FALSE FALSE FALSE FALSE FALSE FALSE FALSE FALSE FALSE FALSE
 [25] FALSE FALSE FALSE FALSE FALSE FALSE FALSE FALSE FALSE FALSE FALSE FALSE
 [37] FALSE FALSE FALSE FALSE FALSE  TRUE FALSE FALSE FALSE FALSE FALSE FALSE
 [49] FALSE FALSE FALSE FALSE FALSE FALSE  TRUE FALSE FALSE FALSE FALSE FALSE
 [61]  TRUE FALSE FALSE FALSE FALSE FALSE  TRUE  TRUE FALSE FALSE FALSE FALSE
 [73]  TRUE FALSE FALSE  TRUE  TRUE  TRUE  TRUE FALSE  TRUE  TRUE  TRUE FALSE
 [85] FALSE  TRUE FALSE FALSE FALSE FALSE FALSE FALSE  TRUE FALSE  TRUE  TRUE
 [97] FALSE FALSE FALSE FALSE  TRUE  TRUE  TRUE  TRUE  TRUE  TRUE  TRUE FALSE
[109]  TRUE  TRUE  TRUE  TRUE  TRUE  TRUE  TRUE FALSE FALSE FALSE  TRUE  TRUE
[121]  TRUE  TRUE  TRUE FALSE  TRUE FALSE  TRUE FALSE  TRUE  TRUE  TRUE  TRUE
[133]  TRUE  TRUE FALSE  TRUE  TRUE  TRUE FALSE  TRUE  TRUE FALSE  TRUE FALSE
[145] FALSE  TRUE  TRUE  TRUE  TRUE  TRUE

