
Birth-death simulation object with 368 species and 140 extant species

Details for some species:

Extinction times (NA means extant)
[1] 36.66462 35.23216 30.93556 40.58477 33.08574 33.91329


Speciation times 
[1] 49.26651 47.24150 45.18651 43.38748 42.54827 38.30706


Species parents (NA for initial)
[1] NA  1  1  1  1  1


Species status (extinct or extant)
[1] "extinct" "extinct" "extinct" "extinct" "extinct" "extinct"


For more details on vector y, try sim$y, with y one of
TE TS PAR EXTANT



$TE
  [1] 3.666462e+01 3.523216e+01 3.093556e+01 4.058477e+01 3.308574e+01
  [6] 3.391329e+01 4.164480e+01 2.589081e+01 1.257349e+01 1.359106e+01
 [11] 2.880743e+01 3.686126e+01 3.710167e+01 3.267377e+01 2.956208e+01
 [16] 3.135315e+01 1.513007e+01 3.393056e+01 1.660479e+01 2.473046e+01
 [21] 1.818102e+01 2.478937e+01 2.333082e+01 1.530098e+01 1.478776e+01
 [26] 9.924611e+00 1.105799e+01           NA 1.340449e+01 2.346212e+01
 [31] 1.960513e+01 3.890448e+01 3.807107e+01 2.911254e+01 2.704096e+01
 [36] 1.805005e+01 1.781297e+01 1.398172e+01 2.480446e+01 8.885010e+00
 [41] 1.180667e+01 1.915154e+01 2.148365e+01 1.901870e+01 1.859738e+01
 [46]           NA 1.193635e+01 8.438791e-01 5.616269e+00           NA
 [51]           NA           NA           NA 6.888570e-01 1.482856e+01
 [56] 1.632770e+01 1.168859e+01 2.209775e+01 1.270102e+01 1.993246e+01
 [61] 3.290205e+01 2.079994e+01 2.595515e+01 3.257907e+01 3.168864e+01
 [66] 2.021335e+01 1.928252e+01 2.581882e+01 1.933012e+01 1.415634e+01
 [71] 1.319231e+01 1.821345e+01 1.424941e+01 1.400637e+01 1.681152e+01
 [76] 1.444864e+01 1.442197e+01 1.643466e+01 1.734122e+01 1.491950e+01
 [81] 2.206398e+00           NA 1.611721e+01 1.400898e+01 5.023464e+00
 [86] 1.887942e+01 2.342470e+01 1.513824e+01 1.841725e+01 1.530122e+01
 [91] 1.435006e+01 5.626802e+00           NA           NA 1.021245e+01
 [96]           NA 1.843652e+00           NA 3.331287e+00           NA
[101]           NA           NA 3.098350e-01 1.492069e+01 2.246879e+01
[106] 2.230417e+01 2.615335e+01 2.870768e+01 1.942927e+01 1.249826e+01
[111] 1.289169e+01 1.432861e+01 2.411833e+01 1.454440e+01 1.168106e+01
[116] 1.277297e+01 1.387404e+01 1.766486e+01 1.298981e+01 1.208939e+01
[121] 1.411720e+01 1.564777e+01           NA           NA 4.601669e+00
[126]           NA           NA           NA           NA           NA
[131]           NA 1.468074e+01           NA 2.060099e+01 1.647749e+01
[136] 1.471507e+01 1.653286e+01 1.888397e+01 1.177797e+01           NA
[141]           NA           NA 2.332311e+00           NA 3.077533e+00
[146]           NA 6.333636e+00           NA           NA           NA
[151] 2.749058e+00           NA 4.551489e+00 1.826339e+00           NA
[156]           NA 1.945440e+01 2.884582e+01 2.950791e+01 2.039306e+01
[161] 2.080277e+01 7.412374e+00 1.713407e+01 1.439431e+01 1.459935e+01
[166] 1.703089e+01           NA 1.887314e+01 1.560371e+01 6.617960e+00
[171] 3.232470e+00           NA 2.752485e+00 5.999418e+00           NA
[176]           NA           NA           NA           NA 1.931798e+00
[181]           NA 4.208722e+00 1.592072e+01 1.430115e+01 8.973360e+00
[186] 5.634524e-01           NA           NA           NA 2.532607e+00
[191]           NA           NA           NA 1.677210e+00           NA
[196] 1.544361e+00           NA           NA           NA 1.214578e-04
[201] 2.001846e+01 2.817775e+01 1.246782e+01 2.107880e+01 1.470476e+01
[206] 1.339206e+01 1.981606e+01 1.167036e+01           NA 1.536708e+01
[211] 1.213619e+01 1.398279e+01 1.328005e+01 1.410453e+01 1.241714e+00
[216] 1.502003e+00           NA           NA           NA           NA
[221]           NA 2.702011e+00 1.357454e+01 1.370956e+01 8.128960e+00
[226] 5.838516e+00           NA 3.669700e+00           NA           NA
[231]           NA           NA 5.839354e-01 1.491974e+01 9.665593e+00
[236] 9.054880e+00 1.813412e+01 1.740153e+01 1.378585e+01 1.204103e+01
[241]           NA 2.631885e+00 1.446562e+01 1.341192e+01 1.111265e+01
[246]           NA           NA           NA           NA 5.371317e+00
[251]           NA           NA 3.743543e+00           NA 1.019436e+00
[256] 2.839243e+00           NA 1.742362e-01 1.491646e+01           NA
[261] 1.322941e+01 9.872456e+00           NA           NA           NA
[266] 1.145006e+01           NA           NA           NA           NA
[271]           NA 3.056000e+00           NA           NA 4.613124e+00
[276]           NA           NA           NA           NA 1.244067e+01
[281] 1.544192e+01 1.260215e+01 3.779392e+00           NA 1.631527e-01
[286] 1.152237e+01 6.041872e+00 1.533782e+00 4.347817e+00           NA
[291]           NA           NA           NA           NA           NA
[296]           NA           NA 5.694048e+00           NA           NA
[301]           NA 1.278269e+01 1.408684e+01 1.414403e+01 3.843796e+00
[306] 7.335703e+00           NA           NA           NA           NA
[311]           NA           NA           NA           NA           NA
[316]           NA           NA           NA           NA 4.018304e+00
[321] 9.108991e+00 1.081814e+00           NA 5.146428e+00 5.604236e+00
[326]           NA 5.464695e+00           NA 2.954486e+00           NA
[331]           NA           NA           NA 6.367787e-01 1.151520e+00
[336]           NA           NA 3.057062e+00 6.834093e+00 9.975833e-01
[341]           NA 1.500227e+00           NA           NA           NA
[346]           NA 8.526265e+00 5.443557e+00 2.620134e+00           NA
[351] 2.906531e+00           NA           NA           NA           NA
[356]           NA           NA           NA           NA           NA
[361] 1.863616e+00 3.183423e-01 4.796291e+00           NA 1.883866e+00
[366]           NA           NA           NA

$TS
  [1] 49.26651148 47.24150076 45.18651086 43.38747679 42.54826724 38.30705866
  [7] 43.69654788 35.37110263 35.85106313 34.11507343 31.05597559 41.96209333
 [13] 41.18830637 38.48403639 35.31735631 33.42911000 29.94266829 35.28172549
 [19] 30.14885000 26.73166311 26.48612799 25.92164847 24.78724643 16.99351379
 [25] 16.17457055 12.87694694 12.67055967 12.62444894 33.60919039 25.99803711
 [31] 21.35652307 39.15019549 40.58089902 37.42749511 38.37545522 30.65794597
 [37] 26.92231665 30.10455117 25.74038152 24.08126847 22.96332838 25.95457091
 [43] 25.67241643 21.97851652 21.86487360 15.77908518 12.72194957 11.85666886
 [49] 11.44274179  7.90971031  5.38930967  2.41040800  2.04346742  1.93951996
 [55] 18.77970374 17.34822287 16.50322797 25.85092861 24.58027044 21.29551719
 [61] 35.80164195 30.32917171 29.17478125 35.41827824 31.85313216 26.32652506
 [67] 19.47500871 26.71735594 23.10040185 21.71899850 20.98436271 27.85325830
 [73] 25.81041782 18.78327068 18.16611857 17.90504445 21.64130790 21.55426274
 [79] 18.68242043 16.22466662 10.44212666  9.46206752 18.60588435 15.50272680
 [85] 13.82469671 25.09499960 23.73053881 22.53370576 19.65606882 19.62505129
 [91] 21.75299403  8.08532926  3.60034101  0.79762028 11.28527515  7.98627688
 [97]  8.82581338  8.54329188  8.29018583  5.78595569  5.12367380  1.36310918
[103]  1.49999202 17.08422866 22.92368909 33.92241879 32.90207834 29.52781279
[109] 19.52835554 14.34164460 14.32636503 14.75678166 24.78789892 22.30844542
[115] 19.14703171 18.89737443 23.64947497 19.98617009 15.45771313 17.49577142
[121] 15.77370053 20.18242456  9.61602352  8.83439686  7.97189005  7.92379887
[127]  4.72283283  3.58509397  3.48249154  3.11112994  1.80636705 18.10841273
[133]  5.15244288 21.03117650 18.51450391 18.46348185 16.69239086 20.89308216
[139] 20.56367116  7.29456083  6.74031964  5.83708241  3.00312399  1.82994035
[145]  6.16586337  2.14917449  6.66938130  6.66326461  5.52569449  5.41292573
[151]  4.31743720  6.90376736  5.66979653  3.66486648  3.53256176  0.28556718
[157] 32.08608625 31.02735408 30.79849218 25.18612085 26.29186315 12.78712716
[163] 19.02377834 21.45996027 14.99483184 18.93725260 13.07066231 19.96222685
[169] 17.73609428  7.48913091  6.54744425  0.52656188  7.19587827  7.69877178
[175]  5.43077247  1.22004581  3.44896215  1.63000831  2.82520451  2.05088993
[181]  0.36514472 16.17649576 17.02474281 14.32095353 12.25093584  5.95862015
[187]  1.02013856  0.50449709  0.07268972  5.39526016  3.20066756  1.79924673
[193]  4.87603579  2.35901320  0.99270685  1.88308320  3.37613487  3.03865012
[199]  0.93764918  2.74618292 31.00404724 29.91375842 25.04080539 24.85257255
[205] 21.36375049 21.01462353 21.59492410 11.77885676  7.43681729 19.57106701
[211] 17.56972651 18.65285321 16.95644552 16.22665647  6.81442578  4.46864477
[217]  3.70213144  0.48915374  6.19130728  3.02212430  6.85576226  4.02210012
[223] 15.06178060 13.99503852  9.27006150 10.01978739  5.63614057  5.17081908
[229]  1.49205112  1.19580659  0.74160916  0.54829790  0.87113943 23.67991539
[235] 14.96599253 14.13731908 21.75706802 21.71331792 18.16178544 13.54617923
[241]  3.00378713  2.76038392 16.17087065 15.79582818 14.29283455  2.93108665
[247]  2.68833713  2.46353286  0.45353370  5.69645884  0.64876972  6.55691071
[253]  6.16179829  4.02791168  7.43086010  7.41412069  4.86982100  3.62815657
[259] 18.10690448  9.73430955 19.15522163 13.95766417  1.65139476  0.41993746
[265] 15.02035824 12.75748980  2.61564240  0.03017541  5.28128755  3.72463882
[271]  3.23178027  5.19061276  3.92045338  2.98185730  7.11074423  5.69463994
[277]  4.04553924  3.93932822  5.98132513 18.88948124 18.35670495 17.00287128
[283] 16.57175287  0.06422189  0.39962706 12.29357974  7.17579711  5.75480525
[289]  5.20637465  0.71133901  0.31656676  2.48528450  0.87540816  2.66571257
[295]  2.43843973  3.35442628  0.52115794  6.21164365  5.62320084  1.34739703
[301]  3.46385648 15.60564381 15.18647990 15.52340053  8.11170331  7.47939066
[307] 11.73223187  6.88204828  1.55654250  1.38414728  2.44115373  1.91003536
[313]  1.90201614  1.49367459  1.87555118  0.66681014  2.48627670  0.14393398
[319]  0.54781548  4.40336182 10.86680736  9.94265047  8.14378946  7.42243652
[325]  7.05140523  3.31497853  6.74871250  4.99103958  3.04341902  1.01998705
[331]  0.12650733  0.02977896  1.08002311  1.10933916  1.64235755  1.29367447
[337]  0.79328329  9.79857866  7.10037330  1.58167958  1.22114479  4.62637191
[343]  6.95941592  5.68060255  1.32957136  0.73092180  9.11512773  6.69369668
[349]  6.39710188  6.20999634  5.59593640  0.59821009  0.43020906  3.53333914
[355]  0.65079157  6.11522458  1.72442910  5.39234659  3.44649605  3.41269672
[361]  3.43624926  1.21940044  5.25862065  3.90266744  2.00717094  2.42322851
[367]  0.99663251  0.56250319

$PAR
  [1]  NA   1   1   1   1   1   2   2   3   3   3   4   5   5   5   8   8   9
 [19]   9   9   9   9   9   9   9   9   9   9  10  10  10  12  13  13  14  15
 [37]  17  19  19  19  19  20  20  21  21  25  26  27  27  28  28  28  28  28
 [55]  29  29  29  30  30  31  34  34  34  35  35  36  36  37  37  37  37  38
 [73]  38  38  38  38  40  40  40  40  40  40  41  41  41  43  43  43  44  44
 [91]  45  46  46  46  48  48  49  49  49  50  51  52  54  56  58  61  61  62
[109]  69  70  70  71  72  72  72  72  73  73  73  76  77  78  81  82  82  82
[127]  82  82  82  82  82  83  85  88  88  88  90  91  91  92  92  92  93  93
[145]  96  97  98  98  98  98  98  99  99 100 100 102 106 106 106 106 107 110
[163] 114 117 117 118 120 122 122 124 124 124 125 126 126 126 127 127 128 128
[181] 128 132 135 139 139 140 140 140 140 141 141 141 145 148 148 149 152 152
[199] 152 155 158 158 160 160 160 160 161 162 162 164 164 166 169 169 170 171
[217] 171 172 173 173 174 175 182 182 182 185 186 186 191 192 195 197 200 203
[235] 203 203 204 204 205 206 209 209 210 212 213 215 217 217 218 219 219 221
[253] 221 221 226 226 227 227 234 236 237 239 241 241 243 245 247 248 253 254
[271] 254 255 255 255 256 256 257 257 260 261 261 261 261 263 264 265 265 265
[289] 265 265 267 269 270 271 271 273 274 275 276 278 279 280 280 281 283 283
[307] 286 287 288 292 294 294 294 294 295 295 299 299 300 305 307 307 307 307
[325] 307 307 308 308 308 308 308 308 310 311 315 317 317 322 322 322 322 323
[343] 325 325 328 330 338 338 338 338 338 341 341 343 346 348 350 351 351 351
[361] 354 354 358 358 358 359 362 362

$EXTANT
  [1] FALSE FALSE FALSE FALSE FALSE FALSE FALSE FALSE FALSE FALSE FALSE FALSE
 [13] FALSE FALSE FALSE FALSE FALSE FALSE FALSE FALSE FALSE FALSE FALSE FALSE
 [25] FALSE FALSE FALSE  TRUE FALSE FALSE FALSE FALSE FALSE FALSE FALSE FALSE
 [37] FALSE FALSE FALSE FALSE FALSE FALSE FALSE FALSE FALSE  TRUE FALSE FALSE
 [49] FALSE  TRUE  TRUE  TRUE  TRUE FALSE FALSE FALSE FALSE FALSE FALSE FALSE
 [61] FALSE FALSE FALSE FALSE FALSE FALSE FALSE FALSE FALSE FALSE FALSE FALSE
 [73] FALSE FALSE FALSE FALSE FALSE FALSE FALSE FALSE FALSE  TRUE FALSE FALSE
 [85] FALSE FALSE FALSE FALSE FALSE FALSE FALSE FALSE  TRUE  TRUE FALSE  TRUE
 [97] FALSE  TRUE FALSE  TRUE  TRUE  TRUE FALSE FALSE FALSE FALSE FALSE FALSE
[109] FALSE FALSE FALSE FALSE FALSE FALSE FALSE FALSE FALSE FALSE FALSE FALSE
[121] FALSE FALSE  TRUE  TRUE FALSE  TRUE  TRUE  TRUE  TRUE  TRUE  TRUE FALSE
[133]  TRUE FALSE FALSE FALSE FALSE FALSE FALSE  TRUE  TRUE  TRUE FALSE  TRUE
[145] FALSE  TRUE FALSE  TRUE  TRUE  TRUE FALSE  TRUE FALSE FALSE  TRUE  TRUE
[157] FALSE FALSE FALSE FALSE FALSE FALSE FALSE FALSE FALSE FALSE  TRUE FALSE
[169] FALSE FALSE FALSE  TRUE FALSE FALSE  TRUE  TRUE  TRUE  TRUE  TRUE FALSE
[181]  TRUE FALSE FALSE FALSE FALSE FALSE  TRUE  TRUE  TRUE FALSE  TRUE  TRUE
[193]  TRUE FALSE  TRUE FALSE  TRUE  TRUE  TRUE FALSE FALSE FALSE FALSE FALSE
[205] FALSE FALSE FALSE FALSE  TRUE FALSE FALSE FALSE FALSE FALSE FALSE FALSE
[217]  TRUE  TRUE  TRUE  TRUE  TRUE FALSE FALSE FALSE FALSE FALSE  TRUE FALSE
[229]  TRUE  TRUE  TRUE  TRUE FALSE FALSE FALSE FALSE FALSE FALSE FALSE FALSE
[241]  TRUE FALSE FALSE FALSE FALSE  TRUE  TRUE  TRUE  TRUE FALSE  TRUE  TRUE
[253] FALSE  TRUE FALSE FALSE  TRUE FALSE FALSE  TRUE FALSE FALSE  TRUE  TRUE
[265]  TRUE FALSE  TRUE  TRUE  TRUE  TRUE  TRUE FALSE  TRUE  TRUE FALSE  TRUE
[277]  TRUE  TRUE  TRUE FALSE FALSE FALSE FALSE  TRUE FALSE FALSE FALSE FALSE
[289] FALSE  TRUE  TRUE  TRUE  TRUE  TRUE  TRUE  TRUE  TRUE FALSE  TRUE  TRUE
[301]  TRUE FALSE FALSE FALSE FALSE FALSE  TRUE  TRUE  TRUE  TRUE  TRUE  TRUE
[313]  TRUE  TRUE  TRUE  TRUE  TRUE  TRUE  TRUE FALSE FALSE FALSE  TRUE FALSE
[325] FALSE  TRUE FALSE  TRUE FALSE  TRUE  TRUE  TRUE  TRUE FALSE FALSE  TRUE
[337]  TRUE FALSE FALSE FALSE  TRUE FALSE  TRUE  TRUE  TRUE  TRUE FALSE FALSE
[349] FALSE  TRUE FALSE  TRUE  TRUE  TRUE  TRUE  TRUE  TRUE  TRUE  TRUE  TRUE
[361] FALSE FALSE FALSE  TRUE FALSE  TRUE  TRUE  TRUE

