
Birth-death simulation object with 204 species and 63 extant species

Details for some species:

Extinction times (NA means extant)
[1] 40.25343 46.19551 45.44119 41.69384 15.81028 42.13833


Speciation times 
[1] 49.26651 48.44903 45.82109 45.14584 42.06196 44.96160


Species parents (NA for initial)
[1] NA  1  1  1  1  4


Species status (extinct or extant)
[1] "extinct" "extinct" "extinct" "extinct" "extinct" "extinct"


For more details on vector y, try sim$y, with y one of
TE TS PAR EXTANT



$TE
  [1] 40.253427887 46.195511927 45.441185638 41.693842255 15.810276323
  [6] 42.138325631 25.783663508 20.674558919 33.149384123 35.024601528
 [11] 33.162904231 25.558358151 17.953714280 15.330495942 17.651209054
 [16] 28.632761962 33.727779945 22.168972509 32.530256719 23.825384471
 [21] 15.006950838 14.364664972 33.971456938 30.122658069 19.733487881
 [26] 14.328382503 35.699288111 21.764049852 30.384121355 27.457909010
 [31] 36.961188816 32.312656968 27.275170859 29.382593954 15.118244691
 [36] 24.936748570 13.076830998 15.531031714 31.245899540 25.467777878
 [41] 12.962803370 13.492279137 15.930198058 38.191746435 36.242333737
 [46] 19.412615634           NA 13.821566192 31.765835889 23.581698448
 [51] 14.808832571 14.228822688 11.462618591 12.564802240 25.366091837
 [56] 18.505008546  8.810568862 16.206781568           NA 19.126939862
 [61] 11.451892704 15.347252661 16.512998167 11.833279851  2.812558955
 [66]           NA 18.117242426 28.989495777 13.857084772 20.384649335
 [71] 11.561785589 12.251468297 18.062141830 13.586192644 12.361228859
 [76] 13.017603077 13.652562638 14.797891815 13.713866408 12.658388252
 [81]           NA  3.513534621  6.523548511           NA           NA
 [86]  1.203078724           NA 13.675279542 15.487839413 14.533785263
 [91] 15.126517732 14.827183800 16.359412896           NA  0.065322867
 [96]           NA           NA 15.223040973 12.345224780 22.877329747
[101] 14.597236069 20.395478597 10.964100562  6.049365093 10.132621820
[106] 12.474114934           NA  5.856839462  3.691023945           NA
[111]           NA  3.396753422           NA           NA           NA
[116] 16.868549704 13.570334495 15.363432368  0.504044216           NA
[121] 22.229371776 14.225969354 14.423597154 13.017224246  4.995167086
[126]  6.992479526  4.381039802  3.202377498 11.935588882  2.195353594
[131]           NA           NA           NA  5.268059131  2.399254600
[136] 12.980596703           NA  2.060657404  3.913547257  6.564416549
[141]  5.954785399  0.009395695           NA           NA           NA
[146] 13.967620013           NA  5.366776833           NA           NA
[151]  9.857716366  0.209840244  3.598410438  6.806246052           NA
[156]  4.639250027           NA 13.891257368           NA           NA
[161]  0.146730564           NA  6.547802229           NA  0.016621911
[166]           NA  3.120499896           NA           NA  4.191964801
[171]           NA  3.379833783           NA           NA           NA
[176]           NA           NA           NA           NA           NA
[181]           NA           NA           NA           NA  3.330660838
[186]           NA           NA  3.495856856  5.643054266  2.444953574
[191]           NA           NA           NA           NA           NA
[196]  0.775697113           NA           NA           NA           NA
[201]           NA           NA  4.130940495           NA

$TS
  [1] 49.2665115 48.4490268 45.8210856 45.1458443 42.0619571 44.9616031
  [7] 40.3194842 36.7172898 35.5721205 35.4256323 34.9179626 32.0308515
 [13] 20.7820326 20.6269264 18.6640058 44.1268376 37.9473462 37.5491972
 [19] 32.8806197 26.5840311 28.7440072 35.1365234 33.9717111 31.0827399
 [25] 25.7288903 18.6964229 44.0821532 32.0477481 31.5233470 29.1020102
 [31] 37.4145666 36.6559127 31.0416470 30.0783633 22.8376382 26.3983469
 [37] 17.7336220 15.9363642 34.5387480 26.0269525 19.6691297 15.8055972
 [43] 23.8874510 38.2430924 36.6021748 36.3396675 31.0338035 24.4751833
 [49] 35.5260491 27.3448545 15.7209296 14.5499832 14.5579689 13.7719468
 [55] 28.5697124 22.4496654 20.2780272 20.2690454 20.2204949 24.0268935
 [61] 21.7893217 21.5594082 19.5454299 14.2380354  5.3155812  5.0443512
 [67] 18.1848103 34.5132110 26.3925784 24.6252816 12.9298584 12.9752658
 [73] 21.3137030 19.5955347 16.5265055 13.8765220 18.2699555 17.2360741
 [79] 14.8978292 12.8318329  9.5841605  8.8329030  8.4926949  8.2582109
 [85]  2.5994041  1.6671092  1.5809545 21.4825612 18.5102738 16.1495006
 [91] 15.9697502 17.7978687 17.2855685  4.3745262  3.0589118  2.3591151
 [97]  1.1516422 17.2652305 17.2070421 24.2801922 23.2056621 22.7535594
[103] 11.6841433 16.1404567 16.3699569 14.6209665  2.7763487  7.1118331
[109]  6.9246556  7.2880433  6.2269651  5.7800821  4.3374300  2.6870931
[115]  0.8064063 19.7519960 15.1952736 15.5600218  2.0132532 12.5166076
[121] 22.7706500 21.9000550 15.6681901 13.0966713 10.1482983  7.8645740
[127]  7.6339757  6.4562586 14.4399968  6.2704202  5.4231214  2.0144136
[133]  0.1408036  6.0262282  5.5738401 14.3011655  0.5582768 10.4938691
[139] 10.0700311  9.8253169  8.3601525  4.8096268  3.5767053  2.0061492
[145]  0.5313502 14.5277741  6.9902153  5.4366884  1.1773282  3.4880551
[151] 10.0569227  3.9299971  8.3815859  7.4586508  6.7958044  6.5313641
[157]  2.4791276 14.2904574  6.8147010  6.1359255  5.7168281  3.9851817
[163]  7.6698202  7.4091397  5.9428157  6.6621849  6.5200825  5.0467505
[169]  6.1229747  4.4538048  5.2795990  5.0342806  3.0130570  7.4028774
[175]  7.2519096  5.1973236  3.1610966  5.9177644  3.6891126  2.7822738
[181]  2.2839936  2.1599024  4.3008981  3.0413970  5.2349447  0.1206915
[187]  6.7557868  5.9382571  5.7372837  4.9405970  3.0501257  1.2069537
[193]  1.8341507  2.6617517  1.6131266  1.4319739  0.2894267  4.7589071
[199]  4.5345015  3.0356366  1.3152125  2.2112367  4.3323380  0.3843589

$PAR
  [1]  NA   1   1   1   1   4   5   5   5   5   5   5   5   5   5   6   7   7
 [19]   7   7   8   9   9  12  12  13  16  16  16  16  17  18  18  18  18  21
 [37]  21  21  22  22  22  22  25  27  27  27  28  28  32  33  37  37  42  42
 [55]  46  46  46  46  46  47  47  47  47  47  47  47  48  49  50  50  53  54
 [73]  56  56  57  57  59  59  59  59  59  59  59  59  59  59  59  62  62  62
 [91]  62  63  63  65  66  66  66  69  69  70  70  70  71  74  75  79  81  83
[109]  83  84  84  84  84  84  84  88  88  91  96  99 101 101 101 104 104 104
[127] 104 104 105 109 109 110 110 111 112 117 119 120 120 120 120 120 120 120
[145] 120 122 127 128 132 135 138 138 139 141 141 141 142 146 147 147 147 147
[163] 153 154 156 159 159 159 160 160 161 161 162 163 164 164 164 165 168 168
[181] 168 168 169 169 171 173 174 174 175 175 177 177 181 183 183 184 184 185
[199] 188 191 191 194 199 199

$EXTANT
  [1] FALSE FALSE FALSE FALSE FALSE FALSE FALSE FALSE FALSE FALSE FALSE FALSE
 [13] FALSE FALSE FALSE FALSE FALSE FALSE FALSE FALSE FALSE FALSE FALSE FALSE
 [25] FALSE FALSE FALSE FALSE FALSE FALSE FALSE FALSE FALSE FALSE FALSE FALSE
 [37] FALSE FALSE FALSE FALSE FALSE FALSE FALSE FALSE FALSE FALSE  TRUE FALSE
 [49] FALSE FALSE FALSE FALSE FALSE FALSE FALSE FALSE FALSE FALSE  TRUE FALSE
 [61] FALSE FALSE FALSE FALSE FALSE  TRUE FALSE FALSE FALSE FALSE FALSE FALSE
 [73] FALSE FALSE FALSE FALSE FALSE FALSE FALSE FALSE  TRUE FALSE FALSE  TRUE
 [85]  TRUE FALSE  TRUE FALSE FALSE FALSE FALSE FALSE FALSE  TRUE FALSE  TRUE
 [97]  TRUE FALSE FALSE FALSE FALSE FALSE FALSE FALSE FALSE FALSE  TRUE FALSE
[109] FALSE  TRUE  TRUE FALSE  TRUE  TRUE  TRUE FALSE FALSE FALSE FALSE  TRUE
[121] FALSE FALSE FALSE FALSE FALSE FALSE FALSE FALSE FALSE FALSE  TRUE  TRUE
[133]  TRUE FALSE FALSE FALSE  TRUE FALSE FALSE FALSE FALSE FALSE  TRUE  TRUE
[145]  TRUE FALSE  TRUE FALSE  TRUE  TRUE FALSE FALSE FALSE FALSE  TRUE FALSE
[157]  TRUE FALSE  TRUE  TRUE FALSE  TRUE FALSE  TRUE FALSE  TRUE FALSE  TRUE
[169]  TRUE FALSE  TRUE FALSE  TRUE  TRUE  TRUE  TRUE  TRUE  TRUE  TRUE  TRUE
[181]  TRUE  TRUE  TRUE  TRUE FALSE  TRUE  TRUE FALSE FALSE FALSE  TRUE  TRUE
[193]  TRUE  TRUE  TRUE FALSE  TRUE  TRUE  TRUE  TRUE  TRUE  TRUE FALSE  TRUE

