
Birth-death simulation object with 287 species and 48 extant species

Details for some species:

Extinction times (NA means extant)
[1] 42.61804 35.67202 40.37902 43.60390 39.43701 37.90038


Speciation times 
[1] 49.26651 47.71896 47.27832 44.01747 44.35095 43.01290


Species parents (NA for initial)
[1] NA  1  1  1  2  2


Species status (extinct or extant)
[1] "extinct" "extinct" "extinct" "extinct" "extinct" "extinct"


For more details on vector y, try sim$y, with y one of
TE TS PAR EXTANT



$TE
  [1] 42.6180350 35.6720236 40.3790228 43.6039017 39.4370082 37.9003777
  [7] 36.0215719 28.8450563 34.1317188 36.5089623 32.4149341 32.9233464
 [13] 10.8828316 37.0641164 34.5492093 33.7249784 21.2534046 24.0141645
 [19] 25.7153130 27.3982822 16.6265455 31.1598493 34.8489585 24.5782389
 [25] 15.8580448 20.3291543 26.9448098 30.7004338 30.1586485 23.6862960
 [31] 20.8965605         NA 22.4143740 26.6061482 33.1658187 20.3267271
 [37] 30.8948223 20.6058148 22.3900252 15.3665258 25.0332715 29.1315122
 [43] 26.1440267 24.6359896 27.4430882 26.9866703 19.1068469 17.2653726
 [49] 14.0459494         NA 30.0360099 27.8179625 12.8647101 14.0760964
 [55] 28.2980488 14.6377542 21.4810901 24.0789012 21.7863244 10.4357176
 [61] 27.8348236 22.9806774 23.5740971 20.7755252 12.1900894 14.3205434
 [67]  6.7551931 22.6787760 22.9105019 17.7369427 21.1286505 26.6691726
 [73] 19.4167093 14.7492443         NA         NA 15.2625155 24.3885642
 [79] 12.1509129 14.2046781 15.1981385 14.3074792 13.0524252 21.5370366
 [85] 19.7713038 23.6441254 18.6166626 22.9067728 19.6573772 12.0451562
 [91] 28.7965607 18.2117377 24.5925048 14.1061542  9.3096369 24.4120509
 [97] 24.4727272 21.5966565 15.6729899 12.1992069 14.3755393         NA
[103]  2.2306349 27.3943882 13.7017067 18.1270243 13.9799751 14.9902701
[109] 15.5628410 15.3594570 18.7871949 14.1502017 17.4818511 14.9284703
[115] 15.1918189  7.1396453 14.8251395 17.1093528 14.7581279 17.8651294
[121] 12.5161093 15.0858508 11.3210200  8.4126807 16.3485416 14.9578844
[127] 14.4351773 27.4064645         NA 13.6747292 17.5502586 22.0936492
[133] 12.5483239 13.6871783 14.4368966 18.9784291 16.2774185 16.2067854
[139] 14.8227455 10.9773617  9.3587164  4.3852804 13.4573628 13.5493728
[145] 17.4333486 19.5639194 13.0315740 21.5644123 14.8484874 14.4564995
[151] 12.2286043 19.7856326 15.2543300 11.8050096 12.6411280 13.8428363
[157] 15.2646470 12.8601423  3.6483340  9.1640611 11.9721570         NA
[163]  4.0498865         NA         NA 16.6892166 14.4901775 13.9087469
[169] 14.7354452 12.3248947 20.4925169 14.4294417  3.9607482  7.7065441
[175]  3.1418200  4.4066449 16.8283429 13.7989649 13.3798179 14.1777539
[181] 16.4153710         NA 22.9696962 13.7734610 14.2117914 12.9346872
[187] 14.3704731 14.9605157 13.9431605  1.3922379         NA  1.2143080
[193]  4.1434548  2.1998326 15.7923199 13.3368137 15.1224465 14.2412212
[199] 14.0097568 11.3217847  7.6835249  3.1994650  1.1649667 15.0325824
[205] 14.7334410 13.8090300 15.4474315         NA  8.9739379  0.7205325
[211] 11.1235469  6.7087769         NA         NA         NA         NA
[217] 14.8497870 17.4168194 12.9060637  4.8696171         NA  3.6972062
[223]         NA 14.8062884 16.5411231 14.0921318 15.2278860 15.1465244
[229]         NA  1.4985247         NA  1.4511126 13.8897972  3.6704861
[235]         NA 15.5838163 16.3872418 14.3545594 14.1640693 14.9121164
[241]         NA         NA  2.5396951  0.7901607         NA         NA
[247]         NA         NA 11.2105849  9.9590525  0.9194650  1.6650383
[253]         NA         NA 11.8031243 15.0039125 13.4041047 13.4023668
[259]  7.2014704         NA  2.5661105         NA         NA         NA
[265] 14.9246790 12.6068148         NA         NA         NA         NA
[271]  2.0017580         NA  1.2437570         NA         NA         NA
[277]         NA         NA         NA  4.8664435  5.2679548  0.1762193
[283]  0.7775107         NA         NA         NA         NA

$TS
  [1] 49.26651148 47.71896478 47.27831794 44.01746590 44.35094728 43.01289777
  [7] 36.18151684 43.60305953 39.48868731 42.11822523 38.44553602 35.90331984
 [13] 30.38644391 37.58088265 38.14384969 38.27369434 36.00417492 33.40023304
 [19] 28.75165780 28.18984900 23.00281559 36.61752633 35.13317424 34.44604652
 [25] 22.71579674 22.29308855 32.48356166 32.33185561 30.52184389 29.38201775
 [31] 29.18181385 16.72161617 34.31928331 34.29752567 34.08804274 32.70862971
 [37] 32.34287513 31.84604929 29.09235113 28.16296850 30.84740019 30.61397037
 [43] 28.45599897 27.41929250 29.37946728 28.57573235 26.08714444 23.75946955
 [49] 16.01661750  8.02147141 32.69277206 29.67026217 25.87276223 22.43748881
 [55] 32.13625275 30.68278940 28.40449554 29.38266420 24.27081553 22.99342402
 [61] 29.74405786 26.40109239 23.75318123 21.08074674 19.16691789 17.30515651
 [67] 16.14943053 27.21743426 24.73608528 29.03643687 27.83708399 27.06925171
 [73] 21.12066133 21.81958079  4.66106223  1.78456842 30.12617176 28.20179430
 [79] 15.70625588 21.28504185 16.91590696 26.22810293 25.45000987 23.53448536
 [85] 22.18158366 28.44617107 23.69666915 23.20739714 19.98176822 17.84433204
 [91] 29.45054615 28.43833989 24.92905466 15.23448506 12.20864065 25.16120318
 [97] 26.54780111 23.99200178 23.57457202 18.79850088 15.29329887  3.57879489
[103]  2.99428077 27.77790930 27.64372482 21.46157883 21.03753452 19.62252388
[109] 19.60051946 24.58768051 23.61301134 20.51221723 19.00258898 17.45012652
[115] 16.09425825 14.80455843 23.42580752 23.63524262 18.83697103 25.49466460
[121] 22.94211074 22.02587727 14.30407830 22.86498371 17.47493784 15.44983624
[127] 14.94221974 27.57627652 16.00541014 15.66771317 18.44104996 24.50968982
[133] 18.70163186 18.58616752 21.71864128 19.58423645 16.29996817 16.27677866
[139] 15.93509002 12.05475793 10.12533057 10.11741952 23.25260916 21.54532177
[145] 21.23700460 20.19824189 18.15890194 24.99422295 21.07228005 18.79412274
[151] 13.08405487 19.81357750 19.42555124 12.40346771 18.27884360 16.76853193
[157] 16.46008512 13.29591102  9.64478846  9.23524482 12.40586778 11.34714675
[163]  8.06580173  5.60149398  3.92861639 18.28091833 18.04945068 17.94829623
[169] 17.15957569 16.78264807 21.14749546 18.92880867 10.06138795 10.11721650
[175]  8.87312904  5.75217582 21.40962657 18.15970405 16.76797621 14.44065431
[181] 19.75170535 18.05510638 23.16031401 16.47933165 15.83344202 15.71340188
[187] 17.55076404 17.83701627 14.92957900  8.07319452  7.62227665  7.97706031
[193]  6.12717841  2.32463722 17.04387600 16.76804191 16.78056377 16.72605242
[199] 20.89959816 15.05900553  8.29670899  7.58327786  3.93721225 20.41326743
[205] 18.93643252 16.90112824 18.02439834 13.29414503 10.81541223  1.08331822
[211] 15.30635668 14.36961501  5.75480407  4.49948604  3.54927468  4.55170140
[217] 15.33036284 17.44417816 14.84667196  6.66109400  5.49698517  4.46416174
[223]  2.04329488 18.95585305 18.93080776 16.52516426 16.60543968 15.82135674
[229]  7.88948261  7.66064317  5.19893177  4.34998087 13.92569044  5.79802522
[235]  5.64862084 18.41930573 16.87858677 18.34378405 15.73429415 15.97071290
[241]  5.01914083  0.30288044  7.59740282  2.73962440  1.69598800  3.63503297
[247]  1.03111067  1.00861757 18.02487802 15.25848890  6.65331935  6.10629234
[253]  5.91608240  3.18909365 17.09166321 17.02680286 14.21501766 14.93445911
[259] 11.40359850 10.92449644  6.28858445  3.53278362  5.49802947  0.77052431
[265] 15.28741071 12.61532635  9.04832048  9.06693663  9.00999444  1.74119698
[271]  8.40655973  8.40351576  7.83022311  5.21454080  3.49114214  0.80232619
[277]  0.35813810  8.33487020  3.24105126  7.32453710  6.58175809  3.11290126
[283]  0.84851887  0.89646518  0.72198291  0.33426169  0.04510545

$PAR
  [1]  NA   1   1   1   2   2   2   3   5   8   8   8   8   9  10  11  11  12
 [19]  13  13  13  16  17  17  17  17  18  18  18  18  18  21  22  22  22  22
 [37]  24  24  24  24  27  27  27  27  30  31  31  31  32  32  33  33  33  33
 [55]  34  34  34  36  36  36  38  38  38  40  40  40  40  43  44  45  46  46
 [73]  47  48  50  50  51  52  53  54  54  56  57  57  57  58  59  59  60  60
 [91]  61  61  62  65  67  68  70  70  71  74  74  75  75  77  77  77  77  80
[109]  82  83  83  83  83  83  83  83  84  87  87  92  92  92  94  99  99 100
[127] 101 104 107 107 109 110 110 110 111 112 114 114 115 116 116 116 118 118
[145] 118 118 118 120 120 120 121 122 122 123 124 124 124 124 124 124 129 129
[163] 129 129 129 134 134 134 134 134 135 135 141 142 142 142 143 143 143 143
[181] 144 147 148 149 149 149 150 155 156 159 162 163 163 165 166 166 169 169
[199] 171 172 173 175 175 177 181 181 182 182 182 182 184 184 190 191 192 193
[217] 198 199 199 202 202 202 203 204 205 205 206 206 208 208 213 216 219 220
[235] 220 224 224 225 226 227 229 229 230 230 231 232 235 235 236 240 243 243
[253] 243 246 249 249 249 250 250 250 251 251 252 253 255 255 259 260 260 267
[271] 268 268 268 268 269 270 270 272 273 278 278 278 278 282 284 285 285

$EXTANT
  [1] FALSE FALSE FALSE FALSE FALSE FALSE FALSE FALSE FALSE FALSE FALSE FALSE
 [13] FALSE FALSE FALSE FALSE FALSE FALSE FALSE FALSE FALSE FALSE FALSE FALSE
 [25] FALSE FALSE FALSE FALSE FALSE FALSE FALSE  TRUE FALSE FALSE FALSE FALSE
 [37] FALSE FALSE FALSE FALSE FALSE FALSE FALSE FALSE FALSE FALSE FALSE FALSE
 [49] FALSE  TRUE FALSE FALSE FALSE FALSE FALSE FALSE FALSE FALSE FALSE FALSE
 [61] FALSE FALSE FALSE FALSE FALSE FALSE FALSE FALSE FALSE FALSE FALSE FALSE
 [73] FALSE FALSE  TRUE  TRUE FALSE FALSE FALSE FALSE FALSE FALSE FALSE FALSE
 [85] FALSE FALSE FALSE FALSE FALSE FALSE FALSE FALSE FALSE FALSE FALSE FALSE
 [97] FALSE FALSE FALSE FALSE FALSE  TRUE FALSE FALSE FALSE FALSE FALSE FALSE
[109] FALSE FALSE FALSE FALSE FALSE FALSE FALSE FALSE FALSE FALSE FALSE FALSE
[121] FALSE FALSE FALSE FALSE FALSE FALSE FALSE FALSE  TRUE FALSE FALSE FALSE
[133] FALSE FALSE FALSE FALSE FALSE FALSE FALSE FALSE FALSE FALSE FALSE FALSE
[145] FALSE FALSE FALSE FALSE FALSE FALSE FALSE FALSE FALSE FALSE FALSE FALSE
[157] FALSE FALSE FALSE FALSE FALSE  TRUE FALSE  TRUE  TRUE FALSE FALSE FALSE
[169] FALSE FALSE FALSE FALSE FALSE FALSE FALSE FALSE FALSE FALSE FALSE FALSE
[181] FALSE  TRUE FALSE FALSE FALSE FALSE FALSE FALSE FALSE FALSE  TRUE FALSE
[193] FALSE FALSE FALSE FALSE FALSE FALSE FALSE FALSE FALSE FALSE FALSE FALSE
[205] FALSE FALSE FALSE  TRUE FALSE FALSE FALSE FALSE  TRUE  TRUE  TRUE  TRUE
[217] FALSE FALSE FALSE FALSE  TRUE FALSE  TRUE FALSE FALSE FALSE FALSE FALSE
[229]  TRUE FALSE  TRUE FALSE FALSE FALSE  TRUE FALSE FALSE FALSE FALSE FALSE
[241]  TRUE  TRUE FALSE FALSE  TRUE  TRUE  TRUE  TRUE FALSE FALSE FALSE FALSE
[253]  TRUE  TRUE FALSE FALSE FALSE FALSE FALSE  TRUE FALSE  TRUE  TRUE  TRUE
[265] FALSE FALSE  TRUE  TRUE  TRUE  TRUE FALSE  TRUE FALSE  TRUE  TRUE  TRUE
[277]  TRUE  TRUE  TRUE FALSE FALSE FALSE FALSE  TRUE  TRUE  TRUE  TRUE

