
Birth-death simulation object with 399 species and 135 extant species

Details for some species:

Extinction times (NA means extant)
[1] 42.97485 47.09112 42.56916 36.07705 36.80879 40.02966


Speciation times 
[1] 49.51846 49.01116 47.97392 46.95623 44.50633 43.16387


Species parents (NA for initial)
[1] NA  1  1  1  1  3


Species status (extinct or extant)
[1] "extinct" "extinct" "extinct" "extinct" "extinct" "extinct"


For more details on vector y, try sim$y, with y one of
TE TS PAR EXTANT



$TE
  [1] 42.9748460 47.0911225 42.5691645 36.0770518 36.8087851 40.0296615
  [7] 38.4205720 29.6552075 36.0261133 39.5847463 26.0980915 41.3027750
 [13] 38.8269807 19.7378932 33.9235505 27.6868080 30.3922427 24.4529033
 [19] 41.8829652 38.7932897 26.6267457 21.9922241 24.0691540 37.6501357
 [25] 22.8884005 26.5418019 20.5430315 15.1478698  8.1772230 24.0709811
 [31] 26.3740702 17.6970678 23.8231857 29.2694419 23.6514979 17.7406647
 [37] 11.9100406 22.4004811 14.3932372 12.2964165         NA 16.7645107
 [43] 14.2827656 40.3136890 17.4399692 25.9074230 15.0394413 27.3023344
 [49] 25.9531502 25.9222843  7.9008869  2.1724334  8.2009125 32.6978535
 [55] 27.0573000 15.2483127 23.4976736 14.2564096 18.4363603 14.2165668
 [61] 25.7259336 15.1404088 17.2856902 14.9897534 12.1412818  3.6861724
 [67] 22.0054201 14.6139236 12.4005711 15.5557042 14.7923490 16.2861014
 [73] 13.8704648  8.8560543 10.4322391         NA         NA         NA
 [79]         NA  0.8585054  0.0263992         NA 12.8729941 27.9046590
 [85] 28.8492744 18.8384943 18.6344549  4.6196774 14.2384957 20.9547558
 [91] 25.1328152 27.3212917 22.2319228 24.2142468 25.1175513 21.0378823
 [97] 24.1619604 19.7669262 17.8794488 15.4127754 23.7494571 18.1690952
[103] 12.7931606         NA  1.4232182 23.4444454  8.5169399 14.0961324
[109] 13.7241283 15.2793608 14.3605364 24.8506343 12.3887814 19.9014612
[115] 14.6232261 13.7900891 17.1735185 14.1455463         NA         NA
[121] 14.7496813 14.0092264 12.1421852 14.4744831  8.6834807  2.6047560
[127]         NA         NA  0.9388239         NA         NA  0.7952404
[133]         NA 13.3546258 26.5666485 14.6857537 13.5515294         NA
[139] 25.2064052 15.5601905 13.8845430 20.6024611 13.5002928 23.8495813
[145] 16.0388109 23.8103481 22.2991506  4.8564562  4.0594479         NA
[151]  5.8380468  0.4805533         NA  2.5314084         NA  5.4633647
[157]         NA         NA 15.5216930 16.7701420 15.3419240 19.2319396
[163] 14.5490900 16.8358418 14.7622576 14.9958099         NA  4.4751357
[169]  9.1832192  1.3575964         NA 15.0273358 13.2028226  0.1591101
[175]         NA 14.2001400 15.1532719 22.5603119 16.9952005 12.4621398
[181] 15.6423049 12.9140512 15.3381980 15.3451763 15.6108872 14.0419111
[187] 11.8091601  4.3553272 11.7002813  3.3941423         NA  3.5642391
[193]  2.4056289         NA         NA         NA  7.7928646  6.0584086
[199]  1.0382952         NA         NA         NA 15.0265842 15.2465424
[205] 12.5784403  5.6018103  4.6563225  3.1940620  9.7527484  7.7724026
[211]         NA  4.6546288         NA 13.7208663 20.8357821 14.0803015
[217] 14.6433511 14.9214372 15.5641464  1.4141214         NA 16.0740130
[223] 17.1803277 14.1078189         NA         NA         NA         NA
[229]         NA  5.6533904         NA         NA         NA         NA
[235]  6.1528059  4.4943687         NA  2.0604472         NA         NA
[241]         NA  4.1205063         NA         NA 13.7889777         NA
[247]  3.6578054         NA         NA 16.1375268         NA 11.7658494
[253] 17.4955533  6.4957316         NA         NA  1.0501655 16.8877303
[259] 16.6307930 14.7489820 11.9952820  6.1063517         NA         NA
[265]         NA         NA 13.8113143 15.7547754 15.2074020         NA
[271]         NA  0.5178525         NA         NA         NA         NA
[277]         NA         NA  0.6353301         NA  1.2451116         NA
[283]  2.7696687 15.4502429 14.3486397         NA  3.5080157  7.1232074
[289]         NA         NA 10.1728074         NA  2.8710069         NA
[295]         NA         NA         NA         NA 16.5538022  4.1539384
[301]         NA         NA  0.5065394         NA 16.9765779         NA
[307]         NA         NA  1.7032529         NA  0.4465449         NA
[313] 17.7602538 13.0610972 12.7630895 12.8168767 11.8939232  5.3305286
[319]  0.4721429  2.3583886         NA         NA         NA         NA
[325]         NA  1.1386056         NA         NA  4.7391277  2.2687562
[331]  4.9716038  0.7374467  3.5330814         NA         NA         NA
[337]         NA         NA         NA         NA 12.3464390  3.0324908
[343]         NA  5.9435135         NA  1.7009306         NA         NA
[349]         NA  1.1763979  0.5967891         NA  0.1237775         NA
[355]  1.6407528         NA  0.2187436         NA         NA  0.5563026
[361]         NA         NA         NA  3.1348733         NA         NA
[367]  7.7842537  4.3905260         NA         NA         NA         NA
[373]         NA         NA         NA         NA  0.9095654  2.1140485
[379]         NA         NA         NA 11.3824238  9.6344060  6.5493764
[385]  3.6086405  0.3884381         NA         NA  0.1608429         NA
[391]  6.7201911  3.0174205         NA         NA         NA         NA
[397]         NA         NA         NA

$TS
  [1] 49.518460031 49.011159710 47.973916798 46.956229519 44.506329233
  [6] 43.163867185 46.598401393 45.961190560 45.330883733 42.249166890
 [11] 38.110935629 41.499703387 45.824420603 43.486679499 40.132357237
 [16] 36.460116296 32.237869720 30.276389419 44.205390784 39.268992255
 [21] 35.558145106 34.172739137 29.262991935 39.398721346 34.706179379
 [26] 31.811471992 28.444382997 29.213306918 43.082328953 32.569038345
 [31] 27.658202495 34.340440731 26.685829194 29.993804448 29.605754566
 [36] 23.320434748 22.516112421 27.571171722 23.927088576 22.246092616
 [41] 18.138332956 17.913960833 17.535588412 40.676290978 36.817473721
 [46] 36.467560543 30.995508223 28.784009170 28.475107149 27.052128051
 [51] 14.428654960 12.173676486  9.655414505 33.309215532 28.308581913
 [56] 25.136926061 24.618221186 21.516856439 20.214307416 20.112134528
 [61] 27.639479667 26.921938309 17.922347548 17.981754313 12.525955819
 [66] 25.854073478 22.419035327 20.497548752 18.080909339 17.982651306
 [71] 21.420456939 20.048766352 18.273875891 12.284287828 10.502237111
 [76]  6.520656572  6.472147854  4.818819243  3.850692954  2.789711329
 [81]  1.980297164  1.878023486 15.710072318 32.916016370 32.372191013
 [86] 24.886238871 24.085579516 17.883914484 17.704552432 31.206213714
 [91] 29.635765209 29.088603466 29.256630696 27.588763910 27.040342387
 [96] 26.137917987 25.716496095 25.403277012 25.227486245 24.433624644
[101] 23.925173575 18.509121154 15.647914510  6.315494753  8.313242081
[106] 24.424275814 16.347977379 20.627156328 19.423228663 17.297221311
[111] 17.173203186 26.324208803 22.337859690 22.058929245 18.071130586
[116] 15.841442078 21.935575963 19.859839480 10.540843713  6.436604437
[121] 16.784827272 16.712203574 15.845763268 16.133566872 10.714428436
[126]  6.165862087  1.404777233  5.690755614  1.859864900  1.329339359
[131]  0.993116153  1.561618165  1.391099180 14.801137014 31.157900946
[136] 19.638425957 14.380051269  8.243844353 25.947598116 24.798206806
[141] 24.486984234 24.916794487 25.493625499 24.838943529 24.441461441
[146] 24.185138992 22.608089256 13.212846101  5.945304569  2.569473620
[151]  8.191027920  8.110673153  7.879453486  6.801851774  2.253814156
[156] 11.763338289 10.230926959  9.356420054 19.425775024 17.574090558
[161] 16.082041945 19.904699178 15.799554924 17.008260192 17.895527132
[166] 15.524936682 14.799239012 10.056351023  9.387719976  7.706550079
[171]  2.369078093 15.152642184 13.681224689  1.244322106  4.159507397
[176] 16.568662672 16.099505037 24.385068164 24.357885060 24.364750882
[181] 18.395728313 17.933813527 15.346504796 24.153400917 20.538453254
[186] 18.121690004 12.361792335 12.058649580 12.047163661  6.585383902
[191]  0.092888196  6.648601036  3.399869467  2.784473487  3.371476334
[196]  2.588834026 10.962042541  7.857584709  7.261257097  9.267050359
[201]  6.912499332  5.595613850 15.531279435 16.855847914 13.726356865
[206]  7.932278498  7.096088559  5.876140597  9.855285564  9.193641497
[211]  4.668730901  7.212256817  4.153156219 16.015489526 23.804114800
[216] 18.902111573 21.763564508 18.940114834 16.504398363 12.545303004
[221] 20.109897907 19.865757992 17.981749459 17.127624277  5.936990548
[226]  5.864649587  6.431838440  4.323382033  3.854095140  5.694276287
[231]  1.675487723  1.609751187  1.197592692  2.342137837  6.716007040
[236]  6.652739340  3.193917193  4.348307049  1.670829401  0.729048331
[241]  5.494747500  5.311208717  3.364367250  1.399663042 15.592866974
[246]  6.093987520  5.363497751  5.649802096  6.835428435 22.968446053
[251] 16.969718491 15.688604049 17.999274668  8.778858007  8.596405665
[256]  2.934804585  1.531613382 18.433505321 17.185510031 15.767620613
[261] 14.231213780 10.574667345  9.855622585  8.147267324  3.622834981
[266]  1.874460329 17.892568220 17.743269257 15.690955630  0.670283103
[271]  1.597166160  0.674854635  2.207798667  1.705747637  2.628177280
[276]  2.347243762  5.194610143  4.512514932  3.757893525  2.980696766
[281]  2.064337400  5.519697118  3.667377423 21.030068192 18.752236652
[286] 16.718596989 10.368629814  8.763704126  6.276933115  6.031479943
[291] 12.698223911  7.804603900  7.715871714  5.995503605  5.657631142
[296]  2.190621878  1.445705165  0.681078626 17.781868391  8.679315084
[301]  7.483457874  6.174753269  6.785449978  0.003750584 17.367874388
[306]  2.189723185  0.080320873  3.567654197  3.339548081  1.505040959
[311]  0.945859034  1.731359425 19.021018611 15.724008429 14.803748308
[316] 14.121752356 12.398412663  8.670692442  1.321368216  7.910172279
[321]  4.211221176  5.878591709  5.679205541  0.305731016  7.205014440
[326]  5.726537837  5.037470737  1.072965838  7.092732899  6.249320053
[331]  5.974248540  2.098160691  5.192601810  2.930889122  2.364912419
[336]  1.089753999  0.534538798  0.086730134  0.776570431 14.365922334
[341] 13.208401756  7.961914668  0.727100760  6.581527642  4.231065145
[346]  2.783470565  2.736041272  0.249995734  4.901151224  4.638033220
[351]  3.975521258  2.195017081  4.593962694  0.756701032  6.860190911
[356]  6.086808572  6.077118297  5.491200841  3.385079217  2.167411955
[361]  0.558008209  0.847998912  0.981450415  7.040789444  6.531468302
[366]  1.813491493 12.985791597  7.017099027  3.263447866  2.032849261
[371]  1.826530494  1.790616389  0.806752100  1.079911406  2.659318672
[376]  3.143185461  2.992730956  4.839422447  3.901028700  5.431198653
[381]  1.222416841 11.552792060 10.461875822  9.449907773  5.860709937
[386]  0.788869555  0.285105295  1.959253683  3.316483531  0.610787630
[391] 10.413768164  6.879403597  0.434566915  7.547613340  6.964444206
[396]  4.751851303  5.560719677  1.495314823  3.771151279

$PAR
  [1]  NA   1   1   1   1   3   4   4   4   4   5   6   7   8   8   8   8   8
 [19]   9   9  11  11  11  15  15  16  16  18  19  21  23  25  25  26  26  27
 [37]  27  28  28  28  28  28  28  29  29  29  29  29  29  29  29  29  29  32
 [55]  32  32  32  32  32  32  35  35  36  37  37  38  39  39  39  39  40  40
 [73]  40  41  41  41  41  41  41  41  41  41  43  45  45  45  45  45  45  46
 [91]  46  46  47  47  47  47  47  47  47  47  47  47  47  52  53  56  56  58
[109]  59  60  60  61  62  62  62  62  66  66  66  66  71  71  71  73  74  76
[127]  76  77  81  81  81  82  82  83  85  87  88  88  90  90  90  93  94  97
[145]  97  98 100 103 104 104 105 105 105 105 105 107 107 107 108 109 110 113
[163] 113 115 118 118 118 119 119 119 120 122 123 127 128 136 140 141 141 143
[181] 143 143 143 144 145 145 148 148 148 148 150 152 152 152 153 154 156 157
[199] 157 158 158 158 159 164 167 167 167 167 168 168 168 170 175 177 178 179
[217] 180 180 180 180 184 184 184 186 188 188 190 190 190 192 194 194 194 195
[235] 199 200 200 201 201 201 202 202 202 202 204 206 207 208 212 215 216 216
[253] 218 220 220 220 220 221 221 221 221 221 221 221 221 221 223 223 224 225
[271] 229 233 234 234 238 238 241 241 241 246 248 249 249 250 250 251 251 251
[289] 251 251 252 255 255 255 255 255 256 256 258 263 263 263 264 266 267 273
[307] 275 279 279 279 280 282 284 285 285 286 286 286 286 288 289 290 290 290
[325] 292 292 294 297 300 300 300 301 303 303 303 306 308 308 311 315 316 318
[343] 319 320 320 320 320 321 322 322 323 325 326 327 329 329 329 329 330 334
[361] 334 335 336 340 340 340 341 342 345 350 353 353 353 356 357 358 358 364
[379] 364 365 365 367 367 367 368 372 376 377 380 380 383 384 389 391 391 394
[397] 395 395 396

$EXTANT
  [1] FALSE FALSE FALSE FALSE FALSE FALSE FALSE FALSE FALSE FALSE FALSE FALSE
 [13] FALSE FALSE FALSE FALSE FALSE FALSE FALSE FALSE FALSE FALSE FALSE FALSE
 [25] FALSE FALSE FALSE FALSE FALSE FALSE FALSE FALSE FALSE FALSE FALSE FALSE
 [37] FALSE FALSE FALSE FALSE  TRUE FALSE FALSE FALSE FALSE FALSE FALSE FALSE
 [49] FALSE FALSE FALSE FALSE FALSE FALSE FALSE FALSE FALSE FALSE FALSE FALSE
 [61] FALSE FALSE FALSE FALSE FALSE FALSE FALSE FALSE FALSE FALSE FALSE FALSE
 [73] FALSE FALSE FALSE  TRUE  TRUE  TRUE  TRUE FALSE FALSE  TRUE FALSE FALSE
 [85] FALSE FALSE FALSE FALSE FALSE FALSE FALSE FALSE FALSE FALSE FALSE FALSE
 [97] FALSE FALSE FALSE FALSE FALSE FALSE FALSE  TRUE FALSE FALSE FALSE FALSE
[109] FALSE FALSE FALSE FALSE FALSE FALSE FALSE FALSE FALSE FALSE  TRUE  TRUE
[121] FALSE FALSE FALSE FALSE FALSE FALSE  TRUE  TRUE FALSE  TRUE  TRUE FALSE
[133]  TRUE FALSE FALSE FALSE FALSE  TRUE FALSE FALSE FALSE FALSE FALSE FALSE
[145] FALSE FALSE FALSE FALSE FALSE  TRUE FALSE FALSE  TRUE FALSE  TRUE FALSE
[157]  TRUE  TRUE FALSE FALSE FALSE FALSE FALSE FALSE FALSE FALSE  TRUE FALSE
[169] FALSE FALSE  TRUE FALSE FALSE FALSE  TRUE FALSE FALSE FALSE FALSE FALSE
[181] FALSE FALSE FALSE FALSE FALSE FALSE FALSE FALSE FALSE FALSE  TRUE FALSE
[193] FALSE  TRUE  TRUE  TRUE FALSE FALSE FALSE  TRUE  TRUE  TRUE FALSE FALSE
[205] FALSE FALSE FALSE FALSE FALSE FALSE  TRUE FALSE  TRUE FALSE FALSE FALSE
[217] FALSE FALSE FALSE FALSE  TRUE FALSE FALSE FALSE  TRUE  TRUE  TRUE  TRUE
[229]  TRUE FALSE  TRUE  TRUE  TRUE  TRUE FALSE FALSE  TRUE FALSE  TRUE  TRUE
[241]  TRUE FALSE  TRUE  TRUE FALSE  TRUE FALSE  TRUE  TRUE FALSE  TRUE FALSE
[253] FALSE FALSE  TRUE  TRUE FALSE FALSE FALSE FALSE FALSE FALSE  TRUE  TRUE
[265]  TRUE  TRUE FALSE FALSE FALSE  TRUE  TRUE FALSE  TRUE  TRUE  TRUE  TRUE
[277]  TRUE  TRUE FALSE  TRUE FALSE  TRUE FALSE FALSE FALSE  TRUE FALSE FALSE
[289]  TRUE  TRUE FALSE  TRUE FALSE  TRUE  TRUE  TRUE  TRUE  TRUE FALSE FALSE
[301]  TRUE  TRUE FALSE  TRUE FALSE  TRUE  TRUE  TRUE FALSE  TRUE FALSE  TRUE
[313] FALSE FALSE FALSE FALSE FALSE FALSE FALSE FALSE  TRUE  TRUE  TRUE  TRUE
[325]  TRUE FALSE  TRUE  TRUE FALSE FALSE FALSE FALSE FALSE  TRUE  TRUE  TRUE
[337]  TRUE  TRUE  TRUE  TRUE FALSE FALSE  TRUE FALSE  TRUE FALSE  TRUE  TRUE
[349]  TRUE FALSE FALSE  TRUE FALSE  TRUE FALSE  TRUE FALSE  TRUE  TRUE FALSE
[361]  TRUE  TRUE  TRUE FALSE  TRUE  TRUE FALSE FALSE  TRUE  TRUE  TRUE  TRUE
[373]  TRUE  TRUE  TRUE  TRUE FALSE FALSE  TRUE  TRUE  TRUE FALSE FALSE FALSE
[385] FALSE FALSE  TRUE  TRUE FALSE  TRUE FALSE FALSE  TRUE  TRUE  TRUE  TRUE
[397]  TRUE  TRUE  TRUE

