
Birth-death simulation object with 134 species and 56 extant species

Details for some species:

Extinction times (NA means extant)
[1] 25.85544 48.54541 25.43932 19.59018 15.00101 35.86955


Speciation times 
[1] 49.51846 49.04421 40.60289 38.29582 34.30312 37.66240


Species parents (NA for initial)
[1] NA  1  1  1  1  4


Species status (extinct or extant)
[1] "extinct" "extinct" "extinct" "extinct" "extinct" "extinct"


For more details on vector y, try sim$y, with y one of
TE TS PAR EXTANT



$TE
  [1] 25.8554415 48.5454140 25.4393237 19.5901817 15.0010108 35.8695528
  [7] 12.2317527 29.8840819 22.8353875 15.0803411 13.2149890 16.5659465
 [13] 10.1174350 35.9142035 32.5708126 31.2834823 24.5554667 17.1961015
 [19] 12.9226136 11.0063543 14.2722325 16.5238562 12.0924040 12.4823686
 [25] 11.4823613 25.8075393 17.2058397 14.8030778 10.8339862 10.2774322
 [31] 13.3028052 14.1156388  6.2916939 12.3431554 14.7690136 15.5639877
 [37]  3.7471328 13.9757499 12.6932065  3.2865402 12.6714565         NA
 [43]  4.3979004  4.1296426 12.6534023 17.0733558 14.1431372         NA
 [49]         NA         NA  5.3721372  3.3074379         NA         NA
 [55]  3.9665031         NA         NA  5.0683785  3.5135858  4.1541908
 [61]         NA         NA         NA         NA  5.6920399         NA
 [67]         NA         NA         NA         NA         NA  1.5496941
 [73]  5.5529164  5.0655664  3.2989243         NA  2.9780304  1.6031855
 [79]         NA         NA         NA  6.1428709  1.3630346  3.2418378
 [85]  0.7805141         NA         NA         NA         NA  0.2331685
 [91]  0.7387208         NA  1.4029422         NA         NA         NA
 [97]  6.9892385         NA         NA         NA  1.7375639  2.6212306
[103]  2.4863122         NA  7.4432162         NA  3.1926572  1.8959777
[109]         NA  2.9254782  0.9116366         NA         NA         NA
[115]  2.1749715         NA         NA  5.7319524         NA         NA
[121]         NA         NA         NA         NA         NA  0.1783138
[127]         NA         NA         NA         NA         NA         NA
[133]         NA         NA

$TS
  [1] 49.518460031 49.044205727 40.602888346 38.295822443 34.303116875
  [6] 37.662397957 35.247606705 33.067073671 26.226015041 20.529719792
 [11] 24.571723323 19.488553673 18.281956139 36.711395697 34.023496181
 [16] 31.967214024 30.536476384 22.036691271 19.668679963 18.668655060
 [21] 16.018504170 17.639811671 13.402538312 12.644247911 27.408550900
 [26] 26.572880384 17.844273386 17.278950560 18.679110209 13.974329369
 [31] 17.022485028 16.959258196 12.547178672 24.119256360 17.701012898
 [36] 16.328323285 11.746316805 14.811766137 12.744016569 12.770704723
 [41] 12.759182757 15.130059007 10.453316931  9.400909510 19.197086618
 [46] 18.998507150 17.535091909  8.458848532  3.766036481 12.696149418
 [51] 12.060305409  4.582612449  3.694535758  7.934132788  9.859752902
 [56]  8.973378948  8.138447299  7.009060938  8.126349391  7.323021681
 [61]  6.319222827  6.494504859  0.020492184 10.827590055  6.045218567
 [66]  6.724807618  6.203650706  3.472311462  2.667196746  2.357687767
 [71]  0.561685400  9.370238441  8.253937465  7.448440888  8.302268805
 [76]  3.849730903  7.047892931  4.413549448  1.920269718  4.427432183
 [81]  6.730030491  6.690545572  5.647450010  3.779736131  1.104571830
 [86]  0.964328927  8.119639989  4.465401920  3.252403995  0.696858929
 [91]  4.252573676  5.686674311  2.831600162  2.714789326  0.001897351
 [96]  0.142989173  7.321006948  2.981840504  2.850937770  6.751923062
[101]  6.424299501  3.604997487  6.741594342  0.656248509  8.096558016
[106]  4.174262262  4.032228410  2.548726671  2.198482659  3.675792279
[111]  2.230711673  1.867973660  2.165162988  2.058430046  6.729650069
[116]  1.691028944  0.059344762  6.734231984  3.266062139  1.736213278
[121]  1.099898814  1.045395096  0.428957159  5.968035310  4.199152883
[126]  2.794005250  2.328186716  3.115259639  5.166338173  1.916720077
[131]  1.592535123  2.223938136  1.499575261  1.612287465

$PAR
  [1]  NA   1   1   1   1   4   4   4   4   4   5   5   5   6   7   7   7   7
 [19]   7   7  11  12  13  13  17  17  18  18  19  19  20  22  23  25  25  25
 [37]  25  29  29  30  30  32  33  33  34  34  35  37  37  40  40  40  40  42
 [55]  43  43  43  43  48  48  48  50  50  51  51  54  54  54  54  54  54  55
 [73]  55  55  56  56  57  57  57  59  60  60  60  61  62  62  64  64  64  64
 [91]  66  67  68  68  68  71  72  72  72  74  75  76  77  81  87  87  88  89
[109]  91  92  93  94  99  99 100 100 100 103 106 106 106 106 114 115 115 115
[127] 115 119 124 126 127 129 130 132

$EXTANT
  [1] FALSE FALSE FALSE FALSE FALSE FALSE FALSE FALSE FALSE FALSE FALSE FALSE
 [13] FALSE FALSE FALSE FALSE FALSE FALSE FALSE FALSE FALSE FALSE FALSE FALSE
 [25] FALSE FALSE FALSE FALSE FALSE FALSE FALSE FALSE FALSE FALSE FALSE FALSE
 [37] FALSE FALSE FALSE FALSE FALSE  TRUE FALSE FALSE FALSE FALSE FALSE  TRUE
 [49]  TRUE  TRUE FALSE FALSE  TRUE  TRUE FALSE  TRUE  TRUE FALSE FALSE FALSE
 [61]  TRUE  TRUE  TRUE  TRUE FALSE  TRUE  TRUE  TRUE  TRUE  TRUE  TRUE FALSE
 [73] FALSE FALSE FALSE  TRUE FALSE FALSE  TRUE  TRUE  TRUE FALSE FALSE FALSE
 [85] FALSE  TRUE  TRUE  TRUE  TRUE FALSE FALSE  TRUE FALSE  TRUE  TRUE  TRUE
 [97] FALSE  TRUE  TRUE  TRUE FALSE FALSE FALSE  TRUE FALSE  TRUE FALSE FALSE
[109]  TRUE FALSE FALSE  TRUE  TRUE  TRUE FALSE  TRUE  TRUE FALSE  TRUE  TRUE
[121]  TRUE  TRUE  TRUE  TRUE  TRUE FALSE  TRUE  TRUE  TRUE  TRUE  TRUE  TRUE
[133]  TRUE  TRUE

