
Birth-death simulation object with 197 species and 78 extant species

Details for some species:

Extinction times (NA means extant)
[1] 39.99827 37.35046 45.30544 31.88295 30.58927 40.49069


Speciation times 
[1] 49.51846 47.85962 46.38859 43.42264 43.19880 42.36969


Species parents (NA for initial)
[1] NA  1  1  1  1  1


Species status (extinct or extant)
[1] "extinct" "extinct" "extinct" "extinct" "extinct" "extinct"


For more details on vector y, try sim$y, with y one of
TE TS PAR EXTANT



$TE
  [1] 39.99826790 37.35046271 45.30543665 31.88295344 30.58927271 40.49069198
  [7] 15.67365518 13.90204897 32.97510702 28.25832107 34.68496442 24.69256185
 [13] 13.42881093 25.97617806 19.99262610 13.14075830 15.04457256 17.91698074
 [19] 12.20052036 15.59176023 15.22866202 12.84942097 31.19342069 24.56380312
 [25] 24.55229097 13.56226129 10.13563979 14.51413148 13.83644176 12.18629928
 [31] 22.53568453 14.99993514 19.49497361 16.49519155  8.22737510 15.20833934
 [37] 24.26220326 21.60084900 15.47033982 20.20386629 15.19454656 13.90076981
 [43] 10.88323380 14.99828476  2.98144303  4.18055389 15.66296984 15.92494428
 [49] 20.06768364 14.47793820 15.40467559 11.44488774 11.04270876 18.62808435
 [55] 15.30221215  8.25384693 14.64751241 14.34704772  6.69961660 11.89160482
 [61]  4.14334975          NA          NA          NA          NA 11.47550466
 [67] 15.62287351 14.17845765 13.44573583          NA 18.49917018 14.59795224
 [73]  0.27545044  6.74330924  2.93287717  0.56713312          NA          NA
 [79]          NA          NA          NA          NA          NA          NA
 [85]  0.69065849  6.26739729  2.55197755          NA 12.86276802  3.37663668
 [91]          NA  2.98408254          NA          NA          NA 14.93391610
 [97] 15.06238634 14.85006052  0.44628571  3.24150429  4.13979129  0.63728971
[103]  2.28068120  2.57942302  4.02911593  1.98930855          NA          NA
[109]  4.95331830  1.78353995          NA  2.59268847          NA          NA
[115]  0.46288743          NA          NA  3.45818500          NA  0.03699733
[121]          NA          NA 15.56993368 14.66384473  2.17641141  5.65553541
[127]  2.90187175          NA          NA  5.44454218          NA  0.98672260
[133]          NA  7.66574866          NA  7.56901693  3.01394859  0.59493192
[139]          NA  6.59171369          NA  3.76253468  0.22347678          NA
[145]  6.88538856          NA          NA          NA          NA          NA
[151]          NA          NA          NA  0.33123385  2.76508285          NA
[157]          NA          NA          NA          NA          NA          NA
[163]          NA  6.37348777          NA          NA          NA          NA
[169]          NA  3.78383669  0.52970742          NA          NA          NA
[175]  5.91669152  0.83714176          NA          NA          NA          NA
[181]          NA          NA          NA  0.18826096          NA          NA
[187]          NA          NA          NA          NA          NA          NA
[193]  2.87346399          NA          NA          NA  0.83021327

$TS
  [1] 49.51846003 47.85962234 46.38858758 43.42263875 43.19879978 42.36969482
  [7] 44.52135887 43.29990450 34.56172896 33.77640055 38.36185638 31.53157946
 [13] 20.50504995 32.09294139 30.63743981 28.84034195 25.18205883 22.09102320
 [19] 19.20161234 17.72824587 15.92904389 13.56488028 31.29486801 29.21607105
 [25] 29.01499976 24.77865014 21.82963301 18.79960506 17.08805653 13.87948977
 [31] 23.19302759 22.98131705 21.85413534 18.56606173 14.95056055 16.68859222
 [37] 27.31769889 26.04291395 25.72787687 20.35986335 19.89760306 14.24751892
 [43] 13.70125779 16.16003824 11.38358260 10.27729733 18.30524981 16.66030948
 [49] 21.11751719 18.48248246 18.06669175 17.35169329 16.49343443 19.66803734
 [55] 17.23207371 10.92603973 24.45874208 18.24202291 14.18100323 12.77087262
 [61] 11.80443453  9.52173682  9.05803717  7.16398300  9.45577067 18.37446966
 [67] 15.99471138 14.32717932 14.27656308 10.35220412 22.84353282 15.48034328
 [73]  9.96012652 10.29607719  7.59223238  8.45668011  4.22837189  3.35694273
 [79]  9.01107175  8.94046453  3.98840350  3.73307539  3.05108990  3.51289669
 [85]  2.75456476  7.48072433  3.07942449  1.26486837 13.35523255  9.63106832
 [91]  8.40398491  4.03292251  0.56523773  0.30490444  0.19037124 21.73508459
 [97] 21.43508348 18.56522306  8.18966712  7.55236194  5.32372676  5.00905104
[103]  9.72298495  9.37967166  7.29334441  6.05630321  1.95173478  0.62080620
[109]  5.72408538  5.37866122  4.50946297  3.16679440  0.75348405  7.75325278
[115]  3.35779966  1.16441876  0.89736234  8.38833167  7.30041119  7.53052626
[121]  0.67539107  0.42535998 15.81970064 17.50842079  7.27941447  5.74695278
[127]  3.29924921  2.56379252  1.68000173  6.94036457  3.14430879  1.85690269
[133]  1.07703490  8.66994328  8.50100781  8.15647835  6.02704473  3.95334664
[139]  2.49776924  8.89147901  7.24700710  7.05783863  4.50596738  0.08040728
[145]  7.45886432  6.41104962  6.35263995  4.35128800  0.53455348  6.19484158
[151]  6.15715844  5.89247588  3.43006127  2.25763050  5.51770359  0.12920421
[157]  7.39621257  5.88454190  5.38895493  2.20454671  7.69558510  2.45101108
[163]  7.05397864  6.93745889  5.35412092  1.33404026  3.96353973  4.14826742
[169]  5.07911040  3.98821688  3.48855915  3.80076308  3.39787269  2.00882587
[175]  6.13432512  1.18124067  2.95605629  1.39898750  0.63300755  6.79024870
[181]  5.98186397  5.77219601  3.95199668  6.41122139  4.33472043  2.21620897
[187]  1.55059620  1.13352614  3.95914482  0.45199421  0.22405630  3.25075328
[193]  3.90614937  1.79416599  1.31895935  0.57868263  1.01350559

$PAR
  [1]  NA   1   1   1   1   1   2   4   5   5   7   7   7   8   8   8   8   8
 [19]   8  13  13  13  14  15  15  15  16  16  16  16  17  17  17  18  19  20
 [37]  24  24  24  26  26  26  26  27  27  27  28  28  32  32  32  32  32  33
 [55]  34  35  37  41  42  43  43  45  45  45  46  50  52  52  53  56  57  57
 [73]  59  61  61  62  62  62  63  63  63  63  63  64  64  65  65  65  66  70
 [91]  70  70  70  70  70  71  71  71  73  73  73  73  74  74  74  76  76  78
[109]  79  79  79  79  79  80  82  83  88  90  90  91  91  91  96  97  99  99
[127]  99  99  99 100 102 102 102 103 103 103 103 103 103 104 105 105 110 111
[145] 114 118 119 119 119 120 125 125 125 128 130 133 135 135 135 135 136 138
[163] 140 140 141 141 143 146 147 148 150 151 152 152 157 157 158 158 158 163
[181] 163 163 163 164 165 165 165 166 169 169 178 181 182 183 187 187 188

$EXTANT
  [1] FALSE FALSE FALSE FALSE FALSE FALSE FALSE FALSE FALSE FALSE FALSE FALSE
 [13] FALSE FALSE FALSE FALSE FALSE FALSE FALSE FALSE FALSE FALSE FALSE FALSE
 [25] FALSE FALSE FALSE FALSE FALSE FALSE FALSE FALSE FALSE FALSE FALSE FALSE
 [37] FALSE FALSE FALSE FALSE FALSE FALSE FALSE FALSE FALSE FALSE FALSE FALSE
 [49] FALSE FALSE FALSE FALSE FALSE FALSE FALSE FALSE FALSE FALSE FALSE FALSE
 [61] FALSE  TRUE  TRUE  TRUE  TRUE FALSE FALSE FALSE FALSE  TRUE FALSE FALSE
 [73] FALSE FALSE FALSE FALSE  TRUE  TRUE  TRUE  TRUE  TRUE  TRUE  TRUE  TRUE
 [85] FALSE FALSE FALSE  TRUE FALSE FALSE  TRUE FALSE  TRUE  TRUE  TRUE FALSE
 [97] FALSE FALSE FALSE FALSE FALSE FALSE FALSE FALSE FALSE FALSE  TRUE  TRUE
[109] FALSE FALSE  TRUE FALSE  TRUE  TRUE FALSE  TRUE  TRUE FALSE  TRUE FALSE
[121]  TRUE  TRUE FALSE FALSE FALSE FALSE FALSE  TRUE  TRUE FALSE  TRUE FALSE
[133]  TRUE FALSE  TRUE FALSE FALSE FALSE  TRUE FALSE  TRUE FALSE FALSE  TRUE
[145] FALSE  TRUE  TRUE  TRUE  TRUE  TRUE  TRUE  TRUE  TRUE FALSE FALSE  TRUE
[157]  TRUE  TRUE  TRUE  TRUE  TRUE  TRUE  TRUE FALSE  TRUE  TRUE  TRUE  TRUE
[169]  TRUE FALSE FALSE  TRUE  TRUE  TRUE FALSE FALSE  TRUE  TRUE  TRUE  TRUE
[181]  TRUE  TRUE  TRUE FALSE  TRUE  TRUE  TRUE  TRUE  TRUE  TRUE  TRUE  TRUE
[193] FALSE  TRUE  TRUE  TRUE FALSE

