
Birth-death simulation object with 302 species and 92 extant species

Details for some species:

Extinction times (NA means extant)
[1] 20.95073 39.57652 28.55735 37.38289 35.46972 33.54900


Speciation times 
[1] 49.51846 48.61441 46.54182 41.14499 39.34116 34.64766


Species parents (NA for initial)
[1] NA  1  1  1  1  1


Species status (extinct or extant)
[1] "extinct" "extinct" "extinct" "extinct" "extinct" "extinct"


For more details on vector y, try sim$y, with y one of
TE TS PAR EXTANT



$TE
  [1] 20.9507296 39.5765217 28.5573476 37.3828873 35.4697167 33.5490034
  [7] 15.2518616 12.7073381 26.1601115 35.1154561 31.1563907 25.9496795
 [13] 16.2030719 13.1490811 23.3014686 25.6942824 20.8672676 11.9939706
 [19] 35.8036192 30.5976320 33.3420449 36.8705648 23.1643352 34.0830463
 [25] 24.5588192 22.8160420 31.9068290 13.5942628 15.4947756 33.9251811
 [31] 28.2557069 18.4919925 20.7775223 15.1277952 14.2591657 30.6711321
 [37] 22.6604280 24.9813130 20.5850572 32.4253705 19.7563706 23.2789244
 [43] 14.7750047 15.6113874 13.5474019 25.7983865 23.3286919 12.5575624
 [49] 21.3936580 14.5284146 15.5780993 25.6773272 27.9620888 13.7732248
 [55] 20.1409047 25.7076819 24.1171029 13.9956783 13.5204528 14.7219994
 [61] 15.3599713 27.4652309 15.5231566 17.3688519 18.5681146 16.1809501
 [67] 15.7926335 27.4875212 16.6038788 15.0106046 14.1298381  0.5974480
 [73] 27.8291040 27.6663983 11.6755414 12.7578760 13.7617129 14.9483707
 [79] 13.4073164 14.8289555 15.3374825 21.6549233 11.3608846 16.1769574
 [85] 13.3879865 26.1764126 17.3146813 21.9297961 14.3260276 13.0704490
 [91] 13.1737382 14.6309717 14.3909658 14.4845823 12.7468385 14.9868603
 [97] 15.4330630 11.7591938 15.3830215 14.8949067 15.4140069  4.5299260
[103]  0.9300962         NA  1.0681327         NA 11.7458418 17.4523433
[109] 14.4002350 16.3072633 17.6530210 13.7095152 12.2541827 15.3211639
[115] 17.7787562 14.0565779 16.3696981 16.4033160 14.8847138 13.8996006
[121] 13.1947809 17.1263594 14.6837689 14.2086867 12.8875763  7.9342390
[127]         NA  2.0560611         NA         NA  0.3649501  2.2817356
[133]         NA         NA 14.9236243 16.7204402 13.3514194  9.4758844
[139] 14.8226535 15.2538272 13.4094288 23.4738502 12.4459900 14.8361327
[145] 14.2220163 15.0479881 15.5787917 14.7305965 14.7485160 15.1789047
[151]  8.4005811  4.1927650         NA         NA         NA         NA
[157]  1.1147360         NA 14.8284260 11.7543706  3.1256987 15.3517467
[163] 13.3936425 15.4177164         NA         NA 11.6090439  1.5506352
[169]         NA 11.8241574  7.3226774  2.4552819  4.8497382  2.0944319
[175] 13.7428160 12.9287860 11.7927056  8.3194635  7.2215546  5.7270991
[181]         NA  2.5656493         NA  9.2911587         NA  2.0809930
[187]         NA         NA         NA  7.9272431  1.9545248         NA
[193]         NA 13.6948517  3.0398740  6.8706830         NA  5.0832938
[199]  7.3370551         NA         NA  7.2945273         NA  2.8554705
[205]         NA  4.5797426         NA         NA  2.7301187  5.8374589
[211]  2.4457484         NA         NA         NA  9.0433500         NA
[217]  7.3832371  0.7116379         NA  0.7857098         NA         NA
[223]         NA         NA         NA         NA  1.0748452         NA
[229]         NA  6.1370650         NA  0.5925974  0.7887756  5.3787458
[235]  1.4715007  1.1988107         NA         NA         NA  4.5455036
[241]         NA  0.5526486         NA  4.1970789         NA         NA
[247]         NA  2.5455803         NA  3.2144654         NA  5.4032607
[253]         NA         NA  1.5513852         NA         NA         NA
[259]  5.1472977         NA         NA         NA         NA         NA
[265]         NA  5.4344925         NA         NA         NA         NA
[271]         NA  6.0736586  1.7565510  2.8713390         NA  1.1393403
[277]         NA  2.1276053         NA         NA         NA         NA
[283]  0.6946468         NA         NA         NA         NA         NA
[289]         NA  0.7755582         NA         NA         NA         NA
[295]         NA         NA         NA  0.3202771         NA  0.4634759
[301]         NA         NA

$TS
  [1] 49.51846003 48.61440634 46.54182104 41.14499267 39.34116112 34.64766499
  [7] 23.51080153 39.62219856 40.45652823 40.12609587 34.55498555 33.59223149
 [13] 22.22746031 17.11367333 35.96376179 27.21061425 21.50134941 19.55800083
 [19] 40.42983661 38.41307770 37.94603024 37.48015822 34.98123982 34.29160714
 [25] 31.10853529 34.10665310 32.04891436 19.03770847 18.61633173 34.53106970
 [31] 34.38203493 27.18909249 25.50036535 23.99482381 15.05392565 31.41171317
 [37] 23.57311560 30.64201449 27.36296225 33.13292157 31.07201296 30.33160053
 [43] 25.63169550 17.16930350 30.39550218 28.47360303 26.51435789 22.38714600
 [49] 25.25750597 28.93559005 28.56771156 26.90370279 28.65209901 25.12753965
 [55] 23.42773317 28.95218350 27.92827841 24.48776941 18.72087324 18.54587371
 [61] 17.14186692 29.28284758 23.07648537 20.54537582 19.81394212 18.76728900
 [67] 17.33708169 27.86094883 16.80704934 15.02376957 14.65640992 21.68530651
 [73] 28.70390072 28.12745541 24.73465236 19.26779403 26.10864424 23.54846155
 [79] 21.32894801 20.62817161 17.17275699 23.10835843 20.13427875 17.65075922
 [85] 15.84796293 28.28228401 28.05477763 25.39826077 22.39408177 15.93902362
 [91] 14.28919703 16.71445311 17.87589240 15.30560739 19.75007074 18.23845024
 [97] 17.18662743 18.09381032 17.14594856 15.83976558 16.97925765 13.15890628
[103] 12.60594787  9.38221382  6.78356896  4.15723203 11.93882485 19.17008331
[109] 18.44257911 22.49709400 19.92928617 18.49876076 19.99767852 16.72331180
[115] 28.07321895 25.05425019 23.40573168 17.73056232 15.51516905 15.75615745
[121] 15.44526195 18.15519959 16.88631353 15.02242670 15.56920482 11.48515084
[127]  5.89882109  2.96634132  1.08953225  7.99691924  5.96030337  5.75492263
[133]  3.02718304  0.03244525 18.91732544 19.76917725 17.92539530 15.28477796
[139] 16.00093170 15.66565519 27.29978919 25.95536519 17.83759615 15.90481930
[145] 15.02406996 21.87403310 17.62083611 16.90338065 16.72156614 15.20903909
[151] 12.89491571  5.28892105  2.60627492  0.08474678  5.76482075  4.78370221
[157]  3.51209992  1.84662789 14.88393831 14.73849088  9.48893262 19.85463085
[163] 15.18482354 17.30636678 19.36224232 11.98378970 11.89440974  3.04002138
[169]  2.22690153 12.74924730 12.63150824  6.86564879  6.32213948  5.13911199
[175] 14.72500673 14.95429736 13.10719396 11.45423761  8.16076616  7.73261977
[181]  6.78346142  3.93825897  0.83685149 11.51867474  6.73698605  3.68848687
[187]  1.51458656  1.42503218  2.02397207  9.19667238  6.02026339  5.92951196
[193]  3.51109995 14.15846558 12.37676145 10.55365445 10.26925684 10.10561103
[199]  8.61309497  5.68103151  0.68838130 10.95069930  4.63608870  3.98769237
[205]  0.66686580  5.89566398  2.60536311 11.87841272  9.65600364  7.92814016
[211]  9.62702971  8.78378868  1.86358692  1.83210325  9.12043715  6.86168763
[217]  8.19099358  8.04495226  4.14689478  0.90414565  2.81117470  1.46291334
[223]  0.71561420  0.05218121  1.23190596  0.98897546  9.93489536  5.54214617
[229]  8.17916831  8.17739571  7.36119608  6.64834095  8.36694948  6.96020766
[235]  5.49847716  2.65809699  0.94648679  0.61090520  0.56191947  8.95903885
[241]  4.22055485  3.05159218  8.05391026  4.80378925  4.80072884  1.71544518
[247]  6.52142887  5.03788020  3.53642722  3.36278167  1.08334975  7.63171249
[253]  3.92474860  3.23429960  3.48769041  1.28545151  0.78816380  0.47640231
[259]  7.02133934  4.41380702  3.94145437  2.80424708  4.79889823  4.45981195
[265]  0.29364166  6.30723384  3.91850629  3.76251341  1.57731717  1.15289231
[271]  0.47585430  7.36179944  6.49259179  6.46625468  3.02838494  2.02730161
[277]  0.20143581  2.14031746  6.47911895  3.93032515  1.14537019  0.92371733
[283]  2.77324576  2.63057535  1.80316378  0.20108753  0.14144608  1.04197142
[289]  0.53047865  1.05724453  2.15990630  2.94263230  3.05218947  1.91272779
[295]  1.19799561  0.75308773  0.63132644  1.99524493  0.55429134  1.87418539
[301]  0.36247889  0.20776841

$PAR
  [1]  NA   1   1   1   1   1   1   2   3   3   3   6   7   7   8   8   8   8
 [19]   9   9   9   9   9   9   9  11  12  13  13  15  15  15  15  15  18  20
 [37]  23  25  25  26  26  26  26  28  31  31  32  32  33  38  38  38  41  41
 [55]  41  42  42  43  43  43  44  45  45  45  45  45  45  46  48  48  48  49
 [73]  50  50  50  50  51  51  51  51  51  54  54  54  54  56  56  57  58  58
 [91]  58  59  60  60  63  63  63  66  66  67  72  72  72  72  72  72  75  76
[109]  77  78  79  80  83  83  86  87  87  89  92  93  93  95  96 100 101 102
[127] 103 103 103 104 104 104 104 106 108 110 111 112 113 114 115 115 115 116
[145] 116 117 117 117 117 120 125 127 128 129 130 131 131 133 137 138 138 141
[163] 141 143 146 151 151 156 156 160 160 161 161 161 163 165 165 165 165 165
[181] 165 165 165 166 166 166 166 166 168 171 172 172 174 176 177 178 178 178
[199] 178 181 181 184 185 185 189 191 191 195 196 196 197 197 197 197 198 198
[217] 199 199 200 200 203 203 203 205 207 207 208 208 209 209 209 209 211 211
[235] 216 216 221 222 222 227 227 227 229 229 229 229 231 232 232 232 232 233
[253] 235 235 241 241 241 241 243 243 243 243 244 245 245 247 247 247 249 249
[271] 251 252 252 252 253 253 253 254 259 261 262 262 263 263 264 265 265 269
[289] 269 270 273 275 279 283 284 288 291 292 293 294 299 299

$EXTANT
  [1] FALSE FALSE FALSE FALSE FALSE FALSE FALSE FALSE FALSE FALSE FALSE FALSE
 [13] FALSE FALSE FALSE FALSE FALSE FALSE FALSE FALSE FALSE FALSE FALSE FALSE
 [25] FALSE FALSE FALSE FALSE FALSE FALSE FALSE FALSE FALSE FALSE FALSE FALSE
 [37] FALSE FALSE FALSE FALSE FALSE FALSE FALSE FALSE FALSE FALSE FALSE FALSE
 [49] FALSE FALSE FALSE FALSE FALSE FALSE FALSE FALSE FALSE FALSE FALSE FALSE
 [61] FALSE FALSE FALSE FALSE FALSE FALSE FALSE FALSE FALSE FALSE FALSE FALSE
 [73] FALSE FALSE FALSE FALSE FALSE FALSE FALSE FALSE FALSE FALSE FALSE FALSE
 [85] FALSE FALSE FALSE FALSE FALSE FALSE FALSE FALSE FALSE FALSE FALSE FALSE
 [97] FALSE FALSE FALSE FALSE FALSE FALSE FALSE  TRUE FALSE  TRUE FALSE FALSE
[109] FALSE FALSE FALSE FALSE FALSE FALSE FALSE FALSE FALSE FALSE FALSE FALSE
[121] FALSE FALSE FALSE FALSE FALSE FALSE  TRUE FALSE  TRUE  TRUE FALSE FALSE
[133]  TRUE  TRUE FALSE FALSE FALSE FALSE FALSE FALSE FALSE FALSE FALSE FALSE
[145] FALSE FALSE FALSE FALSE FALSE FALSE FALSE FALSE  TRUE  TRUE  TRUE  TRUE
[157] FALSE  TRUE FALSE FALSE FALSE FALSE FALSE FALSE  TRUE  TRUE FALSE FALSE
[169]  TRUE FALSE FALSE FALSE FALSE FALSE FALSE FALSE FALSE FALSE FALSE FALSE
[181]  TRUE FALSE  TRUE FALSE  TRUE FALSE  TRUE  TRUE  TRUE FALSE FALSE  TRUE
[193]  TRUE FALSE FALSE FALSE  TRUE FALSE FALSE  TRUE  TRUE FALSE  TRUE FALSE
[205]  TRUE FALSE  TRUE  TRUE FALSE FALSE FALSE  TRUE  TRUE  TRUE FALSE  TRUE
[217] FALSE FALSE  TRUE FALSE  TRUE  TRUE  TRUE  TRUE  TRUE  TRUE FALSE  TRUE
[229]  TRUE FALSE  TRUE FALSE FALSE FALSE FALSE FALSE  TRUE  TRUE  TRUE FALSE
[241]  TRUE FALSE  TRUE FALSE  TRUE  TRUE  TRUE FALSE  TRUE FALSE  TRUE FALSE
[253]  TRUE  TRUE FALSE  TRUE  TRUE  TRUE FALSE  TRUE  TRUE  TRUE  TRUE  TRUE
[265]  TRUE FALSE  TRUE  TRUE  TRUE  TRUE  TRUE FALSE FALSE FALSE  TRUE FALSE
[277]  TRUE FALSE  TRUE  TRUE  TRUE  TRUE FALSE  TRUE  TRUE  TRUE  TRUE  TRUE
[289]  TRUE FALSE  TRUE  TRUE  TRUE  TRUE  TRUE  TRUE  TRUE FALSE  TRUE FALSE
[301]  TRUE  TRUE

