
Birth-death simulation object with 227 species and 113 extant species

Details for some species:

Extinction times (NA means extant)
[1] 27.87690 40.66178 35.14196 24.94687 29.33394 41.34628


Speciation times 
[1] 49.51846 46.04361 42.70785 34.57602 31.93742 42.50752


Species parents (NA for initial)
[1] NA  1  1  1  1  2


Species status (extinct or extant)
[1] "extinct" "extinct" "extinct" "extinct" "extinct" "extinct"


For more details on vector y, try sim$y, with y one of
TE TS PAR EXTANT



$TE
  [1] 27.87690201 40.66178018 35.14196197 24.94686510 29.33393811 41.34628206
  [7] 35.12699071 30.71865321 25.10531532 24.49749841 17.14831586 31.91842609
 [13] 28.09551914 31.14588205 16.40185244 22.51464836 23.42209309          NA
 [19] 24.85908180 20.30889628 17.49159363 23.15596401 15.27868766 21.37048217
 [25] 15.19258196 11.60941794  3.84056506  5.49481719  1.12027635  4.64450533
 [31]          NA 25.89797952 28.20242424 23.84683724 21.84638827 12.46431197
 [37] 14.28487142 30.62840203 14.20244072          NA          NA  8.62500736
 [43]          NA          NA 15.32910104 11.78292669 11.56526653 17.82748787
 [49]          NA          NA          NA  6.91156273          NA          NA
 [55]          NA 14.62617663 12.12822618  8.42849958 13.24791967 13.38302159
 [61] 15.48923779          NA  3.38932169          NA  3.42860659  7.49235413
 [67]  1.49338357          NA          NA          NA 10.83060656  7.10488848
 [73]          NA  5.76375840  1.79044781  9.83154599 12.60415332 16.58907390
 [79] 12.99221030 13.89273822  5.45564010          NA          NA          NA
 [85]          NA  5.06275615  3.01828466          NA  1.18346401          NA
 [91]  0.14613222  7.12781664  1.56010726          NA  3.94442407  5.73522663
 [97]  0.11909213  2.30044972  6.37191212  6.19924939          NA          NA
[103]          NA          NA 15.45352889  7.22256420          NA          NA
[109]          NA          NA          NA          NA          NA  0.06452009
[115]          NA          NA          NA  4.18275860  0.74221358          NA
[121]  3.16713836          NA  0.78120651  6.09266953          NA  7.83516106
[127]          NA          NA          NA  3.69538949  2.94938277          NA
[133]          NA          NA          NA 15.44895945  3.85471435  2.78984129
[139]          NA          NA          NA          NA          NA          NA
[145]          NA          NA          NA  3.59580875          NA          NA
[151]          NA  4.46868471          NA  0.45249389  7.37128888  2.28544177
[157]  0.89940508  0.03387158          NA          NA          NA          NA
[163]          NA          NA          NA          NA          NA          NA
[169]          NA  7.93573585  3.35850357  4.03457327          NA          NA
[175]          NA          NA          NA  0.11802968          NA          NA
[181]  6.98248627          NA          NA          NA          NA          NA
[187]          NA          NA  3.59284408          NA          NA          NA
[193]          NA  1.69794185          NA          NA  0.69383362          NA
[199]          NA  1.10470224          NA  2.94970897  1.83363907          NA
[205]  1.26385161  1.10113503          NA          NA          NA          NA
[211]  3.28994327          NA  2.55726960          NA  0.58550534  1.23270770
[217]          NA          NA  0.80363378          NA          NA          NA
[223]          NA          NA          NA          NA          NA

$TS
  [1] 49.518460031 46.043606519 42.707845365 34.576020405 31.937416635
  [6] 42.507522856 41.351747120 42.531879936 28.035538993 27.701716002
 [11] 29.405171747 42.432191800 35.316042408 41.714052013 27.275946621
 [16] 27.947534696 23.706004175 38.557001123 25.562884488 24.243043833
 [21] 18.016656496 26.358026900 33.083806765 33.019619687 15.297471528
 [26] 14.760253482 13.161169170 10.595720070  5.095859684  4.985656532
 [31]  2.966166170 29.416422254 28.847997525 27.804063652 22.695758302
 [36] 17.135507182 16.715736110 31.636230504 24.463476758 14.315831830
 [41] 11.264841191  8.699214777  7.296926301  2.919962695 28.218611288
 [46] 17.035208672 15.821789220 18.855383225  7.386324743  6.269924556
 [51]  5.203895739  9.223268159  2.749287814  5.246921095  0.819530118
 [56] 23.591416733 15.854243180 11.816934442 15.777458523 17.960113019
 [61] 17.934748874  7.340663042  7.071564096  6.030641192  5.582107140
 [66]  8.800022934  8.369038248  1.299426172  0.239441804 14.137972229
 [71] 12.910394123 11.237001366 10.087685972  9.718306743  9.152475250
 [76] 14.746372299 17.384158649 17.077972924 16.464687009 14.039148951
 [81]  7.179088691  6.654238903  5.195163224  0.550755481  0.403436130
 [86]  6.829832962  6.823183272  3.715902397  3.456704200  5.151971237
 [91]  6.347580693 10.754871659  7.297670415  7.183887910  7.138340701
 [96]  5.931667974  0.452492500  9.192668826  8.827717052  7.589184524
[101]  7.512281531  6.863086004  4.623058620 10.315651857 17.227564459
[106] 15.749461548 14.604834597  6.329207615  5.772683120  3.334321078
[111]  0.950446317  0.592816519  1.220849885  0.530430395  0.473110442
[116]  6.716925478  6.503595188  4.369480579  2.654274059  2.754088237
[121]  4.213602105  4.209300672  1.695504437 10.267333687 10.046441845
[126]  7.891735373  6.016299816  8.486086740  6.444947088  6.778707384
[131]  4.941390860  1.436161635  2.047585942  1.175793259  5.303620959
[136] 16.228024660 10.146530346  9.999650630  6.200812635  1.479724014
[141]  0.560697052  0.804329802  5.946635433  5.034447938  1.972486798
[146]  3.704314160  8.636709595  6.862407265  5.194753918  3.402489197
[151]  4.630728589  4.591607189  2.523149176  1.183044619  8.160781839
[156]  7.949933109  7.528860146  1.252296996  3.647207613  2.755073367
[161]  1.727654577  3.322413901  2.992923142  0.196516502  0.027397440
[166]  0.978817598  0.836648463  5.194334591  0.460201502  9.341681292
[171]  5.204387776  5.487364877  4.135638677  0.544052991  4.378068448
[176]  4.416631763  3.291424776  0.807755446  1.839094769  0.768195311
[181]  8.144555399  7.798398328  7.554729777  4.841199948  1.032958614
[186]  4.140345136  0.191650605  7.463634245  4.982090629  0.342632177
[191]  0.407265495  4.423022330  3.463383717  3.059897443  0.205850251
[196]  8.149636735  4.691144341  4.939254103  0.488559977  4.193613089
[201]  0.194690540  3.109961851  7.639072529  0.921207473  7.090023744
[206]  7.029420670  2.042900169  0.486036517  0.717218600  4.057578018
[211]  6.620183363  0.612933315  2.641169307  0.798264509  3.459636883
[216]  3.003966040  6.781351871  2.289367422  5.569957193  3.823378849
[221]  3.581806714  1.729382956  0.246108633  0.007938902  2.711626231
[226]  2.639745472  0.664460497

$PAR
  [1]  NA   1   1   1   1   2   2   3   4   4   5   6   7   8  10  11  11  14
 [19]  15  15  15  16  18  18  18  18  18  18  18  18  18  23  23  23  23  23
 [37]  23  24  24  26  27  28  28  31  32  36  37  39  40  40  40  41  41  43
 [55]  43  45  45  46  47  48  48  49  49  49  50  52  52  53  54  57  57  58
 [73]  58  58  58  59  60  60  60  60  62  62  62  62  62  63  63  63  63  65
 [91]  67  70  70  72  73  73  73  74  74  75  75  75  75  76  77  77  79  82
[109]  82  82  82  82  83  84  84  86  87  87  88  89  90  90  90  92  92  98
[127]  98  99 100 101 102 102 103 103 104 105 106 106 107 110 111 113 116 117
[145] 119 122 124 124 125 125 127 127 127 127 128 128 128 128 129 129 129 131
[163] 131 132 132 133 134 135 135 137 138 139 139 140 143 144 144 144 145 146
[181] 147 147 147 147 147 148 150 156 156 161 163 168 168 168 169 170 171 172
[199] 175 176 176 177 181 182 183 183 183 186 188 189 196 196 200 204 205 205
[217] 206 206 211 211 211 216 220 220 221 221 225

$EXTANT
  [1] FALSE FALSE FALSE FALSE FALSE FALSE FALSE FALSE FALSE FALSE FALSE FALSE
 [13] FALSE FALSE FALSE FALSE FALSE  TRUE FALSE FALSE FALSE FALSE FALSE FALSE
 [25] FALSE FALSE FALSE FALSE FALSE FALSE  TRUE FALSE FALSE FALSE FALSE FALSE
 [37] FALSE FALSE FALSE  TRUE  TRUE FALSE  TRUE  TRUE FALSE FALSE FALSE FALSE
 [49]  TRUE  TRUE  TRUE FALSE  TRUE  TRUE  TRUE FALSE FALSE FALSE FALSE FALSE
 [61] FALSE  TRUE FALSE  TRUE FALSE FALSE FALSE  TRUE  TRUE  TRUE FALSE FALSE
 [73]  TRUE FALSE FALSE FALSE FALSE FALSE FALSE FALSE FALSE  TRUE  TRUE  TRUE
 [85]  TRUE FALSE FALSE  TRUE FALSE  TRUE FALSE FALSE FALSE  TRUE FALSE FALSE
 [97] FALSE FALSE FALSE FALSE  TRUE  TRUE  TRUE  TRUE FALSE FALSE  TRUE  TRUE
[109]  TRUE  TRUE  TRUE  TRUE  TRUE FALSE  TRUE  TRUE  TRUE FALSE FALSE  TRUE
[121] FALSE  TRUE FALSE FALSE  TRUE FALSE  TRUE  TRUE  TRUE FALSE FALSE  TRUE
[133]  TRUE  TRUE  TRUE FALSE FALSE FALSE  TRUE  TRUE  TRUE  TRUE  TRUE  TRUE
[145]  TRUE  TRUE  TRUE FALSE  TRUE  TRUE  TRUE FALSE  TRUE FALSE FALSE FALSE
[157] FALSE FALSE  TRUE  TRUE  TRUE  TRUE  TRUE  TRUE  TRUE  TRUE  TRUE  TRUE
[169]  TRUE FALSE FALSE FALSE  TRUE  TRUE  TRUE  TRUE  TRUE FALSE  TRUE  TRUE
[181] FALSE  TRUE  TRUE  TRUE  TRUE  TRUE  TRUE  TRUE FALSE  TRUE  TRUE  TRUE
[193]  TRUE FALSE  TRUE  TRUE FALSE  TRUE  TRUE FALSE  TRUE FALSE FALSE  TRUE
[205] FALSE FALSE  TRUE  TRUE  TRUE  TRUE FALSE  TRUE FALSE  TRUE FALSE FALSE
[217]  TRUE  TRUE FALSE  TRUE  TRUE  TRUE  TRUE  TRUE  TRUE  TRUE  TRUE

