
Birth-death simulation object with 137 species and 48 extant species

Details for some species:

Extinction times (NA means extant)
[1] 39.85012 19.81278 43.79424 40.33019 41.34177 31.89273


Speciation times 
[1] 49.51846 46.07109 43.80118 45.11162 41.78660 35.54143


Species parents (NA for initial)
[1] NA  1  1  2  2  2


Species status (extinct or extant)
[1] "extinct" "extinct" "extinct" "extinct" "extinct" "extinct"


For more details on vector y, try sim$y, with y one of
TE TS PAR EXTANT



$TE
  [1] 39.85012431 19.81277841 43.79423543 40.33019323 41.34177370 31.89273400
  [7] 29.27212347 19.68309805 26.22899928 20.63674004 15.55081872 28.37542669
 [13] 31.48136494 15.42944562 19.46271379 25.13922263 10.67986912 26.35626229
 [19] 22.00889187 13.98744148 21.46096660 28.03075914 17.46672866 19.87262070
 [25] 20.89725858 15.32257192 14.99242656 15.33857750 13.51092392 16.60597706
 [31] 16.47280629 12.87165494          NA 15.42128796 18.95251090 12.22375705
 [37] 13.18222859 16.59294540 23.95584206 22.11285462 19.10978755 17.04471727
 [43] 14.45304661 19.92934752 20.43452711 14.90433814 12.31155437          NA
 [49]  5.84173305          NA 14.91434095 11.78638238 13.88915593 12.57287382
 [55] 13.81360300 14.92269236 17.88171112 14.86452098 16.02476180 11.44717210
 [61] 14.15392937  1.01677113          NA          NA  1.69968233          NA
 [67] 15.82265124 14.44177485 15.15883478 15.09869259 13.75176205 13.27250230
 [73]  4.05584723 11.80737517  1.16301186          NA  4.99204634          NA
 [79]          NA          NA  0.31144910 14.92243450 10.53778481  3.17292485
 [85]  6.78818453          NA  5.87839553          NA  2.52118762          NA
 [91]          NA          NA          NA          NA          NA          NA
 [97]          NA          NA  6.59556294  0.19417001          NA          NA
[103]          NA          NA  1.48918668          NA          NA          NA
[109]          NA          NA          NA          NA  7.15158337          NA
[115]          NA          NA          NA          NA  0.12217704          NA
[121]          NA          NA          NA  0.06435101          NA          NA
[127]          NA          NA          NA  4.54101740  4.29598016          NA
[133]  0.66903460  1.92854918          NA  0.33145380  1.23999326

$TS
  [1] 49.5184600 46.0710913 43.8011756 45.1116187 41.7866022 35.5414271
  [7] 32.7876557 31.7342150 30.0668669 28.3859854 26.2161986 34.3216771
 [13] 32.4781439 31.5901251 30.8834608 28.1244974 26.9050525 26.8434322
 [19] 22.0932797 16.9118239 31.6556037 29.8026803 26.8355079 26.4595967
 [25] 21.7373751 20.2321877 23.3763809 19.5155369 15.8710157 30.1318460
 [31] 26.7242305 25.5817927 22.0427206 21.1611010 21.7026542 15.0766241
 [37] 14.8929816 26.0747190 24.0229627 22.5709868 20.5254558 23.4432243
 [43] 18.3405138 22.7557129 22.0720304 15.6080782 13.4180833  9.5877500
 [49]  7.2230827  0.9376346 19.1015252 13.3822693 13.9122539 23.0078293
 [55] 19.0137550 21.9493949 18.9493449 17.0989565 16.3354294 21.0995179
 [61] 15.1060801  8.2591230  7.8455830  6.3567151  6.1558079  5.7661369
 [67] 16.2302335 15.6847244 17.5242417 17.5022497 16.1328713 14.1830583
 [73] 13.0020828 12.9024682  7.4955699  6.2525509  5.8555306  1.5400296
 [79]  7.5522227  2.0399545  1.3796385 15.3343337 11.9104480 10.9636489
 [85]  9.4021921  6.8527220  6.8223992  5.9245041  5.7755666  1.3076710
 [91]  5.5330200  0.8716299  6.5683859  5.5425366  2.7428410  2.1291112
 [97]  0.8490384  1.1713061 11.4854280  8.8542886  7.6266788  1.8728273
[103]  1.4276980  3.5613472  2.6917827  1.6616557  1.4676461  0.4291777
[109]  0.2552671  3.7058492  0.2286992  0.2033262 10.8189731  6.2586304
[115]  6.1992715  3.5465036  1.9763013  7.5038153  5.3067157  2.4418707
[121]  0.6237505  0.7124769  3.2536990  0.2469589  5.0464604  1.2111071
[127]  4.4735885  2.8342337  0.4755598  7.1208934  7.1046580  4.3236431
[133]  1.6519385  4.7854367  4.7368412  0.4439385  2.0036049

$PAR
  [1]  NA   1   1   2   2   2   2   2   2   2   2   6   7   7   7   9   9   9
 [19]  11  11  13  14  14  14  14  15  17  17  17  21  23  23  24  25  27  27
 [37]  29  30  30  30  30  31  31  32  32  32  32  33  33  33  35  36  37  38
 [55]  38  42  42  42  43  45  46  48  48  48  48  48  51  58  60  60  60  60
 [73]  60  60  62  62  62  62  63  63  66  71  73  73  73  75  75  75  76  76
 [91]  77  78  79  79  79  79  79  81  83  84  84  86  86  89  91  91  91  91
[109]  92  93  95  95  99 100 100 100 100 101 101 101 101 102 104 104 114 114
[127] 115 116 116 118 118 119 123 125 125 125 132

$EXTANT
  [1] FALSE FALSE FALSE FALSE FALSE FALSE FALSE FALSE FALSE FALSE FALSE FALSE
 [13] FALSE FALSE FALSE FALSE FALSE FALSE FALSE FALSE FALSE FALSE FALSE FALSE
 [25] FALSE FALSE FALSE FALSE FALSE FALSE FALSE FALSE  TRUE FALSE FALSE FALSE
 [37] FALSE FALSE FALSE FALSE FALSE FALSE FALSE FALSE FALSE FALSE FALSE  TRUE
 [49] FALSE  TRUE FALSE FALSE FALSE FALSE FALSE FALSE FALSE FALSE FALSE FALSE
 [61] FALSE FALSE  TRUE  TRUE FALSE  TRUE FALSE FALSE FALSE FALSE FALSE FALSE
 [73] FALSE FALSE FALSE  TRUE FALSE  TRUE  TRUE  TRUE FALSE FALSE FALSE FALSE
 [85] FALSE  TRUE FALSE  TRUE FALSE  TRUE  TRUE  TRUE  TRUE  TRUE  TRUE  TRUE
 [97]  TRUE  TRUE FALSE FALSE  TRUE  TRUE  TRUE  TRUE FALSE  TRUE  TRUE  TRUE
[109]  TRUE  TRUE  TRUE  TRUE FALSE  TRUE  TRUE  TRUE  TRUE  TRUE FALSE  TRUE
[121]  TRUE  TRUE  TRUE FALSE  TRUE  TRUE  TRUE  TRUE  TRUE FALSE FALSE  TRUE
[133] FALSE FALSE  TRUE FALSE FALSE

