
Birth-death simulation object with 94 species and 38 extant species

Details for some species:

Extinction times (NA means extant)
[1] 31.99307 44.30591 43.27477 33.52124 32.49301 33.35584


Speciation times 
[1] 49.51846 46.53841 43.65622 43.50723 34.89124 39.26893


Species parents (NA for initial)
[1] NA  1  1  1  1  4


Species status (extinct or extant)
[1] "extinct" "extinct" "extinct" "extinct" "extinct" "extinct"


For more details on vector y, try sim$y, with y one of
TE TS PAR EXTANT



$TE
 [1] 31.99307413 44.30590718 43.27476507 33.52123931 32.49301153 33.35584010
 [7] 26.75493315 28.10618220 28.15261629 23.21783309 27.33175952 27.41601790
[13] 19.23360112 24.33625701          NA 19.90656317 14.76687028          NA
[19] 19.86012232 10.91577060 15.03701560          NA 13.34749860 13.63957334
[25] 15.04275479 18.27260329 15.52723492 14.31108377 10.94311950 12.04085132
[31]  8.43570737 12.05510369 18.96481776 13.26190450 12.89967266 12.83315681
[37] 10.12316282 12.18268882 10.93439208  4.65299025 14.22387349          NA
[43]          NA          NA          NA  4.77995147  5.24785508          NA
[49]  0.70534875          NA  5.46871407          NA          NA  5.54019486
[55]  0.69161317          NA  1.04584369          NA          NA          NA
[61]          NA          NA          NA          NA  5.10613185          NA
[67]          NA          NA  0.01595237  4.26254804          NA  0.51960369
[73]          NA  4.04272113  1.13853830          NA          NA          NA
[79]  2.60539292  2.70214927  0.75067226          NA  0.77665229          NA
[85]          NA          NA          NA          NA          NA          NA
[91]          NA          NA  1.28016731          NA

$TS
 [1] 49.5184600 46.5384140 43.6562193 43.5072311 34.8912374 39.2689282
 [7] 33.6394245 31.2398645 29.0814150 28.4736543 27.7908921 27.5808428
[13] 25.2144688 25.0855978 23.6669426 21.5525497 16.9101410  1.4801665
[19] 20.5387968 20.0244843 15.3036275  0.5111302 20.4268289 20.1376931
[25] 18.8474427 18.3411970 17.4552275 16.4649328 13.5132226 12.0590806
[31] 15.0974346 19.1175344 19.9649646 16.1054831 13.9745081 14.6207448
[37] 11.1339043 14.7074258 12.5337816 14.6646931 14.3637278 10.8716054
[43]  8.0922718  9.7082192  7.7597931  6.9504687  6.0925606  3.8266699
[49]  7.7788409  6.0207054  5.4988614  3.9830225  0.1933892  9.4117271
[55]  8.7107972  4.7966299  5.9014817  5.3695463  1.3068588  3.0168035
[61]  4.3253037  0.9924633  6.3592110  6.0921022  8.2309197  5.4795679
[67]  3.5801613  2.4598247  4.4702785  4.5130792  0.1866368  2.0496749
[73]  0.0681681  5.4999956  3.0419190  7.2135218  4.0380859  2.2275374
[79]  3.8047459  3.2235600  3.0216096  0.7982052  0.9576821  1.8390772
[85]  4.1223055  2.3663423  0.8251791  0.4594337  0.1180696  2.1283394
[91]  2.0440412  2.9745867  2.9908324  2.3629628

$PAR
 [1] NA  1  1  1  1  4  6  7  7  7  7  7 10 10 10 13 15 15 16 16 17 18 19 19 20
[26] 20 20 20 20 20 21 23 24 24 24 28 29 32 32 34 40 40 40 42 42 42 42 42 43 43
[51] 43 43 43 44 44 45 47 47 48 49 50 52 54 54 55 55 55 55 57 58 58 61 62 63 64
[76] 65 66 68 69 69 69 69 72 75 76 77 77 77 77 78 78 80 81 86

$EXTANT
 [1] FALSE FALSE FALSE FALSE FALSE FALSE FALSE FALSE FALSE FALSE FALSE FALSE
[13] FALSE FALSE  TRUE FALSE FALSE  TRUE FALSE FALSE FALSE  TRUE FALSE FALSE
[25] FALSE FALSE FALSE FALSE FALSE FALSE FALSE FALSE FALSE FALSE FALSE FALSE
[37] FALSE FALSE FALSE FALSE FALSE  TRUE  TRUE  TRUE  TRUE FALSE FALSE  TRUE
[49] FALSE  TRUE FALSE  TRUE  TRUE FALSE FALSE  TRUE FALSE  TRUE  TRUE  TRUE
[61]  TRUE  TRUE  TRUE  TRUE FALSE  TRUE  TRUE  TRUE FALSE FALSE  TRUE FALSE
[73]  TRUE FALSE FALSE  TRUE  TRUE  TRUE FALSE FALSE FALSE  TRUE FALSE  TRUE
[85]  TRUE  TRUE  TRUE  TRUE  TRUE  TRUE  TRUE  TRUE FALSE  TRUE

