
Birth-death simulation object with 279 species and 141 extant species

Details for some species:

Extinction times (NA means extant)
[1] 40.56156 38.92870 42.51236 22.84806 42.12753 33.36701


Speciation times 
[1] 49.51846 48.74691 48.08601 45.94276 44.79121 42.88506


Species parents (NA for initial)
[1] NA  1  2  2  2  2


Species status (extinct or extant)
[1] "extinct" "extinct" "extinct" "extinct" "extinct" "extinct"


For more details on vector y, try sim$y, with y one of
TE TS PAR EXTANT



$TE
  [1] 40.56156256 38.92870122 42.51236371 22.84806319 42.12752583 33.36701333
  [7] 42.40417036 42.88168228 24.89231347 21.53032036 22.43375056 34.87986571
 [13] 33.69050017 29.93016033 20.69449674 22.76986468 30.38565560 35.77310858
 [19] 36.51096142 13.92934176 38.73275286 14.13633158 15.42808987 35.96187474
 [25] 26.71793272 24.56138505 18.22482366 19.60391431 13.51133380 19.44758850
 [31] 16.90707348 17.44995349 21.73940227 18.97231500 15.16674677 20.99397546
 [37] 16.57218570 15.45000999 18.49956972 12.64092233 21.46532904 24.26428354
 [43] 14.04621792 15.64395761 15.45925720 19.84934781 20.38247317 17.14242206
 [49]          NA 12.49680803 18.33786766 14.80272991 11.88538210 13.69985789
 [55] 11.86758358 14.79663111 14.76510576 14.86637948 14.45553483 16.96227205
 [61]          NA 14.22426664 11.84807099 13.47807002          NA  2.96474388
 [67] 15.72456396 14.83096428 14.46275016  9.22819019          NA 11.76610996
 [73] 13.06244474 11.05545614 12.52814345 13.62024551          NA 14.79926610
 [79] 14.91952085          NA 14.28463735  8.17469043          NA  3.92594685
 [85]          NA          NA          NA          NA 10.86603683          NA
 [91]  2.94807831 12.75653517 11.47503287  7.41928092          NA  2.17781763
 [97]          NA          NA  0.25302588  5.16022475          NA          NA
[103]          NA          NA          NA  2.29726706          NA          NA
[109]  6.43797501  3.58694642  1.04652994          NA          NA          NA
[115]          NA  0.15398261          NA  7.34064645  4.15211846          NA
[121]  1.20452403          NA          NA  7.23231442          NA          NA
[127]          NA          NA          NA          NA          NA  4.98843913
[133]          NA          NA          NA          NA  0.62077986 12.59413416
[139]  3.37231603  2.81174379  1.56089720  3.57951898  6.32084784          NA
[145]  2.99041866          NA          NA          NA          NA          NA
[151]  6.93647589          NA          NA          NA  1.42584943          NA
[157]  0.15113889          NA          NA          NA  0.66936194  7.91056045
[163]  2.55551490          NA          NA  1.69980552  1.50668129          NA
[169]  3.14243733          NA          NA          NA          NA          NA
[175]  0.02239366          NA          NA          NA          NA          NA
[181]  1.14718552  2.21161911          NA  3.23820270  3.56989542          NA
[187]          NA          NA          NA  4.20918834          NA          NA
[193]          NA          NA  3.07758303  1.45209544          NA  1.98146133
[199]  3.07410285          NA  0.56187137          NA          NA  0.34248373
[205]          NA  3.73761997          NA          NA          NA          NA
[211]          NA          NA          NA          NA          NA          NA
[217]          NA          NA          NA          NA          NA          NA
[223]          NA  2.67689105  5.06184733          NA          NA          NA
[229]          NA          NA          NA          NA          NA  1.74863336
[235]          NA  3.44877251          NA          NA  0.94306610          NA
[241]          NA          NA          NA          NA          NA          NA
[247]          NA          NA  1.82556373          NA          NA          NA
[253]          NA  5.64525055  2.84710258          NA          NA          NA
[259]          NA          NA          NA          NA  0.22420926          NA
[265]  0.51470934          NA  0.16952877  1.19935939          NA          NA
[271]          NA          NA          NA          NA          NA          NA
[277]          NA  0.88783216          NA

$TS
  [1] 49.51846003 48.74690544 48.08600557 45.94275793 44.79120655 42.88506130
  [7] 44.21746166 43.13944187 37.03315175 27.61640780 23.30877563 42.80980790
 [13] 40.42092114 33.16511256 26.61807101 23.30754397 40.20064261 39.13428478
 [19] 40.18882700 22.30157528 39.45117451 37.30592621 32.99235351 37.77997342
 [25] 37.24353878 26.28266942 20.34060206 20.13574478 14.73391598 29.91163776
 [31] 26.72418837 26.44048922 23.88280186 23.52870611 18.39996222 27.90434490
 [37] 24.57716553 19.86521965 25.96983929 25.66281661 22.11520689 24.54818333
 [43] 23.40910792 22.12150253 20.60396400 23.53479866 21.75492362 21.24933719
 [49] 18.58418615 17.53809468 22.45959220 20.20883941 22.11850158 20.11177718
 [55] 15.76978806 18.13763220 16.53963516 20.34804628 20.95748889 20.80229668
 [61] 19.15632716 16.98500511 14.46989822 13.93439847  7.18205163  6.52768297
 [67] 21.11155931 17.94272904 15.26360627 14.49767787 13.92624645 12.69831700
 [73] 13.97013412 14.10940316 14.06355971 14.92810112 17.34618661 19.96736417
 [79] 19.95326226 14.99009800 14.80193776 12.17085634 10.68629789  8.76114416
 [85]  5.59611220  6.40420957 10.12402625 11.33734393 10.89236837  6.32177406
 [91]  2.98445731 13.72989262 14.37134313 10.71337708  8.68147026  8.59075871
 [97]  6.82949402  6.22006117  5.34364800 14.25545275 12.46470663  5.50667298
[103]  1.70790150  9.56984496  7.20473776  3.50629392  1.40549879  6.85455830
[109]  6.51025555  5.75481118  5.03894311  4.45103793  3.68932241  2.33729581
[115]  1.75122990 10.08118785  9.62545345  9.06482713  5.95404206  3.14244838
[121]  9.02871673  8.36078842  7.89725100  7.35059408  7.15067855  6.89972568
[127]  5.28751110  6.23838559  5.95160371  2.63164848  0.63157407  6.94782116
[133]  7.70059145  1.92274414  0.93680487  0.61783886  1.65678811 12.67612191
[139]  6.37904143  6.36303926  9.06401172  8.62751845  7.23381525  0.36243708
[145]  4.81334729  5.68093921  3.98739649  3.60206175  3.02582655  0.80772951
[151]  7.74851134  6.35566118  6.28205518  2.00784001  9.01274273  1.41215858
[157]  1.40622955  2.73813515  0.50772135  7.16295434  1.90435240  8.19739899
[163]  8.15608789  6.90874967  6.38432924  5.96462568  7.46789538  4.02667854
[169]  7.25018952  6.18526417  3.86819776  1.90845346  4.65091997  0.30011854
[175]  6.06802315  0.23755034  0.57011345  0.29119561  0.56344138  7.82784598
[181]  3.35127920  7.79225421  6.25133641  6.08375647  4.27968249  6.35851323
[187]  4.53417403  4.30932837  3.81089924  4.38732168  1.87938546  0.06447867
[193]  0.32144729  6.94896329  6.04622396  5.90643671  0.28307934  7.43194213
[199]  6.42143396  4.03228589  2.24786847  2.14156779  6.29634573  5.79841932
[205]  0.57457324  6.17116152  4.26565708  3.29080249  6.74906119  5.81118076
[211]  5.79845342  5.14042181  4.47233933  3.24926012  2.84415874  1.66679592
[217]  2.98602218  2.12889203  3.63265549  1.17558805  1.88538524  7.69483434
[223]  7.31078732  7.10253096  5.15573833  4.49581848  6.13879587  4.66660113
[229]  4.29739446  0.02193732  3.20883485  3.52070526  2.80157287  1.77140262
[235]  4.82912890  5.44191314  4.03249748  2.54261800  5.62141016  5.06490682
[241]  3.10834811  1.40058145  1.18876018  3.39694166  4.23683651  2.16246100
[247]  0.54025661  3.67683337  2.18725594  0.18583917  0.52544248  1.55989634
[253]  1.55817742  7.29279162  4.31188861  4.54575753  3.23316342  1.54728620
[259]  2.84029766  2.37701435  0.68487217  1.08607776  2.90655694  1.49393995
[265]  1.94219309  1.43208126  0.88501139  2.15773294  1.80786610  0.44204037
[271]  2.90426382  0.32769352  1.13152959  0.81747853  1.25901415  1.84438784
[277]  0.81378487  1.66809153  0.28309454

$PAR
  [1]  NA   1   2   2   2   2   4   4   4   4   4   5   6   9  10  11  12  12
 [19]  13  15  17  17  17  18  22  22  22  22  22  23  23  23  23  23  23  25
 [37]  30  30  31  31  31  32  32  32  32  33  37  37  37  37  39  40  43  43
 [55]  43  45  45  46  47  47  48  49  49  49  49  49  51  52  53  53  53  53
 [73]  54  55  55  57  59  60  60  61  61  61  61  61  61  66  70  71  71  71
 [91]  71  73  76  77  77  77  77  77  77  80  80  80  80  82  83  83  83  84
[109]  84  84  84  85  86  86  86  87  87  87  87  87  88  88  88  88  88  88
[127]  88  90  90  90  90  95  96  97  97  97  99 100 100 100 101 101 101 104
[145] 105 110 111 112 112 115 116 116 116 116 117 117 117 120 120 121 121 122
[163] 122 122 122 122 123 123 124 125 127 128 129 129 132 133 134 134 135 141
[181] 141 142 142 142 142 143 145 145 145 146 146 146 148 151 152 152 154 155
[199] 155 155 158 158 160 160 160 163 163 163 164 166 166 166 167 167 171 173
[217] 175 175 180 180 181 182 182 182 182 183 186 186 186 186 189 194 194 194
[235] 198 204 204 204 206 206 207 209 209 210 211 211 211 213 213 213 214 215
[253] 217 223 224 227 227 227 228 228 228 229 232 237 238 240 240 245 245 247
[271] 255 257 258 259 264 271 274 276 277

$EXTANT
  [1] FALSE FALSE FALSE FALSE FALSE FALSE FALSE FALSE FALSE FALSE FALSE FALSE
 [13] FALSE FALSE FALSE FALSE FALSE FALSE FALSE FALSE FALSE FALSE FALSE FALSE
 [25] FALSE FALSE FALSE FALSE FALSE FALSE FALSE FALSE FALSE FALSE FALSE FALSE
 [37] FALSE FALSE FALSE FALSE FALSE FALSE FALSE FALSE FALSE FALSE FALSE FALSE
 [49]  TRUE FALSE FALSE FALSE FALSE FALSE FALSE FALSE FALSE FALSE FALSE FALSE
 [61]  TRUE FALSE FALSE FALSE  TRUE FALSE FALSE FALSE FALSE FALSE  TRUE FALSE
 [73] FALSE FALSE FALSE FALSE  TRUE FALSE FALSE  TRUE FALSE FALSE  TRUE FALSE
 [85]  TRUE  TRUE  TRUE  TRUE FALSE  TRUE FALSE FALSE FALSE FALSE  TRUE FALSE
 [97]  TRUE  TRUE FALSE FALSE  TRUE  TRUE  TRUE  TRUE  TRUE FALSE  TRUE  TRUE
[109] FALSE FALSE FALSE  TRUE  TRUE  TRUE  TRUE FALSE  TRUE FALSE FALSE  TRUE
[121] FALSE  TRUE  TRUE FALSE  TRUE  TRUE  TRUE  TRUE  TRUE  TRUE  TRUE FALSE
[133]  TRUE  TRUE  TRUE  TRUE FALSE FALSE FALSE FALSE FALSE FALSE FALSE  TRUE
[145] FALSE  TRUE  TRUE  TRUE  TRUE  TRUE FALSE  TRUE  TRUE  TRUE FALSE  TRUE
[157] FALSE  TRUE  TRUE  TRUE FALSE FALSE FALSE  TRUE  TRUE FALSE FALSE  TRUE
[169] FALSE  TRUE  TRUE  TRUE  TRUE  TRUE FALSE  TRUE  TRUE  TRUE  TRUE  TRUE
[181] FALSE FALSE  TRUE FALSE FALSE  TRUE  TRUE  TRUE  TRUE FALSE  TRUE  TRUE
[193]  TRUE  TRUE FALSE FALSE  TRUE FALSE FALSE  TRUE FALSE  TRUE  TRUE FALSE
[205]  TRUE FALSE  TRUE  TRUE  TRUE  TRUE  TRUE  TRUE  TRUE  TRUE  TRUE  TRUE
[217]  TRUE  TRUE  TRUE  TRUE  TRUE  TRUE  TRUE FALSE FALSE  TRUE  TRUE  TRUE
[229]  TRUE  TRUE  TRUE  TRUE  TRUE FALSE  TRUE FALSE  TRUE  TRUE FALSE  TRUE
[241]  TRUE  TRUE  TRUE  TRUE  TRUE  TRUE  TRUE  TRUE FALSE  TRUE  TRUE  TRUE
[253]  TRUE FALSE FALSE  TRUE  TRUE  TRUE  TRUE  TRUE  TRUE  TRUE FALSE  TRUE
[265] FALSE  TRUE FALSE FALSE  TRUE  TRUE  TRUE  TRUE  TRUE  TRUE  TRUE  TRUE
[277]  TRUE FALSE  TRUE

