
Birth-death simulation object with 304 species and 100 extant species

Details for some species:

Extinction times (NA means extant)
[1] 36.04492 11.68314 34.91585 37.21015 11.79647 31.88272


Speciation times 
[1] 46.31901 44.31901 42.34502 42.19932 42.19535 37.07505


Species parents (NA for initial)
[1] NA  1  1  1  1  1


Species status (extinct or extant)
[1] "extinct" "extinct" "extinct" "extinct" "extinct" "extinct"


For more details on vector y, try sim$y, with y one of
TE TS PAR EXTANT



$TE
  [1] 36.04492414 11.68313884 34.91585070 37.21015087 11.79646807 31.88271882
  [7]  5.20195644 24.73301317 14.56666271 24.70460973 35.87353644 26.50238559
 [13] 30.12987676 28.53621701 34.00345153 19.45188497 12.42553543 24.64850194
 [19]  4.81384315 12.34446483 13.63916729 12.27052854  8.43837408 12.13375384
 [25]  2.68939881 25.18793140 20.84098390 17.58815338 24.53412680 38.06806930
 [31] 33.28182294 15.93677676 16.28162672 10.64153268 26.94617811 28.87606302
 [37] 26.83510459 15.66494915 18.40875731 14.72281418 12.92974507  6.00237143
 [43]  5.59662638          NA 17.81361815 17.54056924 24.55536646 21.20762402
 [49] 33.16499247 25.44299494 27.73216439 23.92329559 18.84190006 19.28955946
 [55] 12.67796252 16.45621774 14.61742797 19.53940975          NA 19.65201247
 [61] 11.78595637 11.90316413 11.87132834  5.78839929 29.29802239 15.39057761
 [67] 16.66759016          NA          NA 19.24260111 20.70309264 14.43660059
 [73] 20.19389533 15.59777592 12.09258583  0.25716098 12.20511820 13.51702241
 [79] 15.51925401 13.77332184 12.27118748 11.74798435 15.12538187          NA
 [85]  1.84913632  0.35109203 12.21154405 12.01239996 12.41656198 12.24982710
 [91]  2.45103994  6.58381004  0.81882871  6.73498107  1.36874530          NA
 [97] 12.44737748 12.26802935 19.19149739 17.42476198 11.80038177  7.64847861
[103]  5.33463283          NA 11.90136152 12.32919097 13.94072462 12.79398460
[109] 16.03630820  2.79069881 14.09910885  5.40872346          NA          NA
[115]          NA          NA  0.44495901  8.64359160  2.51831120 12.46568206
[121] 12.70251477 11.69719450  6.02943292          NA  0.61366046  7.28439506
[127]  3.83037024  1.12113469 21.77884177 20.00086088 11.81952954 16.70028618
[133] 18.22756755 11.88119435 12.14627462 12.04708979  8.41943764          NA
[139]          NA 12.41958179 15.50910521 16.27425812 14.89844398          NA
[145]  3.80765967  2.36049200          NA  4.97995639          NA          NA
[151]  0.26202806          NA          NA          NA          NA  1.51351536
[157]          NA  2.60817757          NA  2.18424710          NA 14.50292747
[163]  8.03322739 12.41029814 14.08094814 13.25450731          NA  1.90800413
[169]          NA          NA          NA          NA          NA          NA
[175]          NA          NA          NA 11.74672061  7.06289127  0.79182841
[181]          NA          NA          NA  0.84908796  4.70517463          NA
[187]          NA  4.86660137  2.04150935          NA  3.70503521          NA
[193]          NA          NA  4.56913697          NA          NA          NA
[199]          NA 11.85356430 11.84266724 14.71624325 12.21962026 12.21607757
[205] 12.33054736          NA          NA          NA          NA  2.14673498
[211]  4.52744713          NA  4.81932552          NA 11.94158129 11.04074354
[217] 12.87619764 10.47165238  6.07727532  0.83958478  1.81772631          NA
[223]  4.34470522          NA  7.99644610 12.45773922 10.09792757  9.34237797
[229]  0.54889157          NA          NA          NA          NA          NA
[235]          NA          NA          NA          NA          NA  0.87463292
[241]          NA  2.21317384  0.34793990 12.09854735          NA 12.28705558
[247]  1.41920425  2.21583941 12.14159072 10.29772676          NA  0.04629376
[253]          NA  4.45323887  5.12685139          NA          NA          NA
[259]          NA          NA  0.46907941  1.92160327          NA  0.31628729
[265]          NA          NA          NA  8.85322285  2.06652549  5.51591956
[271]          NA  0.43430189  0.47138325          NA 11.84910159          NA
[277] 11.84536744  3.09302511  3.89116148          NA          NA          NA
[283]          NA          NA          NA  9.88152355  7.12771961  4.33678548
[289]  6.13266083          NA          NA          NA          NA  3.02673243
[295]          NA          NA          NA  0.67179983  1.37297787          NA
[301]          NA          NA          NA          NA

$TS
  [1] 46.31901109 44.31900697 42.34501908 42.19931940 42.19535460 37.07505107
  [7] 36.13073258 31.97874189 18.53440772 36.36582999 35.91306496 39.39969913
 [13] 37.27050545 37.14458209 36.61801989 29.16666410 28.78398209 27.18042463
 [19] 21.99035472 15.52662571 13.90236615 12.99150821 11.88360966 15.39627608
 [25]  6.73811231 27.68162320 26.54792509 26.26406851 35.78168475 38.80340278
 [31] 38.13906870 34.76056432 30.80379206 30.22376591 36.40650242 34.51509986
 [37] 28.71026137 17.84007683 20.97140188 14.82800916 14.44103238 10.07700547
 [43]  9.13917329  6.00376653 25.56264311 25.19214048 24.82719340 23.33300923
 [49] 38.36441790 37.71081184 30.95435582 29.62157315 25.62903949 24.32378218
 [55] 19.56172997 27.81851511 24.29726540 25.61125828 22.26146473 19.76394862
 [61] 15.47726915 13.41822924 12.67805454 28.43872224 30.49813410 15.67623613
 [67] 18.92752525  6.00410876  3.76456987 25.86179772 24.96817943 23.55695321
 [73] 23.51852171 21.43475780 19.83707887 17.02210547 16.95499181 15.11397183
 [79] 21.74101692 18.97069691 15.59002663 20.01233420 17.79038597 10.09670389
 [85]  9.64679863  5.12861041 12.32515158 12.08667282 23.64668671 12.93190766
 [91] 10.44962502  8.93115005  7.80315498  7.70430783  6.84857199  3.30223079
 [97] 20.27192019 24.36218583 23.03942702 17.85114985 20.18910358 15.75296936
[103]  9.77918928  6.70174741 14.69857274 13.22623656 19.99029595 19.38866494
[109] 16.73122570 14.98678315 14.88965238 11.77649161  9.46337984  9.15738899
[115]  5.58571448  2.27908914  0.91075132  8.68908162  8.61442574 23.24077043
[121] 22.34970510 15.28433878  9.86138281  9.85069221  4.06412178  7.75239587
[127]  6.88193381  7.68676230 22.78656838 21.74719325 19.78278067 18.58299345
[133] 18.99177889 12.72021816 13.89943936 12.07944844  9.12433095  7.78754469
[139]  7.80570693 13.15917218 15.91027002 19.24062714 18.59742450  3.57532220
[145]  8.85553021  7.27632444  5.40934374  8.52071537  7.05710793  0.35236508
[151]  6.11821266  1.08782220  1.08498497  5.53318775  4.66420247  2.82451791
[157]  0.88637046  7.26904523  7.18180285  6.67835972  3.40370773 15.07856319
[163] 21.50859866 15.23722192 15.04491236 13.56246748  6.33075785  2.20768240
[169]  0.23880469  6.40765401  7.27063583  7.00861707 22.02230352  8.98128071
[175]  3.33804129  3.01661797  0.60108458 12.97729039 17.31195953  1.24712466
[181]  7.98146661  7.74019280  6.97082123  6.19299850  5.40396818  1.23092055
[187]  5.63352400  5.03738189  2.77787569  4.31980795  4.29283064  0.71240355
[193]  6.71367847  5.30075666  4.95423062  1.04149461  1.02733600  3.84624699
[199]  2.56194466 17.37876561 16.56771084 16.24457739 14.71211098 14.18578193
[205] 14.59139627  5.68284947  2.28302157  5.28369683  1.84428760  7.20296596
[211]  6.22625398  3.98810239  6.79908778  1.98909614 16.27482742 14.72424426
[217] 13.62613177 11.42560000  6.95956817  5.83896372  2.77544034  1.16598557
[223]  4.70153118  3.86131994 11.95653934 12.49294497 10.59675025 10.00987362
[229]  8.23100262  2.16771591  1.95514745  1.40220501  2.21255603  2.02400584
[235]  0.18493040  3.83742718  5.98446755  2.87953300  2.00019642  3.72834520
[241]  0.29778395  2.68565124  2.00320106 13.66209985 13.37387721 13.55195289
[247]  2.69676542  6.18213639 14.82819137 10.63059122  3.59749746  1.29126440
[253]  1.06336255  8.03356995  7.90712845  7.86443343  6.99422470  6.47164656
[259]  3.22556975  0.58586041  0.73894676  2.56564517  2.31492272  0.92230071
[265]  2.83276899  1.35338568 11.44010090  9.22100374  8.07911741  7.66851608
[271]  6.13445840  4.52905988  3.79844023  0.04025609 12.57574956  3.67601568
[277] 12.94375693  5.05969207  7.62254804  4.33790923  2.64084486  3.42274278
[283]  0.11492226  1.59955909  1.47498011 11.01054072 10.50066760  6.59569516
[289]  6.28819712  4.61238636  2.61799155  4.30111997  6.75142826  5.44616708
[295]  1.78230208  0.44695444  1.11550755  5.76100921  1.48709560  1.31136586
[301]  2.73869508  1.21205430  4.98816323  2.34811513

$PAR
  [1]  NA   1   1   1   1   1   1   2   2   3   3   4   5   5   5   5   5   5
 [19]   5   5   5   5   5   7   7   8   8   8  10  12  12  12  13  13  14  15
 [37]  17  17  19  19  19  19  23  25  26  27  28  28  30  31  32  32  32  32
 [55]  32  33  33  34  34  34  34  34  34  35  36  38  39  42  44  52  52  53
 [73]  53  54  54  55  55  55  56  57  57  58  59  59  59  59  61  61  64  64
 [91]  64  64  64  64  64  69  70  71  72  72  74  74  76  76  77  77  79  79
[109]  79  80  82  82  84  84  84  84  84  85  85  89  89  89  91  91  91  92
[127]  92  94  98  98  98  98 101 101 102 102 102 102 103 106 107 108 108 110
[145] 112 112 112 113 113 113 114 114 114 115 115 115 115 119 119 119 119 120
[163] 121 122 122 122 124 124 124 127 128 128 129 137 138 139 139 140 143 144
[181] 145 145 146 146 146 147 149 149 149 155 155 157 158 159 159 159 159 160
[199] 160 163 163 163 163 163 164 167 167 170 170 171 171 171 172 172 173 173
[217] 173 173 173 173 173 173 174 174 178 179 179 179 179 182 182 187 190 190
[235] 190 191 193 193 193 194 194 198 198 200 204 205 210 211 215 218 220 220
[253] 224 229 229 229 229 229 229 230 232 236 236 237 238 238 245 245 245 245
[271] 245 245 245 245 246 248 249 254 256 256 256 258 259 263 265 267 267 267
[289] 267 267 271 272 279 279 281 282 284 288 292 292 293 295 298 303

$EXTANT
  [1] FALSE FALSE FALSE FALSE FALSE FALSE FALSE FALSE FALSE FALSE FALSE FALSE
 [13] FALSE FALSE FALSE FALSE FALSE FALSE FALSE FALSE FALSE FALSE FALSE FALSE
 [25] FALSE FALSE FALSE FALSE FALSE FALSE FALSE FALSE FALSE FALSE FALSE FALSE
 [37] FALSE FALSE FALSE FALSE FALSE FALSE FALSE  TRUE FALSE FALSE FALSE FALSE
 [49] FALSE FALSE FALSE FALSE FALSE FALSE FALSE FALSE FALSE FALSE  TRUE FALSE
 [61] FALSE FALSE FALSE FALSE FALSE FALSE FALSE  TRUE  TRUE FALSE FALSE FALSE
 [73] FALSE FALSE FALSE FALSE FALSE FALSE FALSE FALSE FALSE FALSE FALSE  TRUE
 [85] FALSE FALSE FALSE FALSE FALSE FALSE FALSE FALSE FALSE FALSE FALSE  TRUE
 [97] FALSE FALSE FALSE FALSE FALSE FALSE FALSE  TRUE FALSE FALSE FALSE FALSE
[109] FALSE FALSE FALSE FALSE  TRUE  TRUE  TRUE  TRUE FALSE FALSE FALSE FALSE
[121] FALSE FALSE FALSE  TRUE FALSE FALSE FALSE FALSE FALSE FALSE FALSE FALSE
[133] FALSE FALSE FALSE FALSE FALSE  TRUE  TRUE FALSE FALSE FALSE FALSE  TRUE
[145] FALSE FALSE  TRUE FALSE  TRUE  TRUE FALSE  TRUE  TRUE  TRUE  TRUE FALSE
[157]  TRUE FALSE  TRUE FALSE  TRUE FALSE FALSE FALSE FALSE FALSE  TRUE FALSE
[169]  TRUE  TRUE  TRUE  TRUE  TRUE  TRUE  TRUE  TRUE  TRUE FALSE FALSE FALSE
[181]  TRUE  TRUE  TRUE FALSE FALSE  TRUE  TRUE FALSE FALSE  TRUE FALSE  TRUE
[193]  TRUE  TRUE FALSE  TRUE  TRUE  TRUE  TRUE FALSE FALSE FALSE FALSE FALSE
[205] FALSE  TRUE  TRUE  TRUE  TRUE FALSE FALSE  TRUE FALSE  TRUE FALSE FALSE
[217] FALSE FALSE FALSE FALSE FALSE  TRUE FALSE  TRUE FALSE FALSE FALSE FALSE
[229] FALSE  TRUE  TRUE  TRUE  TRUE  TRUE  TRUE  TRUE  TRUE  TRUE  TRUE FALSE
[241]  TRUE FALSE FALSE FALSE  TRUE FALSE FALSE FALSE FALSE FALSE  TRUE FALSE
[253]  TRUE FALSE FALSE  TRUE  TRUE  TRUE  TRUE  TRUE FALSE FALSE  TRUE FALSE
[265]  TRUE  TRUE  TRUE FALSE FALSE FALSE  TRUE FALSE FALSE  TRUE FALSE  TRUE
[277] FALSE FALSE FALSE  TRUE  TRUE  TRUE  TRUE  TRUE  TRUE FALSE FALSE FALSE
[289] FALSE  TRUE  TRUE  TRUE  TRUE FALSE  TRUE  TRUE  TRUE FALSE FALSE  TRUE
[301]  TRUE  TRUE  TRUE  TRUE

