
Birth-death simulation object with 253 species and 101 extant species

Details for some species:

Extinction times (NA means extant)
[1] 42.302739 37.139113  6.350388 38.879336 22.651404 31.160371


Speciation times 
[1] 46.31901 43.00577 42.61573 41.07912 39.22519 37.25227


Species parents (NA for initial)
[1] NA  1  2  3  3  3


Species status (extinct or extant)
[1] "extinct" "extinct" "extinct" "extinct" "extinct" "extinct"


For more details on vector y, try sim$y, with y one of
TE TS PAR EXTANT



$TE
  [1] 42.30273915 37.13911333  6.35038813 38.87933606 22.65140395 31.16037088
  [7] 14.89447276 22.08771630  1.82285499  3.86358110 35.99302021 28.73567244
 [13] 27.56508415 22.71614382 24.22498067 21.47537434 11.93223694 22.52864036
 [19]  7.98091514  0.15472536  4.82297889  0.84395159          NA          NA
 [25]          NA          NA  1.99003782 37.12321301 18.68836371 29.91882603
 [31] 17.63399160 12.19779100  9.62565492 23.54392820 16.11956161          NA
 [37] 18.22812222 23.25902171  6.27482695          NA          NA  3.26002769
 [43]          NA          NA          NA  1.80863745          NA  1.80798234
 [49]          NA 23.59881228 28.11529270 24.28790643 11.75594140  4.38288915
 [55]          NA 13.98941125 16.74838853 12.26155550 11.98798718 14.25880759
 [61] 18.48899416 14.63348617  0.42729166 14.81981646 10.29230521          NA
 [67]  3.88581489  7.87006190          NA  5.47971348  5.29755994  3.70457086
 [73]  2.54930882  0.03941528          NA  2.97552929          NA  4.58741739
 [79]          NA  0.89418874          NA 13.66660214 18.85311152 27.03266681
 [85]  1.26965348          NA          NA 12.28875954 12.40046367          NA
 [91] 19.58094156 12.52191129 12.01513682 16.96139699 12.21708797  8.71912846
 [97] 11.82375389 14.34953938 12.34310917  9.75648658  8.43581701  1.71842298
[103]          NA  3.54416621  0.81674725  2.70269322          NA          NA
[109]          NA  3.61838111          NA  0.35821502          NA          NA
[115] 12.33859916 16.46558369 15.61017404 12.23597960 23.38689572 24.52056963
[121] 11.69865298  6.60880450  0.92394767 12.30689704 12.32239987 15.56360477
[127]  9.77438139 12.07135817  2.49769978  6.13646461  0.33673215          NA
[133]  4.34143731 14.85462813 11.74133264          NA          NA          NA
[139]  5.76867091          NA  3.65093577  1.58337641  5.66298532  2.17695447
[145]          NA          NA  2.97729062          NA          NA          NA
[151]  2.97293734          NA          NA          NA 14.17373445 15.80767196
[157] 11.91355972 12.04182034          NA  2.53903831 12.40056213 11.75691767
[163]  9.44565834  9.43574436  4.58246073          NA  0.70043483  4.76636174
[169] 12.02256663  7.99902094  5.49183720  5.91785715          NA          NA
[175]          NA          NA          NA  4.93931917          NA          NA
[181]          NA          NA          NA  0.01012754          NA          NA
[187]          NA          NA          NA          NA 11.99114728 12.92620988
[193]  1.06153031          NA          NA          NA          NA 12.32715177
[199] 11.46946735          NA          NA  3.31840703  0.86459304          NA
[205]          NA          NA          NA  6.69591121          NA          NA
[211]          NA          NA          NA          NA          NA          NA
[217]  1.02169471          NA          NA 13.76566542  0.77348338          NA
[223]          NA          NA          NA  2.58550005          NA          NA
[229]  5.51359739          NA  6.38390106  0.54530947          NA          NA
[235]  0.13108051  4.18528607          NA  3.31624221          NA          NA
[241]  2.18896001          NA          NA          NA          NA          NA
[247]          NA          NA  0.85332573  0.42476602          NA  0.57793333
[253]          NA

$TS
  [1] 46.319011088 43.005769352 42.615729380 41.079115168 39.225193085
  [6] 37.252272677 25.417357780 23.615492788 11.090695397  8.058336551
 [11] 39.038290583 36.971024617 33.665539392 29.374395781 27.278254339
 [16] 26.184450409 33.111702772 22.682385247  9.593912066  8.273922877
 [21]  7.571254459  7.543741026  6.936114313  6.056625322  5.998658772
 [26]  5.830207571  4.062404187 37.943955916 33.013306276 29.999709061
 [31] 29.477439541 25.090877948 23.042604393 24.724786330 22.606192612
 [36] 29.767538591 28.711840917 26.964782078 13.437159718  8.256180210
 [41]  8.013311210  7.223555753  6.224783381  5.612107819  5.332299071
 [46]  5.144046670  4.876950158  4.666905926  1.876703210 29.716203676
 [51] 28.434494056 28.649740147 12.681829331 11.439759869 11.201008572
 [56] 16.344272979 29.309546899 23.579280378 22.992176443 21.190352941
 [61] 20.296490407 19.132598037 17.879315506 15.011121392 10.651246530
 [66]  7.640221552  8.091945522  8.001509470  6.980188814  6.961963831
 [71]  6.709797319  5.728001239  3.680821397  0.106858918  7.183896369
 [76]  4.480392397  0.659417431  5.519383872  1.844463903  1.598733236
 [81]  3.574496907 26.913374399 26.532769126 28.029336181  8.498917965
 [86] 10.702725264  4.557576635 16.190254794 15.023014699 26.527838142
 [91] 19.918257643 19.189486912 18.272783549 21.639641389 15.831661564
 [96] 12.719760861 12.274023796 19.173679318 16.693365783 10.449088911
[101] 10.022853263  8.339363567  6.935190621 10.306022754  7.070632740
[106]  6.649318226  6.282325964  3.813146274  3.321671392  6.821990005
[111]  0.731023203  5.649340585  0.127228038  4.703607510 23.154214492
[116] 21.381544373 17.808641144 16.091002333 25.349961151 25.337821196
[121] 18.855034404  8.142820185  4.053990300 15.166168914 14.051008218
[126] 18.774433363 14.674120768 12.263265589 11.103189943  8.721163485
[131]  6.175073934  4.087329332 15.183172362 14.980480782 19.501325703
[136]  9.913558269 15.041260801  8.202701213  7.160906349  4.757307900
[141]  3.799075376  7.445721203  6.524502354  5.452896033  2.245236011
[146]  6.618438390  4.046853635  5.134741619  3.544724621  1.922948933
[151]  6.493454551  5.402513755  5.400998394  1.312871680 19.496161785
[156] 19.100617652 16.018859656 13.929483525  7.737949908  6.991968114
[161] 13.064536913 12.376760710 13.237336076  9.980220708  7.447916674
[166]  5.839516251  2.779967782  7.581161325 13.661572307 11.229895280
[171]  8.781733024  8.492017398  7.487209273  2.594329890  2.429921279
[176]  1.569796381 10.708347623  8.686122536  8.026051705  6.361098131
[181]  4.004952943  1.701971811  0.380051187  1.300806038  2.590305735
[186]  1.067090371  0.560848248  6.122563055  5.363284272  2.168630142
[191] 14.767263822 15.320932408  4.093422871  0.780973808  0.708264618
[196]  9.601856263  3.338829142 13.250372290 12.626474667  7.926049290
[201]  7.159619848  5.739217454  2.121168092  0.320427854  2.095306503
[206]  0.249610443  7.990406564  6.902513972  5.748789059  7.831699080
[211]  3.681519613  4.119443283  1.999167492  0.001584537  1.218116883
[216]  0.831878108  1.622196011  1.253800581  3.026854828 14.887777899
[221]  1.076349615  8.857285524  0.922360262  7.207659000  2.442477479
[226]  7.033842803  5.593318814  7.460118585  5.598219569  5.078294773
[231]  7.729769090  5.656350003  1.978261991  6.742012978  0.415682437
[236]  6.996404442  3.225398045  6.978102021  6.555383829  1.896340853
[241]  5.158886398  0.421189529  6.958168660  6.790989849  5.236064635
[246]  4.877779177  3.736862562  3.586877312  2.966211394  1.376849745
[251]  2.818787494  1.746224706  0.835516106

$PAR
  [1]  NA   1   2   3   3   3   3   3   3   3   4   5   5   5   5   5   6   7
 [19]   9   9   9   9   9   9   9  10  10  11  13  13  13  14  14  15  16  17
 [37]  17  17  17  19  20  20  22  23  23  24  25  25  25  29  29  31  33  33
 [55]  33  35  36  36  36  36  36  36  36  36  36  39  40  40  40  40  40  40
 [73]  40  40  41  43  43  44  47  47  48  50  50  52  54  55  55  56  56  57
 [91]  57  57  57  58  58  58  59  61  62  63  63  63  63  65  66  66  66  66
[109]  66  69  69  71  75  78  82  82  82  82  83  83  83  86  86  88  89  90
[127]  90  90  90  90  90  90  93  93  94  96  99 102 102 102 103 104 104 104
[145] 105 106 106 107 108 109 110 112 112 112 115 115 118 118 122 122 124 124
[163] 127 129 129 129 129 130 133 133 133 136 136 136 136 136 137 137 137 138
[181] 140 142 145 146 149 149 150 151 151 153 155 157 159 159 159 163 166 169
[199] 169 172 173 173 173 173 175 175 177 177 177 179 179 180 180 180 181 184
[217] 185 185 189 192 193 196 197 200 200 201 202 207 207 207 210 210 210 224
[235] 227 228 230 231 231 232 236 237 238 238 238 239 243 243 244 247 248 249
[253] 252

$EXTANT
  [1] FALSE FALSE FALSE FALSE FALSE FALSE FALSE FALSE FALSE FALSE FALSE FALSE
 [13] FALSE FALSE FALSE FALSE FALSE FALSE FALSE FALSE FALSE FALSE  TRUE  TRUE
 [25]  TRUE  TRUE FALSE FALSE FALSE FALSE FALSE FALSE FALSE FALSE FALSE  TRUE
 [37] FALSE FALSE FALSE  TRUE  TRUE FALSE  TRUE  TRUE  TRUE FALSE  TRUE FALSE
 [49]  TRUE FALSE FALSE FALSE FALSE FALSE  TRUE FALSE FALSE FALSE FALSE FALSE
 [61] FALSE FALSE FALSE FALSE FALSE  TRUE FALSE FALSE  TRUE FALSE FALSE FALSE
 [73] FALSE FALSE  TRUE FALSE  TRUE FALSE  TRUE FALSE  TRUE FALSE FALSE FALSE
 [85] FALSE  TRUE  TRUE FALSE FALSE  TRUE FALSE FALSE FALSE FALSE FALSE FALSE
 [97] FALSE FALSE FALSE FALSE FALSE FALSE  TRUE FALSE FALSE FALSE  TRUE  TRUE
[109]  TRUE FALSE  TRUE FALSE  TRUE  TRUE FALSE FALSE FALSE FALSE FALSE FALSE
[121] FALSE FALSE FALSE FALSE FALSE FALSE FALSE FALSE FALSE FALSE FALSE  TRUE
[133] FALSE FALSE FALSE  TRUE  TRUE  TRUE FALSE  TRUE FALSE FALSE FALSE FALSE
[145]  TRUE  TRUE FALSE  TRUE  TRUE  TRUE FALSE  TRUE  TRUE  TRUE FALSE FALSE
[157] FALSE FALSE  TRUE FALSE FALSE FALSE FALSE FALSE FALSE  TRUE FALSE FALSE
[169] FALSE FALSE FALSE FALSE  TRUE  TRUE  TRUE  TRUE  TRUE FALSE  TRUE  TRUE
[181]  TRUE  TRUE  TRUE FALSE  TRUE  TRUE  TRUE  TRUE  TRUE  TRUE FALSE FALSE
[193] FALSE  TRUE  TRUE  TRUE  TRUE FALSE FALSE  TRUE  TRUE FALSE FALSE  TRUE
[205]  TRUE  TRUE  TRUE FALSE  TRUE  TRUE  TRUE  TRUE  TRUE  TRUE  TRUE  TRUE
[217] FALSE  TRUE  TRUE FALSE FALSE  TRUE  TRUE  TRUE  TRUE FALSE  TRUE  TRUE
[229] FALSE  TRUE FALSE FALSE  TRUE  TRUE FALSE FALSE  TRUE FALSE  TRUE  TRUE
[241] FALSE  TRUE  TRUE  TRUE  TRUE  TRUE  TRUE  TRUE FALSE FALSE  TRUE FALSE
[253]  TRUE

