
Birth-death simulation object with 190 species and 65 extant species

Details for some species:

Extinction times (NA means extant)
[1] 36.65552 40.78663 20.05307 26.77727 27.52527 31.69657


Speciation times 
[1] 46.31901 42.52292 38.57362 37.92501 35.62050 33.59169


Species parents (NA for initial)
[1] NA  1  1  1  3  3


Species status (extinct or extant)
[1] "extinct" "extinct" "extinct" "extinct" "extinct" "extinct"


For more details on vector y, try sim$y, with y one of
TE TS PAR EXTANT



$TE
  [1] 36.65551568 40.78662769 20.05306719 26.77727353 27.52526869 31.69657326
  [7] 31.15577235 34.32519147 24.79036510 27.73356189 27.64790101 13.71804249
 [13] 18.41662864 25.19010515 18.84943677 27.09426956 11.64617633 15.87772282
 [19] 12.41815154 16.11622377 12.28393697 17.13368846 22.62167929 12.41817473
 [25] 15.62776537 19.56785368 12.27338414 14.78415304 15.59908854 12.23646998
 [31] 12.39286488 19.11605637 13.36692257 11.92512733          NA 12.04397720
 [37] 22.43639382 17.18403397 11.53684852  2.03599942 11.52424172 12.43841060
 [43]  9.51262337 15.02737359 12.36437557 11.91518986  2.65418812 14.70250831
 [49]  0.14081005  6.79672477  3.11851696          NA 25.03201283 18.96867088
 [55] 12.00013805 12.26638081 11.49142064  1.16212523  8.46645694  7.58489588
 [61]  4.54694263 11.75523192 13.28601252 11.77520178          NA  9.74004312
 [67] 11.80656667  1.57566358 12.26231754 12.00914332  1.58089015          NA
 [73]  1.63437500          NA  8.12830243  5.51035956          NA          NA
 [79]  3.44457598          NA 11.91139185 11.79288959          NA          NA
 [85]  5.95203308 12.37951904  7.33125047  2.08752478  5.57783827  7.52890243
 [91]  1.71234110          NA 12.21764870  7.46720615  0.57500066  6.54152369
 [97]  0.81203679  3.31527148          NA  0.74390614  1.19838564          NA
[103]          NA          NA          NA  9.03483073  0.81583612  4.39045914
[109]  2.48803904  5.23465550  1.97312623          NA          NA          NA
[115]  0.09828055  6.52115963          NA  1.83348067          NA          NA
[121]          NA          NA          NA  4.92386329  2.15766680          NA
[127]          NA          NA          NA  4.63844143  1.18637963          NA
[133]          NA          NA          NA  3.33304064          NA          NA
[139]          NA          NA  5.20092222          NA  5.30321404  0.34850873
[145]          NA          NA          NA  5.30791879  0.32806145  0.64589641
[151]          NA          NA  0.02697815  4.29389787  4.34115416          NA
[157]          NA          NA          NA          NA          NA  3.26329976
[163]          NA  3.66730512  4.06268344  0.39768539          NA          NA
[169]  4.81349309  0.18808776  4.62530714          NA          NA          NA
[175]          NA  3.62615733          NA          NA          NA          NA
[181]  1.11242535  1.11617367          NA          NA  0.26686038          NA
[187]  3.06218418  2.10442953          NA          NA

$TS
  [1] 46.3190111 42.5229161 38.5736159 37.9250072 35.6204997 33.5916899
  [7] 33.4938626 35.6981936 30.8989402 33.5280317 33.2639871 31.5884455
 [13] 26.5321568 25.7550236 30.4469332 29.5083170 23.5233537 22.4752058
 [19] 13.9375307 24.6610827 21.9597723 20.2573910 28.7854890 17.7879004
 [25] 16.6858512 21.4010916 19.2869378 17.7309240 17.0523991 12.7843750
 [31] 24.3125040 22.2959134 18.7259459 18.0148832 18.7047935 26.2449609
 [37] 24.8951980 23.1506652 18.2922866 14.4466577 14.2283694 16.3662254
 [43] 15.5445048 18.3638951 17.5626814 17.2051916 16.1492818 14.8312140
 [49] 11.4159894  7.6726212  4.9343692  4.5220149 25.1441109 19.4249803
 [55] 12.4124942 14.0961576 11.8045036 10.2902151  9.0253575  8.6243841
 [61]  7.4522563 15.5537862 14.6557118 12.9463255 10.4074090 13.8136186
 [67] 13.9555817 14.7697505 13.7832098 12.9265370  9.3600643  6.5975765
 [73]  5.0858767  2.8316862  8.8591248  7.7277672  3.2576156  2.5402023
 [79]  7.1803834  0.1165974 12.0256745 14.0400409  3.1381073  2.0591628
 [85]  7.2626830 13.4021294 12.0567786 10.3047547  9.3463033  7.9231326
 [91]  6.1703174  3.1449604 13.4621296 11.0454648  3.3807041  8.5303399
 [97]  8.3194055  6.4092532  6.4674942  2.8320219  8.7609061  6.7256798
[103]  2.4739625  7.0935519  0.9397169 11.0584140  8.4536400  8.2676648
[109]  8.4427427  8.2648945  6.8491372  5.0295298  2.5863357  2.5816129
[115]  1.7548735  7.7653333  7.3241044  7.5673154  6.8418093  6.7150556
[121]  4.1941357  0.7900082  2.2676568  7.4169435  4.7022883  1.9515413
[127]  0.5740594  3.6266418  1.5252362 10.7315364  9.2853955  6.8158410
[133]  4.4715124  6.9307681  2.9269010  5.4528856  3.5304605  0.2587066
[139]  6.7927678  7.0382780  7.0025359  3.3717270  5.4317453  2.1297243
[145]  0.9432633  1.0946282  0.3930050  7.2615648  5.9139840  4.0409340
[151]  0.7820476  0.3596435  7.5416018  7.2590660  6.9807915  4.8131206
[157]  5.9954544  5.6329458  0.1440784  1.5494622  1.4010572  3.8805226
[163]  1.4003226  6.6829145  6.2166645  2.3337628  0.5477962  0.8066770
[169]  6.0236617  5.3312441  5.2902506  3.1267139  0.3918609  3.9596036
[175]  0.5559744  6.0672901  4.7416381  4.3618482  1.4966612  0.5188954
[181]  4.9280675  3.9173996  2.8173036  0.5752486  3.6667077  1.0418361
[187]  3.8060636  3.0832249  3.0518327  0.4950369

$PAR
  [1]  NA   1   1   1   3   3   3   4   5   6   7   7   9   9  10  10  12  12
 [19]  12  13  13  13  16  17  17  18  18  18  18  19  20  20  20  20  21  23
 [37]  23  23  27  27  27  28  28  31  34  35  35  35  35  35  35  35  36  36
 [55]  36  39  40  40  40  40  40  42  42  43  43  45  46  47  47  47  47  47
 [73]  47  47  49  49  49  49  50  52  55  56  58  58  61  62  62  65  65  65
 [91]  65  65  66  66  68  71  71  71  72  72  75  76  78  79  84  87  87  87
[109]  89  89  89  91  95  95  95  96  96  97  97  97  97  99 100 101 102 102
[127] 102 104 104 106 106 107 107 109 109 111 112 112 117 118 118 118 119 119
[145] 119 120 123 124 124 125 129 129 130 130 130 130 131 131 132 135 139 140
[163] 140 141 141 142 142 150 153 154 155 156 156 157 163 165 165 165 166 168
[181] 169 170 172 172 177 178 181 181 181 184

$EXTANT
  [1] FALSE FALSE FALSE FALSE FALSE FALSE FALSE FALSE FALSE FALSE FALSE FALSE
 [13] FALSE FALSE FALSE FALSE FALSE FALSE FALSE FALSE FALSE FALSE FALSE FALSE
 [25] FALSE FALSE FALSE FALSE FALSE FALSE FALSE FALSE FALSE FALSE  TRUE FALSE
 [37] FALSE FALSE FALSE FALSE FALSE FALSE FALSE FALSE FALSE FALSE FALSE FALSE
 [49] FALSE FALSE FALSE  TRUE FALSE FALSE FALSE FALSE FALSE FALSE FALSE FALSE
 [61] FALSE FALSE FALSE FALSE  TRUE FALSE FALSE FALSE FALSE FALSE FALSE  TRUE
 [73] FALSE  TRUE FALSE FALSE  TRUE  TRUE FALSE  TRUE FALSE FALSE  TRUE  TRUE
 [85] FALSE FALSE FALSE FALSE FALSE FALSE FALSE  TRUE FALSE FALSE FALSE FALSE
 [97] FALSE FALSE  TRUE FALSE FALSE  TRUE  TRUE  TRUE  TRUE FALSE FALSE FALSE
[109] FALSE FALSE FALSE  TRUE  TRUE  TRUE FALSE FALSE  TRUE FALSE  TRUE  TRUE
[121]  TRUE  TRUE  TRUE FALSE FALSE  TRUE  TRUE  TRUE  TRUE FALSE FALSE  TRUE
[133]  TRUE  TRUE  TRUE FALSE  TRUE  TRUE  TRUE  TRUE FALSE  TRUE FALSE FALSE
[145]  TRUE  TRUE  TRUE FALSE FALSE FALSE  TRUE  TRUE FALSE FALSE FALSE  TRUE
[157]  TRUE  TRUE  TRUE  TRUE  TRUE FALSE  TRUE FALSE FALSE FALSE  TRUE  TRUE
[169] FALSE FALSE FALSE  TRUE  TRUE  TRUE  TRUE FALSE  TRUE  TRUE  TRUE  TRUE
[181] FALSE FALSE  TRUE  TRUE FALSE  TRUE FALSE FALSE  TRUE  TRUE

