
Birth-death simulation object with 149 species and 74 extant species

Details for some species:

Extinction times (NA means extant)
[1] 43.78125 18.40441 43.54621 33.55958 34.54911 18.27752


Speciation times 
[1] 46.31901 44.57721 44.25341 37.25811 35.59189 34.70897


Species parents (NA for initial)
[1] NA  1  1  2  2  2


Species status (extinct or extant)
[1] "extinct" "extinct" "extinct" "extinct" "extinct" "extinct"


For more details on vector y, try sim$y, with y one of
TE TS PAR EXTANT



$TE
  [1] 43.7812535 18.4044142 43.5462100 33.5595813 34.5491114 18.2775246
  [7] 24.5029592 16.4363681 11.4985421 32.8153862 32.7574093 20.7367444
 [13]  7.0489659 24.4679278 15.5737511 10.2965570 16.2691387 15.3748979
 [19] 11.7315251 21.2167175  8.9620047 31.1862066 25.1554559 24.3453652
 [25] 11.8552931  5.8314203 16.4209371  4.2433737         NA 11.7527075
 [31] 11.8642087  9.4393537         NA 30.9411132 27.5137819 12.1850127
 [37]  3.0820398  5.2795600         NA 22.8758387         NA         NA
 [43]         NA         NA         NA         NA 12.2419938         NA
 [49]         NA  2.5550646 27.5580430 18.6413477         NA  5.4508251
 [55]  7.0177636         NA         NA         NA         NA 12.3500394
 [61]  8.6831754         NA  8.3230719         NA         NA         NA
 [67]         NA         NA         NA         NA  4.7945717 23.3309481
 [73] 11.9197324 11.7819509         NA         NA  5.5653256         NA
 [79]         NA  3.1576066         NA  0.1939891         NA  9.0285377
 [85]  1.0342074         NA         NA  1.1792842  6.7923690  2.4162037
 [91]         NA  0.1780430 11.7135673  6.5380395         NA         NA
 [97]         NA  4.0709787  0.2194996         NA         NA         NA
[103]         NA  1.4601705         NA         NA         NA         NA
[109]  2.8781913         NA         NA         NA         NA         NA
[115]         NA         NA         NA         NA         NA         NA
[121]         NA  0.2450103         NA         NA         NA  3.0600163
[127]  0.9034168         NA         NA  1.7315492  3.3499744  5.9048852
[133]  0.7310258         NA  2.3086088         NA  3.8591259         NA
[139]         NA         NA         NA         NA         NA         NA
[145]         NA         NA         NA  1.2854736         NA

$TS
  [1] 46.31901109 44.57720726 44.25340826 37.25810504 35.59188603 34.70896577
  [7] 28.06317939 24.83143444 23.83093464 36.99561155 33.69302894 30.24759860
 [13] 26.45039589 26.36163403 21.27491420 19.76291274 18.78077949 18.74395589
 [19] 16.54893211 22.03170530 13.88602478 36.18323412 33.79955801 24.81340368
 [25] 24.57691083 25.00178567 23.69970983  8.62088152  8.52552723 17.69029549
 [31] 16.13378920 15.09992435  9.83494219 32.13326422 32.44082010 20.31087936
 [37]  9.66200654  8.03830676 23.22766863 23.17367697  7.66940526  5.82251134
 [43]  7.01155532  6.44285622  3.75039536  3.10017052 15.62692083 14.22274872
 [49]  6.04956574  3.04260122 30.19869883 19.25247353 18.43179464  9.23623469
 [55]  8.12517966  7.66823538  4.30950869  3.63839465  6.52589831 21.06267275
 [61] 11.13226117 10.14734483  8.68686124  8.67602455  5.43255737  1.84683208
 [67]  4.79753523  1.94302242  3.01667040 10.01547519  5.61078011 28.91578105
 [73] 15.73639309 12.06203741 10.81132385  3.44296365  9.17401796  8.43961570
 [79]  7.95412034  4.47393389  3.28050462  1.56338972  5.99612668  9.19910335
 [85]  8.75702143  7.06890549  1.01206577  4.44336833  8.20096030  7.90490755
 [91]  7.05298385  3.05185597 14.53689155  6.98335069  6.66765662  8.23767323
 [97]  7.77173077  7.46112666  3.35313935  6.78958789  3.14951214  0.36909420
[103]  5.85044025  3.81903502  3.70149508  0.98430400  0.22826645  7.88420028
[109]  3.86881766  7.50719267  3.78820253  3.10559049  2.03836288  2.08118964
[115]  0.38477468  0.34476741  0.99745196  3.60096404  1.79348038  0.07834209
[121]  2.15621240  5.63626660  0.14997019  1.80144347  7.67959652  3.34039592
[127]  1.07169441  0.13531223  0.13799314  2.03672684  7.10830214  6.13935540
[133]  4.53891172  7.05348953  2.50151068  2.17297867  6.47723898  3.46742973
[139]  1.81628021  1.85499962  4.87663328  4.74534018  2.63961789  0.40346484
[145]  2.52192709  4.46705432  1.21836478  1.50726784  2.68424648

$PAR
  [1]  NA   1   1   2   2   2   2   2   2   4   6   6   6   7   8   8   8   8
 [19]   8   9   9  10  10  12  12  13  13  13  13  17  19  19  21  22  23  26
 [37]  26  26  27  27  28  28  29  29  29  29  30  31  33  33  35  36  36  37
 [55]  37  37  37  37  38  39  39  39  39  39  39  41  42  43  45  48  48  51
 [73]  53  53  53  53  54  54  55  56  57  58  59  62  62  62  62  67  70  70
 [91]  70  70  73  75  75  78  78  78  78  79  79  81  83  83  83  83  83  85
[109]  88  89  90  90  91  95  97  97  99 100 100 100 101 103 103 104 108 111
[127] 112 114 118 122 125 125 125 131 133 133 134 134 134 136 137 137 138 139
[145] 141 142 143 145 146

$EXTANT
  [1] FALSE FALSE FALSE FALSE FALSE FALSE FALSE FALSE FALSE FALSE FALSE FALSE
 [13] FALSE FALSE FALSE FALSE FALSE FALSE FALSE FALSE FALSE FALSE FALSE FALSE
 [25] FALSE FALSE FALSE FALSE  TRUE FALSE FALSE FALSE  TRUE FALSE FALSE FALSE
 [37] FALSE FALSE  TRUE FALSE  TRUE  TRUE  TRUE  TRUE  TRUE  TRUE FALSE  TRUE
 [49]  TRUE FALSE FALSE FALSE  TRUE FALSE FALSE  TRUE  TRUE  TRUE  TRUE FALSE
 [61] FALSE  TRUE FALSE  TRUE  TRUE  TRUE  TRUE  TRUE  TRUE  TRUE FALSE FALSE
 [73] FALSE FALSE  TRUE  TRUE FALSE  TRUE  TRUE FALSE  TRUE FALSE  TRUE FALSE
 [85] FALSE  TRUE  TRUE FALSE FALSE FALSE  TRUE FALSE FALSE FALSE  TRUE  TRUE
 [97]  TRUE FALSE FALSE  TRUE  TRUE  TRUE  TRUE FALSE  TRUE  TRUE  TRUE  TRUE
[109] FALSE  TRUE  TRUE  TRUE  TRUE  TRUE  TRUE  TRUE  TRUE  TRUE  TRUE  TRUE
[121]  TRUE FALSE  TRUE  TRUE  TRUE FALSE FALSE  TRUE  TRUE FALSE FALSE FALSE
[133] FALSE  TRUE FALSE  TRUE FALSE  TRUE  TRUE  TRUE  TRUE  TRUE  TRUE  TRUE
[145]  TRUE  TRUE  TRUE FALSE  TRUE

