
Birth-death simulation object with 183 species and 66 extant species

Details for some species:

Extinction times (NA means extant)
[1] 38.04466 44.31167 39.97042 34.84633 31.34806 17.83064


Speciation times 
[1] 46.31901 44.60773 43.67298 39.49442 40.70387 36.35063


Species parents (NA for initial)
[1] NA  1  1  1  3  4


Species status (extinct or extant)
[1] "extinct" "extinct" "extinct" "extinct" "extinct" "extinct"


For more details on vector y, try sim$y, with y one of
TE TS PAR EXTANT



$TE
  [1] 38.04466438 44.31167349 39.97041877 34.84632885 31.34805539 17.83063661
  [7] 35.41255382 30.17608669 34.04553711 20.90216851 32.22566258 27.05566341
 [13] 20.34857295 15.59578156 21.64554037  6.52894991 17.09227958 13.24882491
 [19] 26.48442106  8.62633064 17.22842167 22.53933421 22.07129028 12.09153050
 [25] 12.30992994 12.02114968 12.06427852 11.99004892  6.41409088  5.84619531
 [31]          NA 15.11071851 14.09111343 12.37490052 14.47561831 19.15121894
 [37] 22.98420453 18.10822181 12.43729815 11.48001624 23.16704624 23.60277422
 [43]  1.54397406 15.10302441  8.60724063  5.42382612          NA          NA
 [49]          NA  4.58856539 11.55826989 12.45322825 18.47334933  7.25136693
 [55]  9.57895881  3.28831273          NA  3.13190118  2.31252593  7.47498187
 [61] 14.73289476  6.25003692          NA          NA          NA  1.60555489
 [67]  1.34088460 16.88111301 10.74146932 12.03317430 12.93876239  4.96995375
 [73]          NA          NA          NA  1.69270226  1.97136210          NA
 [79] 12.06922693  6.62190397 12.38051487  3.35769090  1.01278454  2.61991961
 [85]          NA          NA  0.25857160 12.33846650          NA          NA
 [91]          NA  6.74069451  1.29078049  2.77432692  6.52861323          NA
 [97]  3.89045801  2.02464286  0.04686184          NA          NA 11.60076909
[103]  9.68418231          NA          NA  3.87322652          NA          NA
[109]  5.07347739  5.04266298  4.70170113          NA          NA  0.50356677
[115]  5.40232326  0.25339168          NA          NA          NA  6.40794571
[121]          NA  1.07960128  0.97113946  3.44304617          NA  6.29062085
[127]  5.53460589          NA  3.87364069          NA          NA  2.11933368
[133]  6.71038441  3.79887864          NA  6.44450210  2.16890323          NA
[139]  1.74123664          NA          NA          NA  3.39526621          NA
[145]          NA          NA  2.56002256          NA          NA  3.80260408
[151]          NA  0.33324632          NA          NA          NA          NA
[157]  3.18246224          NA          NA          NA          NA          NA
[163]  4.13647905          NA  1.66066745  0.40108786          NA          NA
[169]  1.69392481          NA  2.26496284          NA          NA          NA
[175]          NA  1.38859181  4.59088077  2.81969344  1.54707498          NA
[181]          NA          NA          NA

$TS
  [1] 46.31901109 44.60772511 43.67298092 39.49441551 40.70386807 36.35063471
  [7] 38.65557124 36.39025828 34.40968773 27.33012880 35.78095164 35.72305346
 [13] 23.53578508 22.61374302 35.64410385 19.07100488 18.09269642 15.88479950
 [19] 30.91730358 27.53130488 25.69979390 25.59609292 23.07918748 18.80172944
 [25] 18.29232092 15.78091239 12.15243647 12.07279013 11.99175980  8.45229777
 [31]  7.57753167 17.90852497 14.09570206 13.45966310 30.51015320 29.23521006
 [37] 24.86554747 22.14655526 12.70845074 11.52451422 25.36410836 24.34865981
 [43] 13.56453732 17.93557527 10.62788531  9.24890323  6.52294960  5.24050026
 [49]  1.59057650 16.03859629 15.34783753 24.34914034 21.14024171 10.93915884
 [55]  9.93070284  9.73591481  8.71068200  7.28774386  5.97284265 17.11235965
 [61] 15.67085100  9.23956580  4.32656619  1.81987965  0.60020584  9.28308683
 [67]  6.86569478 21.61674020 17.31032156 14.11916902 13.53941981 10.49243787
 [73]  9.45787700  9.85145085  4.52165876  7.86495478  5.97374679  6.78034622
 [79] 14.45438790 13.99626163 13.53322150 10.78016871  8.89202292  8.21493851
 [85]  0.77976251  0.73609694  3.46597073 14.31816094 12.49061788  9.72046280
 [91]  8.92826275  8.46960706  8.34653669  4.02066218  9.45383243  5.15568413
 [97]  4.41078098  4.33831686  5.68082509  2.00985506  4.94587892 13.06627410
[103] 10.36601009  8.33777070  8.10190588  6.98439483  3.17136184  0.61990920
[109] 10.02684244  6.49053654  9.29385318  4.79359700  8.32712243  5.74812247
[115]  7.53059289  5.87376770  2.06638097  4.01804352  2.81000014  8.21237038
[121]  2.80418926  1.29883575  2.47832923  4.97581469  0.32209917  7.24352020
[127]  7.24140500  2.61250637  7.54307113  1.88895323  5.54055322  2.99797224
[133]  8.04617412  7.12226245  3.93825162  8.15155912  5.91792460  5.33650163
[139]  2.07948991  1.58717164  1.37513143  7.79028771  4.31964566  4.31130999
[145]  7.07300334  1.39048156  6.78761136  0.94827928  5.10697541  7.85688312
[151]  6.48964614  0.62367734  2.79815153  3.80375513  1.03880895  1.15599791
[157]  7.62447106  3.09043526  6.68061903  0.61173001  3.81949733  0.43217061
[163]  6.61520050  4.61730723  1.96767883  1.17770632  0.91529363  0.06783906
[169]  4.25703348  6.65557262  6.05180397  3.47321488  2.64562254  0.59414755
[175]  2.24927427  6.27112853  5.28526215  3.66709906  3.23626521  0.90477175
[181]  0.20012149  1.85813517  3.95667265

$PAR
  [1]  NA   1   1   1   3   4   5   5   5   6   8   8  10  10  11  14  14  14
 [19]  15  15  15  15  15  16  16  16  16  16  16  16  16  17  18  18  19  19
 [37]  20  20  20  20  21  22  24  25  29  29  31  31  31  32  35  36  36  43
 [55]  43  43  43  43  43  44  44  45  47  47  47  50  50  52  52  52  52  54
 [73]  54  55  56  57  57  58  60  60  60  60  60  60  63  64  67  69  70  72
 [91]  72  73  73  73  74  74  76  76  77  77  78  80  82  82  84  84  84  85
[109]  89  89  90  90  91  91  92  93  93  94  94  95  96  96  98  99  99 104
[127] 104 104 105 105 106 107 109 111 112 113 113 113 113 114 118 120 124 124
[145] 126 128 129 130 131 133 134 135 137 138 138 141 142 142 145 145 147 149
[163] 150 150 151 154 155 156 157 159 159 159 159 159 164 170 170 171 171 172
[181] 172 173 176

$EXTANT
  [1] FALSE FALSE FALSE FALSE FALSE FALSE FALSE FALSE FALSE FALSE FALSE FALSE
 [13] FALSE FALSE FALSE FALSE FALSE FALSE FALSE FALSE FALSE FALSE FALSE FALSE
 [25] FALSE FALSE FALSE FALSE FALSE FALSE  TRUE FALSE FALSE FALSE FALSE FALSE
 [37] FALSE FALSE FALSE FALSE FALSE FALSE FALSE FALSE FALSE FALSE  TRUE  TRUE
 [49]  TRUE FALSE FALSE FALSE FALSE FALSE FALSE FALSE  TRUE FALSE FALSE FALSE
 [61] FALSE FALSE  TRUE  TRUE  TRUE FALSE FALSE FALSE FALSE FALSE FALSE FALSE
 [73]  TRUE  TRUE  TRUE FALSE FALSE  TRUE FALSE FALSE FALSE FALSE FALSE FALSE
 [85]  TRUE  TRUE FALSE FALSE  TRUE  TRUE  TRUE FALSE FALSE FALSE FALSE  TRUE
 [97] FALSE FALSE FALSE  TRUE  TRUE FALSE FALSE  TRUE  TRUE FALSE  TRUE  TRUE
[109] FALSE FALSE FALSE  TRUE  TRUE FALSE FALSE FALSE  TRUE  TRUE  TRUE FALSE
[121]  TRUE FALSE FALSE FALSE  TRUE FALSE FALSE  TRUE FALSE  TRUE  TRUE FALSE
[133] FALSE FALSE  TRUE FALSE FALSE  TRUE FALSE  TRUE  TRUE  TRUE FALSE  TRUE
[145]  TRUE  TRUE FALSE  TRUE  TRUE FALSE  TRUE FALSE  TRUE  TRUE  TRUE  TRUE
[157] FALSE  TRUE  TRUE  TRUE  TRUE  TRUE FALSE  TRUE FALSE FALSE  TRUE  TRUE
[169] FALSE  TRUE FALSE  TRUE  TRUE  TRUE  TRUE FALSE FALSE FALSE FALSE  TRUE
[181]  TRUE  TRUE  TRUE

