
Birth-death simulation object with 214 species and 68 extant species

Details for some species:

Extinction times (NA means extant)
[1] 11.95980 38.28650 40.08907 31.57657 28.41151 25.28465


Speciation times 
[1] 46.31901 42.78026 40.40738 39.61472 34.95090 33.29340


Species parents (NA for initial)
[1] NA  1  1  1  1  1


Species status (extinct or extant)
[1] "extinct" "extinct" "extinct" "extinct" "extinct" "extinct"


For more details on vector y, try sim$y, with y one of
TE TS PAR EXTANT



$TE
  [1] 11.9598033 38.2864956 40.0890670 31.5765708 28.4115122 25.2846528
  [7] 27.4046852 26.8082195 24.9622394 12.3091749 13.6317796         NA
 [13] 12.3995065 28.7909380 33.3170602 31.3816241 29.1222381 25.2982495
 [19] 21.5500346 13.8575982 18.2229681 11.9119592 12.0921370 12.1798027
 [25] 15.1312312 12.1578610 12.2925126 12.1029866 14.9281962 10.2767291
 [31]         NA         NA 26.8232319 21.9051313 11.9348639 21.4815747
 [37] 20.3006097 16.8031102 12.0263134 12.1868462 12.1547900 12.3869541
 [43]  3.3850588  9.5375405 12.3007398 12.3642135 12.3964497 30.7034712
 [49] 21.0706365 24.9542486 13.0379393 19.2311691 18.0684698 20.1160422
 [55] 11.6366835 16.9963300 11.5463364 11.5565609 14.9626760 12.1388633
 [61] 12.3142974  7.9102990  8.2592073  2.5040281 23.9233332 22.7523772
 [67] 23.6954018 20.2784514 12.2061254 22.1503264 15.9487148 15.8201489
 [73] 11.8212878 13.9521274 17.8794120 22.5368082 19.2456267 19.2989621
 [79] 12.1126782 12.7522349 17.6023535 19.7089134  5.4997491  7.5822458
 [85]         NA  7.7626911 19.3477836 18.7511534 12.4194837 12.1629433
 [91] 18.7775467 12.2621988 12.1845043  8.4814118         NA  9.0645104
 [97]  1.9098128  2.7448084  5.7771695  3.8403292         NA         NA
[103] 11.7067016 13.9234456  9.7560471 12.3151352         NA  8.2917199
[109]  6.8503200  2.0565696         NA         NA  2.1139991  3.3342842
[115]         NA         NA 11.8307404  7.8955912         NA  8.7948823
[121]         NA  1.6400573         NA         NA         NA  1.1237049
[127] 11.3892308  4.7881533         NA  5.7674736  7.3246077  1.5385310
[133]  8.8037728  4.7867696         NA         NA  7.4398722  1.2826289
[139]         NA  5.8633725  5.6102563         NA  2.5285195         NA
[145]         NA         NA         NA  6.9093726  7.3597818         NA
[151]         NA  6.4237658         NA         NA  6.3778079  0.9878430
[157]         NA         NA  1.1818520         NA         NA  8.0995069
[163]         NA         NA         NA  1.2040809         NA         NA
[169]  2.9687489  5.9814107  4.7733609  4.9625418  6.5386163         NA
[175]  8.2482047         NA         NA         NA  1.7158108         NA
[181]         NA  1.9700585         NA         NA         NA         NA
[187]  2.2436097  3.4397281  8.4676099  3.9822275  0.3533390         NA
[193]         NA  0.7211103         NA         NA         NA         NA
[199]         NA         NA         NA         NA  0.2425623         NA
[205]         NA         NA         NA  0.3117736         NA         NA
[211]  0.6829869         NA         NA         NA

$TS
  [1] 46.31901109 42.78026474 40.40737528 39.61471644 34.95090363 33.29339864
  [7] 28.20923688 27.68384497 27.23837024 23.25861739 22.36133554 22.04209854
 [13] 15.98535630 39.88995162 33.48851535 31.68239798 32.52956205 26.84192299
 [19] 26.29648574 26.96509400 19.44274411 18.18754273 16.71523893 16.49709327
 [25] 16.28213222 13.01567017 21.28760946 16.73819276 17.74020565 10.29993329
 [31]  5.57339952  1.84169241 30.95716726 23.22549703 22.08569762 24.44408714
 [37] 24.13386258 18.59616004 17.73130273 16.46463649 12.36439139 17.53050216
 [43] 16.28522994 15.33669409 15.50371687 13.48156809 12.42403689 30.90257985
 [49] 28.02787381 27.57956377 21.29345478 20.81724543 18.58704361 22.47451925
 [55] 23.29761844 22.88229335 15.46407044 15.41770574 15.89208503 14.96901181
 [61] 13.17270659 11.08427514 10.49208263 13.32673912 26.32443127 24.51321191
 [67] 24.07442878 21.08356931 27.22201635 26.81941724 20.69764087 19.97916765
 [73] 14.04466569 19.93051076 20.43421270 23.06667512 20.14118491 19.65544640
 [79] 16.66816051 13.25505797 21.61328968 20.83194809 11.59443144  9.99881936
 [85]  8.90663737  8.46127732 23.20914547 21.06400806 12.45591546 13.59274365
 [91] 19.97051093 14.84868105 13.23053355 11.36827977 10.61418062 10.36130710
 [97]  8.76487236  7.36839856  7.03319818  6.33876626  3.03572124  0.58924443
[103] 14.77395590 14.09404782 13.09705840 12.37813182  7.27804280  9.89697709
[109]  9.40072689  8.29975993  5.40023196  7.18091715  3.80329104  6.48632894
[115]  2.53954851  1.41549882 12.94592401 11.33345688 10.70649071  9.32543704
[121]  8.99010011  8.72031172  3.27550529  3.66511694  3.64648130  1.28609133
[127] 11.86746652  9.78169323  9.64496494  9.63072471  8.94984056  9.69078961
[133]  9.66796761  9.62127718  7.47568444  4.01268334  7.79806327  2.96314899
[139]  8.67573060  6.92596290  5.95970008  1.89792946  9.24273901  4.84971229
[145]  4.83995540  4.20881743  0.26042696  9.08871082  8.57886837  7.13068566
[151]  6.76784585  6.67792591  2.87696133  2.04623971  9.14003462  6.88452795
[157]  5.16923964  7.35483679  3.95883691  6.12222097  9.05969159  8.98147896
[163]  8.16289149  6.61691391  3.90088859  3.27833830  2.60752848  1.86195452
[169]  7.78834183  7.41330721  7.41222410  5.27120915  6.65294396  0.82210345
[175]  9.12027929  8.65472303  8.12966117  1.58576587  4.69846136  2.05828791
[181]  1.30281527  2.42452016  2.29459319  1.06862752  6.64441750  1.86110461
[187]  2.73188203  5.32078339  8.98025233  6.89965491  4.67069462  7.61149306
[193]  4.83242168  1.03380909  2.89886315  1.41844498  4.34839250  3.86446456
[199]  2.93017552  1.01586807  3.77445396  2.21106679  2.81827065  0.31610088
[205]  1.20941982  0.37687341  3.96246945  1.84092066  1.78935024  0.83455763
[211]  0.71786006  0.32987492  0.01576546  0.10590160

$PAR
  [1]  NA   1   1   1   1   1   1   1   1   1   1   1   1   2   5   5   6   6
 [19]   6   8  10  10  10  10  10  10  11  11  12  12  12  12  17  19  19  20
 [37]  20  20  20  22  24  27  27  27  28  28  28  33  33  33  35  35  35  36
 [55]  37  37  39  39  40  40  40  43  44  46  49  49  49  49  50  50  51  51
 [73]  51  52  54  55  55  55  55  55  56  56  58  62  62  64  69  69  69  73
 [91]  75  79  80  83  83  83  83  83  85  85  85  85  92  92  92  92  95  96
[109]  96  97  97  98  98  99 101 101 105 105 105 109 109 109 111 113 113 116
[127] 117 118 118 118 118 119 119 119 119 119 121 121 122 122 122 124 129 129
[145] 129 129 129 130 130 130 130 130 132 132 134 134 134 135 136 140 143 143
[163] 143 143 143 145 145 146 148 149 149 151 152 154 155 155 155 156 157 157
[181] 157 158 159 160 163 163 164 171 175 176 176 177 177 180 185 191 192 192
[199] 192 192 193 193 195 195 196 196 197 197 198 200 200 202 209 212

$EXTANT
  [1] FALSE FALSE FALSE FALSE FALSE FALSE FALSE FALSE FALSE FALSE FALSE  TRUE
 [13] FALSE FALSE FALSE FALSE FALSE FALSE FALSE FALSE FALSE FALSE FALSE FALSE
 [25] FALSE FALSE FALSE FALSE FALSE FALSE  TRUE  TRUE FALSE FALSE FALSE FALSE
 [37] FALSE FALSE FALSE FALSE FALSE FALSE FALSE FALSE FALSE FALSE FALSE FALSE
 [49] FALSE FALSE FALSE FALSE FALSE FALSE FALSE FALSE FALSE FALSE FALSE FALSE
 [61] FALSE FALSE FALSE FALSE FALSE FALSE FALSE FALSE FALSE FALSE FALSE FALSE
 [73] FALSE FALSE FALSE FALSE FALSE FALSE FALSE FALSE FALSE FALSE FALSE FALSE
 [85]  TRUE FALSE FALSE FALSE FALSE FALSE FALSE FALSE FALSE FALSE  TRUE FALSE
 [97] FALSE FALSE FALSE FALSE  TRUE  TRUE FALSE FALSE FALSE FALSE  TRUE FALSE
[109] FALSE FALSE  TRUE  TRUE FALSE FALSE  TRUE  TRUE FALSE FALSE  TRUE FALSE
[121]  TRUE FALSE  TRUE  TRUE  TRUE FALSE FALSE FALSE  TRUE FALSE FALSE FALSE
[133] FALSE FALSE  TRUE  TRUE FALSE FALSE  TRUE FALSE FALSE  TRUE FALSE  TRUE
[145]  TRUE  TRUE  TRUE FALSE FALSE  TRUE  TRUE FALSE  TRUE  TRUE FALSE FALSE
[157]  TRUE  TRUE FALSE  TRUE  TRUE FALSE  TRUE  TRUE  TRUE FALSE  TRUE  TRUE
[169] FALSE FALSE FALSE FALSE FALSE  TRUE FALSE  TRUE  TRUE  TRUE FALSE  TRUE
[181]  TRUE FALSE  TRUE  TRUE  TRUE  TRUE FALSE FALSE FALSE FALSE FALSE  TRUE
[193]  TRUE FALSE  TRUE  TRUE  TRUE  TRUE  TRUE  TRUE  TRUE  TRUE FALSE  TRUE
[205]  TRUE  TRUE  TRUE FALSE  TRUE  TRUE FALSE  TRUE  TRUE  TRUE

