
Birth-death simulation object with 162 species and 59 extant species

Details for some species:

Extinction times (NA means extant)
[1] 44.53577 14.02433 35.83529 16.01302 26.37393       NA


Speciation times 
[1] 46.31901 45.81068 38.36000 34.71129 30.67882 24.71564


Species parents (NA for initial)
[1] NA  1  2  2  2  2


Species status (extinct or extant)
[1] "extinct" "extinct" "extinct" "extinct" "extinct" "extant" 


For more details on vector y, try sim$y, with y one of
TE TS PAR EXTANT



$TE
  [1] 44.5357691 14.0243330 35.8352863 16.0130163 26.3739316         NA
  [7] 15.7814139 12.1248690 15.1999660 18.9810324 26.5560938         NA
 [13] 20.8843417 18.9646838  2.5198298  7.7065785  3.3641339         NA
 [19]         NA         NA  9.5988698 12.2857891 21.0176988 16.2466036
 [25] 11.8685448 12.4532988 34.2890091 27.6295522 32.2505440 23.4361835
 [31] 13.5530809 12.2556810 11.9581905         NA         NA         NA
 [37]  7.9675834  1.9991103         NA         NA         NA  0.3307231
 [43]         NA  1.4144410         NA  9.7534026 12.4322110 17.6817178
 [49] 12.3280028 24.2436948 27.4784072 25.5035027 22.9323437 12.3209319
 [55] 12.3997797 12.1175392  5.6897533         NA         NA         NA
 [61]  1.5085628         NA         NA         NA         NA         NA
 [67]  1.6345937  8.0927340         NA  1.8834348  5.6749310         NA
 [73]  0.9751470  1.2025676 16.8531834 11.6358315 27.9121422 21.7823452
 [79] 27.1140562 31.7374077 30.0342258 11.9865279         NA  0.9782524
 [85]         NA         NA         NA  2.8768176  2.7314962         NA
 [91]         NA  3.5473357  0.7109618         NA  5.9959586  2.6324430
 [97]         NA 12.1756267         NA 10.0577777  3.7939635 16.2429320
[103] 12.0170544 12.1642862 20.9696192 11.8246172 16.9881315 11.8277431
[109]         NA         NA         NA  3.0558337         NA  1.2438932
[115]         NA         NA         NA         NA         NA  0.1657374
[121]         NA         NA 16.6481223 16.8229177 14.2708590 22.5999760
[127] 12.2263251 12.0736819 12.3156817 11.6354648 11.1087454         NA
[133]  0.3088637         NA         NA         NA         NA         NA
[139]         NA         NA  0.8807041  3.3714172 11.9075901 11.9991095
[145]  0.5690976 12.4034407 12.4163920  2.7842045         NA         NA
[151]         NA         NA 12.4361611 12.3353665  7.4993434         NA
[157]  4.8488267  1.1079318         NA         NA  0.7900471         NA

$TS
  [1] 46.3190111 45.8106809 38.3600023 34.7112932 30.6788244 24.7156402
  [7] 24.4469013 17.6360034 16.4168219 37.6226305 26.7920053 22.3980403
 [13] 21.1954642 24.6274635 10.6544134  9.6771388  9.4415953  9.1547463
 [19]  6.1330377  0.4312422 23.8529237 23.6473703 23.3099581 17.6167428
 [25] 16.7323122 14.8735820 36.2653991 35.5194978 32.6495235 30.7275379
 [31] 17.0072741 16.2552864 16.2531025  7.9536583  3.5422052  2.6218265
 [37]  9.2567986  7.7642191  3.8556862  9.6179047  9.4905978  8.7915257
 [43]  9.0056740  3.7969399  0.7655583 10.0407627 21.8720062 22.8388305
 [49] 22.4294681 29.4114033 28.8660818 32.6351358 28.2144087 14.8462461
 [55] 13.7493760 14.6494466  7.0142936  5.0074697  2.4291497  0.2646567
 [61]  2.5400584  3.8016597  9.4554714  9.4418467  1.0346151  0.3389885
 [67]  8.7877965  8.0982064  2.4833532  8.6637628  8.1399028  7.2762553
 [73]  1.7725620 13.6757070 21.3056314 13.1041785 27.9937294 27.7497259
 [79] 27.4905639 32.4872223 30.8102672 30.4428467  0.3750400  9.0400501
 [85]  4.4315565  0.9374885  0.4467955  4.3073544  3.1038712  0.5768838
 [91]  0.4195986  4.8864818  8.4841661  6.8935150  6.4585783  5.4246781
 [97]  2.6916067 13.1883986 11.8002896 10.9983384  9.6110036 18.3765424
[103] 17.6986235 26.3880401 26.2493334 19.5572854 17.1232957 14.8327592
[109]  0.1535048  3.9799461  0.3454624  3.4868413  8.2445393  8.1057508
[115]  2.8655832  1.5557001  1.1069975  3.1221682  2.8873127  2.1755136
[121]  3.0836082  7.1109311 17.5096623 17.3644459 17.3873925 23.3426032
[127] 16.3255118 14.1204597 13.0384251 14.5667336 13.6745873  0.6462633
[133]  0.4237225  7.2878813  3.1396046  2.1364453  0.8500386  1.3561662
[139]  1.0907126  1.5044950  3.8919348 17.4852225 17.2782603 14.0178223
[145] 13.4877625 13.8553727 12.4745918  6.9685237  5.9455146  1.0271557
[151]  2.5439486  5.0470249 13.8444234 12.5079228  9.5277224  3.0914945
[157]  6.9304755  3.4631486  5.9616400  5.8571119  4.4564634  0.9471012

$PAR
  [1]  NA   1   2   2   2   2   2   2   2   3   4   4   4   6   6   6   6   6
 [19]   6   6   7   7   7   7   8   8  10  10  10  10  12  12  12  12  12  12
 [37]  15  15  15  16  16  17  18  18  18  21  22  23  23  28  28  29  30  31
 [55]  32  33  34  34  34  35  38  40  41  41  41  41  42  42  42  43  43  43
 [73]  43  47  48  49  50  50  50  52  52  52  62  63  63  63  63  64  64  64
 [91]  65  67  70  70  70  70  70  74  74  74  74  75  75  78  82  82  82  82
[109]  83  85  86  88  93  93  93  93  94  96  96  97  99 101 102 103 104 105
[127] 106 106 106 108 108 110 110 113 113 113 113 119 119 121 122 123 124 127
[145] 128 130 130 134 134 139 141 142 144 144 145 145 148 152 157 159 160 160

$EXTANT
  [1] FALSE FALSE FALSE FALSE FALSE  TRUE FALSE FALSE FALSE FALSE FALSE  TRUE
 [13] FALSE FALSE FALSE FALSE FALSE  TRUE  TRUE  TRUE FALSE FALSE FALSE FALSE
 [25] FALSE FALSE FALSE FALSE FALSE FALSE FALSE FALSE FALSE  TRUE  TRUE  TRUE
 [37] FALSE FALSE  TRUE  TRUE  TRUE FALSE  TRUE FALSE  TRUE FALSE FALSE FALSE
 [49] FALSE FALSE FALSE FALSE FALSE FALSE FALSE FALSE FALSE  TRUE  TRUE  TRUE
 [61] FALSE  TRUE  TRUE  TRUE  TRUE  TRUE FALSE FALSE  TRUE FALSE FALSE  TRUE
 [73] FALSE FALSE FALSE FALSE FALSE FALSE FALSE FALSE FALSE FALSE  TRUE FALSE
 [85]  TRUE  TRUE  TRUE FALSE FALSE  TRUE  TRUE FALSE FALSE  TRUE FALSE FALSE
 [97]  TRUE FALSE  TRUE FALSE FALSE FALSE FALSE FALSE FALSE FALSE FALSE FALSE
[109]  TRUE  TRUE  TRUE FALSE  TRUE FALSE  TRUE  TRUE  TRUE  TRUE  TRUE FALSE
[121]  TRUE  TRUE FALSE FALSE FALSE FALSE FALSE FALSE FALSE FALSE FALSE  TRUE
[133] FALSE  TRUE  TRUE  TRUE  TRUE  TRUE  TRUE  TRUE FALSE FALSE FALSE FALSE
[145] FALSE FALSE FALSE FALSE  TRUE  TRUE  TRUE  TRUE FALSE FALSE FALSE  TRUE
[157] FALSE FALSE  TRUE  TRUE FALSE  TRUE

