
Birth-death simulation object with 306 species and 125 extant species

Details for some species:

Extinction times (NA means extant)
[1] 36.772788 32.199934 33.663922  8.777593 27.080881 28.360957


Speciation times 
[1] 46.31901 38.03808 37.50413 35.09765 32.04621 29.33449


Species parents (NA for initial)
[1] NA  1  1  2  4  4


Species status (extinct or extant)
[1] "extinct" "extinct" "extinct" "extinct" "extinct" "extinct"


For more details on vector y, try sim$y, with y one of
TE TS PAR EXTANT



$TE
  [1] 36.77278807 32.19993361 33.66392230  8.77759318 27.08088120 28.36095720
  [7] 20.52114936  7.63405516 15.39030716 12.20640027 24.33770819 11.70099596
 [13]  8.79232814 12.11659282 12.31651482 12.05148646 12.31039824 12.03079250
 [19]          NA 11.77390892 17.17922494  9.30991193 16.68994793 12.40130051
 [25]  1.95081117          NA 15.56298710 11.93216627  2.90347288          NA
 [31] 15.90160844 12.16980884 12.43439465 17.86541221 13.27545419 16.13043056
 [37] 14.72976107 12.09376140  2.80863971  8.00355787          NA  6.71472833
 [43] 12.11496297 13.38496402  1.95622400  6.46536148  6.85054321  5.84891191
 [49]          NA          NA  4.71669984          NA 16.39695074 22.13153657
 [55] 17.17074807 11.77128494 21.74350979 12.21379301  8.54088951 17.97424479
 [61] 16.00087593 13.06107313 10.44601225  8.93965135  0.73703816  2.82127900
 [67]          NA  3.58589277  0.61031829  4.43099156          NA          NA
 [73]  5.90935413          NA  4.82157647          NA  0.09945467  3.28364717
 [79]  1.71796934          NA  2.81137100  0.30692366          NA 12.23015865
 [85] 11.77340200 18.87739155 12.28215923  7.07009025  8.65485973  5.50633648
 [91] 13.50915073 12.19118955 14.40891243 13.16840474 11.91127605 12.02583311
 [97] 12.35842863 11.33464506  6.71990777  5.36048399  4.84452653          NA
[103]          NA          NA  5.48611273          NA          NA          NA
[109]          NA          NA          NA          NA  0.97896494  0.19379676
[115]  1.96295548  4.68293826  0.08112650          NA  1.35288579  2.03058073
[121]          NA 13.84060100 12.35856589 21.20168378 12.15623139 16.43363317
[127] 18.71559805 14.71494842 11.98775900 12.67330317 14.74702551  6.56783987
[133]          NA          NA  7.69183894  5.08180200 12.17745037          NA
[139]          NA          NA          NA          NA  1.23907767  4.54737319
[145]  2.76187925          NA          NA  2.37817421          NA          NA
[151]          NA          NA 13.91789482 16.66272639          NA 12.43747053
[157]  0.69631190  5.72153696  5.27101544          NA          NA  0.78810371
[163]          NA  1.41284046  1.49106154  5.98957456          NA          NA
[169]  2.87007520  3.97953251          NA          NA          NA  0.26514952
[175]  4.30161396          NA          NA          NA 15.51901796 12.75541528
[181] 11.47604507          NA  1.77382505  1.67046677          NA          NA
[187]  6.06801877          NA          NA  0.28722447          NA          NA
[193]  6.12405205  5.44646401          NA  0.16333850          NA          NA
[199]  1.09686803          NA          NA          NA          NA  3.90792087
[205]          NA          NA  1.14759600          NA          NA          NA
[211] 12.11972595 11.94677694          NA          NA  2.89337262          NA
[217]          NA 10.22564147  9.41919966  2.84995827          NA  4.35155034
[223]  4.69560206          NA  1.24127388  1.29518505  0.15481347  8.20960584
[229]  8.31504976  5.25425054          NA          NA          NA  0.88915690
[235]          NA          NA          NA  3.91394114          NA  2.26120168
[241]  1.91463547          NA          NA          NA  1.17510936          NA
[247]          NA          NA          NA  0.39872496          NA          NA
[253]          NA          NA          NA  6.46348517  0.88642817  3.51655810
[259]          NA          NA          NA  4.48669289          NA          NA
[265]          NA          NA  6.26779426  3.08999816          NA          NA
[271]          NA          NA          NA  0.55718616          NA  7.28018923
[277]  4.02714534  5.11131863          NA          NA          NA  0.89229542
[283]          NA          NA  4.43718493  0.28428660  2.07483359          NA
[289]          NA  0.35265996  2.60619375          NA  2.75869505          NA
[295]          NA  0.35607430          NA          NA          NA  0.96938265
[301]          NA  1.48755513          NA  4.14970716          NA          NA

$TS
  [1] 46.319011088 38.038082219 37.504134769 35.097645444 32.046212931
  [6] 29.334491897 25.802994265 21.913128604 16.757264305 30.544402387
 [11] 28.108622145 21.205484746 21.695765153 17.837123117 17.528779253
 [16] 12.595644782 12.449475001 12.287127466  7.994936027 30.439215303
 [21] 22.530008213 20.769395386 18.673672914 18.801316833 17.740063609
 [26] 10.466887347 16.002883483 12.203982651  6.400026931  1.682904612
 [31] 29.604394496 27.928022867 18.353791043 19.929032928 18.735470499
 [36] 18.151579862 17.714925487 16.633430800 15.072822088 14.722754813
 [41] 10.408244508  9.785774856 12.595568501 15.398121179 11.444974727
 [46] 10.709006006  7.460770679  6.782670132  6.605958294  2.848850457
 [51]  6.380734059  2.339071850 26.030260199 25.466753045 22.943418341
 [56] 27.604283559 27.463303704 21.859483294 17.424968509 19.810803612
 [61] 16.910049473 14.991728780 12.217111160 10.460003379  9.517638648
 [66]  5.801891287  8.940560954  8.378843152  8.831396616  8.593099233
 [71]  0.951929702  0.533010645  7.027295331  6.839610181  5.263370714
 [76]  3.569518683  8.051888697  7.857261321  6.785166707  5.547476391
 [81]  4.632525252  6.261522502  5.487842286 19.344665838 19.007811377
 [86] 22.785945044 20.391250312 20.036789013 19.736808907 18.722965383
 [91] 16.066063316 16.136140909 15.346350136 14.815199982 19.506802344
 [96] 14.265524219 13.696989025 12.106856115  8.696503430  7.074156195
[101]  6.538184829  3.418383355  2.559170231  0.973898818  7.458708191
[106]  6.899121378  1.297941953  0.611959636  7.700628017  0.006093111
[111]  1.249144157  1.205816610  3.038025375  1.337827761  2.735598381
[116]  5.530730480  5.119312270  5.170939625  3.616192772  4.050204949
[121]  2.058379515 14.600340754 13.091659251 21.281198386 19.873950107
[126] 18.080065581 19.268589092 16.304168385 16.005427760 15.480741670
[131] 15.155454174 11.114366747 10.811551284 10.001449101  8.722985172
[136]  7.348621601 16.037560409  8.078067039  6.811396691  0.517496045
[141]  1.808758175  7.069158466  6.541144533  6.738390296  4.669228018
[146]  1.886920677  0.528309364  3.015310390  1.319149098  0.786600272
[151]  2.319581800  1.774484433 19.728961256 16.887305515 15.636024685
[156] 13.220224014 13.752397205 10.949628451 10.470525801 10.640765806
[161]  9.461652164  1.425513073  7.978293920  7.212883735  7.704585286
[166]  7.236865484  2.790315383  1.080513881  5.539642036  5.467520678
[171]  0.880548624  6.609381670  3.331031038  2.221117401  5.119610528
[176]  4.628298137  1.301211537  0.090273443 19.097457387 18.419327381
[181] 12.451285710  9.741627757  5.743265707  5.388865842  3.052935439
[186] 11.228706737 10.976372490 10.224067680 10.218861456  7.529976765
[191]  2.594928406  8.274008034  6.914961774  7.001847393  6.905585296
[196]  6.417480299  5.786475182  4.459540750  1.823681863  4.071558856
[201]  3.736635211  3.254809419  0.184155866  4.632405350  4.765055061
[206]  0.191880611  2.575661020  2.481268486  3.228095560  0.088375152
[211] 13.693626079 13.501665704  9.070448996  5.984825276  5.181403763
[216]  2.704481668  1.334324120 11.047239018  9.876548815  9.721402523
[221]  6.906487393  6.797804308  6.146609007  8.819462511  7.840060130
[226]  2.932409319  0.252329584  9.162443978  8.840256447  7.358269373
[231]  6.508343815  5.946365336  4.664382375  1.625007619  3.840324425
[236]  0.620361619  0.191519998  7.203229922  5.751392717  2.537329021
[241]  2.517152110  1.043614682  0.113885463  2.367863574  2.154193027
[246]  1.876298636  0.135315435  3.045960184  2.883989351  3.533280544
[251]  0.122153096  1.718744262  4.115111262  0.070717665  0.778124296
[256]  8.904733053  8.430334540  4.404942784  6.554651761  3.139034602
[261]  1.556189853  7.125815965  6.131157567  3.272863690  2.582390519
[266]  1.941945027  8.773632124  5.934741280  0.450269999  2.225285004
[271]  4.483089989  1.319982292  1.275049950  1.225686180  1.659989667
[276]  7.518138636  6.569272380  7.497283650  3.360211497  2.319658280
[281]  1.105140750  6.857413058  1.455769596  1.891886261  8.055904451
[286]  5.193617911  4.865816787  0.510113968  0.871580774  6.011923473
[291]  5.634997846  7.596339099  6.899279788  4.530738938  0.046778864
[296]  5.397579459  5.546477097  6.718863131  0.892345101  2.987139713
[301]  4.924783651  2.732960284  0.287304995  5.230404198  2.981877442
[306]  0.087509714

$PAR
  [1]  NA   1   1   2   4   4   4   4   4   5   5   7   8   8   8   8   8   8
 [19]   8  10  10  10  10  12  12  13  14  18  19  19  20  20  20  21  22  22
 [37]  22  22  22  22  22  22  24  25  25  25  25  25  25  25  26  26  31  31
 [55]  31  32  32  32  33  34  35  35  39  39  39  39  40  40  41  41  41  41
 [73]  45  45  45  45  46  46  46  49  49  51  51  53  53  55  55  55  55  56
 [91]  56  58  59  59  60  62  62  63  65  65  65  65  67  67  68  68  69  69
[109]  70  71  74  74  76  76  77  78  78  79  79  80  82  85  85  86  87  87
[127]  88  88  88  88  88  88  88  88  89  90  92  99 100 102 103 105 105 109
[145] 109 109 112 113 113 117 118 121 125 125 129 129 130 132 132 133 134 134
[163] 135 136 138 138 138 138 139 139 139 142 142 143 144 144 146 150 153 153
[181] 155 155 155 155 155 157 157 157 157 157 157 158 158 160 163 164 164 164
[199] 164 165 165 165 167 169 170 171 172 172 176 176 180 180 182 182 184 184
[217] 185 186 186 186 186 186 187 188 188 188 188 189 189 189 189 189 189 189
[235] 190 191 191 192 196 196 196 196 197 198 200 201 201 209 209 213 213 214
[253] 215 216 217 220 220 220 221 221 221 224 224 224 225 225 228 230 231 235
[271] 238 248 249 252 253 256 256 257 257 260 261 262 265 266 267 268 268 273
[289] 274 282 282 285 285 287 288 291 292 293 294 296 297 297 297 298 300 301

$EXTANT
  [1] FALSE FALSE FALSE FALSE FALSE FALSE FALSE FALSE FALSE FALSE FALSE FALSE
 [13] FALSE FALSE FALSE FALSE FALSE FALSE  TRUE FALSE FALSE FALSE FALSE FALSE
 [25] FALSE  TRUE FALSE FALSE FALSE  TRUE FALSE FALSE FALSE FALSE FALSE FALSE
 [37] FALSE FALSE FALSE FALSE  TRUE FALSE FALSE FALSE FALSE FALSE FALSE FALSE
 [49]  TRUE  TRUE FALSE  TRUE FALSE FALSE FALSE FALSE FALSE FALSE FALSE FALSE
 [61] FALSE FALSE FALSE FALSE FALSE FALSE  TRUE FALSE FALSE FALSE  TRUE  TRUE
 [73] FALSE  TRUE FALSE  TRUE FALSE FALSE FALSE  TRUE FALSE FALSE  TRUE FALSE
 [85] FALSE FALSE FALSE FALSE FALSE FALSE FALSE FALSE FALSE FALSE FALSE FALSE
 [97] FALSE FALSE FALSE FALSE FALSE  TRUE  TRUE  TRUE FALSE  TRUE  TRUE  TRUE
[109]  TRUE  TRUE  TRUE  TRUE FALSE FALSE FALSE FALSE FALSE  TRUE FALSE FALSE
[121]  TRUE FALSE FALSE FALSE FALSE FALSE FALSE FALSE FALSE FALSE FALSE FALSE
[133]  TRUE  TRUE FALSE FALSE FALSE  TRUE  TRUE  TRUE  TRUE  TRUE FALSE FALSE
[145] FALSE  TRUE  TRUE FALSE  TRUE  TRUE  TRUE  TRUE FALSE FALSE  TRUE FALSE
[157] FALSE FALSE FALSE  TRUE  TRUE FALSE  TRUE FALSE FALSE FALSE  TRUE  TRUE
[169] FALSE FALSE  TRUE  TRUE  TRUE FALSE FALSE  TRUE  TRUE  TRUE FALSE FALSE
[181] FALSE  TRUE FALSE FALSE  TRUE  TRUE FALSE  TRUE  TRUE FALSE  TRUE  TRUE
[193] FALSE FALSE  TRUE FALSE  TRUE  TRUE FALSE  TRUE  TRUE  TRUE  TRUE FALSE
[205]  TRUE  TRUE FALSE  TRUE  TRUE  TRUE FALSE FALSE  TRUE  TRUE FALSE  TRUE
[217]  TRUE FALSE FALSE FALSE  TRUE FALSE FALSE  TRUE FALSE FALSE FALSE FALSE
[229] FALSE FALSE  TRUE  TRUE  TRUE FALSE  TRUE  TRUE  TRUE FALSE  TRUE FALSE
[241] FALSE  TRUE  TRUE  TRUE FALSE  TRUE  TRUE  TRUE  TRUE FALSE  TRUE  TRUE
[253]  TRUE  TRUE  TRUE FALSE FALSE FALSE  TRUE  TRUE  TRUE FALSE  TRUE  TRUE
[265]  TRUE  TRUE FALSE FALSE  TRUE  TRUE  TRUE  TRUE  TRUE FALSE  TRUE FALSE
[277] FALSE FALSE  TRUE  TRUE  TRUE FALSE  TRUE  TRUE FALSE FALSE FALSE  TRUE
[289]  TRUE FALSE FALSE  TRUE FALSE  TRUE  TRUE FALSE  TRUE  TRUE  TRUE FALSE
[301]  TRUE FALSE  TRUE FALSE  TRUE  TRUE

