
Birth-death simulation object with 220 species and 74 extant species

Details for some species:

Extinction times (NA means extant)
[1] 11.47672 40.55399 36.05429 14.46668 28.78470 18.18010


Speciation times 
[1] 46.31901 43.29628 43.02233 38.35559 37.28915 29.51547


Species parents (NA for initial)
[1] NA  1  2  3  4  4


Species status (extinct or extant)
[1] "extinct" "extinct" "extinct" "extinct" "extinct" "extinct"


For more details on vector y, try sim$y, with y one of
TE TS PAR EXTANT



$TE
  [1] 11.476722740 40.553987530 36.054286875 14.466681548 28.784698361
  [6] 18.180101138 28.137473303 11.485761420 28.591402615 29.257557440
 [11] 28.507852219 24.991279071 16.877083419 22.976125866 13.282035954
 [16] 28.720401477 22.921896267 31.548389652 14.481308036 17.325963646
 [21] 17.931589203 12.326390619 27.532178427 26.067010322 25.443890138
 [26] 17.147402123 17.519003716 23.322481741 18.899915111 17.161294842
 [31] 22.853646560 12.153472545  9.095499540  9.446712613 27.254865277
 [36] 24.963064668 14.496368211 16.804648975           NA 15.420417604
 [41] 21.072346436 13.525327898  9.003983292 20.225093607 15.839985728
 [46] 12.435159914 16.214747379 12.390436424 11.677168428           NA
 [51] 12.438310516 10.191374084           NA 12.281692567 15.399828259
 [56] 12.452975562 10.409063514 12.392754421 14.328768814  1.041588873
 [61]  4.447034779 14.477940671 12.287832858 12.632974945 10.293569774
 [66] 11.887391237 11.779067112  7.655353355  4.256819078 12.455519126
 [71] 12.431387687 12.004093633 22.965998868 16.551372738 12.164917513
 [76] 11.929966771 12.038597774           NA           NA           NA
 [81] 12.124278965  9.901785390 12.148389513 12.362752552           NA
 [86]  9.064363766  1.489426387           NA 14.981535083 14.414472986
 [91] 14.882810084 12.314974019 15.495324241  0.003098963           NA
 [96]           NA           NA  4.689438095           NA  9.839860282
[101]  4.069273560           NA  0.649148353 13.477234853           NA
[106]           NA  7.108003102  7.701819519  6.031355759  0.128252986
[111]           NA           NA 11.505084811  3.259645847           NA
[116]  3.950410820  1.997304905  2.804549625           NA 12.451841285
[121] 12.339750007 12.417162187  9.070607665  0.171897915           NA
[126] 11.753058965 11.588364166  6.464318889  3.165251957           NA
[131]           NA  2.368843168 12.373209877 12.450578597 11.867332384
[136] 12.309295203           NA 12.269025320 12.061098631 13.320508469
[141]  4.472398596           NA 11.813462354           NA  7.758300733
[146]  3.566517057           NA 11.720987899 11.930527600 12.362064779
[151]  6.878755904           NA           NA           NA           NA
[156] 13.504846681  6.814923446           NA  6.368355471           NA
[161]           NA           NA  3.878429852           NA           NA
[166] 12.348598044  6.639768577           NA  1.524558862           NA
[171]           NA  1.815553692           NA           NA  0.444639336
[176]  2.281581343           NA           NA  4.407653611           NA
[181]           NA           NA           NA  5.912435488           NA
[186]           NA           NA           NA           NA           NA
[191]  1.953908985           NA           NA           NA           NA
[196]           NA           NA           NA  0.493054790           NA
[201]           NA           NA  2.392604846           NA  5.424652888
[206]           NA           NA           NA  3.872808675           NA
[211]           NA           NA           NA           NA  5.027656948
[216]  4.842194131  0.766835344           NA           NA  2.563593489

$TS
  [1] 46.31901109 43.29628230 43.02233001 38.35558736 37.28914686 29.51547287
  [7] 28.28428068 25.61009210 33.26676067 32.29946647 29.22373257 28.56979042
 [13] 18.25688859 25.18025775 16.12499750 32.75728586 32.52239822 31.98734704
 [19] 30.97890786 30.79869913 23.28623923 14.96541387 30.61412189 30.60178912
 [25] 30.04209050 20.64040585 18.80276451 28.72955849 24.69352058 24.38240868
 [31] 23.11893626 23.19973391 21.18022725 14.75469920 29.82330467 30.33809704
 [37] 26.66519970 26.66933006 18.86179919 18.15494349 23.46162266 18.92821205
 [43] 18.20409611 22.91666288 20.33428083 20.00769140 19.87033729 19.63731966
 [49] 17.52208630 10.47529847 13.74923322 10.23788268  9.99180793 22.26363918
 [55] 19.48957201 16.55811809 26.34505335 18.52007221 18.48195869 10.22551991
 [61]  7.74420523 17.14943786 12.29329947 16.33490907 13.02338380 12.87865093
 [67] 15.94796799  7.87236074  9.87473547 22.11244256 19.67154659 17.41002007
 [73] 24.17284004 22.41660453 16.44382735 14.60172822 16.66905878  5.79483358
 [79]  1.59818203  7.45972203 15.17759888 11.29984550 12.63966898 12.39106024
 [85] 11.83436147  9.68244171  5.19401222  4.93593465 21.02827849 14.52473724
 [91] 18.55739540 14.45718052 15.74567964  1.40026442  6.50372018  5.24206380
 [97]  0.51826915 11.23280267 10.97278510 10.25257916  9.02088849  1.75723905
[103]  3.73325779 18.61826297 17.53468505  1.88495675  9.30742866  8.36095136
[109]  7.66827206  1.18038550  0.99844632 18.08871256 15.16591181  9.76954612
[115]  7.77487423  5.07859407  4.35855306  3.49528245  0.31984129 15.64377532
[121] 15.46742468 14.50041522 10.44002180  8.71292830  5.22856057 13.96151444
[127] 12.31072454  8.19224074  3.35823542  3.94744303  0.04092187  2.81698803
[133] 13.05422286 15.33437801 15.22880830 14.94509692 14.22518135 12.77518203
[139] 13.91515607 13.74247680  9.86330952  4.66226712 11.86401881 11.70782628
[145]  8.17117075  7.91555741  3.17774369 13.48436713 12.44843908 12.68047540
[151]  9.67282845  7.36277536  4.98082668  4.78089182  1.01805079 13.62208074
[157]  7.64823866  0.91187298 10.43876622  0.11064945  8.11000840  7.83620301
[163]  6.03102509  1.26592224  0.31305114 13.26204995  9.25388690  7.37993742
[169]  5.08737174  2.77121241  1.33874813  2.28827140  0.88029829  0.80944028
[175]  8.94036764  6.49006560  1.49391828  6.98380412  6.33391540  5.80171436
[181]  0.89638548  5.35612939  5.15805705  7.21551898  0.87104411  5.01776272
[187]  3.71584939  2.00799751  1.13205344  5.77404587  4.51852217  3.23770698
[193]  0.67542363  6.75227020  4.02113808  3.04078644  0.74547786  4.25312290
[199]  3.45039226  1.55945127  4.32373646  0.23502522  4.54577110  1.01727995
[205]  6.94072008  3.80069764  1.05570473  0.21909108  6.67125146  2.13059046
[211]  0.36903556  0.19024200  1.72212449  6.36775785  6.16653389  6.04665229
[217]  2.00677506  4.92624998  3.96599148  3.40437146

$PAR
  [1]  NA   1   2   3   4   4   4   4   5   5   6   6   6   8   8   9   9   9
 [19]   9  10  14  15  16  16  17  19  19  20  20  20  20  21  21  22  23  24
 [37]  24  25  26  27  29  29  30  32  33  33  33  33  33  33  34  34  34  37
 [55]  37  37  38  38  39  39  39  43  43  48  48  48  49  50  53  54  54  55
 [73]  57  57  57  57  58  60  60  61  64  65  67  67  67  69  69  69  70  70
 [91]  71  71  77  79  80  80  80  82  85  85  85  85  87  89  91  95  99 101
[109] 101 102 102 104 104 105 105 105 105 105 106 112 112 112 112 112 112 113
[127] 113 114 114 115 115 117 120 121 121 121 121 121 122 122 123 125 126 127
[145] 128 128 129 134 136 137 137 137 137 137 137 139 141 142 144 144 145 146
[163] 146 147 147 148 151 151 152 153 153 154 154 155 159 161 161 162 162 162
[181] 162 163 163 168 171 175 175 175 175 176 176 176 177 178 178 178 178 180
[199] 180 180 182 182 183 183 184 191 192 193 194 195 195 204 206 209 209 209
[217] 210 216 218 218

$EXTANT
  [1] FALSE FALSE FALSE FALSE FALSE FALSE FALSE FALSE FALSE FALSE FALSE FALSE
 [13] FALSE FALSE FALSE FALSE FALSE FALSE FALSE FALSE FALSE FALSE FALSE FALSE
 [25] FALSE FALSE FALSE FALSE FALSE FALSE FALSE FALSE FALSE FALSE FALSE FALSE
 [37] FALSE FALSE  TRUE FALSE FALSE FALSE FALSE FALSE FALSE FALSE FALSE FALSE
 [49] FALSE  TRUE FALSE FALSE  TRUE FALSE FALSE FALSE FALSE FALSE FALSE FALSE
 [61] FALSE FALSE FALSE FALSE FALSE FALSE FALSE FALSE FALSE FALSE FALSE FALSE
 [73] FALSE FALSE FALSE FALSE FALSE  TRUE  TRUE  TRUE FALSE FALSE FALSE FALSE
 [85]  TRUE FALSE FALSE  TRUE FALSE FALSE FALSE FALSE FALSE FALSE  TRUE  TRUE
 [97]  TRUE FALSE  TRUE FALSE FALSE  TRUE FALSE FALSE  TRUE  TRUE FALSE FALSE
[109] FALSE FALSE  TRUE  TRUE FALSE FALSE  TRUE FALSE FALSE FALSE  TRUE FALSE
[121] FALSE FALSE FALSE FALSE  TRUE FALSE FALSE FALSE FALSE  TRUE  TRUE FALSE
[133] FALSE FALSE FALSE FALSE  TRUE FALSE FALSE FALSE FALSE  TRUE FALSE  TRUE
[145] FALSE FALSE  TRUE FALSE FALSE FALSE FALSE  TRUE  TRUE  TRUE  TRUE FALSE
[157] FALSE  TRUE FALSE  TRUE  TRUE  TRUE FALSE  TRUE  TRUE FALSE FALSE  TRUE
[169] FALSE  TRUE  TRUE FALSE  TRUE  TRUE FALSE FALSE  TRUE  TRUE FALSE  TRUE
[181]  TRUE  TRUE  TRUE FALSE  TRUE  TRUE  TRUE  TRUE  TRUE  TRUE FALSE  TRUE
[193]  TRUE  TRUE  TRUE  TRUE  TRUE  TRUE FALSE  TRUE  TRUE  TRUE FALSE  TRUE
[205] FALSE  TRUE  TRUE  TRUE FALSE  TRUE  TRUE  TRUE  TRUE  TRUE FALSE FALSE
[217] FALSE  TRUE  TRUE FALSE

