
Birth-death simulation object with 337 species and 125 extant species

Details for some species:

Extinction times (NA means extant)
[1] 29.37970 43.47214 41.38850 31.70274 27.12341       NA


Speciation times 
[1] 46.31901 45.54178 45.16729 37.54673 35.14415 34.36503


Species parents (NA for initial)
[1] NA  1  1  1  1  1


Species status (extinct or extant)
[1] "extinct" "extinct" "extinct" "extinct" "extinct" "extant" 


For more details on vector y, try sim$y, with y one of
TE TS PAR EXTANT



$TE
  [1] 29.379701113 43.472137871 41.388500535 31.702738245 27.123410570
  [6]           NA 24.040623125  3.838688324 30.803379692 12.159885078
 [11]           NA 12.055285786 14.260950677 11.570160453  9.882926274
 [16]  7.273383909           NA 15.292796453 29.166026236 15.352044056
 [21] 22.422297163 20.337474723 22.873376282 19.351762067 11.614362806
 [26] 12.108306667 11.512867574  0.807512385           NA           NA
 [31] 12.418166797 11.962843843 14.268296452 13.290964498  4.704230064
 [36]  6.065530022  7.583695400 18.545560578 11.916912313 12.327904393
 [41] 12.146726868 12.088768403 23.295075159           NA 12.079225111
 [46] 19.669415312 13.686039876 17.972008647 12.403178437 11.940890223
 [51] 11.754706811 12.146709642 12.296634282           NA           NA
 [56]           NA  4.248233259 11.491365269 12.224202362 11.923713687
 [61] 12.356953980 27.084726104 11.822239580 12.255407620 19.335106621
 [66] 10.372071149 12.414756892 12.435214833 11.652312974 12.346016440
 [71] 12.087391351 16.033747557 12.064735366 12.384582827 12.377930727
 [76] 11.738465639 19.849476654 11.789112978  3.151291969           NA
 [81] 13.411686115 11.058690679 12.369249262 12.314252547 12.391091022
 [86]  7.912482291  3.177365590           NA 11.474827113 20.573836521
 [91] 22.427637051 12.455450508 19.004536356 15.339411331 16.393868632
 [96] 12.331832574 12.115276272 14.720485121 12.458200805 11.891798471
[101] 12.288124270 12.389581433 13.925558843           NA 12.016310621
[106] 12.090709939 12.041417412 12.869006758 15.311739387 12.206104861
[111]  7.442806988 11.908124932           NA 12.310617580 12.026199916
[116] 12.273080158 13.795362582 11.988721595  7.977433705  7.544408421
[121]  9.727817826  6.832781446  5.437613756           NA           NA
[126]           NA           NA 14.812308912           NA           NA
[131] 16.654929452 12.288123915 12.065965872 11.977558199 12.386371437
[136] 11.999461579 11.486558675 12.298760215           NA  9.818704627
[141]  5.769580972           NA           NA 12.296890035 12.426279649
[146]  9.884453669 16.484802111  5.618302739 17.204871215 15.561776541
[151] 12.383616870  6.223515327           NA  5.479012206           NA
[156]  8.595236411           NA 12.417987437 11.769899508 11.492171054
[161]           NA  7.752289087  6.983690452  1.781121610  0.490479239
[166]           NA 12.131535381 12.442645815  6.065259551           NA
[171]  8.780270649           NA  0.107558738           NA           NA
[176]           NA           NA 17.260985209           NA           NA
[181] 12.359563158 12.373601947 20.185012377 12.155939241  1.849006147
[186] 12.310660209 11.608592275 11.047831003           NA  5.965001694
[191]  3.310199084  0.891112067  4.624036426  0.031757197 12.175414748
[196]  0.910962730  2.152877874  5.847597612 12.050851323  4.718571112
[201]           NA           NA  6.436289907           NA  5.351125882
[206]  5.160787833  1.143530750           NA  5.244231090  3.902985555
[211]           NA           NA  8.341612357           NA  1.663000819
[216]           NA           NA 14.927506287 12.449254453 11.949466274
[221] 11.576124415           NA           NA  4.463787869  2.309233623
[226]  4.679026099 12.127253812  9.827863778  4.088904352           NA
[231]  7.395007906           NA  4.912408622           NA  3.564936583
[236]           NA  0.223929189           NA           NA           NA
[241]           NA  4.690076570           NA           NA           NA
[246]  2.398152426           NA  6.256051140           NA           NA
[251]  2.886911190           NA           NA           NA  2.229726005
[256]           NA           NA  2.152829919  8.209024499  2.662424266
[261]  4.666617936  3.990668184           NA           NA           NA
[266]           NA           NA  6.258980510  5.734887850           NA
[271]           NA           NA  0.699507813           NA           NA
[276]  5.250814300           NA           NA           NA           NA
[281]           NA           NA           NA  5.290948718           NA
[286]           NA  3.350062947           NA  3.999452644           NA
[291]  0.929575588           NA           NA           NA           NA
[296]  4.201246599  4.749713456           NA           NA           NA
[301]           NA           NA           NA           NA  3.390073606
[306]           NA           NA           NA           NA           NA
[311]  2.043466426  0.003332503  8.670103405           NA  2.315801601
[316]           NA           NA           NA           NA           NA
[321]           NA  2.899887576           NA           NA           NA
[326]           NA           NA           NA           NA           NA
[331]           NA           NA           NA           NA           NA
[336]           NA           NA

$TS
  [1] 46.31901109 45.54178170 45.16729360 37.54672955 35.14414518 34.36503001
  [7] 32.62754763 31.77450394 32.71149596 30.78195773 20.43428068 19.01826528
 [13] 17.13315336 11.89707556 10.77073523  9.55417547  0.13644949 32.45875660
 [19] 29.75911701 29.10907369 26.39588125 26.07929140 24.17603606 25.20980384
 [25] 23.80089640 19.05619471 11.58219960  9.71156043  3.85080106 18.62180512
 [31] 18.38590788 15.94838209 14.74658426 13.70390318  8.53659667 16.85106299
 [37]  9.35640844 31.35060765 27.42279389 27.18353317 17.32345588 16.12947161
 [43] 26.19972753 24.75674108 19.61065251 19.88565876 18.46056723 18.28666525
 [49] 13.38341486 15.80165713 15.10168239 14.27247370 14.18669542  8.83788947
 [55]  3.50365768  0.33370530  6.65694006 15.48533119 13.19547099 14.70782418
 [61] 16.10425865 29.28981516 25.03725597 22.56113231 19.95424197 18.19396389
 [67] 16.18979606 15.12504438 14.69636087 13.90715278 19.07948741 17.80382677
 [73] 16.10795862 14.59243335 15.52571833 12.33099262 23.53458399 23.48130536
 [79] 17.89764168  5.84246672 19.23300178 17.25094653 12.86828441 13.05480763
 [85] 12.87612955  8.43691982  7.79667430  2.66703263 12.67555401 28.23309718
 [91] 24.18531085 24.10735809 19.21202093 18.36742259 17.06625410 19.99241149
 [97] 17.08314811 16.68270818 12.47749134 12.27114648 18.14917427 16.16359415
[103] 15.60087766 15.06292791 13.29372002 14.59842846 18.09709536 17.98546056
[109] 17.96263188 17.27407518 12.26614670 17.28965521 16.94140773 14.00941653
[115] 12.81271009 13.06499002 21.75741205 18.03201533 12.12497948 11.96182761
[121] 11.08994215  8.40482225  5.74312085  4.85985394  2.80075392  2.30715186
[127]  0.75753419 18.71475281  3.39550625  0.94855911 27.13686511 23.73362932
[133] 18.00338647 12.64855683 14.68199178 15.68019047 13.38313975 14.95474350
[139] 12.78778886 11.08437186  9.95012350  0.80663045  0.01823736 14.51862456
[145] 13.95450105 13.00075528 17.70409402 16.57221282 17.72378367 17.33352084
[151] 16.38980563 12.38586445 10.51260267 10.38286747  9.45224971  9.39197284
[157]  7.46480193 15.24095565 12.11748151 12.62582724 10.94431762  9.84755436
[163]  8.11450933  7.12934820  6.29421341  0.21477563 14.76700570 13.98768804
[169] 12.01413465  8.70801985 10.84092315  7.67104831  7.04174430  3.31765940
[175]  0.52765649  2.80014575  0.37229647 17.91073354  0.66002919  0.39054839
[181] 22.10676455 22.09777996 21.30841440 17.86309027 13.87445283 13.74202159
[187] 13.34980222 13.59336024  9.41136477  9.01308439  7.17021408  1.92107729
[193]  7.08933701 14.28851618 12.71482715  9.89020219  6.85207984  6.73893890
[199] 13.70187287  8.61988441  6.82368796  6.55964715  8.45501509  7.57091640
[205]  6.94550189  6.20654193 11.88465547  9.70299006  8.20725382  4.24298981
[211]  5.33565746  2.63497281 13.04114052  4.98800198  6.79466709  0.58174193
[217]  0.35713389 21.40803991 15.40196394 17.59475069 11.63995438  8.29535324
[223]  5.23824792  6.80703556  6.73390779  4.81486065 13.51904350 11.51448302
[229]  7.29171099  9.69408059  8.75251779  8.13021410  5.18571544  1.97975234
[235]  4.78468989  3.00100340  6.48071607  3.09076103  2.48969445  6.73551205
[241]  6.57198163  6.07689973  2.21842354  1.21374118  5.74204302 10.09824400
[247]  8.85663399  8.24113595  7.01351632  3.92250038  9.59766277  5.14345452
[253]  6.53066748  2.98630847  8.22682347  0.26298793  6.16996267  4.92535482
[259] 10.71950659  7.79055496  7.09473090  7.06487018  0.78760373  0.64981092
[265]  6.52220278  3.68076104  3.65454671  6.47219399  6.14189056  1.10121836
[271]  0.48438604  2.57688878  3.34646957  1.12846844  0.70198768  6.91808314
[277]  7.38900705  6.61871754  6.28849802  2.72208590  1.34034398  1.20597846
[283]  0.38927766  7.96467879  7.76658730  5.40623560  3.66448496  2.03186323
[289]  4.77503518  3.99343167  3.59356553  1.81804857  1.18756506  0.34722429
[295]  3.86797925 10.71678573  8.86853585  0.22345550  3.06687119  2.78228675
[301]  0.92010870  0.12855421  2.16582839  1.80613594  4.07530005  0.93334425
[307]  3.03231581  2.27392739  4.67826427  1.00219284  4.15750256  0.03363829
[313]  8.70144226  8.57898189  2.47942001  1.34420497  1.21458282  0.48862794
[319]  0.39120863  1.92543675  0.97026891  3.38166900  3.30895517  3.28035134
[325]  2.80588082  7.40818586  2.68166584  2.57934446  1.95883852  1.67288376
[331]  0.70135579  0.52614764  2.91315329  0.19080981  1.37537738  0.53635352
[337]  0.04131964

$PAR
  [1]  NA   1   1   1   1   1   1   1   5   6   6   6   6   6   6   6   6   7
 [19]   7   7   7   7   7   8   8   8   8   8   8  10  10  10  10  11  11  13
 [37]  16  18  18  18  18  18  21  21  24  25  25  25  25  26  26  26  26  28
 [55]  28  29  30  31  31  33  36  38  38  38  39  39  39  39  39  39  40  40
 [73]  40  40  41  42  43  44  44  44  45  47  49  52  53  54  54  55  58  62
 [91]  63  63  63  63  63  64  64  64  64  64  66  66  67  67  68  69  71  71
[109]  71  71  71  72  72  74  74  75  78  78  78  78  79  79  79  80  80  80
[127]  80  81  87  88  90  92  92  96  97 101 101 102 102 104 104 104 104 106
[145] 107 107 108 108 109 109 109 110 111 111 111 111 111 112 112 113 113 113
[163] 113 113 113 113 117 118 119 119 120 122 122 124 124 125 126 128 130 130
[181] 131 132 132 132 133 135 136 138 139 139 139 139 141 144 144 146 148 148
[199] 151 152 152 153 154 155 155 157 160 161 162 164 165 165 168 170 172 173
[217] 179 181 181 184 188 189 189 190 191 193 194 194 194 196 196 196 196 196
[235] 197 197 198 202 202 203 203 204 204 204 206 207 207 207 207 207 208 208
[253] 209 211 222 222 224 225 228 230 230 230 230 230 232 235 235 237 237 237
[271] 238 240 241 241 245 246 247 247 247 249 249 249 249 251 251 251 253 253
[289] 257 257 257 257 257 257 258 259 259 264 265 266 267 271 272 272 277 277
[307] 278 279 285 285 286 294 297 297 299 299 299 303 304 308 308 311 311 311
[325] 311 314 314 314 314 314 317 321 323 323 326 328 335

$EXTANT
  [1] FALSE FALSE FALSE FALSE FALSE  TRUE FALSE FALSE FALSE FALSE  TRUE FALSE
 [13] FALSE FALSE FALSE FALSE  TRUE FALSE FALSE FALSE FALSE FALSE FALSE FALSE
 [25] FALSE FALSE FALSE FALSE  TRUE  TRUE FALSE FALSE FALSE FALSE FALSE FALSE
 [37] FALSE FALSE FALSE FALSE FALSE FALSE FALSE  TRUE FALSE FALSE FALSE FALSE
 [49] FALSE FALSE FALSE FALSE FALSE  TRUE  TRUE  TRUE FALSE FALSE FALSE FALSE
 [61] FALSE FALSE FALSE FALSE FALSE FALSE FALSE FALSE FALSE FALSE FALSE FALSE
 [73] FALSE FALSE FALSE FALSE FALSE FALSE FALSE  TRUE FALSE FALSE FALSE FALSE
 [85] FALSE FALSE FALSE  TRUE FALSE FALSE FALSE FALSE FALSE FALSE FALSE FALSE
 [97] FALSE FALSE FALSE FALSE FALSE FALSE FALSE  TRUE FALSE FALSE FALSE FALSE
[109] FALSE FALSE FALSE FALSE  TRUE FALSE FALSE FALSE FALSE FALSE FALSE FALSE
[121] FALSE FALSE FALSE  TRUE  TRUE  TRUE  TRUE FALSE  TRUE  TRUE FALSE FALSE
[133] FALSE FALSE FALSE FALSE FALSE FALSE  TRUE FALSE FALSE  TRUE  TRUE FALSE
[145] FALSE FALSE FALSE FALSE FALSE FALSE FALSE FALSE  TRUE FALSE  TRUE FALSE
[157]  TRUE FALSE FALSE FALSE  TRUE FALSE FALSE FALSE FALSE  TRUE FALSE FALSE
[169] FALSE  TRUE FALSE  TRUE FALSE  TRUE  TRUE  TRUE  TRUE FALSE  TRUE  TRUE
[181] FALSE FALSE FALSE FALSE FALSE FALSE FALSE FALSE  TRUE FALSE FALSE FALSE
[193] FALSE FALSE FALSE FALSE FALSE FALSE FALSE FALSE  TRUE  TRUE FALSE  TRUE
[205] FALSE FALSE FALSE  TRUE FALSE FALSE  TRUE  TRUE FALSE  TRUE FALSE  TRUE
[217]  TRUE FALSE FALSE FALSE FALSE  TRUE  TRUE FALSE FALSE FALSE FALSE FALSE
[229] FALSE  TRUE FALSE  TRUE FALSE  TRUE FALSE  TRUE FALSE  TRUE  TRUE  TRUE
[241]  TRUE FALSE  TRUE  TRUE  TRUE FALSE  TRUE FALSE  TRUE  TRUE FALSE  TRUE
[253]  TRUE  TRUE FALSE  TRUE  TRUE FALSE FALSE FALSE FALSE FALSE  TRUE  TRUE
[265]  TRUE  TRUE  TRUE FALSE FALSE  TRUE  TRUE  TRUE FALSE  TRUE  TRUE FALSE
[277]  TRUE  TRUE  TRUE  TRUE  TRUE  TRUE  TRUE FALSE  TRUE  TRUE FALSE  TRUE
[289] FALSE  TRUE FALSE  TRUE  TRUE  TRUE  TRUE FALSE FALSE  TRUE  TRUE  TRUE
[301]  TRUE  TRUE  TRUE  TRUE FALSE  TRUE  TRUE  TRUE  TRUE  TRUE FALSE FALSE
[313] FALSE  TRUE FALSE  TRUE  TRUE  TRUE  TRUE  TRUE  TRUE FALSE  TRUE  TRUE
[325]  TRUE  TRUE  TRUE  TRUE  TRUE  TRUE  TRUE  TRUE  TRUE  TRUE  TRUE  TRUE
[337]  TRUE

