
Birth-death simulation object with 120 species and 29 extant species

Details for some species:

Extinction times (NA means extant)
[1] 34.05644 42.08119 39.77664 21.85573 33.88635 24.08882


Speciation times 
[1] 46.31901 43.96343 43.03830 37.04979 40.19615 31.48433


Species parents (NA for initial)
[1] NA  1  1  1  3  4


Species status (extinct or extant)
[1] "extinct" "extinct" "extinct" "extinct" "extinct" "extinct"


For more details on vector y, try sim$y, with y one of
TE TS PAR EXTANT



$TE
  [1] 34.05644165 42.08118858 39.77663840 21.85572532 33.88635479 24.08881919
  [7] 25.61286478 22.65844365 18.12236898 33.02041460 23.59086215 24.59007420
 [13] 18.85972328 21.36660957 12.35992752 26.80916642 25.40372797 24.61258449
 [19] 17.66999232 11.68101688 11.56830105 20.21340723  9.50692430 15.59919235
 [25] 22.62618498 21.79099796 15.67681304 12.08086703 12.33440347          NA
 [31] 18.08956608 12.30095967  4.03275878  8.75860894          NA 25.38363690
 [37] 19.11766243  9.05515972 12.71416055 17.92023569 13.40828312 11.53015307
 [43] 12.00708012  9.50363051  8.44091298  3.01842953 15.67568745 12.20346268
 [49]  5.46192621  1.52460106 11.08634398  8.74231040  5.45355375          NA
 [55]          NA 22.92055202 23.66737032  2.42763384 11.95192781 16.13558768
 [61] 14.52277740 11.11445636  3.67555637          NA 13.69396735  1.42839269
 [67]          NA 11.97093939  3.00475788          NA 19.91580143  9.55658793
 [73]  7.15321069 12.28655691          NA  5.32700328          NA 11.98839919
 [79]  5.35221288          NA  2.20445084          NA          NA  4.68931273
 [85]  4.64829605          NA 11.85640969  9.49421176          NA          NA
 [91]  0.39907689  1.50259845          NA          NA 12.01238008  0.13018670
 [97]  1.69547777          NA          NA  1.64688316  6.12589382  1.29958075
[103]  1.25629188          NA  1.54605208          NA  3.24414681  4.50402854
[109]          NA  5.52207344          NA  7.38115665  5.07468596          NA
[115]          NA  0.08877527          NA          NA          NA          NA

$TS
  [1] 46.31901109 43.96342548 43.03829996 37.04978938 40.19615217 31.48432534
  [7] 30.61784029 24.33226356 22.82362383 35.23873359 29.19061030 28.61829653
 [13] 27.51171878 24.29139946 23.44511049 27.40293278 26.49682614 27.43358132
 [19] 27.00556204 26.26424743 24.21571621 24.12603728 18.82914252 16.84519975
 [25] 27.04092829 26.24982416 24.38283933 17.22230035 15.20667286 13.43841244
 [31] 21.59183570 13.68762983 16.90922808 13.90135690 10.86923722 26.64618898
 [37] 26.18231117 25.35290974 20.18405115 19.48862444 15.23265623 12.15430982
 [43] 12.11153436 11.23085436  8.59100378  4.36398195 20.32711949 14.97240622
 [49]  8.09234391  5.80984272 13.72806606  8.87416205  8.05861347  6.90996561
 [55]  6.02734450 24.91329439 24.47448706 16.02948704 14.03630277 19.28901600
 [61] 14.66397967 11.17310983 10.92751321  3.48788027 19.34017631  7.70279644
 [67]  7.03809339 12.91125514  7.42525915  0.48489723 24.05418463  9.99376599
 [73]  8.69354773 16.88353615  8.76124044  8.58841422  0.62375672 16.57680231
 [79]  6.55008240  3.01664043  4.15618681  6.69456506  4.82217180  7.61068718
 [85]  7.48155743  6.01482069 15.30510638 13.61487865  2.19779726  1.43114697
 [91]  2.66183722  5.84348623  4.77054597  3.03986464 13.22166204 10.46230603
 [97]  9.55090485  1.60967410  2.18436202 10.29104385  9.66512673  7.83775330
[103]  3.95619751  2.94596933  8.75679355  7.04130487  5.23890648  4.62894717
[109]  8.17977163  5.71959546  2.10517964  9.59467014  6.89243251  1.97087646
[115]  1.34213314  6.00875231  1.64006081  0.48301378  1.27515214  0.05026547

$PAR
  [1]  NA   1   1   1   3   4   4   4   4   5   6   7   7   8   8  11  11  12
 [19]  13  13  14  14  15  15  18  19  19  20  20  20  21  21  23  23  23  25
 [37]  25  26  27  27  28  28  30  30  30  30  31  33  33  33  34  35  35  35
 [55]  35  37  37  38  38  39  39  44  44  46  47  49  49  51  53  55  56  58
 [73]  58  60  63  63  64  65  66  66  67  69  69  73  73  76  78  78  80  80
 [91]  83  84  85  86  87  88  88  92  94  96  96  96  96  96  97  97  97  97
[109] 100 100 100 101 101 102 102 105 109 111 114 114

$EXTANT
  [1] FALSE FALSE FALSE FALSE FALSE FALSE FALSE FALSE FALSE FALSE FALSE FALSE
 [13] FALSE FALSE FALSE FALSE FALSE FALSE FALSE FALSE FALSE FALSE FALSE FALSE
 [25] FALSE FALSE FALSE FALSE FALSE  TRUE FALSE FALSE FALSE FALSE  TRUE FALSE
 [37] FALSE FALSE FALSE FALSE FALSE FALSE FALSE FALSE FALSE FALSE FALSE FALSE
 [49] FALSE FALSE FALSE FALSE FALSE  TRUE  TRUE FALSE FALSE FALSE FALSE FALSE
 [61] FALSE FALSE FALSE  TRUE FALSE FALSE  TRUE FALSE FALSE  TRUE FALSE FALSE
 [73] FALSE FALSE  TRUE FALSE  TRUE FALSE FALSE  TRUE FALSE  TRUE  TRUE FALSE
 [85] FALSE  TRUE FALSE FALSE  TRUE  TRUE FALSE FALSE  TRUE  TRUE FALSE FALSE
 [97] FALSE  TRUE  TRUE FALSE FALSE FALSE FALSE  TRUE FALSE  TRUE FALSE FALSE
[109]  TRUE FALSE  TRUE FALSE FALSE  TRUE  TRUE FALSE  TRUE  TRUE  TRUE  TRUE

