
Birth-death simulation object with 180 species and 58 extant species

Details for some species:

Extinction times (NA means extant)
[1] 12.20968 37.70979 42.06505 33.84355 38.42180 30.70757


Speciation times 
[1] 46.31901 45.60606 42.49675 41.69330 40.11235 32.87783


Species parents (NA for initial)
[1] NA  1  1  1  1  1


Species status (extinct or extant)
[1] "extinct" "extinct" "extinct" "extinct" "extinct" "extinct"


For more details on vector y, try sim$y, with y one of
TE TS PAR EXTANT



$TE
  [1] 12.2096756 37.7097906 42.0650498 33.8435461 38.4218046 30.7075686
  [7] 11.6399500 20.7565332 12.3475966 14.9890848 12.4149557 34.9796030
 [13] 29.7682877 39.3277700 14.2190053 12.4108261 12.0648515 12.1640429
 [19] 16.1746721 19.1582194 23.2693571 18.4801210 12.2846810 14.2119035
 [25] 17.2894798         NA 28.0670443 34.3368721 18.7964495 24.7332392
 [31] 11.5076649 11.4635692 11.7684083 12.0239566 15.5471400 12.2755418
 [37] 12.4396290 12.0847127 12.2424501 17.9399565 16.2769714 17.3044512
 [43] 10.1155468 33.1332373 23.6635818  7.7636664 19.6823263         NA
 [49] 14.0246028 19.1866985 17.9573696 11.8480288 31.7166572 11.3998949
 [55] 22.6083649 16.1934462  4.8766410 16.0536869 20.3574357 12.0781174
 [61]  6.5451490  3.6887787         NA         NA         NA 12.4208352
 [67] 14.8050854 24.3468729 18.3141433         NA 17.1631075  8.6989663
 [73]         NA 15.0042704  7.7057647         NA         NA  0.1180910
 [79] 11.8888137 25.9363465 21.5947005  9.3426814         NA  1.9632113
 [85]         NA         NA         NA  2.5615676         NA         NA
 [91]         NA 14.0266134 12.2521668 15.5480965         NA         NA
 [97]         NA         NA 23.9207011 29.4313164 20.7623635 14.4980251
[103]  6.9613579         NA  3.0663971         NA         NA         NA
[109]         NA  2.7600575         NA         NA         NA         NA
[115]         NA         NA 11.8401438 22.2240130 11.8573530 15.4153558
[121] 11.7537502  8.3005959         NA  8.3617241         NA  1.5611389
[127]  0.2856940         NA  2.4797553  0.2530102         NA         NA
[133]  1.9483130         NA         NA 11.9708761 17.3577586 12.0712632
[139] 11.9479869 11.7847993         NA         NA  4.9879082  4.5623632
[145]         NA         NA  1.7007024         NA  0.1255625         NA
[151] 12.0183876 13.9551752 14.0636256 12.0794440 11.7328893         NA
[157]         NA  0.5842673  7.3269152  2.5529446  5.9638440         NA
[163]         NA 12.3903709 10.9124111 12.2197688         NA         NA
[169]         NA         NA         NA         NA 11.7461244 12.4231344
[175] 12.1833234         NA         NA         NA 12.4730214         NA

$TS
  [1] 46.31901109 45.60605818 42.49674759 41.69330370 40.11234806 32.87783316
  [7] 29.31011290 27.36508470 25.35201159 21.82292309 13.24143338 43.98544492
 [13] 41.56862067 39.37880219 36.18905371 24.22312449 21.37488231 13.96974213
 [19] 26.30895115 24.40157900 23.57523548 22.21318122 15.61891043 14.77997041
 [25] 21.00098810 16.22563115 38.28306650 38.26230145 30.06686959 24.73917186
 [31] 14.93138702 14.39708803 14.25082329 17.11427404 17.01613269 16.83553008
 [37] 16.23134437 13.48568014 12.46633393 22.87461897 18.96796015 19.62502638
 [43] 15.14329831 36.79301382 29.93938884 26.64996611 25.84044205 12.91067116
 [49] 16.50147980 19.48204776 19.43396497 14.34034609 33.78662537 24.48119715
 [55] 25.76757665 25.10454183 11.96730601 22.04259944 22.02324018 12.32809355
 [61] 10.35582181  7.07197019  6.65740514  2.66710328  0.68628712 16.29168534
 [67] 16.22096375 32.97368871 18.37832223 12.02205074 18.05850042 11.41555629
 [73]  7.02960265 17.54032778 20.77656899  8.85094474  0.50410800  1.91828507
 [79] 30.91965344 26.21307796 26.10982638 10.06131805  6.23174513  3.90606745
 [85]  2.78279751  2.62419014  6.74162897  3.08808055  1.77392630  0.02999072
 [91] 17.11202247 16.24409031 15.23276935 18.43329320  4.67264301  2.93200413
 [97]  0.98097164  0.96439611 30.47915323 30.43225901 29.27787078 25.07080578
[103] 12.12681762  6.19724470  5.82929681  2.96343300  0.18021808  0.53872078
[109]  4.81181460  4.69434582  0.08654472  1.01608822  6.89546544  6.74847864
[115]  6.18421471  5.56666941 14.72769044 24.28605685 22.59053267 18.52380553
[121] 16.74832725 11.08220672  9.22601371  8.44459659  2.13683947  2.72815397
[127]  1.61125970  1.64444357  6.64281819  4.00628963  1.22652220  0.96449872
[133]  5.17994144  4.20892981  1.01454342 13.86592779 17.86233849 14.49791944
[139] 16.72630028 15.68072620  8.30923426  1.47649567  8.43215604  5.19701551
[145]  4.68133312  3.72031208  3.16161048  0.09882992  4.07243840  1.38767123
[151] 12.30905881 17.74414441 16.18228973 16.04643667 12.10847838  3.50853396
[157]  0.84711137  0.60914614  7.38634649  7.02841076  6.56456843  3.24805635
[163]  0.99532211 15.91938370 15.27023315 14.55502657  3.23588238  0.99057158
[169]  0.03609974  4.34834242  1.31184932  0.84885140 13.32176404 13.68121965
[175] 12.38342014  0.75810276  0.38569925  3.15777698 12.65530857  0.42383250

$PAR
  [1]  NA   1   1   1   1   1   1   1   1   1   1   2   2   2   4   7   7   7
 [19]   8   8   9   9   9   9  10  10  12  13  13  15  15  15  15  16  17  17
 [37]  17  18  18  19  22  25  26  27  29  29  29  32  35  42  42  43  44  45
 [55]  46  46  46  47  47  48  48  48  48  48  48  49  49  53  54  54  56  57
 [73]  57  58  59  61  63  64  68  68  68  70  70  70  70  70  73  73  73  73
 [91]  74  74  74  75  76  76  76  78  79  79  79  79  79  83  83  83  83  86
[109]  87  87  87  89  91  91  91  91  92 101 101 102 102 103 103 103 104 109
[127] 109 113 114 114 114 114 115 116 116 117 119 119 120 121 123 123 124 129
[145] 129 129 130 131 133 134 136 137 139 139 140 141 141 142 143 143 143 146
[163] 150 152 152 153 156 156 157 160 162 163 164 165 166 167 167 170 174 178

$EXTANT
  [1] FALSE FALSE FALSE FALSE FALSE FALSE FALSE FALSE FALSE FALSE FALSE FALSE
 [13] FALSE FALSE FALSE FALSE FALSE FALSE FALSE FALSE FALSE FALSE FALSE FALSE
 [25] FALSE  TRUE FALSE FALSE FALSE FALSE FALSE FALSE FALSE FALSE FALSE FALSE
 [37] FALSE FALSE FALSE FALSE FALSE FALSE FALSE FALSE FALSE FALSE FALSE  TRUE
 [49] FALSE FALSE FALSE FALSE FALSE FALSE FALSE FALSE FALSE FALSE FALSE FALSE
 [61] FALSE FALSE  TRUE  TRUE  TRUE FALSE FALSE FALSE FALSE  TRUE FALSE FALSE
 [73]  TRUE FALSE FALSE  TRUE  TRUE FALSE FALSE FALSE FALSE FALSE  TRUE FALSE
 [85]  TRUE  TRUE  TRUE FALSE  TRUE  TRUE  TRUE FALSE FALSE FALSE  TRUE  TRUE
 [97]  TRUE  TRUE FALSE FALSE FALSE FALSE FALSE  TRUE FALSE  TRUE  TRUE  TRUE
[109]  TRUE FALSE  TRUE  TRUE  TRUE  TRUE  TRUE  TRUE FALSE FALSE FALSE FALSE
[121] FALSE FALSE  TRUE FALSE  TRUE FALSE FALSE  TRUE FALSE FALSE  TRUE  TRUE
[133] FALSE  TRUE  TRUE FALSE FALSE FALSE FALSE FALSE  TRUE  TRUE FALSE FALSE
[145]  TRUE  TRUE FALSE  TRUE FALSE  TRUE FALSE FALSE FALSE FALSE FALSE  TRUE
[157]  TRUE FALSE FALSE FALSE FALSE  TRUE  TRUE FALSE FALSE FALSE  TRUE  TRUE
[169]  TRUE  TRUE  TRUE  TRUE FALSE FALSE FALSE  TRUE  TRUE  TRUE FALSE  TRUE

