
Birth-death simulation object with 363 species and 191 extant species

Details for some species:

Extinction times (NA means extant)
[1] 43.56206 13.92716 43.25780 37.26993 25.34232 12.35045


Speciation times 
[1] 46.31901 46.09292 44.97198 38.28752 35.39842 35.07328


Species parents (NA for initial)
[1] NA  1  2  2  2  2


Species status (extinct or extant)
[1] "extinct" "extinct" "extinct" "extinct" "extinct" "extinct"


For more details on vector y, try sim$y, with y one of
TE TS PAR EXTANT



$TE
  [1] 43.562057357 13.927162816 43.257803674 37.269926623 25.342321452
  [6] 12.350445141 19.657691637 19.401779918 16.354389110 26.123665102
 [11] 25.777814257 20.933688848 18.367613392 12.478971032 21.367133742
 [16] 15.137630568 16.160159734 12.411784373 15.878881530 23.684596319
 [21] 11.809061993  7.099694203 20.082002547 11.676763015  6.413897223
 [26] 15.046551418 12.961314886           NA 11.909123664 12.420534381
 [31] 18.717663994  5.228458572 12.112340413 12.160539110  6.051994695
 [36]           NA 12.288746614 12.284593587 11.792809466           NA
 [41] 12.347006248  5.644434963  7.759743460  9.614199548 17.587484785
 [46]           NA 12.162200536 19.936879093 11.761280940 12.316809827
 [51]  0.716182818 12.090547222  9.784316224           NA  6.561200544
 [56]  8.059054891           NA 12.070014364           NA 11.888269830
 [61]  7.749742804  3.832895163           NA  0.741497150           NA
 [66]           NA  2.408604044           NA           NA 12.102966806
 [71] 11.860217995  8.210250612 11.765413168 12.396863796  3.724356224
 [76]           NA  7.041349187           NA  6.579928683  8.488424198
 [81]  2.262530123  1.249867005  9.502216127  3.212558778           NA
 [86]           NA  7.559970923  6.553923177           NA           NA
 [91] 11.890238296 11.947725315 12.413066542  6.310279672  2.609252566
 [96]  5.717631919           NA           NA           NA  1.524611454
[101]  0.021997642  0.713266212           NA           NA           NA
[106]  5.028884134           NA           NA           NA           NA
[111] 12.242060929 15.646450904 13.659122766 13.234746227 12.419727852
[116] 12.164850340 11.553270361           NA 12.356214458  6.549242815
[121]  4.722655786  2.214137754           NA           NA           NA
[126]  6.127809174           NA  1.017168126  0.167778913           NA
[131]  6.076066723           NA           NA  1.642500871           NA
[136]  1.884530709           NA           NA           NA           NA
[141]           NA           NA           NA           NA           NA
[146]  4.851869912  5.223479222  9.709565866  4.955309653  6.693474329
[151]  4.737631708           NA  4.706427647           NA           NA
[156]           NA           NA  1.360965235           NA           NA
[161]           NA  3.124532258           NA  1.826826296           NA
[166]           NA           NA           NA 17.693049206 13.707066816
[171] 12.394274845  1.210303438           NA           NA 11.512875426
[176]           NA  2.349621407           NA           NA           NA
[181]  5.736938989           NA           NA  1.758714915           NA
[186]           NA           NA           NA  0.881344404           NA
[191]  4.857008416           NA  1.149941925           NA           NA
[196]           NA           NA           NA           NA           NA
[201]           NA           NA           NA  4.484624391           NA
[206]  4.768913188           NA  3.423201727  0.658385627  5.799153629
[211]           NA           NA           NA           NA           NA
[216]  0.002362642  0.905577405  0.437637696           NA           NA
[221]           NA           NA           NA           NA  3.164370784
[226]           NA  5.124535887           NA           NA  1.255988044
[231]           NA           NA 11.525656394 10.588501272           NA
[236]           NA           NA           NA           NA  2.257522024
[241]  0.323509840           NA           NA           NA           NA
[246]           NA           NA           NA           NA           NA
[251]  3.380473934           NA           NA           NA           NA
[256]           NA  6.251626692           NA           NA  0.025606219
[261]           NA  4.634591756           NA  5.474199911           NA
[266]  0.539142032  1.996902801  5.342124555  2.966010847  6.097681288
[271]  6.574385841           NA  2.043795639  5.101244870  1.384368304
[276]           NA           NA  2.866278850           NA           NA
[281]  0.021425188  1.056734425           NA           NA           NA
[286]           NA           NA           NA           NA           NA
[291]  0.120553875 10.746605851  2.417945830           NA           NA
[296]           NA           NA           NA           NA  2.629930453
[301]           NA           NA           NA           NA  3.967550709
[306]           NA           NA           NA           NA           NA
[311]           NA           NA           NA           NA           NA
[316]  7.098716936  2.952520290  5.262894904  2.850801109  2.385623554
[321]           NA           NA           NA  7.289396720  5.044310370
[326]           NA           NA           NA  7.115970689           NA
[331]           NA           NA           NA           NA           NA
[336]  1.980290957  0.498943240           NA           NA  0.722684213
[341]           NA           NA           NA  5.788911443           NA
[346]           NA           NA           NA           NA           NA
[351]           NA           NA           NA           NA           NA
[356]  0.969751936  5.964229163           NA           NA           NA
[361]  5.047148582           NA           NA

$TS
  [1] 46.319011088 46.092922415 44.971979213 38.287523193 35.398417912
  [6] 35.073278428 28.357443425 20.425487289 16.641172369 29.415711727
 [11] 28.584220685 26.383644204 18.367614392 16.111900150 24.349565826
 [16] 19.999076127 27.087314447 26.184902143 25.757129161 24.788533134
 [21] 18.918605762 26.921778876 23.452302591 19.806925414 18.317625595
 [26] 16.890874193 16.081634898 11.903082406 23.666230676 22.861658567
 [31] 22.705207890 21.530781570 15.126617073 14.453855901  7.861421219
 [36] 18.150749836 17.712235428 14.421402500 13.603743399  9.129104661
 [41] 15.088632882 11.388247385 11.241162717  9.781981530 17.906771754
 [46] 13.362002536 21.705635709 20.396923758 20.732967323 19.577733762
 [51] 18.719748864 12.108308160 11.015984545 10.897857034 10.565040541
 [56]  9.487631103  8.605156096 15.012089908  7.491875200 13.862552618
 [61] 13.129985749  6.889482189  5.766045439  8.511553880  7.780781067
 [66]  9.136019295 11.254188320 10.435103145  6.696457658 20.040865520
 [71] 15.732153642 12.872605827 12.644771229 18.676046416 12.286871324
 [76]  8.869267215  7.874400468  2.450339645 10.279350414 10.223414247
 [81] 10.077549028  9.805573559 10.155212689  9.403165748  6.072103991
 [86]  2.984007433  9.565561535  9.299015897  9.229813065  2.645878461
 [91] 14.859844512 12.880697314 12.472349604  7.449581351  5.159835827
 [96] 13.492875242 11.796776590 11.218512062  4.093389876  3.681542330
[101]  1.973611644  4.169701799  2.535087316  4.353080488  0.340763628
[106]  7.924659784  6.918243540  8.950012943  1.383629408  5.144822564
[111] 18.465710746 16.051869317 15.479874792 14.953678548 14.037621955
[116] 12.283966345 12.239766305  8.949490077 15.810722019 10.494179190
[121]  6.082366963  6.824283452  1.554503819  0.932293209  0.504129483
[126]  7.206328102  2.418754254  9.978049299  7.983291529  9.181870165
[131]  7.202845659  6.215448798  9.217331284  6.687279413  7.455442967
[136]  5.874143060  5.861996930  3.972155846  3.309952319  3.157663851
[141]  0.354591023  2.041632169  1.165805139  0.282261554  3.147634835
[146]  6.823063777 10.251279940 10.150230272  9.644526663  6.729866778
[151]  6.527943220 11.060289481 10.622114517  8.002178433  0.038631844
[156]  9.316722221  1.919134718  3.106951477  1.691035451  2.585601392
[161]  6.636072439  5.945981615  2.303490232  6.617231947  4.765854052
[166]  4.514837962  2.375708818  0.526242323 17.693937566 17.408895066
[171] 13.755977630  6.824399607  5.914591883  5.698005822 12.739208300
[176]  8.252996600  3.630166478  2.812785193  0.373389218  8.081464635
[181]  7.610119687  6.698576152  3.923858446  3.800023345  2.092051476
[186]  1.450898239  2.377285329  3.339632505  6.938135896  6.137189312
[191]  5.137571647  3.969631198  3.348372723  1.278471390  1.237870870
[196]  0.604063381  1.342857827  0.878807588  0.727124292  1.802533226
[201]  0.436605957  0.673557557  0.992094072  9.682342901  9.529609267
[206]  8.886124889  8.174584144  7.595971233  7.838525157  6.583291573
[211]  4.872112743  3.264227615  0.501772945 10.347716710  9.543802868
[216]  6.464570032  3.710303849  8.923304348  7.740918442  1.167438310
[221]  0.215386898  2.335360629  6.533576370  6.152078086  3.267343905
[226]  0.778985088  5.204891318  3.587258440  4.464406948  2.012433121
[231]  1.741603559  0.141508536 12.226874927 11.583420725  7.738308052
[236]  6.552475828  2.830236604  2.010159559  3.168799605  7.079694034
[241]  1.965965413  1.935810992  0.151186658  7.202129004  2.798561324
[246]  1.733349351  3.109379912  1.663980801  0.949473014  4.848122185
[251]  4.535083465  0.222798131  0.165757074  0.877754995  0.301362316
[256]  0.623646794  9.257619589  7.225187996  7.002540862  4.911159984
[261]  4.636831687  8.542170548  8.274656752  8.231248104  1.111986476
[266]  8.508973682  8.277149100  7.197602349  7.132832512  7.141665007
[271]  6.806588210  5.804237198  4.414456085  5.998818109  4.869189979
[276]  4.445805086  2.085768677  7.739887575  7.391228029  3.918725240
[281]  0.141107063  7.522942524  5.662672420  4.577400495  0.559924471
[286]  6.117200098  0.325504608  2.146189343  2.419755819  1.912683205
[291]  1.170935831 11.100906110  5.328905401  1.071277342  0.270880479
[296]  4.697679438  1.363255068  0.149006908  4.283501579  3.083323933
[301]  1.491476638  0.267529501  3.221052815  2.967391177  6.243034294
[306]  4.824468085  3.568823560  3.102029708  2.652725839  2.727042322
[311]  0.477365671  0.225479003  6.590768985  0.385618135  0.100055208
[316]  8.114421499  7.950531920  6.864631011  3.383756429  6.703152456
[321]  1.329454073  3.591662310  1.294657864  7.347331449  5.567384335
[326]  3.508134280  1.995703538  0.015097910  7.434643831  0.060969016
[331]  0.017816217  5.880482096  1.533899796  2.353210912  0.138663889
[336]  2.805771397  2.818816738  1.437860538  0.050094345  3.967287090
[341]  3.168225706  2.201029059  3.221174424  7.466153703  2.446803540
[346]  2.295983092  1.764926497  4.743650527  3.854072854  0.480302239
[351]  0.009189417  2.556934385  1.052383841  2.057103370  1.692737955
[356]  1.397731439  6.449344204  2.706580898  0.547341231  0.258043631
[361]  6.081408033  0.830935184  0.212793746

$PAR
  [1]  NA   1   2   2   2   2   2   2   2   5   6   6   6   6   7   7  10  12
 [19]  12  12  16  17  18  18  18  19  19  21  22  22  22  22  22  22  22  24
 [37]  24  25  25  25  27  28  28  28  29  29  30  30  31  32  32  32  32  32
 [55]  32  32  32  33  35  36  36  36  40  42  42  43  46  46  46  47  49  50
 [73]  50  51  51  51  51  51  53  53  53  53  54  54  54  54  55  55  55  57
 [91]  58  58  58  59  59  60  61  61  63  64  64  65  65  66  66  67  67  68
[109]  68  69  70  70  70  70  71  71  71  72  74  75  75  76  76  76  76  77
[127]  78  79  79  80  81  81  82  82  84  84  84  85  85  85  85  86  86  86
[145]  89  94  96  96  96  96  96  97  97  97  97  98 100 102 102 104 107 107
[163] 107 108 108 108 110 110 111 111 111 118 118 118 119 120 122 122 123 128
[181] 128 128 128 128 128 128 129 130 131 134 134 134 135 137 139 139 140 140
[199] 140 142 142 143 145 147 149 149 149 149 152 152 152 152 152 153 153 153
[217] 154 156 156 156 157 160 161 161 161 163 164 164 165 166 172 174 175 175
[235] 176 176 176 176 177 180 180 180 180 181 182 182 183 188 188 190 190 190
[253] 194 195 195 198 204 204 204 204 204 205 205 205 205 206 206 206 206 207
[271] 208 209 209 210 211 211 211 214 214 214 214 215 215 218 218 224 224 228
[289] 229 229 231 234 236 237 238 240 242 243 244 244 244 246 250 250 258 258
[307] 259 259 259 260 260 261 262 263 265 266 266 266 269 271 272 273 277 278
[325] 278 278 280 280 282 285 285 286 288 289 289 296 300 301 301 306 307 307
[343] 313 317 320 322 326 332 332 332 335 337 337 343 343 343 344 349 353 355
[361] 357 358 358

$EXTANT
  [1] FALSE FALSE FALSE FALSE FALSE FALSE FALSE FALSE FALSE FALSE FALSE FALSE
 [13] FALSE FALSE FALSE FALSE FALSE FALSE FALSE FALSE FALSE FALSE FALSE FALSE
 [25] FALSE FALSE FALSE  TRUE FALSE FALSE FALSE FALSE FALSE FALSE FALSE  TRUE
 [37] FALSE FALSE FALSE  TRUE FALSE FALSE FALSE FALSE FALSE  TRUE FALSE FALSE
 [49] FALSE FALSE FALSE FALSE FALSE  TRUE FALSE FALSE  TRUE FALSE  TRUE FALSE
 [61] FALSE FALSE  TRUE FALSE  TRUE  TRUE FALSE  TRUE  TRUE FALSE FALSE FALSE
 [73] FALSE FALSE FALSE  TRUE FALSE  TRUE FALSE FALSE FALSE FALSE FALSE FALSE
 [85]  TRUE  TRUE FALSE FALSE  TRUE  TRUE FALSE FALSE FALSE FALSE FALSE FALSE
 [97]  TRUE  TRUE  TRUE FALSE FALSE FALSE  TRUE  TRUE  TRUE FALSE  TRUE  TRUE
[109]  TRUE  TRUE FALSE FALSE FALSE FALSE FALSE FALSE FALSE  TRUE FALSE FALSE
[121] FALSE FALSE  TRUE  TRUE  TRUE FALSE  TRUE FALSE FALSE  TRUE FALSE  TRUE
[133]  TRUE FALSE  TRUE FALSE  TRUE  TRUE  TRUE  TRUE  TRUE  TRUE  TRUE  TRUE
[145]  TRUE FALSE FALSE FALSE FALSE FALSE FALSE  TRUE FALSE  TRUE  TRUE  TRUE
[157]  TRUE FALSE  TRUE  TRUE  TRUE FALSE  TRUE FALSE  TRUE  TRUE  TRUE  TRUE
[169] FALSE FALSE FALSE FALSE  TRUE  TRUE FALSE  TRUE FALSE  TRUE  TRUE  TRUE
[181] FALSE  TRUE  TRUE FALSE  TRUE  TRUE  TRUE  TRUE FALSE  TRUE FALSE  TRUE
[193] FALSE  TRUE  TRUE  TRUE  TRUE  TRUE  TRUE  TRUE  TRUE  TRUE  TRUE FALSE
[205]  TRUE FALSE  TRUE FALSE FALSE FALSE  TRUE  TRUE  TRUE  TRUE  TRUE FALSE
[217] FALSE FALSE  TRUE  TRUE  TRUE  TRUE  TRUE  TRUE FALSE  TRUE FALSE  TRUE
[229]  TRUE FALSE  TRUE  TRUE FALSE FALSE  TRUE  TRUE  TRUE  TRUE  TRUE FALSE
[241] FALSE  TRUE  TRUE  TRUE  TRUE  TRUE  TRUE  TRUE  TRUE  TRUE FALSE  TRUE
[253]  TRUE  TRUE  TRUE  TRUE FALSE  TRUE  TRUE FALSE  TRUE FALSE  TRUE FALSE
[265]  TRUE FALSE FALSE FALSE FALSE FALSE FALSE  TRUE FALSE FALSE FALSE  TRUE
[277]  TRUE FALSE  TRUE  TRUE FALSE FALSE  TRUE  TRUE  TRUE  TRUE  TRUE  TRUE
[289]  TRUE  TRUE FALSE FALSE FALSE  TRUE  TRUE  TRUE  TRUE  TRUE  TRUE FALSE
[301]  TRUE  TRUE  TRUE  TRUE FALSE  TRUE  TRUE  TRUE  TRUE  TRUE  TRUE  TRUE
[313]  TRUE  TRUE  TRUE FALSE FALSE FALSE FALSE FALSE  TRUE  TRUE  TRUE FALSE
[325] FALSE  TRUE  TRUE  TRUE FALSE  TRUE  TRUE  TRUE  TRUE  TRUE  TRUE FALSE
[337] FALSE  TRUE  TRUE FALSE  TRUE  TRUE  TRUE FALSE  TRUE  TRUE  TRUE  TRUE
[349]  TRUE  TRUE  TRUE  TRUE  TRUE  TRUE  TRUE FALSE FALSE  TRUE  TRUE  TRUE
[361] FALSE  TRUE  TRUE

