
Birth-death simulation object with 245 species and 75 extant species

Details for some species:

Extinction times (NA means extant)
[1] 25.71228 44.06165 41.39816 33.40356 26.70691 30.94814


Speciation times 
[1] 46.31901 45.39496 45.31937 39.01055 35.09099 32.03934


Species parents (NA for initial)
[1] NA  1  1  1  1  1


Species status (extinct or extant)
[1] "extinct" "extinct" "extinct" "extinct" "extinct" "extinct"


For more details on vector y, try sim$y, with y one of
TE TS PAR EXTANT



$TE
  [1] 25.71228476 44.06164639 41.39815726 33.40356330 26.70690639 30.94813863
  [7] 42.09133464 27.73133833 28.48527109 24.95285408 31.55572521 14.14107176
 [13] 27.56666459 27.02905620 19.31804629 38.78992357 34.04100276 35.09685458
 [19] 29.33461363 20.18267345 40.08624146 37.84593958 34.82726046 23.15387763
 [25] 15.26442070 12.27950089 14.20250308 26.67188372 25.25093442 18.49573441
 [31] 23.07469155 30.70520565 16.59420816 18.39162889 22.50324923 16.20341953
 [37]  9.28051910 21.56741573 22.67497287  8.06292895 12.40482313 21.33518697
 [43] 29.99703394 29.22413603 12.40696195 12.41989400 16.73979393 17.76565282
 [49] 19.34081873 17.91565299 23.25106682 12.79280202 13.51690148 10.09167883
 [55]          NA 16.58299783 12.34733254 14.54503236 30.08578435 25.59709876
 [61] 22.80274278 12.31257956 11.69983016 11.65109088 12.43618639 15.39291259
 [67] 20.16149354 16.84530285 16.05054787 12.45434114 12.15125899  9.99791834
 [73]  4.55440189          NA          NA 11.55756608 11.90952064 12.42885389
 [79] 12.11756266 12.15239751 15.57406922  9.84377736 11.50664793 12.42326914
 [85] 12.28192423 18.26826323 12.20834236 14.56148310  9.90595909 11.93259660
 [91]          NA 10.60362550          NA          NA          NA          NA
 [97]          NA          NA          NA 12.00107841 12.31218933 12.84116587
[103] 13.48331412 11.89800083 12.39394710 15.71139335          NA          NA
[109] 11.54430301 12.05762870 12.82176950          NA  9.90622747  0.78791655
[115]  3.37350712  0.69905503          NA          NA  1.48995691          NA
[121]          NA          NA  6.23005182  0.08056721  2.09785339  2.21028957
[127]          NA 12.30199807          NA 10.74525128          NA          NA
[133]          NA          NA  2.69694404          NA  8.72383929  0.44138862
[139]          NA          NA          NA 12.27845051 12.02981179 15.03978493
[145] 11.99894460 13.34020579  9.35068578  5.49056629  6.51957295          NA
[151]  7.73546635          NA          NA  2.69876610          NA          NA
[157]  1.32571968          NA          NA  2.26483754 11.94311082 12.07453519
[163]  9.49263958 10.19772591          NA  5.30069925  1.31062440          NA
[169]          NA          NA  2.55627580  3.62156085  3.64321893  4.16680865
[175]  1.63634348  0.44986383          NA  2.90845027          NA          NA
[181]  1.05930895 11.64788448 11.73444600 13.74817822 11.94689246 12.31554151
[187] 11.73282405 12.44985345 11.88391058  3.32317773          NA  4.25131281
[193]  1.49843735          NA          NA          NA          NA  0.71258511
[199]          NA  7.71517654          NA          NA          NA          NA
[205]          NA  7.63292194          NA          NA  1.63184307          NA
[211]  4.14938279          NA  1.72017366 14.34289806 11.65591478 14.23914822
[217] 13.70188253  2.41782393  2.43692644  1.63919691          NA          NA
[223]          NA          NA  1.28157888          NA          NA 13.97369808
[229]          NA          NA          NA          NA  6.79542271          NA
[235]          NA          NA          NA  3.59947664          NA          NA
[241]  1.88247898  1.63935128  4.04345931          NA  4.72131969

$TS
  [1] 46.31901109 45.39496160 45.31937221 39.01054766 35.09099499 32.03934094
  [7] 45.04792522 36.35118592 31.91332977 44.54849464 44.41600627 33.11286117
 [13] 29.84519187 29.36010237 30.00073608 42.01219842 41.53001740 35.25596185
 [19] 29.40563242 28.02896048 40.82084140 38.69392446 35.95973745 32.27904191
 [25] 17.58966446 15.86363252 15.36379985 29.35670318 27.08855478 27.25057335
 [31] 24.73388746 38.13240592 27.25275538 23.28558420 26.47541370 25.85541959
 [37] 25.72111213 25.16571914 24.19407270 19.24685208 18.59833554 24.30136102
 [43] 36.67693820 35.08398780 26.79596012 21.31762513 23.87383429 21.95828647
 [49] 21.08071215 19.52487972 23.29644166 22.70519824 16.19600784 10.91025743
 [55]  8.73018794 17.72385361 12.80866670 21.83819131 33.90896403 26.52921369
 [61] 24.04040405 12.94021617 21.15104882 19.96747345 18.63397564 23.17083678
 [67] 22.40146328 17.75089721 19.68274424 19.17833764 14.46239323 14.39040335
 [73]  7.09227519  3.61288057  2.31138230 17.69619966 17.56809494 17.23329409
 [79] 16.05022992 19.47444578 18.55927878 17.95036117 12.85081323 16.79690939
 [85] 14.36599146 18.71405107 18.86990305 17.53812188 12.37239925 12.23987522
 [91] 10.98580829 10.93877832  6.53844048  1.77631987  2.07003228  1.36198863
 [97]  1.29961609  1.12137590 14.96167863 14.68616178 14.14614274 15.62422695
[103] 14.69457171 12.82884310 12.49348540 18.68302716 17.84077008 16.78998192
[109] 13.26132868 13.08650075 18.45788272 10.82104720 10.03699497  7.53576071
[115]  7.09939418  1.70962327  4.44460990  1.12560904  1.55254177  0.31122385
[121]  0.33683459 10.52049649  6.99931726  4.19705869  3.93719225  2.48705995
[127]  0.74826477 13.44642741 13.82020363 13.16657208  7.99548920  7.60468270
[133]  3.65421513  3.50703559  3.42426103 10.92176920 10.09678293  8.00629831
[139]  3.25224565  1.94210567  0.76653071 18.24543680 18.20649430 15.29313999
[145] 13.60815989 13.59839809 10.03342866  9.75770718  9.38992326  8.35632777
[151]  8.09444701  5.46635839  2.11271596 10.01596856  4.61579333  3.53188155
[157]  5.00637815  2.08737045  2.69399283  2.34341756 12.79188447 12.17265051
[163] 11.44928907 10.83238140  0.04753800  6.79915291  5.89278151  3.16787053
[169]  2.08281226  2.05857996  2.82699412 10.39268353  8.06056313  4.34838773
[175]  3.23839736  8.79458635  7.15419828  6.51713934  3.80884122  2.92308178
[181]  1.92743060 14.67595177 14.84733813 14.70277589 14.33620735 15.27942955
[187] 13.05457966 13.57830508 13.42519455  9.35747613  6.30080255  9.27134037
[193]  3.82338948  3.81756831  3.44270752  1.80672380  3.11202073  1.06549532
[199]  1.25080021 11.07128254  3.18236125  2.14867418  1.10058326  1.40520514
[205]  1.85158224  9.48785104  7.95270349  4.21071744  4.40563795  5.78540902
[211]  4.99762955  2.84055639  2.33077546 14.73039311 14.34615573 14.99395240
[217] 14.78857366  8.60528975  7.74305604  5.37241071  6.62187498  0.72716340
[223]  0.01208002  8.62967246  2.00959730  2.46702814  0.55950431 14.44716520
[229]  7.62324738  7.32049703  5.32689032  3.57871737  6.91984421  2.46982995
[235]  3.84773674  2.46973788  7.99677883  7.53223802  6.01293680  0.63067929
[241]  7.65577435  7.26619288  6.75618870  2.16484123  6.64497831

$PAR
  [1]  NA   1   1   1   1   1   3   4   6   7   7   8   8   8   9  10  10  10
 [19]  10  10  11  11  11  11  12  12  12  13  14  15  15  17  20  20  24  24
 [37]  29  30  30  30  30  31  32  32  33  36  37  37  37  37  39  39  40  40
 [55]  40  41  41  42  43  45  45  45  46  46  46  47  47  47  49  52  52  53
 [73]  55  55  55  56  58  58  58  63  63  64  64  65  65  66  69  70  71  71
 [91]  72  72  73  74  75  75  75  75  77  78  78  79  79  79  79  80  80  81
[109]  85  85  86  89  89  91  91  91  93  93  94  95  96  99  99  99  99  99
[127]  99 100 101 101 107 107 107 107 107 108 108 108 108 108 108 111 111 111
[145] 111 111 112 112 112 112 112 112 112 113 114 115 122 122 124 125 129 129
[163] 129 129 129 132 132 132 134 134 135 136 136 136 136 137 138 138 138 138
[181] 139 142 143 143 143 144 145 146 146 148 148 149 154 154 155 155 156 158
[199] 159 163 167 167 168 169 170 172 173 173 176 177 177 179 179 183 184 186
[217] 186 190 190 190 192 194 194 200 201 208 210 216 218 218 218 218 219 220
[235] 221 221 224 224 224 234 237 241 241 241 242

$EXTANT
  [1] FALSE FALSE FALSE FALSE FALSE FALSE FALSE FALSE FALSE FALSE FALSE FALSE
 [13] FALSE FALSE FALSE FALSE FALSE FALSE FALSE FALSE FALSE FALSE FALSE FALSE
 [25] FALSE FALSE FALSE FALSE FALSE FALSE FALSE FALSE FALSE FALSE FALSE FALSE
 [37] FALSE FALSE FALSE FALSE FALSE FALSE FALSE FALSE FALSE FALSE FALSE FALSE
 [49] FALSE FALSE FALSE FALSE FALSE FALSE  TRUE FALSE FALSE FALSE FALSE FALSE
 [61] FALSE FALSE FALSE FALSE FALSE FALSE FALSE FALSE FALSE FALSE FALSE FALSE
 [73] FALSE  TRUE  TRUE FALSE FALSE FALSE FALSE FALSE FALSE FALSE FALSE FALSE
 [85] FALSE FALSE FALSE FALSE FALSE FALSE  TRUE FALSE  TRUE  TRUE  TRUE  TRUE
 [97]  TRUE  TRUE  TRUE FALSE FALSE FALSE FALSE FALSE FALSE FALSE  TRUE  TRUE
[109] FALSE FALSE FALSE  TRUE FALSE FALSE FALSE FALSE  TRUE  TRUE FALSE  TRUE
[121]  TRUE  TRUE FALSE FALSE FALSE FALSE  TRUE FALSE  TRUE FALSE  TRUE  TRUE
[133]  TRUE  TRUE FALSE  TRUE FALSE FALSE  TRUE  TRUE  TRUE FALSE FALSE FALSE
[145] FALSE FALSE FALSE FALSE FALSE  TRUE FALSE  TRUE  TRUE FALSE  TRUE  TRUE
[157] FALSE  TRUE  TRUE FALSE FALSE FALSE FALSE FALSE  TRUE FALSE FALSE  TRUE
[169]  TRUE  TRUE FALSE FALSE FALSE FALSE FALSE FALSE  TRUE FALSE  TRUE  TRUE
[181] FALSE FALSE FALSE FALSE FALSE FALSE FALSE FALSE FALSE FALSE  TRUE FALSE
[193] FALSE  TRUE  TRUE  TRUE  TRUE FALSE  TRUE FALSE  TRUE  TRUE  TRUE  TRUE
[205]  TRUE FALSE  TRUE  TRUE FALSE  TRUE FALSE  TRUE FALSE FALSE FALSE FALSE
[217] FALSE FALSE FALSE FALSE  TRUE  TRUE  TRUE  TRUE FALSE  TRUE  TRUE FALSE
[229]  TRUE  TRUE  TRUE  TRUE FALSE  TRUE  TRUE  TRUE  TRUE FALSE  TRUE  TRUE
[241] FALSE FALSE FALSE  TRUE FALSE

