
Birth-death simulation object with 131 species and 38 extant species

Details for some species:

Extinction times (NA means extant)
[1] 38.62296 30.48595 33.62250 35.69261 43.26467 24.13759


Speciation times 
[1] 46.31901 45.98883 44.49369 40.82140 45.16638 37.73069


Species parents (NA for initial)
[1] NA  1  1  1  2  2


Species status (extinct or extant)
[1] "extinct" "extinct" "extinct" "extinct" "extinct" "extinct"


For more details on vector y, try sim$y, with y one of
TE TS PAR EXTANT



$TE
  [1] 38.6229565 30.4859525 33.6224966 35.6926097 43.2646741 24.1375933
  [7] 26.1910452 12.2737236 28.7504812 24.5258424 19.9385327 21.0935460
 [13] 26.2685375 27.9663598 14.7676939 25.1459967 13.1791290 21.2272739
 [19] 19.3640735 19.5336818 18.0593127 20.6619726 12.2161926 14.1021127
 [25] 12.3293261 13.0609568  1.6824572 12.1916900         NA 11.6225158
 [31] 12.2438856 12.2071430 12.1083317 16.7333236  2.8593139         NA
 [37]  1.9624050 15.1202765  4.9314878  5.1424579         NA  6.5682001
 [43]         NA         NA  8.1691589 14.0991559 11.6170763 16.7851036
 [49]  6.6376034 12.8254227 16.7272759         NA  8.5359376         NA
 [55]  0.3644554 11.7672915  3.3204748  1.4265427  6.2266030  3.1771931
 [61]         NA  5.6443662  5.9333409         NA         NA  1.7984917
 [67]         NA 17.1687245 12.3864050         NA         NA 18.6904589
 [73]         NA  4.9375879  0.4739505         NA  4.7554967         NA
 [79]         NA  2.4465354         NA  7.0666685  2.3236500  6.8000612
 [85]  3.7605556  4.4231086         NA  2.9341465         NA  1.3983882
 [91]  3.7447767         NA  4.4685204  6.4333666         NA         NA
 [97]  5.2065889  1.0444996         NA         NA  7.9290293  2.4418474
[103]  6.0990438  5.2611604         NA         NA         NA         NA
[109]  6.1869930         NA  7.9021297  6.8132363  4.3735246  4.7154159
[115]         NA  1.9209188  4.4034280  3.1393053         NA  0.5173874
[121]         NA  1.2190516  0.7629910  2.5264542         NA  1.1623718
[127]         NA         NA  0.9585572         NA         NA

$TS
  [1] 46.319011088 45.988828742 44.493691974 40.821399435 45.166377726
  [6] 37.730690314 31.654609275 30.631030634 30.903332020 28.118826588
 [11] 26.591289353 25.523491843 26.933132048 29.219199907 15.339336055
 [16] 29.637959063 27.904663669 27.615519678 25.728118166 25.001372717
 [21] 23.417893279 20.742503666 18.066361878 17.809012963 13.474077810
 [26] 23.140841602 25.336827308 21.604792898 23.027422863 17.907832455
 [31] 15.394284534 19.583196181 14.886927492 22.392834288 14.315535412
 [36]  3.515242984  2.254830912 17.200566982 13.073918981 11.360555110
 [41]  9.867373107  8.463501534  8.157972931  1.834870199 17.238293692
 [46] 15.007204265 13.042954143 18.431574502 16.436674418 12.852222727
 [51] 21.960996072 11.657377348 10.662404741  3.507885309  1.450055650
 [56] 16.788749379  6.960056337  6.881377240  8.277883630  7.927458303
 [61]  7.319937791  7.210466793  6.843279418  0.995269045  0.343489183
 [66] 14.322518367 12.346578946 17.325358017 13.099628260  7.507685637
 [71]  7.140059002 21.085709803  7.073061717  5.629458926  4.137153118
 [76]  2.130942312  9.313556886  2.130512919  0.657668147  5.216418798
 [81]  6.517573625  7.576014171  7.407718014  7.148749879  6.861913873
 [86]  6.797258178  6.509857431  5.200571765  9.234865534  6.797807378
 [91]  4.707393724  2.463617834  4.904298055  7.085102399  1.070100902
 [96]  0.462123930  7.005917639  1.962790408  1.018120862  0.588259797
[101]  8.108951156  7.350904606  7.011329123  6.667441577  0.008088381
[106]  7.146968553  7.046139751  6.405953893  6.605740680  5.499842891
[111]  8.770598402  8.207477430  6.627941081  4.887250779  6.947660422
[116]  7.999707436  5.081095350  3.914381294  0.814605900  6.032341987
[121]  5.957389728  5.935793695  6.470917036  6.452775414  1.444764499
[126]  6.571141391  3.375846195  3.232691376  1.186224842  1.688719564
[131]  1.341274091

$PAR
  [1]  NA   1   1   1   2   2   2   2   6   6   6   6   7   8   8   9  10  17
 [19]  17  17  17  17  17  17  17  18  19  19  20  23  24  26  26  27  27  27
 [37]  27  29  29  29  29  29  29  29  30  30  31  32  32  33  34  35  35  35
 [55]  36  38  39  40  42  43  43  43  43  43  43  45  47  48  49  49  49  51
 [73]  52  52  52  52  53  54  54  57  58  59  59  59  59  60  60  60  66  66
 [91]  66  66  67  70  70  70  71  71  73  73  77  77  77  77  79  83  83  85
[109]  86  87  89  89  89  93  94 101 102 106 106 107 108 108 113 115 115 116
[127] 121 124 125 126 128

$EXTANT
  [1] FALSE FALSE FALSE FALSE FALSE FALSE FALSE FALSE FALSE FALSE FALSE FALSE
 [13] FALSE FALSE FALSE FALSE FALSE FALSE FALSE FALSE FALSE FALSE FALSE FALSE
 [25] FALSE FALSE FALSE FALSE  TRUE FALSE FALSE FALSE FALSE FALSE FALSE  TRUE
 [37] FALSE FALSE FALSE FALSE  TRUE FALSE  TRUE  TRUE FALSE FALSE FALSE FALSE
 [49] FALSE FALSE FALSE  TRUE FALSE  TRUE FALSE FALSE FALSE FALSE FALSE FALSE
 [61]  TRUE FALSE FALSE  TRUE  TRUE FALSE  TRUE FALSE FALSE  TRUE  TRUE FALSE
 [73]  TRUE FALSE FALSE  TRUE FALSE  TRUE  TRUE FALSE  TRUE FALSE FALSE FALSE
 [85] FALSE FALSE  TRUE FALSE  TRUE FALSE FALSE  TRUE FALSE FALSE  TRUE  TRUE
 [97] FALSE FALSE  TRUE  TRUE FALSE FALSE FALSE FALSE  TRUE  TRUE  TRUE  TRUE
[109] FALSE  TRUE FALSE FALSE FALSE FALSE  TRUE FALSE FALSE FALSE  TRUE FALSE
[121]  TRUE FALSE FALSE FALSE  TRUE FALSE  TRUE  TRUE FALSE  TRUE  TRUE

