
Birth-death simulation object with 369 species and 157 extant species

Details for some species:

Extinction times (NA means extant)
[1] 45.819919 35.663011 22.286525 37.261575  4.856987 17.074620


Speciation times 
[1] 46.31901 45.91399 45.24727 42.60883 39.51395 33.64835


Species parents (NA for initial)
[1] NA  1  2  2  3  3


Species status (extinct or extant)
[1] "extinct" "extinct" "extinct" "extinct" "extinct" "extinct"


For more details on vector y, try sim$y, with y one of
TE TS PAR EXTANT



$TE
  [1] 45.8199192 35.6630114 22.2865247 37.2615750  4.8569865 17.0746202
  [7] 12.3234437 26.2887608 20.5221822 38.0612860 30.9402164 11.9934307
 [13]  7.1264234  5.0690886         NA 26.9550863         NA 25.8117759
 [19] 23.1779557 40.1631066 22.6456060 30.6451028 28.6941673 12.2992815
 [25] 20.2436511         NA  1.6434468  6.8395586         NA  5.5723121
 [31]  2.3154601  7.6902959  0.0508730 12.3645031         NA 10.9364306
 [37]  8.7742393  9.3232081 25.8333110 29.9017095 26.2571447 16.8631803
 [43] 22.8933672 27.5967778 26.7611754 14.1789898 12.0165590         NA
 [49]  5.2593039         NA  0.4968563  8.4256933         NA         NA
 [55]         NA         NA         NA         NA         NA         NA
 [61]  4.5301945         NA  3.6772485  0.1145118         NA 20.9200533
 [67] 12.1424988 22.3388795  9.3619634 12.2174486  8.0041775  8.7847238
 [73]         NA  3.2459656  9.6510565         NA 11.5821400 12.2061487
 [79] 12.3007949         NA         NA  1.8319417  6.2950654  6.0296125
 [85]  6.9853041         NA  2.2360186         NA         NA  1.5237439
 [91]         NA  2.1043645         NA         NA         NA         NA
 [97]         NA  1.3137875 27.8043778 24.0082628 11.6331648 12.3768162
[103]  5.3657463 22.3258916 12.3298424 11.5220881 15.2200298  7.2964964
[109]         NA  2.6660449  3.1444525  8.7201974         NA  3.4245243
[115]  4.6052196         NA         NA 11.9846011  7.9733689 12.1628271
[121] 12.0052349 12.2043287 12.0241336         NA  3.0793204  5.2458662
[127]  3.9407309         NA         NA         NA  0.4418772  4.1784682
[133]  1.6232904         NA         NA         NA         NA         NA
[139]         NA         NA         NA         NA  4.1878292         NA
[145]  0.4175917 22.3297628  5.6153619 14.5027643 19.2368229 12.2905117
[151] 19.4481327 11.6453562 14.9572232         NA         NA         NA
[157]  0.5986317 12.1367729         NA         NA  3.0689894  3.1035347
[163]  4.4714097  4.2413169  2.6942316  3.5319894  1.1129024  7.1644654
[169]  5.7846498  4.9411066         NA         NA  0.8825737  1.2226906
[175]         NA  4.7823248  5.2203946         NA         NA  1.0573169
[181]         NA         NA         NA         NA 15.4102123 17.6773550
[187] 11.7016742  7.8431046 11.5018669  5.7572871  0.8358577  3.5519678
[193] 19.8795690 12.2759167 17.3620955  2.6055569 13.9952507         NA
[199]  7.5960938         NA  0.7419086         NA 12.8265364 12.1559619
[205]         NA  5.3705837         NA         NA         NA         NA
[211] 12.2912542  0.3918622         NA  5.8043339         NA  2.4068868
[217]  4.4681024         NA         NA  1.2304224  3.7464670         NA
[223]  0.1191634  2.7461136         NA  9.5300253         NA         NA
[229]         NA         NA         NA         NA         NA 23.0255801
[235] 16.8014811 19.6471566 12.4108535 12.2713746         NA 11.1242456
[241]  6.5692870 11.5344742  6.1125165  5.6707947         NA         NA
[247]  3.1630864         NA 11.7812860 11.7130987 13.3426745 11.5602917
[253]  2.9102201         NA  6.0533229  6.4786190  4.7358556         NA
[259]         NA         NA         NA         NA 12.1985405  1.8866201
[265]         NA  3.2915004         NA         NA         NA         NA
[271]         NA  0.7193289  1.6887103         NA         NA         NA
[277]         NA  5.2341666         NA 11.9049451 13.2084311 15.3518360
[283] 10.6048220         NA         NA         NA  4.0661245  7.8938343
[289]         NA  3.1181864 12.2426344         NA         NA         NA
[295]  7.6154836         NA  7.3008170         NA         NA         NA
[301]         NA         NA         NA         NA         NA 11.9984586
[307] 11.9160506 16.8768215         NA  7.1775234  2.2315404         NA
[313]  7.5685577         NA  0.6007383  0.2800709         NA         NA
[319]         NA 13.6203436  0.1264388         NA  1.8441454         NA
[325]  5.7591178         NA         NA         NA 12.3565643  4.0530540
[331] 12.4502190  3.9486999  0.9035706         NA  0.5606569  0.2549183
[337]         NA         NA  0.8678515         NA         NA         NA
[343]         NA 11.1464692  2.3102092         NA  2.0292634         NA
[349]         NA         NA  0.1184040  1.3906366         NA         NA
[355]         NA         NA         NA         NA         NA         NA
[361]         NA         NA  0.3370853  2.9223087         NA         NA
[367]         NA         NA         NA

$TS
  [1] 46.31901109 45.91399221 45.24727441 42.60883031 39.51395340 33.64835332
  [7] 28.27240299 27.46508662 40.86422095 40.07375247 38.94954982 20.58376239
 [13] 11.20517740 10.07814284  9.85273260 33.05069808 28.53273595 28.00884395
 [19] 25.44671714 40.49592650 34.83884944 34.47846448 29.97719352 21.66603551
 [25] 21.36617846 10.71195776 10.64486283  8.14119286  7.80861326  9.16197306
 [31]  7.89934179  8.81393233  0.05782968 31.87610013 20.55903322 16.42371777
 [37] 13.23700057  9.74868203 26.73034125 32.97204815 26.29272553 24.69523595
 [43] 23.45531604 32.99001686 28.92494937 17.27910421 17.15946987  6.03398435
 [49]  5.88060453 10.03288175  9.63885324  8.69156336  6.52544871  5.44182267
 [55]  3.98259229  3.62425728  6.83238659  3.21371790  1.71137181  0.68556301
 [61]  7.28442681  7.06588021  5.08233276  8.71408669  8.70592853 31.12508384
 [67] 29.95838995 25.28981098 20.13659162 16.55332724 10.11264151  9.23265184
 [73]  2.33050192 14.90437055 11.31881649 10.22126751 20.47561545 14.54152949
 [79] 14.88423267  2.96967175  1.12493916  9.51706613  7.90877596  7.39787007
 [85]  8.40103765  6.93170389  6.70727682  5.38546862  5.97752440  1.62416982
 [91]  1.21574121  2.82296193  1.01400425  1.21776109  4.77111760  3.02161463
 [97]  0.98248761  7.85304708 27.89989607 25.75300943 25.69403126 22.87008779
[103] 29.51681527 23.35043235 18.25263421 16.73751112 15.49368494  9.73195094
[109]  8.33595461  9.56976880  8.94439772  8.87538878  8.60615339  5.02980756
[115]  9.31245012  7.42295414  1.65052835 12.75494678 12.01008700 14.31244494
[121] 13.70708652 12.64627966 13.06903302  1.78102108  9.47491442  9.12814833
[127]  8.50376438  4.79178897  3.66466186  7.01581841  5.97201124  4.95332789
[133]  2.02809896  4.72106571  2.42597424  0.25397949  0.23985208  0.07464897
[139]  0.63376062  0.35348386  0.63561365  5.85742192  4.48479497  2.26666579
[145]  1.33227874 25.27840967 24.50859807 22.86648445 19.84978028 20.83139914
[151] 25.58309627 17.35082131 15.32769251 10.45724851  8.16444222  7.29573704
[157] 16.37504236 16.39091920  7.40188846  7.65905596  4.46876665  8.45449736
[163]  8.01731285  5.24441376  7.73903594  5.80172556  8.56324412  7.89797764
[169]  6.94140232  8.70443136  5.25960213  5.00418469 10.10138218  1.34364873
[175]  8.88581247  7.18780194  6.50895172  4.04193520  0.23829726  4.52598105
[181]  3.59981434  5.53383847  0.46480469  0.21885650 24.73864798 23.73378730
[187] 12.94898544 12.33605553 12.24975700  9.43227960  6.87042846  5.70853385
[193] 21.31177209 14.59219015 19.30526582 21.30095182 14.44274681  0.97790212
[199]  7.73778183  0.31080068  6.44762267  2.22065070 12.85297432 12.23071200
[205]  9.09209806  6.58287399  2.82133853  2.81754428  1.67951411  0.74030742
[211] 15.26226528  6.28949275  5.82969279  7.22623398  5.31581289  5.28099802
[217]  4.91743084  4.50889405  4.06214264  6.18724714  5.08816205  6.49740714
[223]  7.33183941  3.78875367  0.66541142 10.02847382  6.88262224  8.21966105
[229]  4.09303388  3.26924490  1.22179448  0.22125099  0.26201377 23.28135138
[235] 19.69305561 21.99766330 20.31100844 19.24003003 11.67007100 11.26494529
[241] 10.15702156 12.13819816  7.34957694  6.82809787  6.64160426  6.35364322
[247]  6.62491503  4.85756803 15.95282471 15.56863614 13.47133387 11.71124924
[253] 11.45839190  9.54876081  9.23748945  6.69650805  5.27158680  0.39109405
[259]  1.09576796  0.67130931  0.25170183  1.34360461 13.62163034  4.41394386
[265]  2.28401594  3.41383417  3.03500647  2.04180864  2.82438771  0.17892189
[271]  1.52719749  3.79850420  2.91706519  1.83811345  5.54274684  3.89933522
[277]  3.35943243  5.71497374  3.96004006 18.09745269 21.27227766 18.73510913
[283] 19.18637602 10.38557682  8.56603906  5.72657159  4.28260481 10.14464472
[289]  3.89696220  3.84234877 14.67580850  5.79918652  5.33874152  7.68593287
[295]  8.88495500  8.63882580  8.20099079  0.91645524  0.51296051  4.33277539
[301]  1.79534546  0.32819179  0.10243587  1.29116074  1.46565723 17.19194860
[307] 18.01338440 18.58040398 11.07391251  8.98815700  6.80787912  8.33919315
[313]  7.78092036  7.39163765  2.49821948  1.15723990  7.98157566  3.65933605
[319]  0.15942544 14.09309569  1.01521571  0.75319544  3.63638997  0.87413036
[325]  7.17763374  4.31431772  0.44909610  0.41415584 13.88521166 17.94466084
[331] 14.07706095  7.83850265  6.70119688  4.15048077  2.61605443  3.58415781
[337]  4.99162748  1.25562269  4.69272555  3.77858347  2.05397771  3.04718966
[343]  3.50973044 11.19696141  7.06661889  6.41352838  5.14093510  1.49243827
[349]  0.57083941  0.18196793  6.68920863  6.48913404  6.40611854  6.00160618
[355]  5.64191316  4.34110091  0.04913022  2.86605339  2.61371222  1.72242714
[361]  5.66114399  4.77583943  3.29057893  4.15563663  0.56388521  2.38985215
[367]  1.91453496  0.49248807  4.21349027

$PAR
  [1]  NA   1   2   2   3   3   3   3   4   4   4   5   5   5   5   6   6   6
 [19]   7   9   9   9   9   9   9  13  13  13  13  14  14  15  15  16  17  17
 [37]  17  17  18  21  21  21  21  22  23  24  24  26  26  27  27  27  27  27
 [55]  27  27  29  29  29  29  30  30  31  32  32  34  34  34  34  35  35  35
 [73]  35  36  36  37  42  46  47  48  48  50  50  50  51  51  51  51  53  53
 [91]  56  57  58  59  63  64  64  65  66  66  66  66  67  67  67  67  69  69
[109]  71  74  74  74  74  74  76  76  76  77  77  78  78  78  79  80  82  82
[127]  82  82  82  84  87  88  88  89  89  93  93  93  94  94  95  98  98  98
[145]  98 100 100 101 101 102 103 103 103 103 103 103 105 106 108 109 109 110
[163] 110 110 111 111 113 113 113 115 115 116 119 124 125 125 127 127 129 134
[181] 134 142 142 142 146 146 147 147 147 147 147 147 148 148 150 151 152 154
[199] 155 155 156 156 157 157 157 157 157 157 157 157 158 160 162 163 163 165
[217] 165 165 165 167 167 169 170 171 172 173 173 175 175 175 180 182 183 185
[235] 185 186 186 186 188 188 188 189 190 190 190 190 191 191 196 196 196 196
[253] 196 196 196 196 196 198 202 205 205 209 211 212 215 216 216 218 219 219
[271] 220 222 222 222 227 227 227 228 228 235 236 237 238 239 239 239 239 241
[289] 245 248 250 253 253 254 255 255 255 262 262 264 265 268 268 269 277 281
[307] 282 283 283 284 284 285 285 285 285 286 288 289 289 291 292 293 294 294
[325] 296 296 298 305 306 307 307 309 309 309 309 311 312 312 317 317 317 318
[343] 326 330 330 330 333 337 343 343 345 345 346 346 346 347 349 351 351 351
[361] 352 352 352 353 355 356 356 360 362

$EXTANT
  [1] FALSE FALSE FALSE FALSE FALSE FALSE FALSE FALSE FALSE FALSE FALSE FALSE
 [13] FALSE FALSE  TRUE FALSE  TRUE FALSE FALSE FALSE FALSE FALSE FALSE FALSE
 [25] FALSE  TRUE FALSE FALSE  TRUE FALSE FALSE FALSE FALSE FALSE  TRUE FALSE
 [37] FALSE FALSE FALSE FALSE FALSE FALSE FALSE FALSE FALSE FALSE FALSE  TRUE
 [49] FALSE  TRUE FALSE FALSE  TRUE  TRUE  TRUE  TRUE  TRUE  TRUE  TRUE  TRUE
 [61] FALSE  TRUE FALSE FALSE  TRUE FALSE FALSE FALSE FALSE FALSE FALSE FALSE
 [73]  TRUE FALSE FALSE  TRUE FALSE FALSE FALSE  TRUE  TRUE FALSE FALSE FALSE
 [85] FALSE  TRUE FALSE  TRUE  TRUE FALSE  TRUE FALSE  TRUE  TRUE  TRUE  TRUE
 [97]  TRUE FALSE FALSE FALSE FALSE FALSE FALSE FALSE FALSE FALSE FALSE FALSE
[109]  TRUE FALSE FALSE FALSE  TRUE FALSE FALSE  TRUE  TRUE FALSE FALSE FALSE
[121] FALSE FALSE FALSE  TRUE FALSE FALSE FALSE  TRUE  TRUE  TRUE FALSE FALSE
[133] FALSE  TRUE  TRUE  TRUE  TRUE  TRUE  TRUE  TRUE  TRUE  TRUE FALSE  TRUE
[145] FALSE FALSE FALSE FALSE FALSE FALSE FALSE FALSE FALSE  TRUE  TRUE  TRUE
[157] FALSE FALSE  TRUE  TRUE FALSE FALSE FALSE FALSE FALSE FALSE FALSE FALSE
[169] FALSE FALSE  TRUE  TRUE FALSE FALSE  TRUE FALSE FALSE  TRUE  TRUE FALSE
[181]  TRUE  TRUE  TRUE  TRUE FALSE FALSE FALSE FALSE FALSE FALSE FALSE FALSE
[193] FALSE FALSE FALSE FALSE FALSE  TRUE FALSE  TRUE FALSE  TRUE FALSE FALSE
[205]  TRUE FALSE  TRUE  TRUE  TRUE  TRUE FALSE FALSE  TRUE FALSE  TRUE FALSE
[217] FALSE  TRUE  TRUE FALSE FALSE  TRUE FALSE FALSE  TRUE FALSE  TRUE  TRUE
[229]  TRUE  TRUE  TRUE  TRUE  TRUE FALSE FALSE FALSE FALSE FALSE  TRUE FALSE
[241] FALSE FALSE FALSE FALSE  TRUE  TRUE FALSE  TRUE FALSE FALSE FALSE FALSE
[253] FALSE  TRUE FALSE FALSE FALSE  TRUE  TRUE  TRUE  TRUE  TRUE FALSE FALSE
[265]  TRUE FALSE  TRUE  TRUE  TRUE  TRUE  TRUE FALSE FALSE  TRUE  TRUE  TRUE
[277]  TRUE FALSE  TRUE FALSE FALSE FALSE FALSE  TRUE  TRUE  TRUE FALSE FALSE
[289]  TRUE FALSE FALSE  TRUE  TRUE  TRUE FALSE  TRUE FALSE  TRUE  TRUE  TRUE
[301]  TRUE  TRUE  TRUE  TRUE  TRUE FALSE FALSE FALSE  TRUE FALSE FALSE  TRUE
[313] FALSE  TRUE FALSE FALSE  TRUE  TRUE  TRUE FALSE FALSE  TRUE FALSE  TRUE
[325] FALSE  TRUE  TRUE  TRUE FALSE FALSE FALSE FALSE FALSE  TRUE FALSE FALSE
[337]  TRUE  TRUE FALSE  TRUE  TRUE  TRUE  TRUE FALSE FALSE  TRUE FALSE  TRUE
[349]  TRUE  TRUE FALSE FALSE  TRUE  TRUE  TRUE  TRUE  TRUE  TRUE  TRUE  TRUE
[361]  TRUE  TRUE FALSE FALSE  TRUE  TRUE  TRUE  TRUE  TRUE

