
Birth-death simulation object with 272 species and 98 extant species

Details for some species:

Extinction times (NA means extant)
[1] 44.05329 28.63253 46.27336 21.42320 28.52587 18.93197


Speciation times 
[1] 53.44310 50.46416 47.15360 45.70716 43.69303 33.35331


Species parents (NA for initial)
[1] NA  1  1  2  2  2


Species status (extinct or extant)
[1] "extinct" "extinct" "extinct" "extinct" "extinct" "extinct"


For more details on vector y, try sim$y, with y one of
TE TS PAR EXTANT



$TE
  [1] 44.0532928 28.6325312 46.2733646 21.4231979 28.5258662 18.9319662
  [7] 37.5095835 33.2432117 38.4110935 35.6678250 18.9415288 18.4942378
 [13] 26.0637578 17.5220379 20.8649861 38.0124147 14.0894770 26.9834591
 [19] 25.0760276 15.2697250 14.9885799 21.9891599 40.3629151 37.9743817
 [25] 24.0797642 24.9916632 26.3271521 29.3725287 27.6659373 19.2110024
 [31] 27.9488247 25.2635459 23.4924600 20.1750190 19.7338414 26.8893948
 [37] 19.1235803 18.9635731 22.2707184 10.6108622 18.5783250 18.6982913
 [43] 15.3328322 13.7778498 24.7502241 25.8731072 25.8975209 19.3059474
 [49] 24.4515714 18.5784595 18.2003010 17.1695182 15.5555950 21.4670612
 [55] 19.0953935 21.0189416 25.9307527 21.1701544 19.3876656 17.3049016
 [61] 18.9345202 19.8584962 18.8587690 14.1674984 19.1084099  6.0241775
 [67] 18.3345013  8.6131124 10.1006042 25.3841961 18.4758012 25.4763242
 [73] 17.5140747 14.7454588 24.0286957  5.0335676 19.3400408 19.6378696
 [79] 16.4188753 15.3412944 18.3413697 17.8982576 19.1038228         NA
 [85] 11.5346798         NA  7.2835763         NA 19.2998454 15.7887116
 [91]  6.8610391         NA  4.4520692  3.8545874 16.2519429         NA
 [97]  3.5959252  6.9855225  2.6109984         NA         NA         NA
[103]  3.7994439         NA 15.9794769 15.0522443         NA         NA
[109]  9.7412193  2.8885698  8.5947183  5.9858255         NA  0.8336225
[115]         NA  2.2475442  5.1995927  2.1704981  4.4986019         NA
[121] 11.9161918 11.5646603  9.4968860  6.4325244  6.3889904  7.5819889
[127]         NA         NA         NA         NA  1.1426868         NA
[133] 10.9990238  1.8536156  7.5985097  7.3885234  3.3187057  6.3945203
[139]  3.8219940  1.7292727  6.0398047         NA         NA  4.7578087
[145]         NA         NA  5.3518845  0.6561644         NA         NA
[151]         NA  4.2932858         NA  1.1831061  1.9670514         NA
[157]         NA         NA  9.6065928  6.9326907  4.7930435         NA
[163]  1.8847130  8.0488933  6.9312333         NA 10.0178284  8.1363029
[169]         NA  2.4738463         NA  8.2219998  8.1284216  2.9593389
[175]  4.9430859  4.4389525         NA         NA         NA         NA
[181]         NA         NA         NA         NA         NA  5.1030009
[187]         NA         NA         NA         NA  5.6184420  1.0265115
[193]         NA         NA         NA         NA  2.5533934  8.5361866
[199]  5.0565888         NA         NA         NA         NA         NA
[205]         NA  4.8323774         NA         NA         NA         NA
[211]  9.9394903         NA  5.0411637  3.4414921         NA         NA
[217]         NA         NA         NA         NA  2.8697777         NA
[223]         NA  1.5232508         NA         NA         NA         NA
[229]         NA  2.4160644         NA  4.4862566         NA  2.3578406
[235]  0.6076900  2.5985629  3.7835873  4.6604946  1.8369404  2.8218470
[241]  0.4351505         NA         NA         NA  0.6994674         NA
[247]         NA  1.2687371         NA         NA         NA         NA
[253]         NA         NA         NA         NA         NA  0.8094906
[259]         NA  1.4060708         NA  4.6975342  3.8707177  0.1122364
[265]         NA         NA         NA  0.2357307         NA  0.6428119
[271]  1.1038692         NA

$TS
  [1] 53.443103002 50.464164925 47.153595334 45.707162740 43.693034083
  [6] 33.353305604 44.979920705 40.508486181 38.420111977 38.202979112
 [11] 34.270838062 30.771113784 30.323425016 30.248478421 27.644419403
 [16] 42.497656273 29.779532165 29.038407787 25.102777124 25.037730611
 [21] 23.694642646 23.408339952 40.734776529 38.013926207 32.563721471
 [26] 32.306568117 29.952557498 29.438686216 29.290736547 22.920619123
 [31] 28.515293223 26.654061919 26.480891012 24.008829734 29.580489831
 [36] 29.205295481 23.797228229 23.753424582 28.766482325 23.175574428
 [41] 22.854031403 23.517504163 16.057319126 23.306438537 25.526770658
 [46] 29.700807415 27.519897572 25.747902167 27.421220375 26.764154423
 [51] 25.738177678 22.985346947 22.477125155 28.465146806 28.395631164
 [56] 26.660432320 26.089456951 22.329942834 20.706875170 25.002259412
 [61] 21.927300463 20.826784422 19.929464127 14.371442822 22.890315580
 [66] 22.451332696 21.494866182 14.917847886 14.116849418 28.994578459
 [71] 27.589196587 26.217577166 19.793892523 15.914550151 27.699523053
 [76] 25.767890115 20.750946238 22.223121698 20.571217440 21.260410125
 [81] 19.560137358 22.309469118 19.274440732 16.457977324 12.885214331
 [86] 10.259652760  9.484958794 10.319038429 19.539142891 24.425789656
 [91] 18.952245386 14.975611953 12.153452293 16.276549709 19.060708428
 [96] 15.792787776 11.386051184  9.980407709  8.272973730  6.615645742
[101]  4.674775212  2.845705246  9.085851305 16.220615709 18.017112038
[106] 15.156477915  7.952464130 12.824600123 11.853129426  9.732923994
[111]  9.658832734  8.605245982  6.343071481  4.418087584  3.938871839
[116] 11.065930056  8.216277004 11.152220804  6.161913426  4.570363294
[121] 15.373517076 12.885274055 11.756735167 10.058938914  9.396540018
[126]  7.881458794  7.782302648  3.917157802  4.108607909  2.771368402
[131]  3.362978421  0.326273830 12.910186665 10.062139290  9.708270886
[136]  8.224954235  6.839451596 12.560269709 12.258260685  9.973098178
[141]  8.978649972  0.527959938 11.052157409  5.426986589  6.316664984
[146]  5.953030590  5.501636773  2.315417270  6.446865018  6.394755757
[151]  5.701382145  5.644783646  2.964146699 10.936855410  7.824337913
[156]  0.019216611  3.987977818  2.032112752  9.772238945  7.624369597
[161]  5.553884463  5.262549243  3.078810683  9.620549405  8.584239890
[166] 11.159821573 10.231580901  8.498958287  7.162259997 11.906887241
[171] 11.595796353 11.330000982  9.942924726  7.124892703  6.599298388
[176]  4.478641044  5.641287054  3.406515424  2.223262746  0.222856932
[181]  0.220818082  5.363149801  4.545266518  3.485626160  5.569586556
[186]  5.387744002  1.388005175  9.396551615  9.184041652  6.706402341
[191]  6.405255168  6.183565514  0.706975324  5.256751585  2.615955243
[196]  0.038174765  8.135146366 10.211799461  7.693436418  7.292580427
[201]  4.006979932  2.782549572  0.379920164  6.752949067  9.660388831
[206]  6.206719037  5.748298060  5.548082847  4.877231372  1.065891445
[211] 10.687764941  9.355244703  5.163684543  4.932322466  2.881850225
[216]  2.657549872  0.023007021  2.160613226  4.646458030  0.111684001
[221]  2.886147024  0.341304855  1.821185460  8.018157580  5.549495650
[226]  5.058269035  0.808360067  3.637971566  1.971711442  4.089336497
[231]  3.251079896  9.002673631  2.135961113  5.190900688  3.817049157
[236]  4.836602782  5.371276006  4.762359623  3.666432463  8.372927137
[241]  0.816807567  0.442720918  0.002706555  6.100938385  4.597235900
[246]  3.294062412  1.848531381  1.895226187  0.484540582  0.052251744
[251]  1.330259180  0.826253074  8.002024733  1.796938844  3.379943389
[256]  0.872260281  3.559320534  3.233843200  2.729971572  6.890959345
[261]  6.191787328  5.256405616  4.704668160  0.344816124  1.950547217
[266]  0.619603994  0.233860091  4.694795176  1.222877437  3.888049591
[271]  2.095704266  1.559325230

$PAR
  [1]  NA   1   1   2   2   2   4   4   4   4   4   4   4   4   4   5   6   6
 [19]   6   6   6   6   7  10  11  11  11  12  12  12  13  13  15  15  17  17
 [37]  17  17  18  20  20  21  21  22  25  26  26  26  27  27  32  34  34  35
 [55]  35  35  35  37  37  39  40  40  40  40  44  44  44  44  44  46  46  47
 [73]  51  53  54  54  55  58  59  60  60  66  66  66  66  66  68  69  71  75
 [91]  76  76  76  80  81  84  84  84  84  84  84  84  87  90  91  91  91  92
[109]  92  92  92  92  92  92  92  93  93  94  94  94  96  96  96  97  97  99
[127]  99  99 100 100 101 102 104 104 104 104 107 108 108 108 108 108 109 110
[145] 112 113 113 114 118 118 119 119 120 123 126 128 129 131 134 134 134 134
[163] 134 135 135 138 138 138 138 139 139 139 139 139 139 139 140 143 143 143
[181] 143 145 146 146 149 150 151 154 154 154 154 154 157 162 162 162 164 166
[199] 166 166 169 169 169 170 171 171 171 171 171 171 172 173 174 177 177 178
[217] 178 179 182 183 184 184 185 188 189 189 189 190 192 194 197 198 200 204
[235] 204 205 206 208 209 212 215 219 222 224 225 225 225 226 226 228 229 229
[253] 232 233 234 235 236 236 239 240 240 240 240 252 253 254 256 260 265 268
[271] 268 270

$EXTANT
  [1] FALSE FALSE FALSE FALSE FALSE FALSE FALSE FALSE FALSE FALSE FALSE FALSE
 [13] FALSE FALSE FALSE FALSE FALSE FALSE FALSE FALSE FALSE FALSE FALSE FALSE
 [25] FALSE FALSE FALSE FALSE FALSE FALSE FALSE FALSE FALSE FALSE FALSE FALSE
 [37] FALSE FALSE FALSE FALSE FALSE FALSE FALSE FALSE FALSE FALSE FALSE FALSE
 [49] FALSE FALSE FALSE FALSE FALSE FALSE FALSE FALSE FALSE FALSE FALSE FALSE
 [61] FALSE FALSE FALSE FALSE FALSE FALSE FALSE FALSE FALSE FALSE FALSE FALSE
 [73] FALSE FALSE FALSE FALSE FALSE FALSE FALSE FALSE FALSE FALSE FALSE  TRUE
 [85] FALSE  TRUE FALSE  TRUE FALSE FALSE FALSE  TRUE FALSE FALSE FALSE  TRUE
 [97] FALSE FALSE FALSE  TRUE  TRUE  TRUE FALSE  TRUE FALSE FALSE  TRUE  TRUE
[109] FALSE FALSE FALSE FALSE  TRUE FALSE  TRUE FALSE FALSE FALSE FALSE  TRUE
[121] FALSE FALSE FALSE FALSE FALSE FALSE  TRUE  TRUE  TRUE  TRUE FALSE  TRUE
[133] FALSE FALSE FALSE FALSE FALSE FALSE FALSE FALSE FALSE  TRUE  TRUE FALSE
[145]  TRUE  TRUE FALSE FALSE  TRUE  TRUE  TRUE FALSE  TRUE FALSE FALSE  TRUE
[157]  TRUE  TRUE FALSE FALSE FALSE  TRUE FALSE FALSE FALSE  TRUE FALSE FALSE
[169]  TRUE FALSE  TRUE FALSE FALSE FALSE FALSE FALSE  TRUE  TRUE  TRUE  TRUE
[181]  TRUE  TRUE  TRUE  TRUE  TRUE FALSE  TRUE  TRUE  TRUE  TRUE FALSE FALSE
[193]  TRUE  TRUE  TRUE  TRUE FALSE FALSE FALSE  TRUE  TRUE  TRUE  TRUE  TRUE
[205]  TRUE FALSE  TRUE  TRUE  TRUE  TRUE FALSE  TRUE FALSE FALSE  TRUE  TRUE
[217]  TRUE  TRUE  TRUE  TRUE FALSE  TRUE  TRUE FALSE  TRUE  TRUE  TRUE  TRUE
[229]  TRUE FALSE  TRUE FALSE  TRUE FALSE FALSE FALSE FALSE FALSE FALSE FALSE
[241] FALSE  TRUE  TRUE  TRUE FALSE  TRUE  TRUE FALSE  TRUE  TRUE  TRUE  TRUE
[253]  TRUE  TRUE  TRUE  TRUE  TRUE FALSE  TRUE FALSE  TRUE FALSE FALSE FALSE
[265]  TRUE  TRUE  TRUE FALSE  TRUE FALSE FALSE  TRUE

