
Birth-death simulation object with 321 species and 74 extant species

Details for some species:

Extinction times (NA means extant)
[1] 29.51895 52.83589 38.42050 18.46645 34.12143 37.32906


Speciation times 
[1] 53.44310 53.05494 50.28974 50.06844 47.12203 41.04088


Species parents (NA for initial)
[1] NA  1  1  1  1  1


Species status (extinct or extant)
[1] "extinct" "extinct" "extinct" "extinct" "extinct" "extinct"


For more details on vector y, try sim$y, with y one of
TE TS PAR EXTANT



$TE
  [1] 29.51895431 52.83589393 38.42050184 18.46644844 34.12142797 37.32905976
  [7] 18.65801300 36.32226425 37.88458139 47.13041362 24.76023217 38.03572142
 [13] 19.26168549 30.68552729 31.68435867 19.70438873 27.18672166 20.91364295
 [19] 18.04243626 31.96453971 34.67669759 34.86692263 35.18934487 28.35789697
 [25] 35.04065914 35.09779154 25.59064792 19.06481717 36.83379620 37.83358619
 [31] 16.85621047  7.00964109 25.19731809          NA 39.59604871 34.01463483
 [37] 29.61622847 31.91021359 31.84412301 21.59388545 19.08984344 18.13412922
 [43] 34.30496008 29.77177198 27.83902025 17.26659626 27.02486868 24.41762623
 [49] 16.08549179 35.73339899 34.46186832 28.18408188 22.89642114 16.80503045
 [55] 34.10612771 32.94248613 15.25980937 26.02315381 27.97056557 18.99911151
 [61] 19.95343476 26.61787915 23.84161602 16.57235719 19.35173609 18.90951364
 [67]  9.92266834 11.97776906  3.04825098          NA  0.88605615          NA
 [73] 29.54477919 31.76485742 29.67428521 33.63135858 28.42054409 16.66658581
 [79] 29.14434807 35.41237903 19.06199360 22.49762205 14.90417374 17.15950134
 [85] 21.11372577 18.17256533 23.15570290  6.88657209 15.39214418 15.28585127
 [91] 26.16147909 17.50753422 18.88832723 18.75268295 17.12837495 19.48200744
 [97] 30.19479927 19.05122556 26.31147481 12.28757070 23.75374170 18.39274899
[103] 23.13824371 19.50719247 19.26253063 10.79938528  4.00541542  9.85188318
[109]          NA 19.10903689 18.31372899 31.30246357 17.74490006 28.42174077
[115] 17.07442907 25.27993256 17.39654316 18.03820538 13.51589816          NA
[121]          NA 15.20879447 22.00076184 18.49621333 16.87696192 17.24239972
[127] 19.18152099 16.77793180 19.51358410 16.40543747 16.71770245 20.94217921
[133] 18.37606067 17.80784779  3.50012549  3.08670935 24.97982953 19.57685588
[139] 19.37306525  4.88700215  2.07304957  2.02345251  2.41168562  9.80547772
[145] 18.58674446 26.82248149 21.62611680 18.86203040 17.79678192 12.23399822
[151]  8.45787759  6.62072785  2.55538032  0.41390989  2.87100819  6.95542676
[157]  4.51419305 17.25199629 18.96765449 14.92719597 16.19958270 17.49332299
[163] 10.72070364 15.48427136 15.19411302 16.80278632 21.42366853 20.74525593
[169] 10.51850307 18.59393608 17.93772901 18.80959506  1.18749000          NA
[175]          NA          NA          NA  3.30439035  5.42146023          NA
[181]  6.96702213  1.43607558 18.95550520  8.33619376  7.00299453  4.26757974
[187]          NA          NA 14.94668234 15.00063707          NA  8.28786438
[193]  1.74401162          NA  1.68246497          NA  1.45826868 21.64171035
[199] 15.82381826 13.92864838 20.06671156 18.09782461 18.70807536 15.31567640
[205] 17.25281499          NA 21.24513549 10.31842684  8.83917467          NA
[211]          NA 16.78401083 18.20502700 14.92334957          NA          NA
[217]  9.29619697          NA          NA  0.13759742  3.10512571          NA
[223]          NA          NA          NA  4.61200356  7.89038194  6.87134225
[229]  1.76098195 19.39919437  6.53885878          NA          NA          NA
[235]  9.11042960 15.87392731  0.09326438  6.43574907          NA  8.24193195
[241]  3.29329168  6.26140247  2.82803735  2.69679078  1.95084317          NA
[247]  4.52092924 15.05566868  9.01691164          NA          NA          NA
[253]          NA  3.08664273  8.59250671  8.30538759          NA          NA
[259] 18.78935547 19.37496101 16.99701296          NA  2.87488273          NA
[265]          NA          NA 14.93065067          NA          NA  4.55134977
[271]  3.06132576  2.12902839          NA  4.67602624          NA  3.85347800
[277]          NA  5.57396919          NA  1.98587202          NA          NA
[283]          NA          NA          NA  1.86737681  5.27351663          NA
[289]          NA          NA          NA  1.50728777  5.79734169  5.28420135
[295]          NA  0.75846828  0.58362699          NA  0.96943069          NA
[301]          NA  4.57684731  0.27769977          NA          NA          NA
[307]          NA  6.07789530          NA          NA  1.66684657          NA
[313]          NA          NA          NA  0.26410711          NA          NA
[319]  2.24307759  2.03427013          NA

$TS
  [1] 53.44310300 53.05494343 50.28973587 50.06843616 47.12202777 41.04087562
  [7] 40.25012949 42.58065291 40.01927948 47.14934695 42.16062016 40.61344270
 [13] 40.49463077 39.99317050 34.24493580 30.84199229 27.59980399 25.69913770
 [19] 20.88742708 36.05726215 34.82914777 37.36819617 40.17282105 41.55568075
 [25] 41.14751063 37.47635423 37.01417052 41.96574089 38.51967860 38.28263932
 [31] 32.05627052 30.05235720 25.50110968 20.87601291 39.95450847 39.72168808
 [37] 39.33904199 37.53422343 32.22090807 27.59768775 20.33712103 25.46337074
 [43] 35.89063477 35.50723880 35.85262067 38.76461902 30.56275876 30.12832620
 [49] 29.00963681 39.08375221 35.90576403 29.45559495 27.27297471 26.61506967
 [55] 36.24616798 34.71658871 33.55567307 31.58012728 30.53415575 28.99512517
 [61] 28.90470157 26.78622984 24.52762848 18.47909557 24.08173201 20.52056144
 [67] 14.31596488 18.73552616 12.51844525 11.63411078  2.25522540  0.71333063
 [73] 36.43836521 35.99672354 32.90019054 34.36961940 32.25390459 35.53774180
 [79] 33.01918355 36.66201385 30.95494498 24.07183480 19.52652086 17.56332092
 [85] 27.08109187 26.85514491 24.33448154 21.40177326 17.53756129 16.38798806
 [91] 27.23433611 26.19858224 25.31622033 23.35240842 33.71675667 33.68873758
 [97] 32.73310592 20.29104211 27.33974329 27.41347683 25.66862438 20.81676135
[103] 26.62263762 21.04544402 20.75843340 11.96561563 10.82177450 13.07000690
[109]  6.68150169 20.82578467 20.40213452 32.59619574 32.18695584 29.66913811
[115] 17.48888296 26.34465408 23.40575752 19.65805594 16.05186708 13.36402004
[121]  9.72281809 16.25854861 23.91890478 23.33605817 23.81527295 21.19797634
[127] 20.33928262 19.97678970 21.97664040 21.89705824 28.95624118 25.06250159
[133] 24.00533628 21.79516589 14.39307291 13.25483468 25.48344446 20.82354761
[139] 19.72347506 11.51981927 10.85911262 10.24201308  5.41936186 30.20173261
[145] 29.58783811 29.57688852 29.15214987 20.51161012 19.44100652 14.67665194
[151] 13.15233488 11.12793288  6.10491083  2.51297821  9.07343992  7.46950233
[157]  6.73090608 22.21683928 20.39535068 19.24127133 23.32020257 22.82087843
[163] 21.13466635 19.29653873 18.03842725 17.23923835 21.96645639 27.98674552
[169] 17.80655337 24.87786087 23.39926145 20.51058327 13.57872890 11.12489766
[175]  6.22072661  5.98757405  5.07559049  3.89804013 11.77355352 10.69715393
[181]  7.86628779  7.05988030 25.16118864 11.14350361  9.71398903  6.84817600
[187]  4.00807998  2.96497801 17.03823614 15.79309499 13.01449902 12.44143622
[193] 12.55534599  4.26467624  4.06048780  1.90839299  7.86661323 21.96942542
[199] 17.57424906 16.78846144 21.43604767 18.44189879 19.14913099 17.03617074
[205] 17.95989151 15.87197035 23.13826802 15.54497627 14.42653392 13.93288936
[211] 13.33292704 22.15426142 21.36365190 20.01302544  3.26959879  2.99622812
[217]  9.66965683  3.60560956  3.53077827  1.40557080  5.04981632  4.94448317
[223]  0.54343840  0.30144087  1.31893969  6.64672098 10.52610797  9.31783889
[229]  2.39684793 22.06377868  9.25405798  2.67167872  2.54940241  2.23109131
[235] 17.02236433 16.09342851  9.42721244  6.78274347  1.24254299 10.84177393
[241] 10.58987229 10.70446109  9.36945783  4.23652407  3.08996534  2.77981890
[247]  4.66810347 18.24689595 14.25283904  9.47020819  3.76990638  9.03870801
[253]  6.82344999  3.38696732  9.54142976  8.41527954  6.67458516  3.24208162
[259] 20.01713326 19.46514576 18.03293754  9.66161664  3.51536748  7.19234926
[265]  2.37846597  1.34651938 16.53282772 10.51050173  6.23963963  5.25485207
[271]  3.63984962  2.65143321  0.44687078  9.32060835  4.31584150  4.27331909
[277]  3.71993212  9.85498960  8.71157333  8.65585460  2.47502444  1.42961628
[283]  5.27290098  3.91837146  1.67663164  2.30716384  6.21460317  4.38163051
[289]  1.66738842  2.55888096  1.26690082  4.56034300  7.42603982  7.35689931
[295]  2.14438869  2.09472042  8.03537688  7.53076351  1.94019896  5.00575958
[301]  0.33772052  4.64179939  0.51294606  1.37410607  2.52447443  0.01411871
[307]  3.97010894  6.30730629  0.37500516  0.31786397  5.68906095  4.78331472
[313]  4.54819208  3.58641737  3.16578209  2.65192831  0.30486850  3.83148481
[319]  3.49765067  2.14964693  1.91835064

$PAR
  [1]  NA   1   1   1   1   1   1   3   3   4   4   4   4   4   4   4   4   4
 [19]   4   5   5   6   7   8   8   8   8  11  13  13  13  13  13  13  14  14
 [37]  14  14  14  16  16  18  20  20  23  24  24  24  24  25  25  27  27  27
 [55]  28  28  28  28  28  28  28  28  28  31  32  32  32  34  34  34  34  34
 [73]  37  38  38  44  44  45  45  46  46  46  46  46  47  49  49  49  49  49
 [91]  53  53  54  54  56  56  57  57  60  61  61  61  62  65  65  67  67  68
[109]  70  78  78  79  79  81  83  86  86  88  88  88  88  90  92  92  93  93
[127]  93  93  94  94  95  96  96 100 100 100 101 104 105 106 108 108 109 113
[145] 113 113 113 113 117 119 120 120 120 120 121 121 121 124 124 124 125 125
[163] 126 127 128 128 129 131 131 132 133 134 135 135 135 135 135 135 136 136
[181] 136 136 137 140 140 141 142 143 144 144 150 150 151 153 153 154 155 158
[199] 158 160 161 161 162 163 164 165 168 169 169 169 169 170 171 172 173 173
[217] 174 174 174 174 175 176 176 176 177 179 180 180 180 183 184 187 187 187
[235] 189 189 191 191 191 192 192 193 193 193 193 193 197 202 206 206 206 210
[253] 210 210 211 211 211 211 212 212 214 217 221 228 233 233 235 235 237 237
[271] 237 237 237 240 241 241 241 242 242 242 246 246 250 250 257 258 262 262
[289] 262 264 268 269 274 274 275 277 279 279 279 280 282 283 283 284 288 291
[307] 292 294 295 295 298 298 298 298 300 307 310 313 313 313 316

$EXTANT
  [1] FALSE FALSE FALSE FALSE FALSE FALSE FALSE FALSE FALSE FALSE FALSE FALSE
 [13] FALSE FALSE FALSE FALSE FALSE FALSE FALSE FALSE FALSE FALSE FALSE FALSE
 [25] FALSE FALSE FALSE FALSE FALSE FALSE FALSE FALSE FALSE  TRUE FALSE FALSE
 [37] FALSE FALSE FALSE FALSE FALSE FALSE FALSE FALSE FALSE FALSE FALSE FALSE
 [49] FALSE FALSE FALSE FALSE FALSE FALSE FALSE FALSE FALSE FALSE FALSE FALSE
 [61] FALSE FALSE FALSE FALSE FALSE FALSE FALSE FALSE FALSE  TRUE FALSE  TRUE
 [73] FALSE FALSE FALSE FALSE FALSE FALSE FALSE FALSE FALSE FALSE FALSE FALSE
 [85] FALSE FALSE FALSE FALSE FALSE FALSE FALSE FALSE FALSE FALSE FALSE FALSE
 [97] FALSE FALSE FALSE FALSE FALSE FALSE FALSE FALSE FALSE FALSE FALSE FALSE
[109]  TRUE FALSE FALSE FALSE FALSE FALSE FALSE FALSE FALSE FALSE FALSE  TRUE
[121]  TRUE FALSE FALSE FALSE FALSE FALSE FALSE FALSE FALSE FALSE FALSE FALSE
[133] FALSE FALSE FALSE FALSE FALSE FALSE FALSE FALSE FALSE FALSE FALSE FALSE
[145] FALSE FALSE FALSE FALSE FALSE FALSE FALSE FALSE FALSE FALSE FALSE FALSE
[157] FALSE FALSE FALSE FALSE FALSE FALSE FALSE FALSE FALSE FALSE FALSE FALSE
[169] FALSE FALSE FALSE FALSE FALSE  TRUE  TRUE  TRUE  TRUE FALSE FALSE  TRUE
[181] FALSE FALSE FALSE FALSE FALSE FALSE  TRUE  TRUE FALSE FALSE  TRUE FALSE
[193] FALSE  TRUE FALSE  TRUE FALSE FALSE FALSE FALSE FALSE FALSE FALSE FALSE
[205] FALSE  TRUE FALSE FALSE FALSE  TRUE  TRUE FALSE FALSE FALSE  TRUE  TRUE
[217] FALSE  TRUE  TRUE FALSE FALSE  TRUE  TRUE  TRUE  TRUE FALSE FALSE FALSE
[229] FALSE FALSE FALSE  TRUE  TRUE  TRUE FALSE FALSE FALSE FALSE  TRUE FALSE
[241] FALSE FALSE FALSE FALSE FALSE  TRUE FALSE FALSE FALSE  TRUE  TRUE  TRUE
[253]  TRUE FALSE FALSE FALSE  TRUE  TRUE FALSE FALSE FALSE  TRUE FALSE  TRUE
[265]  TRUE  TRUE FALSE  TRUE  TRUE FALSE FALSE FALSE  TRUE FALSE  TRUE FALSE
[277]  TRUE FALSE  TRUE FALSE  TRUE  TRUE  TRUE  TRUE  TRUE FALSE FALSE  TRUE
[289]  TRUE  TRUE  TRUE FALSE FALSE FALSE  TRUE FALSE FALSE  TRUE FALSE  TRUE
[301]  TRUE FALSE FALSE  TRUE  TRUE  TRUE  TRUE FALSE  TRUE  TRUE FALSE  TRUE
[313]  TRUE  TRUE  TRUE FALSE  TRUE  TRUE FALSE FALSE  TRUE

