
Birth-death simulation object with 354 species and 136 extant species

Details for some species:

Extinction times (NA means extant)
[1] 48.89519 48.13698 45.56575 42.50655 44.45570 32.10066


Speciation times 
[1] 53.44310 53.15831 49.16574 51.89571 46.83047 48.83757


Species parents (NA for initial)
[1] NA  1  1  2  3  4


Species status (extinct or extant)
[1] "extinct" "extinct" "extinct" "extinct" "extinct" "extinct"


For more details on vector y, try sim$y, with y one of
TE TS PAR EXTANT



$TE
  [1] 4.889519e+01 4.813698e+01 4.556575e+01 4.250655e+01 4.445570e+01
  [6] 3.210066e+01 3.510224e+01 4.182780e+01 3.242490e+01 2.594967e+01
 [11] 3.907434e+01 3.472829e+01 3.745671e+01 3.654420e+01 3.640113e+01
 [16] 3.240040e+01 3.757735e+01 3.402356e+01 3.014457e+01 1.064085e+01
 [21] 2.492682e+01 1.649344e+01 3.041174e+01 2.520918e+01 2.554267e+01
 [26] 1.898409e+01 1.860933e+01 1.758996e+01 1.576281e+00 1.133759e+01
 [31] 2.722931e+01 1.809649e+01 2.396142e+01 2.688700e+01 1.878055e+01
 [36] 2.504672e+01 1.912466e+01 2.167347e+01 2.678968e+01 2.894030e+01
 [41] 1.815438e+01 2.006683e+01 1.812862e+01 1.476951e+01 3.153730e+01
 [46] 2.544149e+01 3.035457e+01 2.610469e+01 2.473736e+01 2.626957e+01
 [51] 2.359552e+01 1.970172e+01 2.729707e+01 2.352813e+01 1.777848e+01
 [56] 2.844532e+01 1.925530e+01 1.844025e+01 3.401199e+00           NA
 [61] 5.077072e+00 8.109100e-01           NA 2.495490e+01 1.849260e+01
 [66] 2.014347e+01 1.554883e+01 1.910881e+01 1.900018e+01 1.731574e+01
 [71] 2.507656e+01 3.009116e+01 2.385584e+01 1.896679e+01 1.836841e+01
 [76] 1.868348e+01 1.729398e+01 1.768459e+01 1.605564e+01 1.929805e+01
 [81] 1.844016e+01           NA 1.731465e+01 1.929819e+01           NA
 [86]           NA           NA 3.549620e+00 4.751959e+00           NA
 [91]           NA 2.077653e+01 1.999247e+01 1.917177e+01 1.906250e+01
 [96] 1.841618e+01 1.263478e+01 2.297535e+01 1.881667e+01 1.923223e+01
[101] 1.465477e+01 1.465445e+01 1.775264e+01 1.560928e+01 1.627110e+01
[106] 1.993966e+01 1.524394e+01           NA           NA           NA
[111] 3.998039e+00 1.290962e+00 2.341670e+00           NA 3.474218e+00
[116] 2.717745e+01 2.461714e+01 1.907414e+01 1.841591e+01 1.826580e+01
[121] 1.907587e+01 8.990326e+00 1.505923e+01 1.274129e+01 6.278787e+00
[126] 6.239016e+00 1.799152e+01 2.240342e+00           NA 6.447717e+00
[131] 9.847149e-01           NA           NA           NA           NA
[136] 1.626026e+01 9.317262e+00 1.294925e+01 1.700679e+00 1.079566e+01
[141] 1.333190e+01           NA 1.514540e+01           NA 1.279644e+01
[146]           NA 8.528621e+00           NA 1.154152e+01 7.350763e+00
[151] 4.138678e+00 1.854613e+00           NA           NA           NA
[156]           NA 4.401317e+00 2.948227e+00 2.271352e+00           NA
[161] 5.307412e+00 1.028556e+01           NA           NA 9.476883e+00
[166]           NA           NA           NA 8.340475e+00 1.049532e+01
[171]           NA           NA           NA 4.945345e+00           NA
[176] 3.738712e+00 4.519704e+00           NA 1.048019e+00 1.189301e+01
[181] 3.460990e+00           NA 2.950120e+00 1.991169e+00 5.162317e+00
[186]           NA 1.363640e+00 8.974957e+00 4.504711e+00 8.550709e+00
[191]           NA           NA 9.501957e+00 5.780673e+00 5.918047e+00
[196]           NA           NA           NA           NA           NA
[201] 1.250326e+01 1.012539e+01 1.118884e+01           NA           NA
[206]           NA           NA           NA           NA 5.910024e+00
[211] 4.442019e+00           NA           NA 7.145313e+00 1.235341e-01
[216]           NA 6.467245e+00 8.975521e-01           NA           NA
[221]           NA           NA 8.004753e+00 6.865326e+00 8.357654e+00
[226] 1.217664e+00           NA           NA           NA 6.596495e+00
[231] 4.179918e+00 9.971388e-01           NA           NA           NA
[236] 6.179417e+00           NA 7.012515e+00           NA 4.965949e+00
[241]           NA           NA           NA           NA 8.455943e-01
[246]           NA           NA 1.908532e+00 8.940157e+00 2.139997e+00
[251] 4.856284e-01           NA           NA 7.088877e-01           NA
[256]           NA           NA           NA           NA 7.891372e+00
[261] 5.291362e+00 8.495736e+00           NA 2.873201e+00 5.566349e+00
[266]           NA           NA           NA           NA           NA
[271]           NA 2.309681e+00 1.559873e+00           NA           NA
[276] 4.547098e+00 3.429766e+00           NA 2.962114e-04           NA
[281] 3.386757e+00 7.703867e+00           NA 5.076086e+00 6.045215e-01
[286] 1.066499e+00 1.469722e+00 6.055235e+00           NA 2.286707e+00
[291]           NA 9.422129e-01           NA           NA           NA
[296] 7.488243e+00           NA           NA           NA 2.847607e+00
[301]           NA 6.370838e+00           NA 1.780119e+00 1.722153e+00
[306]           NA           NA           NA           NA 1.769971e+00
[311]           NA 5.558483e-01           NA           NA           NA
[316]           NA 4.104126e+00           NA           NA 2.139978e+00
[321] 6.566014e+00 3.720412e+00           NA 4.055362e+00 4.138833e+00
[326]           NA           NA 2.219611e+00           NA           NA
[331]           NA           NA           NA           NA           NA
[336] 3.136500e+00           NA           NA           NA 6.810041e-01
[341] 5.871490e+00 5.828144e+00           NA           NA           NA
[346] 2.157585e+00           NA           NA           NA           NA
[351]           NA           NA           NA           NA

$TS
  [1] 53.44310300 53.15830565 49.16574140 51.89570999 46.83047255 48.83756807
  [7] 45.30573486 46.29463107 47.30584303 35.60710914 43.29965620 41.58323548
 [13] 40.43960230 39.97276800 39.41532034 39.19521241 38.92384513 38.09164260
 [19] 38.21972094 37.88034105 34.10091759 32.40535905 37.41896775 34.34691723
 [25] 32.00269490 32.83713535 25.24994272 18.84830611 14.01720702 12.42820990
 [31] 32.26938939 31.74766382 30.86222932 30.54955330 29.17391804 25.95557884
 [37] 25.92255610 25.80522133 30.04026191 29.92737407 23.83433005 22.79450003
 [43] 20.62770429 16.52540848 35.08821669 34.53667007 32.67954259 33.94545987
 [49] 28.81648463 28.75677860 28.23405030 27.91999607 27.61466596 25.68644854
 [55] 28.31841321 32.77671193 21.54888556 21.24645873 13.77164280  6.37726956
 [61]  6.17188764  5.78882213  2.48816451 29.87431000 28.84303583 25.54913870
 [67] 25.48714207 24.89640074 24.56869563 19.90789534 28.39542662 33.44745178
 [73] 26.11399332 24.84991236 26.54645178 23.53297611 21.68950749 20.20923241
 [79] 23.75759531 22.96731457 21.31889571 19.56343126 20.87783002 19.54987534
 [85] 11.90558672  7.14053553  3.62659271  5.73866121  5.53026069  3.29913389
 [91]  1.51014519 22.62068935 20.97832369 19.17537800 19.96389010 18.83210820
 [97] 31.13578284 24.39872921 20.61667551 26.43482991 19.29895878 18.49301333
[103] 19.63972093 19.72658736 18.43722688 20.93745222 19.26299764  4.73107394
[109]  3.88596604 10.39593738  8.64692148  3.61816895  3.15403872  0.26733380
[115]  4.12575201 29.23690945 28.67582571 21.84689113 20.93332347 19.62117165
[121] 19.28329846 15.45502265 19.36337021 17.61547434 15.93717399 15.79209938
[127] 18.06397799 15.29676863  2.99601249  9.49327987  3.34521385  2.87112869
[133]  6.03792469  5.96388966  0.04136353 20.72458493 18.89395737 15.36226202
[139] 11.18247329 16.10072009 13.62311508 12.76028998 15.59648236 15.58265830
[145] 12.92412260  9.30417427  8.86410195  8.18514900 15.23153503  7.85104408
[151]  6.94908411  2.33825198  1.86301959  1.25810048  1.21790201  5.73655238
[157]  5.18567015  5.07858945  2.88585528  1.98317939 10.67531240 11.17585008
[163]  4.14807045 14.11615111 13.63857231 11.93539035  4.75494610  3.12543459
[169] 15.29324279 10.81368423  3.74010498  2.13632661  1.27747145  5.33054050
[175]  4.56965648  5.83317422  5.77473787  5.55640245  1.87059818 12.11084477
[181] 11.75091560  1.12658118  3.74867136 10.22905249  9.04610389  5.62458888
[187]  4.02803878 11.32309522  6.85880496 13.39217134 13.38835652 13.15370808
[193] 10.01515562  7.42806014  6.67026619  1.21864378  0.65142156  2.73578667
[199]  0.55777536 14.27166389 13.41419180 11.50234198 11.46246149 10.44222978
[205]  2.47382019  0.72677593  4.49670860  4.38573240 12.08095918 11.10387750
[211]  8.69421786  5.31809124  3.61000959 10.19829875  6.25723097  2.52399533
[217]  7.96521223  7.01893198  3.92602440  3.64072013  2.59790782  2.98059823
[223] 11.18257644 11.83016042 10.77370530 10.52726656  9.85200619  3.99184522
[229] 11.90895263 11.23881815  8.85217496  2.47878673  1.81058318  0.37769971
[235]  2.52435136 11.01778600 10.23665101  8.11960550  0.94705979  8.65928502
[241]  3.20117008  0.69434930  0.25808216  2.85548566  5.16078056  4.38957620
[247] 10.97671820  9.79486167  9.12044959  8.30049931  6.38631702  5.11112572
[253]  2.45641025  8.62927495  3.38828979  2.78296517  0.68211598  0.87792301
[259]  0.13319107  9.95945584 10.41021322  9.79831429  3.38108340  9.44063595
[265]  7.42700322  7.08985871  6.15463646  5.87373305  2.41761893  0.78549899
[271]  3.64745201  2.79049759  3.52903458 11.12490222  8.54773819  7.46410640
[277]  7.26642835  4.54287519  0.46574719  2.23108020  7.38285006 10.17278211
[283]  9.38482294  5.31097515  0.73042843  2.73488573  8.82536387  8.63531716
[289]  3.86897023  2.31645698  2.66420461  5.29921532  4.92960575  1.65321272
[295]  0.68009689  9.24788824  6.34637434  8.27948574  1.39076521  4.05988926
[301]  3.07170750  8.84323795  8.69515591  2.09578572  5.77967781  0.12779096
[307]  4.96781058  2.17783204  6.19422418  4.71450738  1.35959096  1.23697671
[313]  3.60896215  2.95703473  0.10775747  8.47723301  7.81825916  4.48136106
[319]  4.87745011  2.80820526  7.38405793  6.98231918  8.11827624  7.13804658
[325]  7.12855087  5.93852768  1.94696516  5.41600578  3.86518245  0.37519182
[331]  1.44699042  4.03961944  2.34823015  3.53958873  7.06264982  6.41207459
[337]  2.26242930  1.21504828  4.49534970  0.96125938  7.22952795  6.71667608
[343]  2.40687290  0.29146887  0.14865309  2.87596969  1.62071843  1.53497171
[349]  0.16313389  6.11749534  2.14035731  1.99738101  1.86948289  0.41118262

$PAR
  [1]  NA   1   1   2   3   4   4   5   6   7   8   9  11  12  13  13  13  15
 [19]  16  16  16  16  19  19  19  20  20  20  20  20  21  21  21  21  21  21
 [37]  21  21  22  22  22  22  22  22  23  23  23  24  24  24  24  24  24  24
 [55]  25  26  26  26  29  29  29  29  29  34  34  36  36  37  38  43  46  48
 [73]  48  51  52  52  52  52  54  55  55  55  57  57  59  59  59  60  61  62
 [91]  63  66  67  68  69  70  72  74  74  75  75  75  77  79  79  81  81  82
[109]  82  85  85  85  85  85  86  97  97  97  97  97  97  97 100 102 102 102
[127] 104 107 108 110 110 110 111 111 114 118 120 122 122 124 124 124 125 125
[145] 125 125 125 125 126 126 126 128 132 132 132 133 133 134 134 134 137 139
[163] 139 140 140 140 142 142 144 144 144 144 144 146 146 148 148 148 148 149
[181] 149 155 158 161 161 161 163 164 164 165 165 165 166 166 166 166 167 168
[199] 168 169 169 169 169 169 171 172 178 178 180 181 181 181 181 184 184 184
[217] 185 185 186 186 186 187 188 190 191 191 191 191 192 192 192 192 192 197
[235] 198 200 200 200 200 204 207 207 207 208 209 209 210 210 210 211 211 212
[253] 212 214 215 218 219 220 222 224 225 225 226 227 227 227 227 227 227 227
[271] 228 228 229 230 230 231 231 231 233 235 236 237 237 237 241 246 247 248
[289] 250 251 252 254 254 254 257 260 261 264 267 268 268 274 274 274 276 280
[307] 281 286 287 287 289 291 292 293 295 296 296 297 298 298 302 302 303 303
[325] 303 303 304 305 305 307 309 310 310 316 317 317 318 318 319 319 321 325
[343] 328 330 333 334 337 337 339 341 343 343 343 351

$EXTANT
  [1] FALSE FALSE FALSE FALSE FALSE FALSE FALSE FALSE FALSE FALSE FALSE FALSE
 [13] FALSE FALSE FALSE FALSE FALSE FALSE FALSE FALSE FALSE FALSE FALSE FALSE
 [25] FALSE FALSE FALSE FALSE FALSE FALSE FALSE FALSE FALSE FALSE FALSE FALSE
 [37] FALSE FALSE FALSE FALSE FALSE FALSE FALSE FALSE FALSE FALSE FALSE FALSE
 [49] FALSE FALSE FALSE FALSE FALSE FALSE FALSE FALSE FALSE FALSE FALSE  TRUE
 [61] FALSE FALSE  TRUE FALSE FALSE FALSE FALSE FALSE FALSE FALSE FALSE FALSE
 [73] FALSE FALSE FALSE FALSE FALSE FALSE FALSE FALSE FALSE  TRUE FALSE FALSE
 [85]  TRUE  TRUE  TRUE FALSE FALSE  TRUE  TRUE FALSE FALSE FALSE FALSE FALSE
 [97] FALSE FALSE FALSE FALSE FALSE FALSE FALSE FALSE FALSE FALSE FALSE  TRUE
[109]  TRUE  TRUE FALSE FALSE FALSE  TRUE FALSE FALSE FALSE FALSE FALSE FALSE
[121] FALSE FALSE FALSE FALSE FALSE FALSE FALSE FALSE  TRUE FALSE FALSE  TRUE
[133]  TRUE  TRUE  TRUE FALSE FALSE FALSE FALSE FALSE FALSE  TRUE FALSE  TRUE
[145] FALSE  TRUE FALSE  TRUE FALSE FALSE FALSE FALSE  TRUE  TRUE  TRUE  TRUE
[157] FALSE FALSE FALSE  TRUE FALSE FALSE  TRUE  TRUE FALSE  TRUE  TRUE  TRUE
[169] FALSE FALSE  TRUE  TRUE  TRUE FALSE  TRUE FALSE FALSE  TRUE FALSE FALSE
[181] FALSE  TRUE FALSE FALSE FALSE  TRUE FALSE FALSE FALSE FALSE  TRUE  TRUE
[193] FALSE FALSE FALSE  TRUE  TRUE  TRUE  TRUE  TRUE FALSE FALSE FALSE  TRUE
[205]  TRUE  TRUE  TRUE  TRUE  TRUE FALSE FALSE  TRUE  TRUE FALSE FALSE  TRUE
[217] FALSE FALSE  TRUE  TRUE  TRUE  TRUE FALSE FALSE FALSE FALSE  TRUE  TRUE
[229]  TRUE FALSE FALSE FALSE  TRUE  TRUE  TRUE FALSE  TRUE FALSE  TRUE FALSE
[241]  TRUE  TRUE  TRUE  TRUE FALSE  TRUE  TRUE FALSE FALSE FALSE FALSE  TRUE
[253]  TRUE FALSE  TRUE  TRUE  TRUE  TRUE  TRUE FALSE FALSE FALSE  TRUE FALSE
[265] FALSE  TRUE  TRUE  TRUE  TRUE  TRUE  TRUE FALSE FALSE  TRUE  TRUE FALSE
[277] FALSE  TRUE FALSE  TRUE FALSE FALSE  TRUE FALSE FALSE FALSE FALSE FALSE
[289]  TRUE FALSE  TRUE FALSE  TRUE  TRUE  TRUE FALSE  TRUE  TRUE  TRUE FALSE
[301]  TRUE FALSE  TRUE FALSE FALSE  TRUE  TRUE  TRUE  TRUE FALSE  TRUE FALSE
[313]  TRUE  TRUE  TRUE  TRUE FALSE  TRUE  TRUE FALSE FALSE FALSE  TRUE FALSE
[325] FALSE  TRUE  TRUE FALSE  TRUE  TRUE  TRUE  TRUE  TRUE  TRUE  TRUE FALSE
[337]  TRUE  TRUE  TRUE FALSE FALSE FALSE  TRUE  TRUE  TRUE FALSE  TRUE  TRUE
[349]  TRUE  TRUE  TRUE  TRUE  TRUE  TRUE

