
Birth-death simulation object with 195 species and 29 extant species

Details for some species:

Extinction times (NA means extant)
[1] 17.56863 46.50180 38.63019 28.97903 46.43222 41.16976


Speciation times 
[1] 53.44310 50.68108 50.43641 49.84587 48.13272 42.40206


Species parents (NA for initial)
[1] NA  1  1  1  1  1


Species status (extinct or extant)
[1] "extinct" "extinct" "extinct" "extinct" "extinct" "extinct"


For more details on vector y, try sim$y, with y one of
TE TS PAR EXTANT



$TE
  [1] 17.5686348 46.5018001 38.6301942 28.9790343 46.4322212 41.1697649
  [7] 30.0398900 33.4914249 31.5559991 21.5926709 22.3018269 18.6230305
 [13] 15.1832609 17.5518727 22.5876940 18.2217774 31.2459784 28.0472917
 [19] 17.1927608 21.8504862 29.4111501 30.2097561 33.5396128 33.7363861
 [25] 16.2780357 18.3271987 18.0827731 18.9332915 22.1829300 21.9058863
 [31] 17.5163565 17.7190248 22.2540590 36.1081839 25.8366064 32.4714439
 [37] 26.9086726 28.3264844 21.7480848 15.4086505 14.9629269 26.8297301
 [43] 18.4495780 40.0787214 36.8759639 16.5914984 19.2374018 17.7486681
 [49] 21.6481777 16.2005949 12.5940256 22.0193299 35.7458278 29.6103622
 [55] 18.9232419 25.5665926 17.1471013 26.5120819 18.3408775 34.3051876
 [61] 22.7229797 22.3426663 17.9034829 19.4218305 18.0855695 16.7793652
 [67] 16.9783208 18.1789850 14.8343271 22.4989288  0.9469509  9.0420365
 [73] 34.9673797 21.7986736 23.0257267 27.2912642 18.0586435 20.5172472
 [79] 14.8813921 16.7255352 27.9491526 18.9471453 19.5002487 31.6584660
 [85] 20.4289156 17.9333858 18.8970261  7.1878354 18.0573247 18.8686632
 [91] 13.3665333         NA 24.0468907 16.4332978 22.1504780 19.8468470
 [97] 17.6503010 17.3810417 19.2346993 18.0182463 18.2055803  9.2828319
[103] 21.2545832 19.1468386 18.8988634  5.8777707         NA         NA
[109]  9.7166157  9.1730267 19.0545671 18.4487930         NA         NA
[115]         NA         NA         NA 24.6763518 18.1926815 18.6347178
[121] 13.9956203 18.7844028 21.8549582 22.8488511 18.1255810 17.6807249
[127] 19.2194298 18.2234594 18.0182930 17.9664115 22.0002734 17.6524407
[133] 15.8716591 14.9074068 13.4430115 10.8025690         NA 16.9050446
[139]         NA         NA         NA  6.4132498         NA  3.5742475
[145]         NA         NA         NA 19.7003331 18.8060360 16.5292149
[151] 15.2498303 22.8711253 22.2316181 19.3489814 19.9731982 18.9807294
[157] 18.0726726 18.8424971 18.5970487  8.7220346 15.7824235 11.1028237
[163]  8.7288547  0.9539506         NA 19.0222164         NA  5.9960632
[169]         NA  6.2881041         NA 17.9401976 13.0359306 20.8032896
[175] 16.6594768 19.6830476 19.0402885 15.2114869  5.0410200  7.2745090
[181]  8.3882530         NA         NA 19.4161026  0.5015369         NA
[187] 15.0438403 18.8401309         NA 19.3341589         NA         NA
[193]         NA         NA         NA

$TS
  [1] 53.44310300 50.68107668 50.43640676 49.84587221 48.13271817 42.40205580
  [7] 39.36707700 39.24895220 32.22927125 29.86121239 29.24432080 28.79271942
 [13] 26.36983190 24.42388911 23.58888315 18.34057646 44.98401939 39.26163913
 [19] 30.77195315 30.67132722 29.84536986 42.37003793 42.00918686 34.62529791
 [25] 29.27417542 28.61181944 27.88436948 23.98140912 22.73761452 23.49402486
 [31] 23.39672383 19.18368795 42.48768142 36.71992174 36.03473344 36.52892077
 [37] 33.26661604 28.82511626 21.80268072 18.05876481 17.22419052 27.16199384
 [43] 24.92030531 40.85858756 38.71233142 29.21441905 19.96859061 19.54811000
 [49] 25.83653101 19.49857084 19.21510982 22.43510261 39.81021362 36.57649879
 [55] 30.48848384 26.12133359 34.12752342 33.11111802 29.12040521 36.92760545
 [61] 27.74338095 26.10271740 25.48837139 19.94933154 18.52824471 17.65235792
 [67] 17.13613323 19.03464014 18.07017439 24.97698481 14.39523183 13.68364513
 [73] 37.66329757 36.50448505 32.72304388 30.70364558 22.20144927 20.70375927
 [79] 18.16852721 17.99167210 28.52190065 21.10488511 20.62838291 34.35844827
 [85] 23.38039884 18.09914400 19.45851510 18.36014618 18.26847780 24.11874668
 [91] 13.65000928 13.09736541 29.93234588 28.18430721 28.00410190 27.61574603
 [97] 27.49357398 23.88175672 21.56346510 18.95816198 18.76254974 14.91732117
[103] 23.08479418 21.72458153 21.15961514 15.38501293 13.00359235 11.84281317
[109] 10.63168819 10.32713912 23.45563440 22.74647619  9.84440167  8.18724667
[115]  5.25880495  4.71118197  3.47523311 25.05307951 24.07269844 24.96345959
[121] 23.68282155 22.27265743 26.21767206 24.82722525 24.10492469 22.71271316
[127] 21.24710575 20.29692663 19.72906770 18.02189436 23.63249355 21.86759411
[133] 18.45302031 17.92985551 21.31739410 18.24772709 13.88211317 21.33405029
[139]  9.52248052  5.58114807  0.94652275 10.29685913  6.19241143 10.16448809
[145]  4.75649162  1.53206093  1.13007298 23.95385069 20.09843572 21.45585509
[151] 25.81875742 23.76602045 23.50890109 22.72277835 21.61965857 19.08377332
[157] 21.59923832 19.15242535 22.10949724 17.52158256 15.93786878 13.57761631
[163] 10.27412721  7.15782990  0.32597627 20.67313135 19.34998963  9.17447779
[169]  1.54132330  9.86312331  0.34631866 21.66684690 18.95072479 22.50127787
[175] 20.94913958 21.44901697 19.55970834 15.33189908 14.93128181  8.95576256
[181]  8.91810037  4.65566570  1.19346195 19.77181864  7.04667587  0.03913673
[187] 18.54727550 21.97445729  6.79246431 20.86429586  3.48785200  1.48527009
[193]  1.41508407  0.53776855  0.37236810

$PAR
  [1]  NA   1   1   1   1   1   1   1   1   1   1   1   1   1   1   1   3   3
 [19]   4   4   4   6   6   7  10  10  10  11  12  13  13  13  17  17  17  18
 [37]  18  19  19  19  19  20  20  23  23  25  26  26  27  27  27  30  33  33
 [55]  33  33  35  35  37  45  46  46  46  46  46  46  46  48  48  49  51  51
 [73]  53  53  54  54  57  57  57  57  58  59  59  60  62  63  64  68  68  70
 [91]  72  72  74  74  74  74  74  74  77  77  77  79  85  85  85  88  88  88
[109]  88  88  90  90  92  92  92  92  92  93  93  95  95  95  96  96  96  96
[127]  96  97  97  97  98  98  98  98  99 101 102 104 106 107 107 108 108 109
[145] 114 117 117 120 120 122 123 124 124 125 125 125 126 126 131 133 135 137
[163] 137 137 137 138 138 139 140 142 143 148 150 151 151 154 154 160 160 163
[181] 163 164 164 166 168 171 172 174 185 188 189 191 191 192 194

$EXTANT
  [1] FALSE FALSE FALSE FALSE FALSE FALSE FALSE FALSE FALSE FALSE FALSE FALSE
 [13] FALSE FALSE FALSE FALSE FALSE FALSE FALSE FALSE FALSE FALSE FALSE FALSE
 [25] FALSE FALSE FALSE FALSE FALSE FALSE FALSE FALSE FALSE FALSE FALSE FALSE
 [37] FALSE FALSE FALSE FALSE FALSE FALSE FALSE FALSE FALSE FALSE FALSE FALSE
 [49] FALSE FALSE FALSE FALSE FALSE FALSE FALSE FALSE FALSE FALSE FALSE FALSE
 [61] FALSE FALSE FALSE FALSE FALSE FALSE FALSE FALSE FALSE FALSE FALSE FALSE
 [73] FALSE FALSE FALSE FALSE FALSE FALSE FALSE FALSE FALSE FALSE FALSE FALSE
 [85] FALSE FALSE FALSE FALSE FALSE FALSE FALSE  TRUE FALSE FALSE FALSE FALSE
 [97] FALSE FALSE FALSE FALSE FALSE FALSE FALSE FALSE FALSE FALSE  TRUE  TRUE
[109] FALSE FALSE FALSE FALSE  TRUE  TRUE  TRUE  TRUE  TRUE FALSE FALSE FALSE
[121] FALSE FALSE FALSE FALSE FALSE FALSE FALSE FALSE FALSE FALSE FALSE FALSE
[133] FALSE FALSE FALSE FALSE  TRUE FALSE  TRUE  TRUE  TRUE FALSE  TRUE FALSE
[145]  TRUE  TRUE  TRUE FALSE FALSE FALSE FALSE FALSE FALSE FALSE FALSE FALSE
[157] FALSE FALSE FALSE FALSE FALSE FALSE FALSE FALSE  TRUE FALSE  TRUE FALSE
[169]  TRUE FALSE  TRUE FALSE FALSE FALSE FALSE FALSE FALSE FALSE FALSE FALSE
[181] FALSE  TRUE  TRUE FALSE FALSE  TRUE FALSE FALSE  TRUE FALSE  TRUE  TRUE
[193]  TRUE  TRUE  TRUE

