
Birth-death simulation object with 393 species and 155 extant species

Details for some species:

Extinction times (NA means extant)
[1] 25.24085 37.43185 33.50852 23.73610 24.97052 34.10762


Speciation times 
[1] 53.44310 46.54190 43.30445 37.99115 27.62269 37.80550


Species parents (NA for initial)
[1] NA  1  1  1  1  2


Species status (extinct or extant)
[1] "extinct" "extinct" "extinct" "extinct" "extinct" "extinct"


For more details on vector y, try sim$y, with y one of
TE TS PAR EXTANT



$TE
  [1] 25.240851753 37.431845994 33.508518959 23.736101462 24.970521282
  [6] 34.107624650 38.087126828 34.727483868 35.684498607 22.012875028
 [11] 34.948579366 32.120081545 31.713546862 28.127092668 18.119640131
 [16] 32.201651146 18.208920027 25.109916390 29.447810739 34.326149548
 [21] 28.833261293 22.432779561 26.171730913 40.298306549 35.841153848
 [26] 36.553009972 35.953618319 23.753038286 32.325772936 29.040020743
 [31] 17.407707786 22.615405828 19.445092694 17.866040331 25.700374769
 [36] 22.935816279 26.707540737 14.856006087 24.598570302 26.927527224
 [41] 18.642675801 35.182031253 28.264945590 29.914259544 22.223423166
 [46] 24.948248813 26.721476752 31.604325148 19.102974104 19.746746990
 [51] 17.970443793 25.699492833 15.127654103 25.340547877 25.766816837
 [56] 22.949825588 16.790067531 17.391475849 16.408491090 22.253170108
 [61] 35.513203123 25.097111996 28.184599322 19.254153342 19.298625706
 [66] 21.841858031 31.958029959 17.300665236 14.636739895 29.124160058
 [71] 22.141383536 25.376024160 20.747503818 13.064045247 13.512840792
 [76] 27.254451841 21.159572752 29.232208717 18.398005261 18.092260646
 [81] 18.183290276 22.797978411 18.328028156 28.026981564 24.413648135
 [86] 24.898394779 18.932180319 18.501765616 18.274333129  4.473410161
 [91] 24.887290077 22.633650576 29.229645327 16.770438933 27.552870700
 [96] 17.804466961 19.236394092 17.502210518 17.355233708  6.014331190
[101] 16.287502493 24.701672230 21.557520550 19.917425164  8.460597735
[106] 10.535925328           NA 20.829306049 20.072771981 18.339725815
[111] 14.588930200  4.240308718           NA 24.745786454 17.869365100
[116] 16.671941657  8.533856288  8.575212233  4.443480260  3.125796691
[121] 17.901682847 17.333233347 10.888654015  7.987596114  1.238291805
[126]  8.444687109  9.459302455  1.338714864           NA 16.882440535
[131] 19.539562927 22.672066102 19.459386260 21.887610169 20.362302074
[136] 16.534599443 15.884273471           NA           NA  7.012350245
[141]  9.216039943           NA  5.767620595  4.439411567 23.513855115
[146] 13.410130039 15.767148133 14.613194549 10.479457624           NA
[151]  6.232705736           NA           NA  8.476322313           NA
[156]  6.582346635  6.521115092  3.672400277           NA  1.412514391
[161]           NA  3.081346803           NA           NA           NA
[166] 21.390012484 15.808685796           NA 18.177722168 15.580996295
[171]           NA  3.944579726           NA           NA  6.327944587
[176]           NA           NA  3.475468604           NA 13.153343681
[181]  9.045251136  7.669410386  4.031210347  3.076884311           NA
[186]           NA           NA           NA           NA  4.862639383
[191]           NA           NA           NA           NA  7.477549164
[196]           NA  6.123640487           NA           NA  6.129743482
[201]  3.321147627           NA           NA           NA  1.751086573
[206]           NA  1.732698050 18.937613388 16.239449428 19.450247863
[211] 16.454822945 17.332496326           NA           NA           NA
[216]  7.470674573           NA  3.695343022           NA  6.935768457
[221]           NA  5.373013389  0.023674751           NA           NA
[226]           NA           NA           NA           NA  3.797109284
[231]           NA  7.452333683  6.891570309           NA  1.884955563
[236]           NA           NA           NA  0.009056884  4.540568111
[241]           NA           NA           NA           NA           NA
[246]           NA           NA           NA           NA           NA
[251]  0.012982711           NA  0.621325941           NA           NA
[256]  2.949047819  1.228223554 16.329437251  2.329171045           NA
[261]  6.663725054           NA           NA           NA  7.022751869
[266]           NA           NA  1.120222278           NA           NA
[271]           NA           NA           NA           NA           NA
[276]           NA  4.250250973  2.341428435 10.698447356           NA
[281]  8.263768628  5.040449433           NA  0.607341008           NA
[286]           NA  1.791249929           NA           NA  0.323782652
[291]  1.228718267           NA  1.409396661  4.839814542  1.211192086
[296]           NA           NA           NA  1.907359926  0.143639211
[301]           NA           NA  3.508714255  2.071668951           NA
[306]           NA           NA           NA  3.128238905  2.598536131
[311]  4.109219541           NA           NA  8.797975509           NA
[316]           NA  7.319248430  8.283189782  3.967607469           NA
[321]  3.037236519           NA  5.478700620           NA  3.998056919
[326]           NA           NA           NA           NA  4.372094783
[331]           NA  1.305816786           NA  2.550689213           NA
[336]           NA           NA           NA           NA           NA
[341]  4.367280805           NA  6.183098456           NA           NA
[346]  8.556149666  4.402148798           NA  0.204889842  1.300566951
[351]           NA           NA           NA           NA  3.040755684
[356]           NA  3.506348505           NA  1.869981679           NA
[361]  1.333398489           NA           NA           NA           NA
[366]  5.563684446           NA           NA           NA           NA
[371]           NA           NA           NA           NA  0.787274857
[376]           NA           NA           NA           NA           NA
[381]           NA           NA  1.802306344           NA           NA
[386]  4.218950209           NA           NA           NA  4.506239004
[391]           NA           NA           NA

$TS
  [1] 53.44310300 46.54189776 43.30444665 37.99114644 27.62269484 37.80549654
  [7] 41.93853192 40.33367815 39.73859443 34.10038907 37.48300990 35.90274009
 [13] 32.94566950 31.41117403 25.50595553 41.92877786 38.05566866 36.36223907
 [19] 32.56247778 37.41821644 31.16408161 29.83593539 41.67862651 40.96952221
 [25] 38.85149336 38.16270192 36.81062739 33.36924594 32.41293931 36.63326798
 [31] 35.63903852 23.28685838 19.60045337 18.25038309 31.12256481 26.49209163
 [37] 29.65768312 29.38437329 29.34330006 27.76057717 27.19758064 38.16210189
 [43] 32.56822627 32.24505176 27.79878881 25.26896230 32.57930748 34.97575189
 [49] 25.02197735 21.82554996 18.78413502 30.31670704 28.27500925 26.05680861
 [55] 28.02168467 24.67616948 22.05217100 17.51965582 16.51693432 26.72920515
 [61] 36.60585026 35.19206936 31.13800796 27.04982507 32.38726791 32.20380708
 [67] 34.53254368 21.04613556 18.49585094 29.41998030 27.10797721 26.00788690
 [73] 23.95857828 16.22489261 23.79010895 32.52154481 31.65133082 30.63276483
 [79] 25.73374848 31.22473409 23.90160974 23.07333011 22.69750621 28.59322002
 [85] 26.66423232 25.12077912 24.07952436 19.53438607 21.92584309 15.74085997
 [91] 29.34743083 26.95507065 30.53422092 19.07305970 30.94406195 22.94508490
 [97] 20.96533814 20.47566002 18.93900272 18.30202132 19.53716511 25.85415722
[103] 22.91335461 20.24020690 14.70948736 13.87974217  5.59808301 27.61997586
[109] 26.60959036 25.41837894 17.92342562 17.84587110 17.46070469 29.81499807
[115] 21.97342331 19.07892109 17.61048575 10.19259186  9.42178093  6.15254767
[121] 19.30102767 18.35376627 14.09535557 11.63276261 10.94788504 12.05254001
[127] 10.81931071  5.10099266  4.14270634 27.53699121 23.30032620 23.77871777
[133] 22.43851410 22.21314644 22.56621797 19.15927367 17.11454885  9.29497125
[139]  8.91363588  7.52292208 10.93899668  9.20159940  7.02534935  6.26847745
[145] 26.86183275 20.96433334 18.05276400 16.17312334 14.17240261 13.87787885
[151] 11.52017019 10.24850803  9.31010669  9.75817030  8.53817758 10.35101206
[157] 10.11387400  8.66308976  7.19974782  5.02784763 11.38767636  4.79864374
[163]  4.11064236  3.17006580  0.47452689 22.06366040 21.76325142 18.31140746
[169] 18.30440958 16.21228057  8.99656728  7.16284000  7.05108432  0.41257370
[175]  6.97897635  0.86933914  6.38009805  3.65887352  5.83722184 14.50419968
[181] 12.96192408 12.22998714 12.08666270  7.76052116  7.58226349  1.58644993
[187]  6.55291088  8.56794221  3.87150488  7.34825972  5.69553713  3.75388525
[193]  1.55940676  1.08281076 10.05973846  7.07440902  7.41863440  6.38901783
[199]  4.65289322  7.01726787  4.21842073  8.03932761  6.35492485  5.02860849
[205]  4.72643510  0.10026976  3.87302246 21.37919584 20.13854418 19.95873014
[211] 17.62357337 17.76977225 14.74757173  9.15728481  9.11464302  8.12371561
[217]  5.58921102  3.79600117  0.36520319  8.87684640  6.99303827  6.30334576
[223]  5.99379727  5.13086339  5.02462023  4.41471565  5.87614462  1.33919608
[229]  0.13959578  5.59716974 13.68100482 12.54003047 11.97104505 11.78032704
[235]  4.80380621  7.01842513  0.78605727  0.45903410  0.44381960  4.99019546
[241]  3.31944630  7.18786180  2.14343028  0.85638442  6.88671442  6.37537969
[247]  0.30167764  0.95143922  7.69934813  4.64709986  1.88948529  7.39788555
[253]  2.43819273  0.75193514  4.15116203  3.44799843  2.62716426 16.74567480
[259]  7.13249087  6.38762502  7.88140134  7.58157371  2.64499453  1.47968528
[265]  7.54848511  6.88209121  6.39747931  5.09705517  2.86342543  1.75641722
[271]  5.12137543  1.35808493  0.30802825  0.58408994  4.39206395  1.12853547
[277]  4.41583645  3.43365688 13.22478445 13.00360814 10.36129720 10.21381408
[283]  9.17464585  8.51190102  7.47607033  6.02012171  1.99610870  2.38956309
[289]  0.23462140  2.23360079  2.11181793  1.37276127  1.42023017  6.48132608
[295]  5.66499423  4.43182691  0.91485999  0.02614958  2.05059985  2.69421004
[301]  2.21044687  1.53101854  5.36549024  3.37182314  7.84733243  7.10077108
[307]  3.12803197  0.70487077  6.25319419  5.28346481  6.00750881  0.94225130
[313] 10.81167159 10.22562699  4.85093696  3.39858750  9.66222434  9.78947121
[319]  7.10180954  3.80978444  8.21118332  5.91362320  5.48238996  5.19474333
[325]  4.13789185  1.92780141  0.23642924  1.98753059  4.87948088  5.16876468
[331]  0.50835435  3.59877763  2.33288696  7.22897605  5.96264662  5.40683856
[337]  1.35715055  3.90312879  4.04387520  2.63507879 10.75815746 10.13969384
[343]  8.22068157  6.08922161  2.51228782  8.77987041  6.28720729  7.78961645
[349]  6.79418504  5.47905501  2.25974137  2.43619428  2.10720492  1.10975672
[355]  3.51822067  0.07918467  4.42053968  4.32127502  3.25343604  2.67272041
[361]  2.54499285  1.25199055  0.65365108  3.08641210  1.06579311  8.36677158
[367]  6.08014857  4.14915650  7.10405797  5.95667266  2.79546943  1.75355980
[373]  2.09021423  0.47205763  1.75185606  0.26489603  3.63039822  0.15050818
[379]  1.96260413  0.90893488  0.33686908  1.72543675  2.78803701  0.10837619
[385]  7.95743864  5.01572923  4.16425615  1.65406986  0.84893489  6.92919350
[391]  3.26570539  0.20340066  1.52248026

$PAR
  [1]  NA   1   1   1   1   2   3   3   3   3   4   4   4   4   5   7   8   9
 [19]  10  11  14  14  16  16  16  16  16  16  16  17  17  17  17  17  18  18
 [37]  22  23  23  23  23  25  28  28  28  28  30  31  31  31  31  35  35  36
 [55]  37  38  38  38  38  39  42  42  44  45  47  47  48  50  51  52  52  52
 [73]  53  53  60  62  62  62  62  65  65  65  65  66  66  66  66  68  73  74
 [91]  77  77  78  79  80  80  80  81  81  81  83  85  87  87  90  90  90  91
[109]  91  91  94  94  94  95  96  96  98 100 100 100 101 101 105 105 105 106
[127] 106 107 107 108 108 109 109 109 110 110 112 112 112 112 113 113 113 113
[145] 114 115 116 117 117 117 117 117 118 124 124 125 125 125 125 125 126 128
[163] 128 129 129 133 133 136 136 137 138 138 138 138 139 139 142 142 143 146
[181] 149 149 150 150 150 150 151 152 152 155 155 155 155 155 156 157 158 158
[199] 158 159 159 161 161 161 161 161 162 167 167 167 167 168 168 168 168 168
[217] 168 168 168 171 171 171 171 171 171 171 172 177 177 179 180 181 181 182
[235] 183 184 186 186 186 187 187 188 188 189 190 190 192 194 195 198 199 202
[253] 202 203 205 207 207 209 213 213 214 214 215 217 220 221 221 221 221 221
[271] 224 224 224 225 226 226 227 227 231 231 231 231 231 231 232 234 234 236
[289] 236 245 246 249 250 252 252 252 252 252 253 255 257 257 260 260 261 261
[307] 262 264 266 266 267 267 279 280 280 280 281 282 282 283 284 285 285 285
[325] 285 286 286 288 294 295 300 303 304 305 305 305 305 306 310 310 313 313
[343] 313 313 315 317 319 321 321 322 322 324 324 328 329 329 334 334 336 336
[361] 336 336 336 338 338 341 341 342 343 344 344 345 348 349 352 352 358 358
[379] 360 360 360 361 364 365 366 367 369 377 382 385 387 387 391

$EXTANT
  [1] FALSE FALSE FALSE FALSE FALSE FALSE FALSE FALSE FALSE FALSE FALSE FALSE
 [13] FALSE FALSE FALSE FALSE FALSE FALSE FALSE FALSE FALSE FALSE FALSE FALSE
 [25] FALSE FALSE FALSE FALSE FALSE FALSE FALSE FALSE FALSE FALSE FALSE FALSE
 [37] FALSE FALSE FALSE FALSE FALSE FALSE FALSE FALSE FALSE FALSE FALSE FALSE
 [49] FALSE FALSE FALSE FALSE FALSE FALSE FALSE FALSE FALSE FALSE FALSE FALSE
 [61] FALSE FALSE FALSE FALSE FALSE FALSE FALSE FALSE FALSE FALSE FALSE FALSE
 [73] FALSE FALSE FALSE FALSE FALSE FALSE FALSE FALSE FALSE FALSE FALSE FALSE
 [85] FALSE FALSE FALSE FALSE FALSE FALSE FALSE FALSE FALSE FALSE FALSE FALSE
 [97] FALSE FALSE FALSE FALSE FALSE FALSE FALSE FALSE FALSE FALSE  TRUE FALSE
[109] FALSE FALSE FALSE FALSE  TRUE FALSE FALSE FALSE FALSE FALSE FALSE FALSE
[121] FALSE FALSE FALSE FALSE FALSE FALSE FALSE FALSE  TRUE FALSE FALSE FALSE
[133] FALSE FALSE FALSE FALSE FALSE  TRUE  TRUE FALSE FALSE  TRUE FALSE FALSE
[145] FALSE FALSE FALSE FALSE FALSE  TRUE FALSE  TRUE  TRUE FALSE  TRUE FALSE
[157] FALSE FALSE  TRUE FALSE  TRUE FALSE  TRUE  TRUE  TRUE FALSE FALSE  TRUE
[169] FALSE FALSE  TRUE FALSE  TRUE  TRUE FALSE  TRUE  TRUE FALSE  TRUE FALSE
[181] FALSE FALSE FALSE FALSE  TRUE  TRUE  TRUE  TRUE  TRUE FALSE  TRUE  TRUE
[193]  TRUE  TRUE FALSE  TRUE FALSE  TRUE  TRUE FALSE FALSE  TRUE  TRUE  TRUE
[205] FALSE  TRUE FALSE FALSE FALSE FALSE FALSE FALSE  TRUE  TRUE  TRUE FALSE
[217]  TRUE FALSE  TRUE FALSE  TRUE FALSE FALSE  TRUE  TRUE  TRUE  TRUE  TRUE
[229]  TRUE FALSE  TRUE FALSE FALSE  TRUE FALSE  TRUE  TRUE  TRUE FALSE FALSE
[241]  TRUE  TRUE  TRUE  TRUE  TRUE  TRUE  TRUE  TRUE  TRUE  TRUE FALSE  TRUE
[253] FALSE  TRUE  TRUE FALSE FALSE FALSE FALSE  TRUE FALSE  TRUE  TRUE  TRUE
[265] FALSE  TRUE  TRUE FALSE  TRUE  TRUE  TRUE  TRUE  TRUE  TRUE  TRUE  TRUE
[277] FALSE FALSE FALSE  TRUE FALSE FALSE  TRUE FALSE  TRUE  TRUE FALSE  TRUE
[289]  TRUE FALSE FALSE  TRUE FALSE FALSE FALSE  TRUE  TRUE  TRUE FALSE FALSE
[301]  TRUE  TRUE FALSE FALSE  TRUE  TRUE  TRUE  TRUE FALSE FALSE FALSE  TRUE
[313]  TRUE FALSE  TRUE  TRUE FALSE FALSE FALSE  TRUE FALSE  TRUE FALSE  TRUE
[325] FALSE  TRUE  TRUE  TRUE  TRUE FALSE  TRUE FALSE  TRUE FALSE  TRUE  TRUE
[337]  TRUE  TRUE  TRUE  TRUE FALSE  TRUE FALSE  TRUE  TRUE FALSE FALSE  TRUE
[349] FALSE FALSE  TRUE  TRUE  TRUE  TRUE FALSE  TRUE FALSE  TRUE FALSE  TRUE
[361] FALSE  TRUE  TRUE  TRUE  TRUE FALSE  TRUE  TRUE  TRUE  TRUE  TRUE  TRUE
[373]  TRUE  TRUE FALSE  TRUE  TRUE  TRUE  TRUE  TRUE  TRUE  TRUE FALSE  TRUE
[385]  TRUE FALSE  TRUE  TRUE  TRUE FALSE  TRUE  TRUE  TRUE

