
Birth-death simulation object with 104 species and 28 extant species

Details for some species:

Extinction times (NA means extant)
[1] 49.43369 32.95088 51.03773 31.95055 17.96922 41.14807


Speciation times 
[1] 53.44310 53.19169 51.40871 46.90225 44.47443 42.93986


Species parents (NA for initial)
[1] NA  1  2  2  2  2


Species status (extinct or extant)
[1] "extinct" "extinct" "extinct" "extinct" "extinct" "extinct"


For more details on vector y, try sim$y, with y one of
TE TS PAR EXTANT



$TE
  [1] 49.43368897 32.95088040 51.03772552 31.95054609 17.96922056 41.14806914
  [7] 34.97366383 43.58231048 27.01891429 21.00512221 40.60994571 26.29812357
 [13] 19.18668643 17.21476589 19.49138723 35.61101968 30.43559103 33.39553504
 [19] 27.77197336 29.03317523 27.85937630 15.91585091 24.06074271 27.25996213
 [25] 29.10468565 18.30544988 19.51444863  3.11038294 26.35730315 25.09528048
 [31] 28.27502974 19.40376582 21.91075649 31.88940124 12.83600129 18.06432553
 [37] 25.08058141 18.08754753 16.30198714  4.50960873          NA  2.01394840
 [43] 19.45947378 19.19832835 20.00480862 15.98158429 13.84349192 12.34644473
 [49] 19.45667570 17.00818836  0.96935550          NA          NA          NA
 [55] 19.35285645 19.09682487 15.96870355  7.71344517 10.41508343 18.36248590
 [61] 17.73310663          NA  0.66309070          NA  0.25039813          NA
 [67] 19.15510124          NA  0.93705508 16.47505799  0.89864518          NA
 [73] 16.98389270          NA          NA          NA          NA 16.44872824
 [79] 15.77423303          NA          NA          NA  0.93194980  2.28539638
 [85]          NA  6.14617902          NA          NA          NA          NA
 [91]          NA          NA  4.77308764  0.04164383          NA  3.84116639
 [97]          NA          NA          NA          NA  3.74042128  4.72952475
[103]  1.92251325  0.97064137

$TS
  [1] 53.44310300 53.19169444 51.40870622 46.90224584 44.47443181 42.93986249
  [7] 39.91125104 44.58153451 37.98850527 32.16425502 41.44313576 33.90533612
 [13] 28.08094968 25.51416138 25.36986624 36.61407714 36.12945836 33.97319587
 [19] 31.42112696 31.38253259 28.67928791 27.36681994 31.79755917 28.25850047
 [25] 30.71370904 27.09289778 34.48592635 30.97266987 29.26971818 29.93401812
 [31] 30.02803140 23.83418110 22.54940615 32.81802233 29.29740098 27.24106651
 [37] 26.87934896 21.44338081 16.76173482 15.77124652  7.21545236  4.59308542
 [43] 29.52117952 21.92944929 20.71965342 23.26209124 15.37423199 14.10433817
 [49] 27.09961923 19.33194247  8.01983563  6.39173113  6.21781806  3.04360693
 [55] 24.91010169 19.44029041 18.74846070 14.07023835 13.67717405 24.11065016
 [61] 18.97369409  3.50977703  2.17492498  0.51272045  4.30354901  0.06320438
 [67] 23.86733944  8.12091385 12.24025583 19.95248979  1.24412350  2.35180243
 [73] 19.94940381  4.69350119  3.43494860  0.50741458  7.59654724 18.33161912
 [79] 17.25731390  4.26313903  3.96154003  5.28931517  1.80140050 16.92726065
 [85]  0.87781070 16.59491364 11.43514010  8.48989662  3.45010295  0.65583248
 [91]  4.09485582  1.99199910  8.17748478  6.79668875  6.56933504  5.39603440
 [97]  2.26327638  3.83078663  2.72518287  7.16137338  5.81504365  5.38004697
[103]  2.26270613  1.11299736

$PAR
  [1]  NA   1   2   2   2   2   2   4   4   4   5   5   5   5   5   9   9   9
 [19]   9   9   9   9  10  10  12  13  17  19  19  20  25  26  26  27  27  28
 [37]  28  28  28  28  28  28  31  32  32  35  35  35  36  38  40  40  41  42
 [55]  43  44  46  48  48  49  50  52  52  52  53  53  55  58  59  60  63  65
 [73]  67  68  68  68  69  70  73  74  74  77  77  78  80  84  84  84  84  85
 [91]  87  87  88  88  88  88  89  91  91  93  93  95  97 100

$EXTANT
  [1] FALSE FALSE FALSE FALSE FALSE FALSE FALSE FALSE FALSE FALSE FALSE FALSE
 [13] FALSE FALSE FALSE FALSE FALSE FALSE FALSE FALSE FALSE FALSE FALSE FALSE
 [25] FALSE FALSE FALSE FALSE FALSE FALSE FALSE FALSE FALSE FALSE FALSE FALSE
 [37] FALSE FALSE FALSE FALSE  TRUE FALSE FALSE FALSE FALSE FALSE FALSE FALSE
 [49] FALSE FALSE FALSE  TRUE  TRUE  TRUE FALSE FALSE FALSE FALSE FALSE FALSE
 [61] FALSE  TRUE FALSE  TRUE FALSE  TRUE FALSE  TRUE FALSE FALSE FALSE  TRUE
 [73] FALSE  TRUE  TRUE  TRUE  TRUE FALSE FALSE  TRUE  TRUE  TRUE FALSE FALSE
 [85]  TRUE FALSE  TRUE  TRUE  TRUE  TRUE  TRUE  TRUE FALSE FALSE  TRUE FALSE
 [97]  TRUE  TRUE  TRUE  TRUE FALSE FALSE FALSE FALSE

