
Birth-death simulation object with 239 species and 64 extant species

Details for some species:

Extinction times (NA means extant)
[1] 47.40157 40.79162 42.65402 39.56197 35.69372 26.04048


Speciation times 
[1] 53.44310 48.49915 42.73709 41.29173 41.16380 41.29167


Species parents (NA for initial)
[1] NA  1  2  2  2  4


Species status (extinct or extant)
[1] "extinct" "extinct" "extinct" "extinct" "extinct" "extinct"


For more details on vector y, try sim$y, with y one of
TE TS PAR EXTANT



$TE
  [1] 47.4015748 40.7916156 42.6540183 39.5619709 35.6937223 26.0404804
  [7] 17.9545974 26.1198740 35.1314242 21.2529021 27.0049875 18.9556136
 [13] 25.9991617 26.0664479 37.8379846 26.1240582 17.2602305 18.0194972
 [19] 15.3555178 27.1386658 23.5391212 31.8930864 21.7786083 24.0292834
 [25] 21.5966081 26.0549445 19.2417721 12.3806714 17.4129468 23.5129627
 [31] 36.8723381 26.4011868 22.2172141 23.7757662 26.0531517 28.5925252
 [37]         NA 31.5468164 18.1739665 16.8510572 16.8374302 19.5059854
 [43] 19.4198183 18.7283164 19.0325249 19.0389483 29.0437541 16.9561340
 [49] 14.7383209 29.9285373 33.1940438 28.6141873 27.0567063 19.2612343
 [55] 24.9749941 21.1906283 21.8657526 18.5130830 18.8069403 18.9306609
 [61] 14.9520688 19.3717004 16.5318874 20.6691852 34.3914186 19.0439053
 [67] 24.7573904 19.5408131 19.2704773 19.0708518 20.3314896 18.1719648
 [73] 26.0282153  9.6392224         NA 22.2015762 16.4601052 11.7568803
 [79] 25.8002811 27.8430034 19.4619654 18.9279392 20.9750788 17.0368403
 [85] 19.6093381 15.6628992 34.5709296 12.5185706 15.8671493 18.7470571
 [91] 17.7043931 19.5133921 15.6943022 15.2339796  4.3639943 18.2486570
 [97] 15.6061567 19.0783566 23.5977012 13.1524690 19.3126394 10.4478466
[103] 18.2816684 25.4745297         NA         NA 17.9169419 13.4387790
[109]  8.6605420 18.5405924 19.4880001 19.8402142         NA 19.3901543
[115] 19.0736979  9.7704676  9.1870073  7.4525362  1.6786793 22.9741039
[121] 16.9916116 15.8179411 18.3835547         NA  9.0940522 11.4324330
[127] 19.5731081 16.4333909 17.1465774 19.2864731 20.3116184 10.5893559
[133]  1.4766120         NA 17.8810729         NA  3.1333813         NA
[139]  1.3931140  2.2099846  4.2572308  1.3877176  2.4580451 19.0291568
[145] 17.7126492  4.0767860  4.3799018         NA         NA         NA
[151] 17.3852174 20.9573860 15.5054386  1.4373747         NA 15.1710468
[157]  8.0308730  0.6197693  4.5288353  3.7706569         NA  2.5535943
[163]         NA         NA         NA         NA         NA  1.4537127
[169]         NA  8.8499608  3.7260928         NA  1.8502069         NA
[175]         NA         NA  4.4241047 17.2562485 11.7765712 10.1538893
[181]  4.7672186         NA         NA 17.4286030 12.5389766  4.7276509
[187]         NA         NA  5.7827233         NA         NA  3.3488213
[193]         NA         NA         NA         NA         NA         NA
[199]         NA 16.5655399  7.3549878         NA 17.9266557         NA
[205]         NA  1.4013439         NA  0.3282719         NA         NA
[211]  5.1109217         NA         NA         NA         NA 16.1865133
[217]         NA         NA  3.8361291         NA  3.1946272         NA
[223]         NA         NA         NA         NA         NA         NA
[229]         NA  1.9398435         NA         NA  0.8352976  1.6470305
[235]         NA  0.2030840         NA         NA         NA

$TS
  [1] 53.44310300 48.49914980 42.73709238 41.29173443 41.16379823 41.29167339
  [7] 41.15346049 37.16225554 39.62329530 38.35658249 35.47437920 30.02023052
 [13] 29.93306778 27.45225167 39.75599021 34.05215040 19.40287172 34.63056716
 [19] 33.67478594 30.56116859 29.41147728 37.41689298 21.93109740 32.08665337
 [25] 31.10520337 29.81694715 27.02406222 23.57900697 22.54164125 26.86475739
 [31] 39.19151719 38.96173551 30.72407191 29.93853802 29.70500565 28.96437979
 [37] 17.31512633 32.74268403 29.10255672 27.61272986 25.18074366 22.19425799
 [43] 22.04919216 21.71571358 19.27584342 30.44288041 29.73832254 25.23720263
 [49] 24.93685017 37.39232546 33.53980636 29.44981464 28.34453107 25.54372441
 [55] 29.02774445 24.19542333 24.04911139 21.38258590 23.07949879 21.18068849
 [61] 20.22125318 19.37656742 17.78790692 26.20074739 36.50251359 28.07449856
 [67] 28.76819332 27.81691432 26.53852851 24.12784128 27.72704706 26.01193868
 [73] 28.12204624  9.67062771  2.37288703 28.37530728 18.62733274 17.77839834
 [79] 30.29853950 28.84766305 26.26960624 23.70575059 22.81491242 17.45666103
 [85] 20.42655993 15.77011381 35.18254959 20.54151115 21.13275982 22.31823664
 [91] 20.28099282 20.03967460 15.79369102 15.30090065 15.07522475 24.05579659
 [97] 19.78452055 23.93356519 24.05826476 21.45235333 19.94159949 20.72146227
[103] 19.71227776 27.02006848  1.24204356  0.73699003 18.41076497 18.11366259
[109] 17.54563384 26.93188154 28.09188304 22.75051357 17.25983002 19.84116742
[115] 19.29478785 14.84166652 13.66227321  9.56803452  7.17490196 23.71408771
[121] 17.78073226 22.16340363 18.79220146 15.27513723 11.39478254 14.77489755
[127] 21.09248712 21.04899645 19.67083414 19.46527832 22.54099432 16.03100157
[133]  1.86070948  1.77464502 19.39905902 14.38052760 12.26858520 11.71147251
[139] 10.81804129  6.25658174  6.19830874  5.09746634  3.10372477 23.18000783
[145] 18.46526382  5.95527295  5.54389612  0.71414593  0.47193886  0.44375029
[151] 18.63805876 22.02066083 15.56168683 14.87057141  1.51376010 18.72168669
[157] 18.48042146 11.93660491 11.09721491  4.93197534 11.37270974  4.77084582
[163]  4.47683514  4.06972925 10.48348091  8.36772876  7.62180823  3.27082359
[169]  0.42969937 10.01150541  4.96560068  3.09010808  2.95536248  5.67419224
[175]  3.17035502  4.89840435  5.12220115 18.05899633 14.55068649 14.31472455
[181] 11.72341579  7.91326593  5.41727699 17.65546923 18.36504675  6.20513614
[187]  6.48857474  4.96785430  6.67900490  2.52049127  3.37956279  3.78657429
[193]  1.45864376  2.07811550  2.83123556  9.95374682  2.19030030  4.42819970
[199]  1.25606066 17.58325344 10.25628413  5.21696788 18.31937338  0.20366331
[205]  1.85713291  2.63521405  2.38243112  9.81678668  8.72290839  7.90978659
[211]  5.87417721  0.63634071  3.60356702  1.22841974  0.12945605 16.57071435
[217]  4.11266753  1.29369976  9.22203415  5.89177926  4.71438854  2.96686431
[223]  2.88068427  8.30342992  7.42599970  5.72558436  2.02585858  0.72093036
[229]  0.29233750  2.75437216  0.92062177  1.31397025  2.46829470  2.38691738
[235]  0.09849591  2.01702658  1.08188352  4.31990421  0.96861363

$PAR
  [1]  NA   1   2   2   2   4   4   5   6   6   6   6   6   6   7   7   7   8
 [19]   8   8   8   9  10  11  11  12  12  12  12  14  15  15  16  16  16  16
 [37]  17  18  18  18  19  19  19  19  19  20  20  21  21  22  22  24  24  24
 [55]  25  25  27  27  28  28  28  28  29  30  32  32  33  33  33  33  34  34
 [73]  35  37  37  39  40  41  46  46  46  48  48  48  49  49  50  54  58  59
 [91]  59  60  61  61  61  64  66  68  70  70  70  71  72  73  75  75  77  77
[109]  77  79  80  82  84  85  91  95  95  95  95  96  97  98 100 100 102 108
[127] 110 110 110 110 112 113 113 113 114 116 116 116 116 119 119 119 119 120
[145] 122 124 124 124 124 124 129 131 132 132 134 135 135 136 136 136 137 137
[163] 137 137 138 138 138 138 138 139 139 139 139 140 140 142 146 151 154 154
[181] 154 154 154 156 157 158 159 159 161 161 162 163 163 164 167 170 172 174
[199] 175 178 181 181 185 188 191 195 195 196 196 196 196 197 198 198 199 200
[217] 202 205 208 208 208 208 208 209 209 210 210 213 214 217 217 220 223 223
[235] 224 225 225 226 238

$EXTANT
  [1] FALSE FALSE FALSE FALSE FALSE FALSE FALSE FALSE FALSE FALSE FALSE FALSE
 [13] FALSE FALSE FALSE FALSE FALSE FALSE FALSE FALSE FALSE FALSE FALSE FALSE
 [25] FALSE FALSE FALSE FALSE FALSE FALSE FALSE FALSE FALSE FALSE FALSE FALSE
 [37]  TRUE FALSE FALSE FALSE FALSE FALSE FALSE FALSE FALSE FALSE FALSE FALSE
 [49] FALSE FALSE FALSE FALSE FALSE FALSE FALSE FALSE FALSE FALSE FALSE FALSE
 [61] FALSE FALSE FALSE FALSE FALSE FALSE FALSE FALSE FALSE FALSE FALSE FALSE
 [73] FALSE FALSE  TRUE FALSE FALSE FALSE FALSE FALSE FALSE FALSE FALSE FALSE
 [85] FALSE FALSE FALSE FALSE FALSE FALSE FALSE FALSE FALSE FALSE FALSE FALSE
 [97] FALSE FALSE FALSE FALSE FALSE FALSE FALSE FALSE  TRUE  TRUE FALSE FALSE
[109] FALSE FALSE FALSE FALSE  TRUE FALSE FALSE FALSE FALSE FALSE FALSE FALSE
[121] FALSE FALSE FALSE  TRUE FALSE FALSE FALSE FALSE FALSE FALSE FALSE FALSE
[133] FALSE  TRUE FALSE  TRUE FALSE  TRUE FALSE FALSE FALSE FALSE FALSE FALSE
[145] FALSE FALSE FALSE  TRUE  TRUE  TRUE FALSE FALSE FALSE FALSE  TRUE FALSE
[157] FALSE FALSE FALSE FALSE  TRUE FALSE  TRUE  TRUE  TRUE  TRUE  TRUE FALSE
[169]  TRUE FALSE FALSE  TRUE FALSE  TRUE  TRUE  TRUE FALSE FALSE FALSE FALSE
[181] FALSE  TRUE  TRUE FALSE FALSE FALSE  TRUE  TRUE FALSE  TRUE  TRUE FALSE
[193]  TRUE  TRUE  TRUE  TRUE  TRUE  TRUE  TRUE FALSE FALSE  TRUE FALSE  TRUE
[205]  TRUE FALSE  TRUE FALSE  TRUE  TRUE FALSE  TRUE  TRUE  TRUE  TRUE FALSE
[217]  TRUE  TRUE FALSE  TRUE FALSE  TRUE  TRUE  TRUE  TRUE  TRUE  TRUE  TRUE
[229]  TRUE FALSE  TRUE  TRUE FALSE FALSE  TRUE FALSE  TRUE  TRUE  TRUE

