
Birth-death simulation object with 209 species and 46 extant species

Details for some species:

Extinction times (NA means extant)
[1] 41.93336 50.46271 45.32457 45.40731 19.16356 43.73411


Speciation times 
[1] 53.44310 50.48437 50.16242 47.08871 47.06832 46.35451


Species parents (NA for initial)
[1] NA  1  1  1  1  1


Species status (extinct or extant)
[1] "extinct" "extinct" "extinct" "extinct" "extinct" "extinct"


For more details on vector y, try sim$y, with y one of
TE TS PAR EXTANT



$TE
  [1] 41.9333581 50.4627144 45.3245711 45.4073118 19.1635648 43.7341116
  [7] 44.2637777 45.6515912 27.2958903 19.0801218 11.9448396 23.7356901
 [13] 17.9194121 30.4834184 24.9873053 27.1985338 21.9945745 19.3544975
 [19] 12.1257816 20.2197496 15.4196805 19.2822055 19.3040610 24.7706096
 [25] 24.2847661 32.7181255 17.5616849 18.3597079 18.8314327 22.7677492
 [31] 18.1708302 19.2463366 23.7194747 15.4916692 16.0716778 18.1066818
 [37] 32.8298551 31.3439443 14.0572459 34.6956602 28.5646461 17.2076314
 [43] 11.8476442 18.9856610 18.0758388 22.1941968 18.3462850 15.3574294
 [49] 14.7736475 16.0265997 17.4123131 29.7136298 33.3206493 18.8626561
 [55] 26.7409022 17.9327524 18.7065916         NA 19.6551263 12.8026347
 [61] 18.5250460 26.7460387 14.7630954 22.6108956 17.4701887 20.9035920
 [67] 24.3970312 20.8111481 15.1126424 31.8627796 19.2086227 18.6214756
 [73] 22.4974008 29.7649798 15.0490778 23.7074403 23.7552282 25.7140379
 [79] 11.5509829  6.5977807         NA 27.7854606 18.3676497 19.5627704
 [85] 24.9926539 18.4711899 17.3816001         NA 19.4529612 15.3247832
 [91]  2.6509262 11.8609107 22.9750318 18.7906789 17.6232272 18.5619283
 [97] 20.2355144 26.0826417 16.0513997 21.1922567 16.8932913 22.4231292
[103] 16.2680068 23.6049852  5.3475689  8.4940296  7.3290947  2.3805796
[109] 16.5944458         NA  7.5277128         NA         NA 18.9938030
[115] 17.5917338 23.0291244 14.4755136 19.1534670 21.3783771  8.3893260
[121]  6.6372911  9.7160777 21.0972282 19.4899470 16.1506232 16.1405541
[127]         NA 10.5320111  6.6404508         NA         NA         NA
[133] 17.6557927 15.0653806 23.6425597 20.0147940 16.6878354 20.4551226
[139] 18.2549927 27.5163410 21.3052199 16.6715591 16.1618600  7.4795755
[145]  6.5380869  2.3735363         NA  4.7871372         NA         NA
[151] 19.4766563 15.3656315         NA  5.9398397         NA 19.1745357
[157]         NA         NA         NA  0.8952385         NA         NA
[163] 15.8853159 11.3032171 20.4073311 19.5417485  8.4373221         NA
[169]         NA  0.6842307         NA 16.3403591 19.2912187  5.5208409
[175]  7.0646393  6.8130025         NA  1.7636590         NA         NA
[181] 17.0602054 15.3895263         NA         NA         NA 18.9067236
[187] 18.9433875  3.1414199  1.8076867  1.5759127         NA         NA
[193]         NA         NA         NA         NA         NA 15.6525835
[199]         NA         NA         NA         NA         NA  4.0148515
[205]         NA         NA         NA         NA         NA

$TS
  [1] 53.44310300 50.48437162 50.16242277 47.08870597 47.06831761 46.35451164
  [7] 45.02452534 46.39292892 30.87630034 28.65155578 27.66294534 27.62860666
 [13] 23.75190914 45.56915768 27.78936755 27.90184738 26.90004857 21.11544062
 [19] 12.30218245 26.26573427 21.12054501 20.96673426 40.97072940 40.08999747
 [25] 38.20507958 37.57983044 26.99865249 25.81109513 25.23539653 25.01773033
 [31] 26.15046337 19.82872550 24.02798603 17.85712755 16.18318862 20.46567534
 [37] 38.81072725 37.24534827 36.18301884 35.54787561 30.47180826 28.07252019
 [43] 37.57154383 25.51038945 18.11477144 22.99534443 21.76736930 18.61664805
 [49] 15.76562324 37.55622250 33.00251993 33.36217311 34.40792961 25.05651056
 [55] 29.49594753 27.23967564 21.05687463 35.37033891 29.84610632 26.23594188
 [61] 21.68361191 32.39685047 27.41732934 25.84137848 18.24904460 28.46578973
 [67] 26.30865317 24.07450511 19.32533714 32.39510041 24.72368996 27.02669214
 [73] 27.12077996 31.21328732 28.60032975 28.11295385 27.69314965 27.50424135
 [79] 14.79682314 14.11377322  2.09705674 27.82237107 20.64343722 19.73754800
 [85] 28.52190095 18.94765568 17.88615057 24.94907208 24.64683359 24.44667043
 [91] 27.49929852 17.74756758 23.37147305 21.19477518 25.99554087 19.03771627
 [97] 30.95485839 30.69532335 28.38230105 21.96420525 17.17647888 25.59950830
[103] 24.08902314 23.89228644 13.57819445 10.97837455 10.77804072  7.09548448
[109] 24.41542146 15.12713691 11.71586302  8.91147577  1.79541567 21.02980732
[115] 20.49180955 24.25180469 23.41464307 22.47511534 22.01707361 17.52746069
[121] 17.34386705 22.77536999 21.44465977 20.56689616 16.94327301 16.19210798
[127] 10.95193062 10.76389863  8.32035885  5.08881978  4.01736435  2.93082134
[133] 21.16172999 19.40754188 24.92374798 22.35520093 17.75791963 21.53938978
[139] 28.67900976 27.92878604 25.86256174 19.16403738 22.44302805 11.03885632
[145]  7.34783664  8.28342904 11.05919637  6.48326277  4.60931132  0.62728310
[151] 23.78229420 17.18026868 11.76169004 11.16973538  7.25037973 19.83395905
[157]  2.67471677  7.47332846  3.93938811  3.34723416  0.85186759  0.89281038
[163] 21.10053160 21.22179074 22.58750710 19.93117743 17.31008358  7.04868986
[169]  4.66176514  6.43363704  0.09516010 23.20045719 22.33310218  9.82086489
[175]  9.67796891  8.66225147  7.67058135  5.13026629  3.73425676  3.39139173
[181] 18.31999608 16.80656533  5.00801876  2.67384790  1.75984063 19.43362651
[187] 19.35603248  8.81787774  3.20686742  2.35924042  2.12551188  4.77755095
[193]  4.11680736  2.90041005  0.49401864  0.42134224  1.86996849 15.94409558
[199]  0.80543150  0.25180956  5.93113779  0.96283865  1.69947585  4.67177993
[205]  4.37489479  2.80346216  2.13600478  0.15844789  0.01058414

$PAR
  [1]  NA   1   1   1   1   1   1   4   5   5   5   5   5   6   9  10  10  11
 [19]  11  12  13  13  14  14  14  14  15  15  15  15  17  18  20  21  21  22
 [37]  24  25  25  25  25  25  26  27  27  31  31  31  34  37  37  38  39  39
 [55]  41  42  42  43  43  43  44  50  50  50  50  51  51  51  51  52  54  55
 [73]  56  58  58  58  58  58  58  58  58  59  60  61  62  63  63  64  64  64
 [91]  66  69  71  71  72  72  74  74  75  75  75  76  76  77  79  80  80  80
[109]  88  88  88  88  88  89  89  90  90  90  90  90  90  91  91  91  91  91
[127]  91  91  91  91  91  91  94  94  95  95  95  97  98  98  99  99 102 105
[145] 105 107 110 110 112 113 116 117 120 121 121 122 127 129 130 130 131 132
[163] 133 136 139 139 143 145 146 147 150 151 151 153 153 153 154 158 158 158
[181] 164 167 168 169 170 172 172 175 177 177 177 178 178 179 179 179 180 182
[199] 184 185 188 191 194 201 201 201 205 206 206

$EXTANT
  [1] FALSE FALSE FALSE FALSE FALSE FALSE FALSE FALSE FALSE FALSE FALSE FALSE
 [13] FALSE FALSE FALSE FALSE FALSE FALSE FALSE FALSE FALSE FALSE FALSE FALSE
 [25] FALSE FALSE FALSE FALSE FALSE FALSE FALSE FALSE FALSE FALSE FALSE FALSE
 [37] FALSE FALSE FALSE FALSE FALSE FALSE FALSE FALSE FALSE FALSE FALSE FALSE
 [49] FALSE FALSE FALSE FALSE FALSE FALSE FALSE FALSE FALSE  TRUE FALSE FALSE
 [61] FALSE FALSE FALSE FALSE FALSE FALSE FALSE FALSE FALSE FALSE FALSE FALSE
 [73] FALSE FALSE FALSE FALSE FALSE FALSE FALSE FALSE  TRUE FALSE FALSE FALSE
 [85] FALSE FALSE FALSE  TRUE FALSE FALSE FALSE FALSE FALSE FALSE FALSE FALSE
 [97] FALSE FALSE FALSE FALSE FALSE FALSE FALSE FALSE FALSE FALSE FALSE FALSE
[109] FALSE  TRUE FALSE  TRUE  TRUE FALSE FALSE FALSE FALSE FALSE FALSE FALSE
[121] FALSE FALSE FALSE FALSE FALSE FALSE  TRUE FALSE FALSE  TRUE  TRUE  TRUE
[133] FALSE FALSE FALSE FALSE FALSE FALSE FALSE FALSE FALSE FALSE FALSE FALSE
[145] FALSE FALSE  TRUE FALSE  TRUE  TRUE FALSE FALSE  TRUE FALSE  TRUE FALSE
[157]  TRUE  TRUE  TRUE FALSE  TRUE  TRUE FALSE FALSE FALSE FALSE FALSE  TRUE
[169]  TRUE FALSE  TRUE FALSE FALSE FALSE FALSE FALSE  TRUE FALSE  TRUE  TRUE
[181] FALSE FALSE  TRUE  TRUE  TRUE FALSE FALSE FALSE FALSE FALSE  TRUE  TRUE
[193]  TRUE  TRUE  TRUE  TRUE  TRUE FALSE  TRUE  TRUE  TRUE  TRUE  TRUE FALSE
[205]  TRUE  TRUE  TRUE  TRUE  TRUE

