
Birth-death simulation object with 321 species and 137 extant species

Details for some species:

Extinction times (NA means extant)
[1] 46.95387 33.28580 42.31811 43.08428 26.10601 34.64663


Speciation times 
[1] 53.44310 52.58046 51.29193 43.84700 40.34670 34.87532


Species parents (NA for initial)
[1] NA  1  2  2  2  2


Species status (extinct or extant)
[1] "extinct" "extinct" "extinct" "extinct" "extinct" "extinct"


For more details on vector y, try sim$y, with y one of
TE TS PAR EXTANT



$TE
  [1] 46.95387472 33.28579880 42.31810882 43.08427642 26.10600653 34.64663293
  [7] 25.41774195 43.57814084 33.40105523 16.26029531 31.38993593 28.88205134
 [13] 19.22436003 19.06147187 19.06411854 34.15638817 28.57793761 21.36484823
 [19] 26.27826383 18.15185346          NA 26.95140489 17.84147943 24.17528820
 [25] 18.18172521 19.57491203 19.08157688 17.62494026 25.54479548 18.27725904
 [31] 18.95901790  7.94901468 17.45218643 21.99413671 28.59432702 28.83494313
 [37] 20.56819630          NA          NA 17.15673823 16.71191452 22.78563395
 [43] 15.62880829 19.41370672 19.18915183 18.09778800 15.08750007 24.26553342
 [49]  4.90535722 21.32816967 17.49808344 19.85335686 25.70452076 19.76947278
 [55] 17.98560297          NA          NA 17.99390352 23.94400370  4.99284554
 [61] 19.04118292 18.62307475  4.29645952 22.66389509 20.93700045 17.97631104
 [67] 17.99927560 16.46977952 15.01034033  4.18508576 27.43932334 18.02525840
 [73] 12.90071437          NA  5.38131275 18.30388437  6.75665769  7.22688808
 [79]          NA 12.36784521 19.42401891 24.15145442 22.90874220 16.69869749
 [85]          NA  8.74632459  0.69846060  6.13229856 21.73544099  8.11442087
 [91]          NA          NA 19.22661356          NA          NA  5.38945904
 [97]  1.78747889          NA          NA 19.20730240 20.10796389 17.62139855
[103]  7.29473237  5.28097999  9.72189549          NA 22.77143567 21.55188733
[109] 17.40217844          NA          NA          NA          NA          NA
[115]          NA  7.62596065  0.51543348          NA  4.91690292  7.68230808
[121]          NA  5.45489109          NA  2.64282851          NA 19.01313631
[127]  4.24229130  8.80613757  4.81695849          NA  5.08601579  6.00627726
[133] 11.50578334  9.54757016  6.14155299  5.21367647          NA  3.89280917
[139]  1.68922068 12.73038473 10.96370687 10.43590793  2.02968962          NA
[145]  0.73267580          NA  3.50085983  3.99388442          NA  1.95738874
[151]          NA          NA          NA          NA          NA          NA
[157]  1.78922443  7.93997409  2.74055400  2.78064887  1.81557090  2.70406390
[163]  2.58276902  3.25102598          NA          NA          NA  0.40299391
[169]  4.56002164          NA  5.18236410  6.55712810 10.19876595  0.21447930
[175]          NA  8.71870705 11.45228356  4.84064541          NA          NA
[181]          NA          NA  1.16720319          NA          NA          NA
[187]          NA          NA          NA          NA          NA          NA
[193]  2.67627197          NA          NA  1.10884349  2.65254899  7.35239114
[199]          NA          NA          NA          NA          NA  7.11585719
[205]  6.61484519  2.52232682  0.16278604          NA          NA  7.25031654
[211] 10.21500404  4.75447173  2.52663493          NA          NA          NA
[217]          NA          NA  0.27677352          NA          NA  0.05989391
[223]          NA  1.51146063  2.44652715  2.99322761          NA          NA
[229]  2.57076027          NA          NA          NA          NA  8.56247240
[235]  0.06005040          NA  8.10228175  5.20237984          NA  4.90524816
[241]          NA          NA  0.32450242          NA          NA          NA
[247]          NA          NA          NA          NA          NA          NA
[253]          NA  7.71605824          NA          NA          NA          NA
[259]          NA          NA  0.48105572  8.30836298          NA          NA
[265]          NA  0.47657822  2.66231602  6.53628197          NA          NA
[271]  1.35789687          NA          NA          NA          NA          NA
[277]          NA  7.06175331          NA          NA          NA          NA
[283]          NA          NA  2.28719182          NA  5.92392180          NA
[289]          NA          NA          NA  0.20749664  5.12959191          NA
[295]          NA          NA  6.25062695          NA  0.94718953          NA
[301]          NA          NA          NA          NA          NA  0.27460379
[307]          NA          NA          NA  6.66344635          NA  3.48703939
[313]  0.88072789  4.94247287          NA          NA  0.62246289  2.02172328
[319]          NA  3.25227709          NA

$TS
  [1] 53.44310300 52.58046341 51.29192540 43.84699534 40.34670159 34.87531848
  [7] 33.50352242 44.57915268 38.51200512 34.41017505 33.84989575 29.34123861
 [13] 29.11071377 28.57453809 26.71275886 35.61362571 33.46800545 34.07779920
 [19] 27.82688306 19.51078665 17.23641481 32.22640705 28.81667473 27.83769344
 [25] 26.83842270 23.34987794 21.76854723 21.48673244 26.46393434 21.14645026
 [31] 25.04540443 22.83328146 32.61394046 32.54361313 29.96136199 29.51333665
 [37] 26.67921366  8.97396763  1.49692085 26.54143011 18.12142469 23.69627058
 [43] 20.34669976 20.23593072 21.23403004 22.60765545 18.88148827 30.16835573
 [49] 28.79440143 22.89099459 21.44685961 19.93621917 28.61045790 21.75194447
 [55] 21.24814628  0.40832271  0.99017536 24.87565115 24.86731644 18.74994156
 [61] 22.88056124 22.60429278 19.04483766 29.45765928 25.03293576 20.20173999
 [67] 18.58321899 17.13480098 15.74222022 11.21395068 27.71479171 22.92969403
 [73] 14.03961105  8.92488162  8.74606028 21.90466446 13.42314880 12.57290966
 [79]  7.24947349 26.97435316 26.57303829 24.58699853 24.37645268 18.14728851
 [85]  9.69040756  9.06609831  8.18652626  7.63154012 22.89979918 13.40837026
 [91]  6.89936688  4.25114371 20.38245538 10.69548637 10.20110006  6.41924760
 [97]  6.31289751  3.98862298  0.75699621 20.84411338 20.55184145 19.50222398
[103] 17.77669277 15.62692866 13.69378982 12.51167582 23.65342569 24.32629625
[109] 17.97726976 17.80995491  5.85331562  8.96105319  5.14605367  3.07275261
[115]  1.37198703 10.60503084  4.09858436  3.18598452  9.14055488  7.71970722
[121]  3.96212690  9.80838846  8.27286325  3.56502848  3.91855574 19.23245246
[127] 11.59788031 10.22801015  9.95012628  8.26546528  9.87721424  7.25793705
[133] 13.19725276 12.74043108 10.53618167 11.81879949 10.23735733  4.23917237
[139]  3.46906029 16.75057574 14.77128152 14.38756433 12.63564122 11.91548840
[145] 10.34328712  7.38534845  6.60615602  5.74080877  0.19849578  8.55956576
[151]  7.76519804  2.93290650  2.72342366  0.61191126  3.30556088  0.63685759
[157]  5.31957462  9.53929251  7.61130369  4.90610970  8.15169413  7.70422480
[163]  6.04230297  5.06787816  8.35879296  6.22082518  4.32928163  2.05941974
[169]  7.48524747  6.79384733  6.21778452 12.42660676 11.11322775  8.71018878
[175]  3.96140143 15.28264772 14.05727711 11.75895335 11.12174631  5.12156521
[181]  3.99915212  2.46599584  6.14292526  6.08363306  5.47750911  4.33280816
[187]  2.42119812  1.24993497  2.05383824  3.13961189  9.52389549  5.01287463
[193]  5.90892549  4.05457991  4.63344958  4.55074065  3.61034073  8.04550293
[199]  5.15568345  0.09331591  5.91008627  2.40235683  5.74809768 10.67338568
[205]  7.03594090  8.55431696  1.16592431  2.05585572  1.42870943 13.14366398
[211] 13.06670478 10.25930491  9.88070614  3.32306260  1.39116938  1.14976918
[217]  1.97104195  2.23980591  4.05149422  3.41176898  3.35240844  1.26325024
[223]  0.43199051  3.04927140  8.61296637  4.21418496  1.61157288  0.29515644
[229]  5.40789307  1.93168737  1.42393248  4.35183311  0.47006433 10.13978051
[235]  0.65689860 12.62823861 12.08277322 11.88675890  7.20672248  6.10488766
[241]  5.75420664  5.65034384  4.30050430  2.76894481  0.41003485  0.56918077
[247]  1.39437344  0.75748597  0.51364374  1.41112443  0.60841987  1.20486239
[253]  0.25568735  8.54999158  7.53343262  5.17499290  4.92359229  0.97667826
[259]  5.30398674  0.77865441  4.32470172 10.07121000  8.61819601  0.71966991
[265] 11.48395367 10.42919182 11.87770454  6.71392486  3.28738878  0.71530855
[271]  4.08090813  1.37944035  0.35540621  0.54819766  0.15682087  1.32881131
[277]  0.42823177  7.22741845  2.01344363  4.34301167  0.76412819  7.47602498
[283]  9.33218245  6.74600100  5.45706589 11.58702865  9.16040161  6.82904692
[289]  0.20864874  1.48701743  7.32404935  6.91931027  5.61401318  3.38831324
[295]  3.27162501  1.98193057  7.14631360  6.98921823  5.60635787  1.41727234
[301]  8.84540361  7.66159610  2.64981247  1.42702463  0.21098668  6.09898793
[307]  5.21346273  0.82609618  0.18459600  6.91374983  7.84851905  6.83319660
[313]  5.30333467  6.66025974  3.45374972  0.18833457  1.67232100  2.87433463
[319]  0.68927824  4.57730769  0.16962971

$PAR
  [1]  NA   1   2   2   2   2   2   3   5   5   5   5   5   5   7   9   9  10
 [19]  10  10  10  11  13  13  13  13  13  13  14  14  15  15  17  17  18  18
 [37]  19  21  21  23  23  25  25  26  27  31  32  33  33  33  33  33  35  37
 [55]  37  38  39  40  40  40  42  46  46  48  49  49  49  49  49  49  53  58
 [73]  60  60  60  61  63  63  63  64  64  65  65  67  70  70  70  70  72  73
 [91]  74  74  76  78  78  79  79  79  79  80  80  80  80  80  80  80  81  83
[109]  84  84  85  86  87  87  87  90  91  91  94  94  94  95  95  95  98 102
[127] 103 103 103 103 104 104 105 105 105 106 106 106 106 110 110 110 110 110
[145] 110 110 110 111 111 112 112 112 112 114 117 118 119 122 122 123 127 127
[163] 127 127 129 129 130 130 131 131 132 133 136 137 137 140 141 142 143 144
[181] 145 145 146 146 150 150 152 153 155 157 158 159 162 162 163 163 164 165
[199] 165 166 170 170 171 172 172 174 174 175 175 176 177 178 178 179 179 180
[217] 181 182 183 183 184 187 187 190 191 192 192 192 193 201 201 203 203 204
[235] 209 211 211 211 212 212 212 213 213 213 215 216 217 218 219 220 220 221
[253] 223 225 225 225 225 227 229 231 232 236 236 236 237 237 238 239 239 239
[271] 243 243 244 248 248 250 252 255 257 259 259 263 265 265 265 267 267 267
[289] 269 279 282 282 282 283 283 283 286 286 286 286 287 287 288 288 288 291
[307] 292 294 294 298 301 301 301 302 302 305 306 311 311 313 315

$EXTANT
  [1] FALSE FALSE FALSE FALSE FALSE FALSE FALSE FALSE FALSE FALSE FALSE FALSE
 [13] FALSE FALSE FALSE FALSE FALSE FALSE FALSE FALSE  TRUE FALSE FALSE FALSE
 [25] FALSE FALSE FALSE FALSE FALSE FALSE FALSE FALSE FALSE FALSE FALSE FALSE
 [37] FALSE  TRUE  TRUE FALSE FALSE FALSE FALSE FALSE FALSE FALSE FALSE FALSE
 [49] FALSE FALSE FALSE FALSE FALSE FALSE FALSE  TRUE  TRUE FALSE FALSE FALSE
 [61] FALSE FALSE FALSE FALSE FALSE FALSE FALSE FALSE FALSE FALSE FALSE FALSE
 [73] FALSE  TRUE FALSE FALSE FALSE FALSE  TRUE FALSE FALSE FALSE FALSE FALSE
 [85]  TRUE FALSE FALSE FALSE FALSE FALSE  TRUE  TRUE FALSE  TRUE  TRUE FALSE
 [97] FALSE  TRUE  TRUE FALSE FALSE FALSE FALSE FALSE FALSE  TRUE FALSE FALSE
[109] FALSE  TRUE  TRUE  TRUE  TRUE  TRUE  TRUE FALSE FALSE  TRUE FALSE FALSE
[121]  TRUE FALSE  TRUE FALSE  TRUE FALSE FALSE FALSE FALSE  TRUE FALSE FALSE
[133] FALSE FALSE FALSE FALSE  TRUE FALSE FALSE FALSE FALSE FALSE FALSE  TRUE
[145] FALSE  TRUE FALSE FALSE  TRUE FALSE  TRUE  TRUE  TRUE  TRUE  TRUE  TRUE
[157] FALSE FALSE FALSE FALSE FALSE FALSE FALSE FALSE  TRUE  TRUE  TRUE FALSE
[169] FALSE  TRUE FALSE FALSE FALSE FALSE  TRUE FALSE FALSE FALSE  TRUE  TRUE
[181]  TRUE  TRUE FALSE  TRUE  TRUE  TRUE  TRUE  TRUE  TRUE  TRUE  TRUE  TRUE
[193] FALSE  TRUE  TRUE FALSE FALSE FALSE  TRUE  TRUE  TRUE  TRUE  TRUE FALSE
[205] FALSE FALSE FALSE  TRUE  TRUE FALSE FALSE FALSE FALSE  TRUE  TRUE  TRUE
[217]  TRUE  TRUE FALSE  TRUE  TRUE FALSE  TRUE FALSE FALSE FALSE  TRUE  TRUE
[229] FALSE  TRUE  TRUE  TRUE  TRUE FALSE FALSE  TRUE FALSE FALSE  TRUE FALSE
[241]  TRUE  TRUE FALSE  TRUE  TRUE  TRUE  TRUE  TRUE  TRUE  TRUE  TRUE  TRUE
[253]  TRUE FALSE  TRUE  TRUE  TRUE  TRUE  TRUE  TRUE FALSE FALSE  TRUE  TRUE
[265]  TRUE FALSE FALSE FALSE  TRUE  TRUE FALSE  TRUE  TRUE  TRUE  TRUE  TRUE
[277]  TRUE FALSE  TRUE  TRUE  TRUE  TRUE  TRUE  TRUE FALSE  TRUE FALSE  TRUE
[289]  TRUE  TRUE  TRUE FALSE FALSE  TRUE  TRUE  TRUE FALSE  TRUE FALSE  TRUE
[301]  TRUE  TRUE  TRUE  TRUE  TRUE FALSE  TRUE  TRUE  TRUE FALSE  TRUE FALSE
[313] FALSE FALSE  TRUE  TRUE FALSE FALSE  TRUE FALSE  TRUE

