
Birth-death simulation object with 187 species and 62 extant species

Details for some species:

Extinction times (NA means extant)
[1] 32.81192 52.96277 50.83449 47.97993 46.53995 35.78257


Speciation times 
[1] 53.44310 53.35725 52.35633 51.51049 47.19398 44.92492


Species parents (NA for initial)
[1] NA  1  1  1  1  1


Species status (extinct or extant)
[1] "extinct" "extinct" "extinct" "extinct" "extinct" "extinct"


For more details on vector y, try sim$y, with y one of
TE TS PAR EXTANT



$TE
  [1] 32.8119211 52.9627709 50.8344871 47.9799254 46.5399519 35.7825677
  [7] 29.3433228 45.6413928 44.1513188 34.9350244 38.4096330 37.7813707
 [13] 11.6874139 18.8470835 26.4039948 29.7543547 35.6017954  9.3774727
 [19] 34.1708637 33.4716880  6.1762774  4.3418875 27.1280792 18.0710736
 [25] 19.4921341 30.9439310 29.2613181 30.2252565 12.3428308 19.2840241
 [31]  8.8188829         NA 28.3995468 18.0616463 18.8836950 16.9720957
 [37] 15.4476598  8.1247201  1.4140034         NA 32.7827544 19.7192322
 [43] 28.2931948 21.5857611 26.7698107 25.2401958 26.1486690 16.8910219
 [49] 16.4700793 17.8559895 16.7250922 24.1570612 23.2914531 15.6458725
 [55]  8.9452376         NA         NA  3.0945533         NA  1.6928615
 [61] 25.2992058 25.8397171 22.3859951 14.3815820         NA  5.0548939
 [67]         NA         NA         NA 24.7630218 27.7195608 19.1567675
 [73] 19.2395044 29.0418135 17.1802824 16.8790997 16.1558949 16.7430996
 [79]         NA  3.2406818         NA         NA  8.7541804  4.9873285
 [85]         NA         NA  5.5543665         NA  0.4676737  0.2338943
 [91]  4.5685810  1.3351075         NA         NA         NA 25.3034918
 [97] 15.7122527 18.1361210 14.5908476         NA  0.2158774  0.1897691
[103] 19.0781275 18.5975648 16.3769307 15.7340394 15.6175540  8.7902442
[109]         NA         NA         NA         NA  1.1215618         NA
[115]         NA         NA         NA  1.7986869         NA         NA
[121]         NA 18.0301711  8.9382677         NA         NA 14.7484786
[127] 18.5925359 18.3987157 19.5712886  5.3835581 10.4043786         NA
[133]         NA         NA         NA 10.8536759         NA  6.8914758
[139]  3.1313304  0.5506572         NA 19.5673794 17.5957240 18.6656073
[145] 19.3403328 18.4274712  5.0341389         NA         NA         NA
[151]         NA         NA         NA         NA         NA         NA
[157] 19.4060564 17.0435397 18.8799506 17.7618807 18.6381924  5.2013716
[163]         NA  9.3655548  0.9951945         NA         NA         NA
[169]         NA         NA         NA 21.8706307 16.5643880 18.4396383
[175]         NA         NA  0.7755682         NA         NA 16.5784020
[181]         NA         NA         NA 18.4835111 17.6611684         NA
[187] 17.0720203

$TS
  [1] 53.44310300 53.35725100 52.35633108 51.51049027 47.19397547 44.92491595
  [7] 39.46351463 48.31528319 44.31566605 42.09842740 41.75939903 39.91973080
 [13] 38.28779044 34.23869483 30.15651090 37.10202453 40.96285813 40.30004696
 [19] 37.49189447 37.06240408 29.20800278 33.45484986 32.76071922 29.43320274
 [25] 27.61269597 32.99512872 31.10048991 33.40091020 27.89847893 22.35182779
 [31] 14.43413610 13.18419487 35.65287670 26.60544552 19.55519805 17.27068547
 [37] 15.80966912 14.18172806 13.14541288 12.09186923 33.28978974 30.84131875
 [43] 29.71120714 24.93129906 31.32111339 28.09701390 27.02883463 22.26927983
 [49] 21.01690903 20.44861556 19.95973134 27.00655582 24.99756759 20.54739123
 [55]  9.27078125 10.79597031  9.39306533  9.32124389  8.08731898  3.92237626
 [61] 32.68057249 29.44049829 26.47327501 25.30570962  9.54587883  6.65430736
 [67]  4.94601400  5.27388776  2.23405228 29.79216950 29.66942125 22.85322856
 [73] 21.71922449 30.18545653 20.48725449 18.73007087 17.21089627 16.87982832
 [79] 16.99569731  8.36288286  5.89901678  0.56928703  9.00535035  6.95618477
 [85]  6.72387843  4.29779310  8.11106568  4.17823746  6.28183969  4.76392468
 [91]  4.60919200  4.22803987  3.31643687  3.84497195  3.52305471 27.94913684
 [97] 20.69482080 18.76658976 15.07574209  3.34397041  3.19532307  2.00877967
[103] 28.84513158 25.19265627 22.44992523 19.71269914 15.86975621 12.10615379
[109]  2.31661357  2.24936947  0.65710062  0.48046043  3.24693950  1.82779993
[115]  4.85195081  3.93305512  2.73387495  2.35113046  1.37629597  3.04927797
[121]  2.33324869 19.59894444 16.78646441 14.61278779  1.83087282 25.39353607
[127] 21.85541405 21.32535811 23.27294246 22.56944213 10.85803851  0.81741007
[133]  1.71702984  2.04946294 10.14938932 14.23707819  7.19937233  7.16484275
[139]  5.75261841  2.85878250  0.38374679 25.25367301 20.63513627 21.18106016
[145] 20.27178681 19.48812272 15.28082559  5.47059014  0.77973049  0.55312996
[151]  3.58422455  3.58307116  2.26648725  1.49324643  1.47656133  0.91013368
[157] 25.01834819 21.62669818 21.02814856 18.09898879 18.78970860 14.11995474
[163] 12.18912833 10.19011214  3.19804334  0.64974018  0.25733164  2.44406866
[169]  0.80134617  0.63470228  1.66604417 23.71376536 21.95624983 18.72239336
[175] 11.13926019  0.09789328  2.01006440  0.10200186  0.47942151 22.20241642
[181]  1.19781273  0.08785603  0.30277752 18.49720095 17.85305704  0.03046871
[187] 17.80442967

$PAR
  [1]  NA   1   1   1   1   1   1   4   6   6   6   6   7   7   7  10  11  11
 [19]  13  13  13  14  14  15  15  16  16  18  18  18  18  18  19  21  21  21
 [37]  21  21  21  21  22  22  22  22  23  24  24  24  24  24  24  29  29  29
 [55]  31  32  32  32  32  32  33  33  34  34  39  39  39  40  40  42  42  42
 [73]  44  45  48  49  49  51  54  56  56  56  57  57  57  57  58  58  59  59
 [91]  59  59  59  60  60  61  64  64  64  65  67  69  70  70  72  73  79  79
[109]  79  86  86  86  88  88  89  92  92  92  92  93  94  97  97  99 102 103
[127] 103 103 104 104 108 109 114 120 123 124 124 124 124 124 125 126 126 127
[145] 128 128 130 130 133 134 135 137 137 137 140 140 142 142 142 143 144 147
[163] 147 147 148 149 149 151 152 152 153 157 157 158 162 163 168 168 169 172
[181] 175 178 179 180 180 181 185

$EXTANT
  [1] FALSE FALSE FALSE FALSE FALSE FALSE FALSE FALSE FALSE FALSE FALSE FALSE
 [13] FALSE FALSE FALSE FALSE FALSE FALSE FALSE FALSE FALSE FALSE FALSE FALSE
 [25] FALSE FALSE FALSE FALSE FALSE FALSE FALSE  TRUE FALSE FALSE FALSE FALSE
 [37] FALSE FALSE FALSE  TRUE FALSE FALSE FALSE FALSE FALSE FALSE FALSE FALSE
 [49] FALSE FALSE FALSE FALSE FALSE FALSE FALSE  TRUE  TRUE FALSE  TRUE FALSE
 [61] FALSE FALSE FALSE FALSE  TRUE FALSE  TRUE  TRUE  TRUE FALSE FALSE FALSE
 [73] FALSE FALSE FALSE FALSE FALSE FALSE  TRUE FALSE  TRUE  TRUE FALSE FALSE
 [85]  TRUE  TRUE FALSE  TRUE FALSE FALSE FALSE FALSE  TRUE  TRUE  TRUE FALSE
 [97] FALSE FALSE FALSE  TRUE FALSE FALSE FALSE FALSE FALSE FALSE FALSE FALSE
[109]  TRUE  TRUE  TRUE  TRUE FALSE  TRUE  TRUE  TRUE  TRUE FALSE  TRUE  TRUE
[121]  TRUE FALSE FALSE  TRUE  TRUE FALSE FALSE FALSE FALSE FALSE FALSE  TRUE
[133]  TRUE  TRUE  TRUE FALSE  TRUE FALSE FALSE FALSE  TRUE FALSE FALSE FALSE
[145] FALSE FALSE FALSE  TRUE  TRUE  TRUE  TRUE  TRUE  TRUE  TRUE  TRUE  TRUE
[157] FALSE FALSE FALSE FALSE FALSE FALSE  TRUE FALSE FALSE  TRUE  TRUE  TRUE
[169]  TRUE  TRUE  TRUE FALSE FALSE FALSE  TRUE  TRUE FALSE  TRUE  TRUE FALSE
[181]  TRUE  TRUE  TRUE FALSE FALSE  TRUE FALSE

