
Birth-death simulation object with 221 species and 68 extant species

Details for some species:

Extinction times (NA means extant)
[1] 45.54763 45.36132 44.33547 44.97433 27.01659 36.75086


Speciation times 
[1] 49.26651 47.36648 46.22156 46.35406 45.35538 37.78711


Species parents (NA for initial)
[1] NA  1  1  2  3  5


Species status (extinct or extant)
[1] "extinct" "extinct" "extinct" "extinct" "extinct" "extinct"


For more details on vector y, try sim$y, with y one of
TE TS PAR EXTANT



$TE
  [1] 45.5476337 45.3613208 44.3354733 44.9743334 27.0165906 36.7508567
  [7] 29.1010199 26.7237045 23.6424307 24.7442370 22.1297231 18.4937817
 [13] 29.0123743 20.0681217 29.1525866 20.0355180 20.4627798 29.8472025
 [19] 23.4273441 22.7763834 17.4803978 22.6641698 18.2305185 18.7918917
 [25] 15.3962343 23.1691067 28.7264716 23.9197001 22.9647733 17.7461914
 [31] 21.2099433 24.9742203 20.3821190 22.5450835  3.5440667 19.4016794
 [37] 23.0621389 15.0081937 16.9473791 23.6670653 22.1969504 13.1846931
 [43] 14.7465559         NA 18.1345867 14.3645606 28.3081915 15.1328314
 [49] 15.1652969 14.9431468 14.8912190 17.5460104 23.1876395 17.0701548
 [55] 15.3902402 19.4508822 16.9059436         NA 10.6265164  6.0575070
 [61]  3.3756253 12.0662634 28.0382314  6.3567973 15.5432317 15.3283459
 [67] 15.5369363  9.2134527 14.1778405  7.5275326 17.9460803 16.3248199
 [73] 13.8790833 13.8704983 15.1923404 16.3180426 21.5832159 18.0735188
 [79] 18.2418015 15.0787104 15.3402277 15.3278926         NA         NA
 [85]         NA         NA  5.7419688         NA  8.1014745 14.2241274
 [91] 27.1179994 15.3902697 14.5243567 13.9481781 20.2521659 18.1130593
 [97] 13.2608850 12.2106590 14.3983985 13.6247121 15.3729495 17.3943963
[103] 11.2835884  7.3155433 14.5208115 16.6191224  4.8802758         NA
[109]  1.1862403         NA  2.6363345  7.1533087         NA  4.9891448
[115]         NA  1.9817658  1.0040152  5.6337240 15.7192772 12.9294777
[121] 18.2793076 11.7336554 15.2629009 14.1432575 21.6106673 15.6621115
[127] 12.7596568  9.6778455 13.5215490  5.4376552         NA         NA
[133]         NA         NA  9.1705119  1.8176165  2.4187750         NA
[139]         NA         NA         NA         NA  1.5637164         NA
[145]         NA         NA  4.3156075         NA         NA  0.2256417
[151]         NA  0.6471127  5.7442312 10.8219811 15.8451979 20.2248249
[157] 14.6251983 14.0247638  3.8517323  0.9236585         NA         NA
[163]  0.2080859         NA  0.3896586         NA         NA  3.4411439
[169]         NA  2.8621139         NA         NA         NA  2.2510623
[175]         NA  3.7246276         NA  4.1472347         NA         NA
[181]         NA         NA  0.2280505 14.2772780  7.9602853         NA
[187]         NA  8.1656780         NA         NA  2.6603912  4.0790538
[193]         NA         NA  1.1725311         NA         NA         NA
[199]  2.1619426         NA         NA         NA         NA  2.6676702
[205]         NA         NA         NA         NA  0.9758589         NA
[211]         NA         NA  2.1377932         NA         NA         NA
[217]         NA  0.8251614         NA         NA         NA

$TS
  [1] 49.2665115 47.3664804 46.2215588 46.3540602 45.3553814 37.7871130
  [7] 33.4613027 33.2579577 32.4875058 31.9178594 30.1068435 29.6795647
 [13] 33.3048880 33.0655872 31.7927988 26.7415640 24.6206114 30.4176512
 [19] 28.8013334 27.2829264 26.3265650 23.3028414 32.6530492 32.4213699
 [25] 32.1022072 29.5492749 28.8801279 24.6123103 23.8899401 29.7374815
 [31] 25.5162437 28.6098602 27.5494253 23.6356296 25.9858999 25.3614650
 [37] 23.2981463 19.2947527 18.7370146 30.3442199 25.7447683 20.7000050
 [43] 19.1073737 23.0180797 20.6373213 29.2038037 28.9579999 23.7916972
 [49] 19.2885310 19.0043907 18.4503478 24.8549961 23.4414961 22.6579086
 [55] 21.5039736 20.8198913 17.5851704 11.8994733 11.0407197 10.1795443
 [61]  5.2098783 23.5392784 28.9806647 20.5191202 19.2305640 16.5085237
 [67] 17.1178233 22.9284953 16.5488542  7.6732471 24.6013256 19.8751957
 [73] 19.7552809 16.0268679 15.4130709 19.6922878 22.2772011 20.1709953
 [79] 21.5024835 19.8036731 16.0256481 17.1771306  8.4751265  5.8567703
 [85]  2.4168629  0.1240202 10.7775131 10.1442786 10.0955890 20.0872578
 [91] 28.1333791 19.4435384 16.8572177 14.1815433 21.8279456 20.9714416
 [97] 20.9333836 12.5365727 16.4957892 15.5163928 23.3908585 23.0364519
[103] 17.2397511 16.9534683 19.9020592 19.6353272  8.2962979  4.6542355
[109]  4.5048121  1.0559629  9.4568628  8.4472016  7.8716565  5.8827266
[115] 10.1089607  5.7648391  4.1332618  8.1525789 15.7219469 14.1185776
[121] 21.5321556 15.1562664 23.1525138 17.6141087 21.7271826 20.8856099
[127] 14.2219033 11.4222523 15.7861832 10.2892332  5.9212630  4.0054033
[133]  1.1564585  1.5663071  9.3282730  8.8418302  5.6666449  4.9307459
[139]  8.2575525  5.2375405  2.4823749  5.0920122  4.9922244  8.7556896
[145]  7.0260168  6.7112421  5.4714348  5.0004897  2.7826025  2.1475091
[151]  1.8621255  1.1554865  5.7703251 13.6987133 19.1292684 21.1388548
[157] 16.4730492 15.6400786 10.0769689  9.2496027  1.8716245  0.6471720
[163]  1.0594839  5.4378177  3.8472399  4.9552890  5.6248662  4.2109514
[169]  3.5091018  4.5887355  3.5214597  2.5818714  1.9547909  3.5996818
[175]  6.2753175  6.9170991  6.0279118  5.3517689  2.0092184  1.6864399
[181]  1.2567875  0.9062175 11.1478967 15.7603269  8.2441447  5.7508616
[187]  4.8220017  8.8427581  4.3314751  0.9547333  2.7103655  4.9444435
[193]  3.7984264  3.1568441  1.4752257  0.6754114  1.7817439  4.5385172
[199]  4.6195830  0.4236448  3.2085685  0.7611681  0.3424630  3.6204027
[205]  3.1706663  2.4314771  1.1447617  2.1422704  1.3748030  0.3512113
[211]  3.0627507  2.9708844  2.6171570  1.7330707  0.8558506  2.3234787
[217]  0.4111036  1.8904370  0.5507098  1.4457087  0.3890686

$PAR
  [1]  NA   1   1   2   3   5   5   5   5   5   5   5   7   8   8   9   9  10
 [19]  10  10  11  11  13  13  13  14  14  14  14  15  16  19  19  20  21  21
 [37]  21  21  21  23  23  23  23  24  24  25  25  25  25  25  30  31  31  31
 [55]  31  33  35  35  35  35  35  36  40  42  42  42  43  44  44  44  46  46
 [73]  46  49  51  52  54  54  55  55  55  57  58  58  58  58  59  60  60  62
 [91]  63  64  64  64  68  68  68  68  69  69  71  71  76  76  78  78  83  83
[109]  83  83  87  87  87  87  88  88  88  89  90  94  95  99 101 101 102 102
[127] 103 103 104 104 107 108 108 109 111 111 111 111 112 113 113 114 114 115
[145] 115 115 115 115 115 115 115 115 118 120 121 123 123 123 130 130 131 133
[163] 134 136 136 137 139 139 139 140 140 140 141 142 144 145 145 145 146 146
[181] 146 146 154 157 159 159 159 160 160 161 166 167 170 171 171 171 173 176
[199] 177 181 186 186 186 187 187 187 193 194 195 196 198 198 198 198 198 201
[217] 207 208 212 214 217

$EXTANT
  [1] FALSE FALSE FALSE FALSE FALSE FALSE FALSE FALSE FALSE FALSE FALSE FALSE
 [13] FALSE FALSE FALSE FALSE FALSE FALSE FALSE FALSE FALSE FALSE FALSE FALSE
 [25] FALSE FALSE FALSE FALSE FALSE FALSE FALSE FALSE FALSE FALSE FALSE FALSE
 [37] FALSE FALSE FALSE FALSE FALSE FALSE FALSE  TRUE FALSE FALSE FALSE FALSE
 [49] FALSE FALSE FALSE FALSE FALSE FALSE FALSE FALSE FALSE  TRUE FALSE FALSE
 [61] FALSE FALSE FALSE FALSE FALSE FALSE FALSE FALSE FALSE FALSE FALSE FALSE
 [73] FALSE FALSE FALSE FALSE FALSE FALSE FALSE FALSE FALSE FALSE  TRUE  TRUE
 [85]  TRUE  TRUE FALSE  TRUE FALSE FALSE FALSE FALSE FALSE FALSE FALSE FALSE
 [97] FALSE FALSE FALSE FALSE FALSE FALSE FALSE FALSE FALSE FALSE FALSE  TRUE
[109] FALSE  TRUE FALSE FALSE  TRUE FALSE  TRUE FALSE FALSE FALSE FALSE FALSE
[121] FALSE FALSE FALSE FALSE FALSE FALSE FALSE FALSE FALSE FALSE  TRUE  TRUE
[133]  TRUE  TRUE FALSE FALSE FALSE  TRUE  TRUE  TRUE  TRUE  TRUE FALSE  TRUE
[145]  TRUE  TRUE FALSE  TRUE  TRUE FALSE  TRUE FALSE FALSE FALSE FALSE FALSE
[157] FALSE FALSE FALSE FALSE  TRUE  TRUE FALSE  TRUE FALSE  TRUE  TRUE FALSE
[169]  TRUE FALSE  TRUE  TRUE  TRUE FALSE  TRUE FALSE  TRUE FALSE  TRUE  TRUE
[181]  TRUE  TRUE FALSE FALSE FALSE  TRUE  TRUE FALSE  TRUE  TRUE FALSE FALSE
[193]  TRUE  TRUE FALSE  TRUE  TRUE  TRUE FALSE  TRUE  TRUE  TRUE  TRUE FALSE
[205]  TRUE  TRUE  TRUE  TRUE FALSE  TRUE  TRUE  TRUE FALSE  TRUE  TRUE  TRUE
[217]  TRUE FALSE  TRUE  TRUE  TRUE

