
Birth-death simulation object with 259 species and 117 extant species

Details for some species:

Extinction times (NA means extant)
[1] 29.14812 33.96852 42.24504 22.95980 16.39341 33.62632


Speciation times 
[1] 49.26651 46.53870 46.34580 37.68402 36.62613 34.94808


Species parents (NA for initial)
[1] NA  1  1  1  1  1


Species status (extinct or extant)
[1] "extinct" "extinct" "extinct" "extinct" "extinct" "extinct"


For more details on vector y, try sim$y, with y one of
TE TS PAR EXTANT



$TE
  [1] 29.14812412 33.96851658 42.24504384 22.95980022 16.39340520 33.62631549
  [7] 40.46771259 38.41820677 43.36986360 42.63320593 15.23331572 15.11240568
 [13] 30.48477305 32.62885747 20.41138857 29.54319318 14.90026763 22.40797448
 [19] 18.05614218 16.57308279 15.75725312 43.34884587 12.77198246 24.64764447
 [25] 15.38084025 14.00410408 13.78522038 19.99817779 20.23049817 15.81875480
 [31] 22.27305555 20.30389699 15.88350639 19.53698404 28.32968442 14.53722491
 [37] 14.43272578 19.02167954 14.11561038 38.15957791 12.32713606 13.46904225
 [43] 23.12051496          NA 15.19378753 16.91308860 14.32300896          NA
 [49] 22.28947886 14.75228410 16.79281955          NA          NA 14.92698300
 [55] 22.67686187 15.25059815 11.70598818 14.26993602 13.35891382  3.73565014
 [61]          NA          NA          NA 14.31363522 15.10962383  7.05195865
 [67]          NA 14.72130514 16.91374689 19.08366637 12.60312685 13.10272745
 [73] 18.27139091 19.05919431 11.00377859  4.85114300  6.33175939          NA
 [79]          NA          NA          NA  2.79500868          NA 16.24638511
 [85] 11.62998312 17.47784606 12.73037221 13.97069850 14.57339129 14.91879325
 [91] 19.25864179 16.75950136 14.99648830 14.72004138 11.85224591 17.91868403
 [97] 14.40438375  8.81107000          NA          NA          NA  3.51689684
[103]          NA          NA          NA  3.20181673          NA 14.53404551
[109] 13.56420476          NA  6.27591561  5.22818443  5.09076321          NA
[115]          NA  0.87219898 13.38325178 14.79026545 15.96182486 13.01722830
[121] 18.13124736 19.94394138 14.96615295 14.69475425 11.14277864  8.26296569
[127]          NA          NA  3.00547299          NA          NA          NA
[133]          NA          NA          NA          NA          NA  4.53638704
[139]  0.84080133  1.75744019          NA  1.62134439          NA          NA
[145]  4.12863891          NA  2.00879212  4.46890413  1.11146706          NA
[151]          NA 12.57093361 14.98639553  8.56541206          NA  4.58096887
[157]  2.44193169          NA          NA  0.31229781  0.13595430  4.88791404
[163]          NA          NA  1.42768586          NA          NA  2.67456041
[169]          NA          NA  3.14476448          NA          NA          NA
[175]  6.68324792  3.72261984  4.51208407          NA          NA          NA
[181] 11.91924998          NA          NA          NA          NA  1.04386451
[187]          NA          NA          NA          NA          NA          NA
[193]          NA          NA          NA          NA          NA          NA
[199]  2.53895264          NA  4.76947901  1.42504018          NA  5.39151757
[205]          NA  2.89257623          NA          NA          NA          NA
[211]          NA          NA          NA          NA          NA  0.23637101
[217]          NA          NA          NA          NA          NA          NA
[223]          NA  3.95151945          NA          NA  4.75128433  0.45777681
[229]          NA          NA          NA          NA          NA  1.30061521
[235]          NA          NA  6.03636640          NA          NA          NA
[241]          NA  3.86216986          NA          NA  0.41097765          NA
[247]          NA          NA          NA          NA          NA          NA
[253]  0.07933136          NA          NA          NA          NA          NA
[259]          NA

$TS
  [1] 49.2665115 46.5387033 46.3457995 37.6840212 36.6261338 34.9480812
  [7] 46.1505941 44.2842744 43.9277296 43.5302447 27.0102435 34.7058492
 [13] 34.3234915 32.8970285 32.5905012 31.6376049 26.2958894 25.1810470
 [19] 21.2727218 19.4802552 19.3905854 43.6916381 17.9096029 28.0590278
 [25] 26.9633438 23.5575142 16.6495538 32.4011055 26.1251236 25.0922818
 [31] 24.6942994 22.0784356 21.0444452 30.7695858 30.7548953 16.6946180
 [37] 15.0951831 19.4781063 16.2733036 43.5699413 14.3851811 13.4966215
 [43] 26.7091517 23.3618253 18.8690978 17.9158306 16.5020095 15.7178545
 [49] 24.4485004 22.1452844 29.0873310 16.4462207 14.8696082 14.9401174
 [55] 24.1062321 20.7297267 19.3011881 16.0024341 13.8498218  5.7055180
 [61]  4.3450697  0.4530524  0.1338516 15.7200803 15.1329913  7.6723805
 [67]  3.0561911 23.4309633 21.7878502 20.2388286 26.1185858 21.2127259
 [73] 21.1351685 20.9962588 19.0782702 13.4462634  9.5271797  8.6118644
 [79]  5.6678762  2.9188570 14.8269060  6.6357267  5.3342866 18.6374763
 [85] 19.0653245 18.9703502 18.4907211 14.4849893 21.8277495 15.7384373
 [91] 21.1507239 19.6945546 18.1184183 17.7593364 17.4354871 20.3640117
 [97] 16.7079272 11.8731157  7.8613060  7.3597460  8.2207466  7.9370983
[103]  8.2390437  5.7353246  4.4109728  4.3206071  1.8944104 14.5445965
[109] 13.8471302  7.7612820  7.6098722  6.5507589  6.3456563  3.7022547
[115]  1.6873296 11.7773708 18.9685252 18.8798265 17.6418889 13.2502334
[121] 21.5266522 20.0447444 15.0881078 17.1702799 15.0956356  9.7632929
[127]  8.8523133  7.6902663  6.3322293  4.9823576  2.7697285  6.7865986
[133]  2.5777193  0.4874187  7.9254039  7.2775343  6.6345632  5.9240046
[139]  7.4384108  7.0978084  6.2255907  3.1956276  2.7040655  1.7927463
[145] 13.5876534  1.6219125  6.9659385  5.7513282  6.0985296  2.0209210
[151]  2.9470914 15.9242600 17.4479425  9.4671244  7.4035211  4.6317304
[157]  3.9223967  5.8774580  4.9264719  3.6848415  2.1808795  6.0193219
[163]  2.3046022  1.3781626  7.2461980  6.7929145  0.2811905  4.7538409
[169]  4.8603853  2.5452057  6.7080004  5.6284942  3.9932815  0.7589519
[175]  9.3854577  8.8007865  8.1466364  1.4736179  0.7848619  2.7050760
[181] 14.4101844  5.3893599  4.5056477  2.6979867  2.9542534  1.6500075
[187]  1.3494635  4.3710154  1.3238375  3.1218227  2.1624861  0.7283702
[193]  2.7432416  4.1023643  2.5343590  4.9601144  3.5873543  0.6232114
[199]  3.4512539  2.1767289  8.5177960  7.6076985  7.4334603  7.1621308
[205]  1.2257584  3.3635936  2.6557519  0.6564157  2.8188902  2.5710937
[211]  2.6755015  2.4095431  1.8439250  0.5366390  1.9850370  1.3986931
[217]  0.9963307  0.9354340  4.0746972  3.0209981  1.0487043  7.3032804
[223]  6.2406444  4.4703436  1.5725814  1.2801580  6.0090341  0.5242756
[229]  0.3901587  1.6069257  1.1666450  1.0432418  0.2403699  2.9042201
[235]  1.5556321  1.3999508  6.8497929  2.1009686  1.8996720  1.0593482
[241]  1.0050391  4.7021344  0.6127458  5.4207721  5.3467061  1.0201650
[247]  0.9742438  0.9521628  0.7493725  0.9043036  0.3298505  0.3743303
[253]  1.5186531  3.0438268  0.5444231  1.5059702  2.8722418  0.5318100
[259]  2.0706192

$PAR
  [1]  NA   1   1   1   1   1   2   2   3   3   4   5   5   5   5   5   5   5
 [19]   5   5   5   9  11  12  12  12  12  13  15  15  15  15  15  16  16  17
 [37]  17  19  21  22  23  23  25  25  25  26  26  27  28  29  34  36  36  37
 [55]  43  44  44  44  44  44  44  44  44  45  48  48  48  49  50  50  51  51
 [73]  51  51  51  52  52  52  52  52  53  53  53  56  57  57  57  58  68  68
 [91]  69  69  69  69  69  72  72  75  76  76  77  77  78  78  78  78  79  81
[109]  81  81  81  81  81  81  81  85  86  86  86  87  89  89  94  95  95  98
[127]  98  99  99  99  99 100 100 100 101 101 101 102 103 103 103 104 105 107
[145] 109 110 111 112 113 114 116 117 118 126 127 127 127 129 130 130 130 132
[163] 132 133 136 136 137 138 139 139 140 140 140 141 145 145 145 150 150 151
[181] 152 155 155 155 157 158 158 159 160 166 166 166 168 169 169 171 171 172
[199] 173 173 175 176 176 177 178 182 182 182 183 183 184 185 185 189 190 190
[217] 190 193 196 197 200 203 203 203 203 203 204 209 209 212 213 213 219 220
[235] 220 220 222 222 222 222 222 223 225 227 227 231 231 231 232 235 239 241
[253] 244 245 249 253 254 254 257

$EXTANT
  [1] FALSE FALSE FALSE FALSE FALSE FALSE FALSE FALSE FALSE FALSE FALSE FALSE
 [13] FALSE FALSE FALSE FALSE FALSE FALSE FALSE FALSE FALSE FALSE FALSE FALSE
 [25] FALSE FALSE FALSE FALSE FALSE FALSE FALSE FALSE FALSE FALSE FALSE FALSE
 [37] FALSE FALSE FALSE FALSE FALSE FALSE FALSE  TRUE FALSE FALSE FALSE  TRUE
 [49] FALSE FALSE FALSE  TRUE  TRUE FALSE FALSE FALSE FALSE FALSE FALSE FALSE
 [61]  TRUE  TRUE  TRUE FALSE FALSE FALSE  TRUE FALSE FALSE FALSE FALSE FALSE
 [73] FALSE FALSE FALSE FALSE FALSE  TRUE  TRUE  TRUE  TRUE FALSE  TRUE FALSE
 [85] FALSE FALSE FALSE FALSE FALSE FALSE FALSE FALSE FALSE FALSE FALSE FALSE
 [97] FALSE FALSE  TRUE  TRUE  TRUE FALSE  TRUE  TRUE  TRUE FALSE  TRUE FALSE
[109] FALSE  TRUE FALSE FALSE FALSE  TRUE  TRUE FALSE FALSE FALSE FALSE FALSE
[121] FALSE FALSE FALSE FALSE FALSE FALSE  TRUE  TRUE FALSE  TRUE  TRUE  TRUE
[133]  TRUE  TRUE  TRUE  TRUE  TRUE FALSE FALSE FALSE  TRUE FALSE  TRUE  TRUE
[145] FALSE  TRUE FALSE FALSE FALSE  TRUE  TRUE FALSE FALSE FALSE  TRUE FALSE
[157] FALSE  TRUE  TRUE FALSE FALSE FALSE  TRUE  TRUE FALSE  TRUE  TRUE FALSE
[169]  TRUE  TRUE FALSE  TRUE  TRUE  TRUE FALSE FALSE FALSE  TRUE  TRUE  TRUE
[181] FALSE  TRUE  TRUE  TRUE  TRUE FALSE  TRUE  TRUE  TRUE  TRUE  TRUE  TRUE
[193]  TRUE  TRUE  TRUE  TRUE  TRUE  TRUE FALSE  TRUE FALSE FALSE  TRUE FALSE
[205]  TRUE FALSE  TRUE  TRUE  TRUE  TRUE  TRUE  TRUE  TRUE  TRUE  TRUE FALSE
[217]  TRUE  TRUE  TRUE  TRUE  TRUE  TRUE  TRUE FALSE  TRUE  TRUE FALSE FALSE
[229]  TRUE  TRUE  TRUE  TRUE  TRUE FALSE  TRUE  TRUE FALSE  TRUE  TRUE  TRUE
[241]  TRUE FALSE  TRUE  TRUE FALSE  TRUE  TRUE  TRUE  TRUE  TRUE  TRUE  TRUE
[253] FALSE  TRUE  TRUE  TRUE  TRUE  TRUE  TRUE

