
Birth-death simulation object with 387 species and 102 extant species

Details for some species:

Extinction times (NA means extant)
[1] 46.00874 34.98800 29.68136 38.17060 38.63792 35.62806


Speciation times 
[1] 49.26651 48.84231 47.85746 43.20416 41.17058 41.10588


Species parents (NA for initial)
[1] NA  1  2  2  2  2


Species status (extinct or extant)
[1] "extinct" "extinct" "extinct" "extinct" "extinct" "extinct"


For more details on vector y, try sim$y, with y one of
TE TS PAR EXTANT



$TE
  [1] 46.00874161 34.98799935 29.68136479 38.17060104 38.63791929 35.62805590
  [7] 26.64916231 38.78639647 31.00803592 39.05995835 24.63771570 11.56998570
 [13] 32.07300397 38.60885175 41.00320862 17.62235045 36.69787979 35.80919735
 [19] 36.32549166 35.13628852 30.90782269 41.97889232 31.44153196 30.13182980
 [25] 37.97606295 33.28878698 26.10698410 26.32394528 18.57522563 22.44668259
 [31] 22.14498086 15.73078845 19.89454140 32.19859857 24.07366538 16.47900200
 [37] 24.59346473 32.99211644 29.93939835 28.21208298 24.92716090 17.37651416
 [43] 21.41387867 26.33915890 28.93830371 34.99380082 29.16767263 30.18017057
 [49] 38.38804070 23.79916459 15.22620474 26.26297566 35.99434498 16.15309090
 [55]  4.58548464 37.58957937 30.81847811 32.28611498 34.66538402 28.36596610
 [61] 24.47439681 17.07481115 12.75294725 28.35046081 32.82017248 15.75832490
 [67] 32.64260346 17.30772038 21.98594396 14.90608337 16.53788461 19.30713804
 [73] 22.82996022 25.47976558 27.71579615 27.35102530 26.22786970 26.21986113
 [79] 13.63321057 23.12560278 11.16697263 22.10783152 17.32129161 13.60072537
 [85] 14.43250324 28.99758676 14.09831047 23.27180301 24.30931023 15.02000036
 [91] 12.57547660 14.66698101 14.94877370 12.66068573 11.53955814  6.15540747
 [97]  8.12582904  4.95053087          NA 28.90702179 27.38849617 30.67168928
[103] 14.90314942 17.57332890 18.72873261 13.97000099 16.42293034 18.33242760
[109] 13.80722877 11.81923143 13.20470162 11.55000969 15.71769004 13.77259624
[115] 22.97099649 24.29318467 13.13794286 12.59590383  9.56671796 15.00166112
[121] 15.05090521 23.16145904 17.65840495 14.31138863 14.79974433 17.39199431
[127] 12.92904965 11.39523863  9.14763437 11.53831678 25.06764419 19.65581115
[133] 16.99431855 13.78820403 14.50467188 14.85464992 19.74512320 14.24448483
[139] 14.26033068          NA  3.97113605  0.57159016 29.18987224 12.63109252
[145] 16.59420683 18.47077496 13.76383900 14.78872444  7.94848692 15.83246327
[151] 14.84706435 13.26509276  2.65214197 18.67758869 22.77368266 16.04651784
[157] 22.11552481  9.50468112 14.68118898 13.50477951 10.52406547 10.45856601
[163] 12.77433456 14.23368666 14.31104554 14.44673686 11.91358232 12.85356018
[169]  8.62489447 14.67775351 18.99020737          NA 15.22851387 14.87443804
[175] 13.95984527 14.62822372 12.37272081 14.30180165 13.94515403 13.63126465
[181]          NA  1.61621463  5.33603143  4.66795069  1.98948021          NA
[187]  0.37782646  0.17759408          NA          NA          NA  3.97775087
[193]  3.45490516          NA          NA 14.58758313 13.65298481 17.97874428
[199] 15.20899742 11.05710185 13.30262448 12.63636545 12.65899109  8.45369360
[205]          NA 16.99678915 13.85239458 14.28642820  9.40141516          NA
[211] 12.27937788 13.69279396  8.24415080 12.81177694 12.76112116 14.52646389
[217] 10.42586397 11.26803991  3.05450572          NA          NA 15.09635871
[223] 14.11190875 11.72112799 13.61083746 14.98892874 14.61799964 11.48646145
[229]          NA  1.71179458  3.22893639          NA          NA          NA
[235]          NA  7.08872742          NA          NA          NA          NA
[241]  0.10692001          NA          NA          NA          NA          NA
[247] 14.08721130 20.91729959 18.21941381          NA 10.73288335 15.32010734
[253] 15.26151399  4.27337743          NA  2.84800178          NA  3.03238641
[259]  2.36364204          NA          NA 15.06715214 13.27520762  2.13159326
[265] 14.74633749          NA          NA          NA  0.22889194 14.61368157
[271] 14.75228061 15.40936678 13.82956253 14.04895570          NA          NA
[277]  2.03875357          NA          NA          NA  7.71493087  3.84758258
[283]  5.03450333  3.96493075  2.31321520          NA          NA  0.59976569
[289]  0.54460457          NA          NA          NA          NA 10.83610550
[295]          NA  6.56920953  2.46056532          NA          NA 10.77648128
[301] 14.79828502  1.53759887  6.13064102  0.83208897          NA          NA
[307]  1.44828518  2.49108106          NA 16.59179152 16.26873685          NA
[313]          NA          NA  2.91691532  5.00848940  5.32809731  1.41256208
[319] 14.87574143  2.79143384          NA          NA          NA  2.47357138
[325]  3.73143242          NA  7.67149459  5.51412885  4.99933218          NA
[331]          NA  3.53431888          NA 13.97562500  3.37257830  1.64475997
[337]          NA  1.25935366          NA  2.85346167          NA          NA
[343]          NA          NA          NA  0.80581714          NA          NA
[349]  4.44309225          NA  0.73919922  4.20795147          NA          NA
[355]          NA          NA          NA          NA  2.45811014  6.00626691
[361]          NA  5.69809880          NA          NA          NA          NA
[367]          NA          NA          NA          NA          NA          NA
[373]          NA          NA          NA  6.22527114  0.06078076  0.04716557
[379]          NA          NA          NA          NA          NA          NA
[385]          NA          NA          NA

$TS
  [1] 49.26651148 48.84230801 47.85745991 43.20416250 41.17057770 41.10587747
  [7] 36.67930965 45.91224774 42.03835396 40.85295750 30.93822862 30.46284169
 [13] 41.44214616 39.27638484 41.01432034 39.54651765 38.02140639 37.33453848
 [19] 36.37820916 36.12680349 34.49546833 45.27117163 42.52422695 40.09346652
 [25] 39.60112933 33.53201885 32.73159945 30.47394860 25.43199211 24.59769336
 [31] 23.87346287 21.09841185 21.00116927 36.42067575 32.90614739 38.86656522
 [37] 36.63043503 34.11635354 33.99553078 29.53283296 26.34149179 18.49779095
 [43] 32.25265543 31.58076413 31.48325371 37.69027089 34.50173977 33.27866909
 [49] 39.73920817 29.93920731 26.76307001 26.82685956 36.21046329 32.14352918
 [55] 28.50914140 38.56484270 36.68664481 36.01720788 35.79867823 32.64915487
 [61] 27.93157473 20.13663779 17.22775505 36.12862939 33.61332984 31.40362857
 [67] 33.52967766 28.79147796 26.00302620 30.07453449 24.45811870 24.30873371
 [73] 26.61249956 26.59539775 30.72591216 31.82265475 31.40073166 29.15663674
 [79] 28.54027728 26.60680227 24.09028382 23.63045899 21.90645913 20.44901927
 [85] 16.67103827 31.30825635 30.56177388 27.89327970 27.01648310 25.62320284
 [91] 20.29477611 16.91564953 22.81628671 15.75404092 15.45464172  9.37723031
 [97]  9.25378021  8.90174934  8.17217882 32.77022783 35.06193977 33.54613429
[103] 23.64830750 20.32026318 19.96543813 23.85669978 28.62749279 26.10110754
[109] 23.06654618 18.66437963 17.74787947 24.18816743 23.16654919 21.70740080
[115] 26.42030702 25.64590858 30.85571143 19.96301482 17.15084045 16.40955642
[121] 24.21758141 23.54086856 20.75906513 20.25912628 19.65268080 18.06988391
[127] 14.37082586 13.78412780 15.67392830 26.12839371 26.07308002 25.53434988
[133] 25.30032852 15.47620173 14.89547018 15.29391313 22.06126170 18.76286682
[139] 18.30352935  8.95171464  6.49366736  8.91436463 32.03876344 22.08244493
[145] 25.07219382 19.77123846 19.20100473 18.07633126 16.91970299 16.06294491
[151] 21.26902371 18.21424227 14.65272961 19.65676372 24.35034721 25.30740682
[157] 24.38738935 18.31928877 15.16537922 15.17965095 11.16755097 10.67571475
[163] 15.03283570 23.11346347 18.13526513 16.81218585 15.13716373 17.75599280
[169]  9.90714008 19.68665850 19.10488911 12.86455931 19.70445214 18.89515932
[175] 14.44741732 14.89187767 14.59990619 21.00367232 17.36869096 15.41571743
[181]  8.16040892  7.12580188  6.12681331  5.70358106  5.52685037  4.74931849
[187]  4.55025306  3.07694862  8.91027378  7.13347401  6.14321195  4.53501942
[193]  3.97547823  2.84494661  2.11446362 15.80414706 24.72593528 22.34827222
[199] 15.24832578 13.78822516 13.65062246 15.93560109 18.02590715  9.22096294
[205]  3.44180677 23.44691310 22.80802706 15.22596765 13.80925033 11.71488405
[211] 13.09548353 20.08580292 18.63037066 15.02127632 13.51777686 14.76617942
[217] 12.77889321 11.79678005  5.20535958  4.32237881  3.88842437 15.18949533
[223] 20.42995023 18.62279903 18.23744835 16.64092210 15.17745994 14.83043478
[229]  1.97288660  5.56047100  4.21991640  3.11038914  1.05478660  0.45229537
[235]  1.72863638  8.69545902  8.19501481  1.74491032  4.96472471  2.28399523
[241]  1.51678458  0.74143129  5.61904169  0.56358406  3.74899486  0.14400541
[247] 15.63310319 24.35046240 20.61903228 13.61785637 13.30943725 15.39257770
[253] 17.56653369 13.63991934  8.14367106  7.43861384  7.03782799  5.62182707
[259]  5.54650743  2.91766390  0.52932246 17.59117688 17.49823157 10.94889780
[265] 14.97108035 10.59149681  2.35998031  1.13219097  0.44109877 18.34110969
[271] 16.21761706 17.88613548 14.39744487 14.13608411  5.33964955  2.85265100
[277]  3.80939913  1.00575071  0.58428495  8.66825271  8.59079708  8.16692490
[283]  7.36403357  7.32176544  7.21722060  0.85950701  0.85115916  0.77621361
[289]  4.85938186  3.08591233  1.06240312  3.22007450  3.02884689 12.44424547
[295]  9.55334545  9.10545302  6.46436701  5.66018674  3.81321735 11.75694484
[301] 15.36384059  8.67225576  8.16887409  6.58958168  6.45505995  0.01115584
[307]  3.75762079  5.07414027  1.01778015 17.55807392 17.48878562  3.57802314
[313]  2.84297271 10.10783246  9.66045403  7.75073588  5.74381500  1.84920767
[319] 17.80424724  3.87939761  1.09736502  3.18208688  4.04652760  5.64015139
[325]  6.98141063  2.95376496  8.99969026  8.86765432  7.14257261  4.57764618
[331]  7.84119366  7.50252880  1.75845196 15.13853765  5.11127305  3.95860498
[337]  3.09607400  2.15622541  2.12541657  5.97239723  3.54457986  0.20209780
[343]  0.17436096  2.64551536  2.50479897  1.08531653  0.03065310  1.54550042
[349]  8.07123743  3.42577827  8.59372124  5.71554981  3.03537298  2.88455529
[355]  1.55622482  0.88777954  5.00051794  8.24657203  8.81885215  6.06396893
[361]  5.77063512  7.19489457  2.74345092  1.65832155  1.91469469  1.44989080
[367]  0.71921841  0.41691601  5.98845025  3.14360762  0.02982356  0.40380476
[373]  0.03233317  3.62603546  2.85521532  6.22960511  4.25772512  2.28088862
[379]  1.91241148  0.66139242  2.85670172  0.47242384  1.01402933  0.73563570
[385]  0.54009811  0.92649503  0.58644809

$PAR
  [1]  NA   1   2   2   2   2   2   3   3   3   3   3   4   4   6   6   6   6
 [19]   6   6   7   8   8   8   8   9   9  11  12  12  12  12  12  13  13  14
 [37]  16  16  16  16  16  16  21  21  21  23  23  23  24  27  27  28  34  35
 [55]  35  36  36  36  36  36  36  36  36  37  37  37  38  40  41  43  43  43
 [73]  44  44  45  48  48  50  50  50  51  51  51  51  51  54  54  54  54  54
 [91]  54  54  55  55  55  55  55  55  55  57  59  65  68  68  68  69  70  70
[109]  70  70  70  72  72  72  73  73  77  79  79  79  80  80  81  81  83  84
[127]  84  84  85  87  87  88  89  90  91  92  93  93  93  96  96  97 100 103
[145] 107 107 108 109 110 111 112 112 112 113 115 116 116 118 118 119 119 119
[163] 120 121 124 124 125 126 129 130 130 130 133 133 134 135 135 137 139 139
[181] 140 140 140 140 140 140 140 140 142 142 142 142 142 142 142 144 145 145
[199] 149 149 149 150 151 153 153 155 157 158 158 158 163 164 164 166 167 168
[217] 172 172 172 172 172 174 178 178 178 179 179 180 181 184 186 186 186 186
[235] 188 189 189 189 190 190 190 190 191 191 193 195 196 197 197 200 200 202
[253] 203 203 210 210 210 210 210 210 210 212 213 213 214 217 221 221 221 223
[271] 224 225 225 225 230 230 231 232 235 236 236 236 236 236 236 237 238 238
[289] 239 239 243 245 245 250 250 250 250 250 250 251 252 254 254 255 255 255
[307] 258 259 260 262 263 264 264 266 266 266 266 267 272 275 276 277 280 282
[325] 283 290 295 295 295 295 296 296 298 301 304 304 304 304 304 305 305 305
[343] 305 308 308 312 312 313 314 314 315 317 320 323 323 323 325 327 328 328
[361] 329 331 331 333 339 339 339 345 351 351 353 354 355 357 358 359 359 361
[379] 361 369 370 374 377 379 379 381 384

$EXTANT
  [1] FALSE FALSE FALSE FALSE FALSE FALSE FALSE FALSE FALSE FALSE FALSE FALSE
 [13] FALSE FALSE FALSE FALSE FALSE FALSE FALSE FALSE FALSE FALSE FALSE FALSE
 [25] FALSE FALSE FALSE FALSE FALSE FALSE FALSE FALSE FALSE FALSE FALSE FALSE
 [37] FALSE FALSE FALSE FALSE FALSE FALSE FALSE FALSE FALSE FALSE FALSE FALSE
 [49] FALSE FALSE FALSE FALSE FALSE FALSE FALSE FALSE FALSE FALSE FALSE FALSE
 [61] FALSE FALSE FALSE FALSE FALSE FALSE FALSE FALSE FALSE FALSE FALSE FALSE
 [73] FALSE FALSE FALSE FALSE FALSE FALSE FALSE FALSE FALSE FALSE FALSE FALSE
 [85] FALSE FALSE FALSE FALSE FALSE FALSE FALSE FALSE FALSE FALSE FALSE FALSE
 [97] FALSE FALSE  TRUE FALSE FALSE FALSE FALSE FALSE FALSE FALSE FALSE FALSE
[109] FALSE FALSE FALSE FALSE FALSE FALSE FALSE FALSE FALSE FALSE FALSE FALSE
[121] FALSE FALSE FALSE FALSE FALSE FALSE FALSE FALSE FALSE FALSE FALSE FALSE
[133] FALSE FALSE FALSE FALSE FALSE FALSE FALSE  TRUE FALSE FALSE FALSE FALSE
[145] FALSE FALSE FALSE FALSE FALSE FALSE FALSE FALSE FALSE FALSE FALSE FALSE
[157] FALSE FALSE FALSE FALSE FALSE FALSE FALSE FALSE FALSE FALSE FALSE FALSE
[169] FALSE FALSE FALSE  TRUE FALSE FALSE FALSE FALSE FALSE FALSE FALSE FALSE
[181]  TRUE FALSE FALSE FALSE FALSE  TRUE FALSE FALSE  TRUE  TRUE  TRUE FALSE
[193] FALSE  TRUE  TRUE FALSE FALSE FALSE FALSE FALSE FALSE FALSE FALSE FALSE
[205]  TRUE FALSE FALSE FALSE FALSE  TRUE FALSE FALSE FALSE FALSE FALSE FALSE
[217] FALSE FALSE FALSE  TRUE  TRUE FALSE FALSE FALSE FALSE FALSE FALSE FALSE
[229]  TRUE FALSE FALSE  TRUE  TRUE  TRUE  TRUE FALSE  TRUE  TRUE  TRUE  TRUE
[241] FALSE  TRUE  TRUE  TRUE  TRUE  TRUE FALSE FALSE FALSE  TRUE FALSE FALSE
[253] FALSE FALSE  TRUE FALSE  TRUE FALSE FALSE  TRUE  TRUE FALSE FALSE FALSE
[265] FALSE  TRUE  TRUE  TRUE FALSE FALSE FALSE FALSE FALSE FALSE  TRUE  TRUE
[277] FALSE  TRUE  TRUE  TRUE FALSE FALSE FALSE FALSE FALSE  TRUE  TRUE FALSE
[289] FALSE  TRUE  TRUE  TRUE  TRUE FALSE  TRUE FALSE FALSE  TRUE  TRUE FALSE
[301] FALSE FALSE FALSE FALSE  TRUE  TRUE FALSE FALSE  TRUE FALSE FALSE  TRUE
[313]  TRUE  TRUE FALSE FALSE FALSE FALSE FALSE FALSE  TRUE  TRUE  TRUE FALSE
[325] FALSE  TRUE FALSE FALSE FALSE  TRUE  TRUE FALSE  TRUE FALSE FALSE FALSE
[337]  TRUE FALSE  TRUE FALSE  TRUE  TRUE  TRUE  TRUE  TRUE FALSE  TRUE  TRUE
[349] FALSE  TRUE FALSE FALSE  TRUE  TRUE  TRUE  TRUE  TRUE  TRUE FALSE FALSE
[361]  TRUE FALSE  TRUE  TRUE  TRUE  TRUE  TRUE  TRUE  TRUE  TRUE  TRUE  TRUE
[373]  TRUE  TRUE  TRUE FALSE FALSE FALSE  TRUE  TRUE  TRUE  TRUE  TRUE  TRUE
[385]  TRUE  TRUE  TRUE

