
Birth-death simulation object with 133 species and 20 extant species

Details for some species:

Extinction times (NA means extant)
[1] 35.99201 40.91782 27.18672 31.53751 33.93092 14.91535


Speciation times 
[1] 49.26651 43.21920 40.95743 38.75667 34.24806 28.70202


Species parents (NA for initial)
[1] NA  1  1  1  3  3


Species status (extinct or extant)
[1] "extinct" "extinct" "extinct" "extinct" "extinct" "extinct"


For more details on vector y, try sim$y, with y one of
TE TS PAR EXTANT



$TE
  [1] 35.9920127 40.9178182 27.1867239 31.5375129 33.9309235 14.9153520
  [7] 29.7930657 14.8095024 16.3265694 14.0846680 21.6249376 16.9290365
 [13] 29.2651766 22.5692126 13.4667321 14.2852858 15.0567157 14.2243032
 [19] 14.9031947 12.1920314 14.0712723 14.9700089 13.6744790 12.5766221
 [25] 15.4932710 27.8115647 28.8059325 17.4762675 19.9280646 22.1623133
 [31] 14.0897509 14.3762744 12.3982261 13.8246726 14.8592649 13.9961466
 [37] 14.5020105 14.2192084 24.0860180 20.4178167 14.0404533 15.4515429
 [43] 13.5726587 19.4523834 19.8392799 12.1911543 12.3160895 14.3996536
 [49] 15.2667598 14.3176390 19.4122858 20.8365231 13.4343492 15.1316396
 [55] 14.3854816 15.0169614 10.0040683 17.4154265 14.7020130 22.6921891
 [61]  5.7805248 12.2146029 20.2949516 18.9302724 15.1282235 12.4576253
 [67] 15.1962856 10.8349788 15.0401428 14.6773509 14.6227589 10.8905777
 [73]  4.4352563 14.6152605 13.4314973 12.0584425         NA 15.0948063
 [79] 16.2795756 14.2114848 13.4480962 15.1909646 13.7191735 17.2343133
 [85]  3.7236005  2.5235697 17.9816028 10.5218182         NA         NA
 [91]         NA 15.7008021 15.3541770 17.2268935 15.9069606 16.1409183
 [97] 13.4392081         NA  8.4505896         NA         NA 12.5759678
[103]  0.8213329  3.4963584  0.8336015         NA  6.1969085  1.2352394
[109]         NA 13.8334313 12.6643738 12.0609086  3.0502892  2.5064255
[115]         NA         NA 14.6832721 12.3492433  7.1679871  2.0072157
[121]         NA  2.5139036  0.3222438 11.8996803 11.8016519         NA
[127]         NA         NA         NA         NA         NA         NA
[133]         NA

$TS
  [1] 49.2665115 43.2191984 40.9574283 38.7566697 34.2480639 28.7020244
  [7] 32.6879502 32.4385962 28.3439213 24.2199854 21.6586177 30.1149985
 [13] 32.1759345 29.6764307 26.1131030 20.7275879 19.3727980 15.2480928
 [19] 19.8083775 16.6083546 20.4088168 17.8532330 15.0386807 25.9661200
 [25] 21.2410240 31.2928979 30.6629921 25.4407961 25.2614777 24.9365013
 [31] 19.0402766 17.5879123 13.8577257 16.7305713 15.7866028 18.9693753
 [37] 16.2199603 17.7573996 30.9064238 23.4450550 21.4139835 20.5067933
 [43] 19.0929255 22.3734516 22.2643887 15.7807189 16.0357974 14.4392858
 [49] 17.1365001 15.1110993 26.7043580 25.5895363 16.5410617 21.9621550
 [55] 21.5476167 21.3496646 15.4796116 21.8699063 24.8109429 23.1289392
 [61] 21.2387999 20.6487534 20.3301870 20.0024946 16.2238798 16.0885024
 [67] 21.1610650 10.9254023 21.3444117 17.3609923 19.6784049 12.6550882
 [73]  7.0602982 19.2880326 14.0605968 13.7295817 12.8779811 21.0890453
 [79] 18.2416466 20.1928476 16.9999340 16.3744027 16.7989895 18.2019763
 [85]  6.1244548  5.8940509 18.2058816 12.1166628  7.6171710  3.9565856
 [91]  1.5800389 16.6349378 16.0816187 17.7822310 20.0200762 16.3673341
 [97] 13.5789709  5.8420485 11.0087349  5.6139551  0.3141293 19.7570641
[103]  5.6181313  4.8676715  2.3468581  2.0319467  8.8771983  2.7967302
[109] 19.1943596 19.0309683 13.0259689 12.5835629  4.4752366  4.2257652
[115]  1.4282067  6.9076444 15.3970966 14.7500873  9.9718098  5.2933777
[121]  3.5067486  6.2877293  4.3400398 13.8313624 12.5204075  3.6495218
[127]  2.2922473  1.4995247  2.6309161  0.8576411  0.6607950  0.3535372
[133]  1.5383054

$PAR
  [1]  NA   1   1   1   3   3   4   4   6   6   6   7   8   8   8   8   8   8
 [19]   9   9  10  10  10  12  12  13  13  14  14  14  15  15  15  17  19  21
 [37]  22  25  26  28  28  28  28  30  30  31  34  34  36  38  39  39  41  44
 [55]  44  45  49  51  52  52  55  55  55  55  55  55  56  57  59  59  61  61
 [73]  61  62  62  62  62  67  67  69  69  69  70  71  73  73  74  76  77  77
 [91]  77  78  78  79  80  80  81  85  88  89  89  95  98  98  98  98  99 100
[109] 102 102 102 102 104 104 106 107 109 109 109 109 114 116 116 118 118 120
[127] 120 121 123 123 128 128 129

$EXTANT
  [1] FALSE FALSE FALSE FALSE FALSE FALSE FALSE FALSE FALSE FALSE FALSE FALSE
 [13] FALSE FALSE FALSE FALSE FALSE FALSE FALSE FALSE FALSE FALSE FALSE FALSE
 [25] FALSE FALSE FALSE FALSE FALSE FALSE FALSE FALSE FALSE FALSE FALSE FALSE
 [37] FALSE FALSE FALSE FALSE FALSE FALSE FALSE FALSE FALSE FALSE FALSE FALSE
 [49] FALSE FALSE FALSE FALSE FALSE FALSE FALSE FALSE FALSE FALSE FALSE FALSE
 [61] FALSE FALSE FALSE FALSE FALSE FALSE FALSE FALSE FALSE FALSE FALSE FALSE
 [73] FALSE FALSE FALSE FALSE  TRUE FALSE FALSE FALSE FALSE FALSE FALSE FALSE
 [85] FALSE FALSE FALSE FALSE  TRUE  TRUE  TRUE FALSE FALSE FALSE FALSE FALSE
 [97] FALSE  TRUE FALSE  TRUE  TRUE FALSE FALSE FALSE FALSE  TRUE FALSE FALSE
[109]  TRUE FALSE FALSE FALSE FALSE FALSE  TRUE  TRUE FALSE FALSE FALSE FALSE
[121]  TRUE FALSE FALSE FALSE FALSE  TRUE  TRUE  TRUE  TRUE  TRUE  TRUE  TRUE
[133]  TRUE

