
Birth-death simulation object with 129 species and 30 extant species

Details for some species:

Extinction times (NA means extant)
[1] 46.77401 28.98542 33.97258 34.73541 29.35467 38.76919


Speciation times 
[1] 49.26651 48.34290 46.12782 39.81390 38.05434 45.80539


Species parents (NA for initial)
[1] NA  1  2  2  2  3


Species status (extinct or extant)
[1] "extinct" "extinct" "extinct" "extinct" "extinct" "extinct"


For more details on vector y, try sim$y, with y one of
TE TS PAR EXTANT



$TE
  [1] 46.7740082 28.9854161 33.9725760 34.7354111 29.3546706 38.7691898
  [7] 34.8903137 30.6744201 16.4331686 22.7616771 21.7482410 16.0182983
 [13] 13.3554333 21.3124724 14.6658810 18.1245038 27.1921142 23.4676990
 [19] 29.9262342 23.6500417 16.7894972 14.8812715 20.3085119 14.0794091
 [25] 26.0122058 28.8065284 23.5531751 11.4362587 14.0076616 12.9043283
 [31] 13.2093133 19.1436495 17.7773083 27.7560193 23.1962195 20.3062330
 [37] 15.1104437 14.4507382 21.7581232 14.3555742 11.9130826 13.8432028
 [43] 20.0365876 26.0703231 20.9761362 14.6950564         NA 12.8463058
 [49]         NA 12.6653555 11.0159100 13.8204282 25.3669986 26.3582495
 [55] 18.5598536 10.3011818         NA         NA  3.8785836         NA
 [61]  6.9849455  7.5669613  6.0481855  0.9113154 14.1097826 10.7574418
 [67]  5.8790250 14.1360612  4.5889095         NA         NA         NA
 [73]         NA         NA  0.4466529  1.2603788  0.6488123  7.3124815
 [79]         NA  3.3409351         NA         NA         NA         NA
 [85] 15.0698936 10.0818904 15.3185141 14.3144353 10.4312775 12.5127151
 [91] 10.9586371  9.0323152  4.1175820  0.8087332 14.2282740  3.9460917
 [97]         NA  6.1239102  3.4675008  0.9021275  1.1089701         NA
[103]  1.7275101 13.0642158 11.7178700  3.8261487  1.5429397 14.4809797
[109]         NA  5.3121741  0.2872725         NA  5.7630295         NA
[115]  1.6042125  5.3995655         NA  1.9387957  6.0648732         NA
[121]         NA         NA         NA         NA  5.1524254         NA
[127]         NA         NA         NA

$TS
  [1] 49.2665115 48.3429036 46.1278187 39.8139010 38.0543439 45.8053907
  [7] 39.8172903 34.0025484 32.0979260 39.9605398 36.7124347 35.8625528
 [13] 32.5675128 27.4531885 24.2632737 19.3297823 37.6429602 31.6533961
 [19] 36.0505510 25.4395375 30.8373467 23.4910735 20.9877096 19.2861779
 [25] 30.5905185 29.7485445 24.5464411 20.9952269 16.6930688 14.1081717
 [31] 23.5229923 19.2971610 18.2258492 30.0025229 25.0000085 24.0519548
 [37] 21.3054815 20.2976846 22.3979412 15.8663572 14.5755058 14.2390805
 [43] 29.1246379 27.3999465 26.6398862 15.3834480 14.7968069 15.4513936
 [49] 17.4459068 13.9872791 19.0659502 27.4884262 26.4295286 26.5440951
 [55] 25.7500650 10.5702837  7.6743415  6.7671894  6.7080609 13.2180625
 [61]  9.8031982  9.1700182  7.6371634  7.5040767 15.4131389 12.9527733
 [67] 23.0724307 19.8508104 19.3196757  1.9615843  1.2157690  4.9619938
 [73]  3.4481538  0.2874991  4.6315002  8.4585524  3.9521798  8.7054298
 [79]  7.1073312  7.0241517  7.3601966  3.7178877  3.1904306  1.3623767
 [85] 15.2206259 14.3691813 18.3150614 15.1480075 13.9795343 12.6779022
 [91] 11.0883745  9.3742389  8.4527100  7.6074854 17.2238204 11.1015343
 [97]  5.8824716  8.3476804  8.1147601  7.0099414  3.7021276  1.7150207
[103]  4.2502061 13.4081079 12.3533995  7.6147984  7.2391745 15.8282232
[109]  6.8106647  6.1156362  3.4801290  8.2330696  6.2277422  6.1533679
[115]  3.8711584  6.8850701  2.7915965  2.6697163  6.6315130  1.0109282
[121]  3.3907804  3.0699243  2.3452400  2.0152895  7.8871163  6.1660549
[127]  3.9749441  5.9881597  0.1406224

$PAR
  [1]  NA   1   2   2   2   3   3   3   5   6   7   7   8   9   9   9  10  10
 [19]  11  11  12  12  12  12  13  13  13  13  13  13  15  15  16  17  21  21
 [37]  21  21  22  24  24  24  25  25  25  28  28  29  31  31  38  43  44  45
 [55]  45  47  47  47  47  49  49  49  49  49  51  51  52  55  55  57  57  58
 [73]  58  58  59  60  60  61  63  63  64  64  64  64  65  65  67  67  67  67
 [91]  67  67  67  67  68  69  69  76  76  79  79  79  81  89  89  93  94  95
[109]  96  96  97  98  98  98  99 100 101 103 107 109 111 111 111 111 112 112
[127] 112 125 128

$EXTANT
  [1] FALSE FALSE FALSE FALSE FALSE FALSE FALSE FALSE FALSE FALSE FALSE FALSE
 [13] FALSE FALSE FALSE FALSE FALSE FALSE FALSE FALSE FALSE FALSE FALSE FALSE
 [25] FALSE FALSE FALSE FALSE FALSE FALSE FALSE FALSE FALSE FALSE FALSE FALSE
 [37] FALSE FALSE FALSE FALSE FALSE FALSE FALSE FALSE FALSE FALSE  TRUE FALSE
 [49]  TRUE FALSE FALSE FALSE FALSE FALSE FALSE FALSE  TRUE  TRUE FALSE  TRUE
 [61] FALSE FALSE FALSE FALSE FALSE FALSE FALSE FALSE FALSE  TRUE  TRUE  TRUE
 [73]  TRUE  TRUE FALSE FALSE FALSE FALSE  TRUE FALSE  TRUE  TRUE  TRUE  TRUE
 [85] FALSE FALSE FALSE FALSE FALSE FALSE FALSE FALSE FALSE FALSE FALSE FALSE
 [97]  TRUE FALSE FALSE FALSE FALSE  TRUE FALSE FALSE FALSE FALSE FALSE FALSE
[109]  TRUE FALSE FALSE  TRUE FALSE  TRUE FALSE FALSE  TRUE FALSE FALSE  TRUE
[121]  TRUE  TRUE  TRUE  TRUE FALSE  TRUE  TRUE  TRUE  TRUE

