
Birth-death simulation object with 367 species and 167 extant species

Details for some species:

Extinction times (NA means extant)
[1] 45.04016 40.87381 46.74921 22.68224 13.01736 35.98637


Speciation times 
[1] 49.26651 48.20862 47.40323 44.09687 43.25951 42.16990


Species parents (NA for initial)
[1] NA  1  1  2  2  4


Species status (extinct or extant)
[1] "extinct" "extinct" "extinct" "extinct" "extinct" "extinct"


For more details on vector y, try sim$y, with y one of
TE TS PAR EXTANT



$TE
  [1] 45.04016080 40.87380879 46.74921411 22.68223964 13.01735985 35.98637032
  [7] 35.06203381 30.80513152 28.39687158 10.49748960 23.25693550 15.72460091
 [13] 25.84809584 15.02892953  9.33505929 13.90220126 14.50767579 19.93428515
 [19] 17.60759246 16.19714271 13.10363027  5.84030570 21.55296989 21.05536196
 [25] 11.56486712 17.90427071  5.38896093 20.72665981 17.48601385 22.27854546
 [31]          NA 11.91670253 14.95051107 21.32184885 25.08268089 24.40067269
 [37]          NA 18.46623412 17.18090855 18.15240934 18.41552545 20.72505430
 [43] 15.80981474 15.25713391  0.13122938  5.73991996          NA 10.73726576
 [49]          NA 19.45600677 19.05403870 17.34975155 14.87817299 18.44867541
 [55] 15.24549438  3.62649119  6.90081547  4.74393392  2.64745087          NA
 [61] 15.35530876 14.41644875 15.60801632 12.25454621          NA          NA
 [67]  4.62625437  2.42904045          NA 20.83184434 15.57289007 19.14413660
 [73] 13.99578734 14.72592118  2.51353818 15.15314790  1.50186740          NA
 [79]          NA          NA          NA          NA  2.87724896          NA
 [85]          NA          NA 13.00732246 21.65421830 15.38904307 11.48302813
 [91]          NA 10.96331567 12.00308820 15.99362751 12.16621825 10.24938813
 [97]  4.40576099          NA          NA 19.36686915 14.14450294  5.06049342
[103]  3.19618827          NA  0.33898560  4.48756703          NA  3.99721724
[109]          NA 14.82071702 13.15826265 14.52339689          NA 11.66588907
[115]  2.73361564          NA 15.22524051 16.31468919 11.17343136 14.74442053
[121] 14.25284208 12.04745333          NA  4.90514524          NA          NA
[127]          NA          NA  4.80660202          NA  3.05844420          NA
[133]          NA          NA  0.41749094          NA 16.21452973 15.85339702
[139] 14.69876976 14.89854621 11.68809632  9.44600403  4.20262317  5.01874913
[145]  3.44365084          NA          NA 11.60390025 16.86098961 15.36999903
[151] 14.80529705  3.79171198          NA  3.64384151          NA          NA
[157]  0.04868045          NA          NA 14.12443055  9.58750927  2.57100162
[163] 12.67152753          NA  1.34886536  6.08785852          NA  3.38616513
[169]          NA 13.36300270 14.63825337 14.52852110  5.68220396 11.84219961
[175] 13.54738781  3.30229505  1.64055710  2.55260553          NA  1.36527565
[181]          NA  1.24853146  0.86976730          NA          NA          NA
[187]          NA 12.43059066 18.36518894  4.41461075          NA 11.61970043
[193] 12.70266979 15.54876812          NA  0.49747839          NA  6.14801858
[199]          NA          NA          NA          NA          NA  3.37191094
[205]  4.52118890          NA  5.00157331          NA          NA          NA
[211]          NA          NA  5.33770042          NA 13.23486789 13.64637883
[217]  2.68956366 12.17884413 10.86799704 12.24514686  2.72590961          NA
[223]  0.54612674          NA          NA          NA          NA          NA
[229]          NA          NA          NA 14.15961437          NA          NA
[235]          NA          NA 13.37352213  1.44711262          NA  2.98699565
[241]  7.92942471  1.36553228  6.51582206          NA          NA          NA
[247]          NA          NA          NA  2.15379381          NA          NA
[253] 14.14127787  6.01701443  2.91517014 13.81946490 14.51621392 11.82456384
[259]          NA          NA  1.26483904          NA          NA  1.85553901
[265]          NA          NA          NA          NA          NA  5.32491012
[271]  0.18301859  4.04799078  1.68722473          NA          NA          NA
[277]  4.02880753          NA          NA          NA          NA 11.50033104
[283]          NA          NA  7.45720970          NA  3.49018870          NA
[289]          NA          NA          NA          NA          NA  2.61574360
[295]          NA          NA  1.75823391          NA  0.60138699          NA
[301]          NA  2.27028020  2.31178930          NA 10.54161607          NA
[307]          NA  3.78868246          NA          NA          NA          NA
[313]          NA  0.88500924          NA          NA          NA          NA
[319]  2.32817111          NA          NA  1.85166751          NA          NA
[325]          NA  9.93775613  3.00182500  0.89902292          NA          NA
[331]  4.74831996          NA          NA          NA          NA          NA
[337]          NA  0.73817799          NA          NA          NA          NA
[343]  1.30923695          NA          NA          NA          NA          NA
[349]  0.98492076          NA          NA          NA  1.35817662          NA
[355]          NA          NA          NA  0.02367270          NA          NA
[361]          NA          NA          NA          NA          NA          NA
[367]          NA

$TS
  [1] 49.26651148 48.20861801 47.40322770 44.09686963 43.25951144 42.16990241
  [7] 39.62804121 34.76886314 30.14642950 25.55816062 25.40248080 34.02834232
 [13] 31.73149096 22.97272002 16.91152666 15.32634200 14.53089751 23.60043111
 [19] 18.83495428 16.90284315 13.83784511 10.98834957 24.97856062 23.37597373
 [25] 31.17522272 27.97313815 26.21894966 21.51094460 30.69863032 26.82568304
 [31] 13.35913380 13.11479291 20.44855064 22.35455115 26.36102546 24.67615825
 [37] 22.61497875 24.71513880 21.09858150 20.63658969 21.50467879 20.93086942
 [43] 18.55524103 17.67791153  9.52882605  9.32425112  5.98355969 25.41534784
 [49] 21.16134265 20.96977764 20.49894143 18.94165382 17.58430930 24.93594777
 [55] 22.43176187 11.34358382 11.25022060  8.09972652  6.27051669  5.28059099
 [61] 19.74216980 19.58287031 17.40887956 14.37089840 11.39333689  7.91756444
 [67]  6.97204474  4.20673646  3.05650113 21.81126446 20.70691169 20.85221828
 [73] 18.41617543 19.47499610 16.96061683 16.40635007  6.15165090  4.30312998
 [79]  1.80886438  0.86490444  6.82044224  5.90998883  3.52492713  3.17518028
 [85]  3.15406868  0.16647954 23.44023060 23.25439810 23.21689634 13.56377342
 [91] 13.20032908 20.14440380 20.04031564 16.24844982 13.52617297 13.03456078
 [97]  7.27014372  6.20690164  0.14319452 20.01547103 15.38949616  7.23238977
[103]  6.69856518  6.08152198  3.90487590  7.93255789  7.84784655  5.89107086
[109]  5.49266349 18.71969355 17.51257391 17.22748668 14.60254926 13.84447573
[115]  9.94248925  2.40832240 20.02744104 17.09921111 19.16171170 18.29656558
[121] 18.29207081 12.27505230  9.52886648  9.08892429  7.61435518  7.44885361
[127]  7.04572948  5.25157789  5.43612759  2.50280931  3.91724576  3.77651929
[133]  1.05538719  0.08818047  2.72730846  1.00221822 21.81785176 17.59812638
[139] 20.20613720 19.19255811 12.76168131 11.86254621  7.50292638  7.34047564
[145]  5.55839781  1.13935153  0.34831409 17.19999698 16.90678042 18.98464100
[151] 16.49749275  5.51232602  5.75855276  3.85616650  1.17448972  7.33442161
[157]  2.46627940  1.99541099  4.61334546 14.81869550 12.83116413  8.72995611
[163] 13.65817716  9.24666010  6.53287113  6.35810128  4.02467720  3.96422104
[169]  0.12128673 17.22158223 15.75609775 14.61828385 12.21058144 17.09155186
[175] 15.19931723  6.95385086  4.41455402  3.78689292  3.52729531  2.26319912
[181]  6.27293314  6.06351542  3.71800967  2.96778345  2.21783009  0.76102557
[187]  0.28264942 19.31794394 20.08657635  7.24583096  5.65342836 13.34066583
[193] 13.01541163 18.75441392  2.89562181  0.55213133  0.76650395  6.67124790
[199]  2.46414340  0.09766751  1.74406149  1.67594201  2.51575272 14.44989212
[205] 12.43041437 10.10889664  6.95702089  6.00627789  6.23160560  4.97928364
[211]  4.73347517  0.06315845  6.31286200  2.40449967 15.53692703 15.49029654
[217]  6.85606064 16.73646381 13.49935423 14.66587955  6.50402578  6.12338841
[223]  3.80587792  1.74182416  1.06314007  0.83255409  0.44433364  1.38066271
[229]  0.50467129  0.62787975  0.58360502 18.89688940  5.48459931  0.79181466
[235]  1.47374311  0.23055120 14.42441714  9.69993142  6.85550020  5.54226060
[241]  9.60510452  7.81690667  7.06235671  6.61325136  3.77618122  5.59194324
[247]  2.41396726  4.01676265  0.96184230  2.79251910  2.59204715  0.50959925
[253] 14.63496926  6.46189216  6.38579335 15.77807698 15.62604815 13.46374095
[259] 11.26031871  5.73214636  5.41664102  3.32605604  4.58446486  3.38661048
[265]  2.99593930  1.21811151  2.71717966  6.01008272  4.08257537  7.01395073
[271]  6.58237073  5.93399938  1.80656772  4.58085747  1.69562594  4.46580223
[277]  4.11339524  0.93829192  0.42324454  5.75864131  4.58732873 13.24120411
[283]  9.72566382  9.47579617  9.09971115  5.16405715  4.03199582  2.87234910
[289]  1.99322129  0.96313645  4.96545493  3.11051585  0.78041364  5.94471943
[295]  2.85729098  2.52390291  4.47934615  0.04096961  3.45047980  0.20660611
[301]  3.05131535  2.38205621  3.78665220  0.02736966 13.13479470  5.96697378
[307]  4.49411710  8.13795544  7.07926014  7.03780781  3.37252246  0.88285103
[313]  3.22484338  2.92365780  2.78416594  0.50084727  0.62435217  4.55729296
[319]  2.48316854  1.44527500  2.84017703  1.93320810  4.63794190  3.29154152
[325]  1.61581318 11.04047848  5.20937555  2.72759003  0.06258124  0.03556155
[331]  7.44634753  6.11209195  4.82380772  0.70158635  3.29965408  3.02813165
[337]  1.70234399  0.93496531  0.49952635  1.86798046  0.23770520  2.37590585
[343]  1.82309833  1.49271958  0.35201455  3.78810767  3.05364516  2.30333097
[349]  1.07570298  0.88908980  1.38894788  1.22946392  4.39579412  3.64253175
[355]  0.56815951  0.20026679  0.19028973  0.18611185  0.38564695  2.02662299
[361]  2.51145948  2.25402441  1.80707894  0.85384318  0.13116620  2.60476634
[367]  0.20318668

$PAR
  [1]  NA   1   1   2   2   4   4   4   4   4   4   5   5   5   5   5   5  10
 [19]  10  10  10  10  11  11  12  12  12  12  13  13  15  15  18  23  25  25
 [37]  25  26  26  26  27  27  27  27  27  27  27  29  29  29  29  29  29  30
 [55]  30  31  31  31  31  31  33  37  37  37  37  37  37  37  37  38  38  39
 [73]  39  40  43  44  45  45  45  45  46  47  47  47  47  47  48  48  48  48
 [91]  48  49  49  49  49  49  49  49  49  51  55  56  56  56  56  57  57  59
[109]  59  61  61  61  62  64  65  65  71  73  74  74  74  75  75  75  75  75
[127]  75  75  77  81  82  82  82  82  85  85  87  87  89  89  91  91  91  91
[145]  91  91  91  92  92  93  93  98 103 103 104 106 107 107 109 111 113 113
[163] 114 115 115 115 115 115 116 117 119 119 119 120 121 123 123 123 123 123
[181] 127 127 128 128 128 133 133 137 139 144 144 148 148 150 153 153 155 156
[199] 156 156 158 158 159 160 161 161 162 162 164 164 164 164 165 167 170 170
[217] 173 174 174 175 176 176 176 177 179 179 179 184 185 186 186 189 190 191
[235] 195 195 204 205 205 205 206 206 206 206 206 208 208 209 210 211 211 211
[253] 216 217 217 218 218 218 219 221 221 221 222 222 223 233 238 239 240 242
[271] 242 242 242 244 245 246 246 246 247 255 255 258 259 259 259 259 260 262
[289] 264 266 268 269 269 271 271 271 274 275 276 278 280 280 281 281 282 283
[307] 283 284 284 284 284 284 286 286 286 288 289 291 291 291 292 292 294 299
[325] 301 305 306 306 306 307 308 308 308 309 311 313 313 313 313 315 320 321
[343] 321 321 321 323 323 323 323 325 328 328 332 333 334 334 336 336 339 342
[361] 347 348 348 350 350 353 366

$EXTANT
  [1] FALSE FALSE FALSE FALSE FALSE FALSE FALSE FALSE FALSE FALSE FALSE FALSE
 [13] FALSE FALSE FALSE FALSE FALSE FALSE FALSE FALSE FALSE FALSE FALSE FALSE
 [25] FALSE FALSE FALSE FALSE FALSE FALSE  TRUE FALSE FALSE FALSE FALSE FALSE
 [37]  TRUE FALSE FALSE FALSE FALSE FALSE FALSE FALSE FALSE FALSE  TRUE FALSE
 [49]  TRUE FALSE FALSE FALSE FALSE FALSE FALSE FALSE FALSE FALSE FALSE  TRUE
 [61] FALSE FALSE FALSE FALSE  TRUE  TRUE FALSE FALSE  TRUE FALSE FALSE FALSE
 [73] FALSE FALSE FALSE FALSE FALSE  TRUE  TRUE  TRUE  TRUE  TRUE FALSE  TRUE
 [85]  TRUE  TRUE FALSE FALSE FALSE FALSE  TRUE FALSE FALSE FALSE FALSE FALSE
 [97] FALSE  TRUE  TRUE FALSE FALSE FALSE FALSE  TRUE FALSE FALSE  TRUE FALSE
[109]  TRUE FALSE FALSE FALSE  TRUE FALSE FALSE  TRUE FALSE FALSE FALSE FALSE
[121] FALSE FALSE  TRUE FALSE  TRUE  TRUE  TRUE  TRUE FALSE  TRUE FALSE  TRUE
[133]  TRUE  TRUE FALSE  TRUE FALSE FALSE FALSE FALSE FALSE FALSE FALSE FALSE
[145] FALSE  TRUE  TRUE FALSE FALSE FALSE FALSE FALSE  TRUE FALSE  TRUE  TRUE
[157] FALSE  TRUE  TRUE FALSE FALSE FALSE FALSE  TRUE FALSE FALSE  TRUE FALSE
[169]  TRUE FALSE FALSE FALSE FALSE FALSE FALSE FALSE FALSE FALSE  TRUE FALSE
[181]  TRUE FALSE FALSE  TRUE  TRUE  TRUE  TRUE FALSE FALSE FALSE  TRUE FALSE
[193] FALSE FALSE  TRUE FALSE  TRUE FALSE  TRUE  TRUE  TRUE  TRUE  TRUE FALSE
[205] FALSE  TRUE FALSE  TRUE  TRUE  TRUE  TRUE  TRUE FALSE  TRUE FALSE FALSE
[217] FALSE FALSE FALSE FALSE FALSE  TRUE FALSE  TRUE  TRUE  TRUE  TRUE  TRUE
[229]  TRUE  TRUE  TRUE FALSE  TRUE  TRUE  TRUE  TRUE FALSE FALSE  TRUE FALSE
[241] FALSE FALSE FALSE  TRUE  TRUE  TRUE  TRUE  TRUE  TRUE FALSE  TRUE  TRUE
[253] FALSE FALSE FALSE FALSE FALSE FALSE  TRUE  TRUE FALSE  TRUE  TRUE FALSE
[265]  TRUE  TRUE  TRUE  TRUE  TRUE FALSE FALSE FALSE FALSE  TRUE  TRUE  TRUE
[277] FALSE  TRUE  TRUE  TRUE  TRUE FALSE  TRUE  TRUE FALSE  TRUE FALSE  TRUE
[289]  TRUE  TRUE  TRUE  TRUE  TRUE FALSE  TRUE  TRUE FALSE  TRUE FALSE  TRUE
[301]  TRUE FALSE FALSE  TRUE FALSE  TRUE  TRUE FALSE  TRUE  TRUE  TRUE  TRUE
[313]  TRUE FALSE  TRUE  TRUE  TRUE  TRUE FALSE  TRUE  TRUE FALSE  TRUE  TRUE
[325]  TRUE FALSE FALSE FALSE  TRUE  TRUE FALSE  TRUE  TRUE  TRUE  TRUE  TRUE
[337]  TRUE FALSE  TRUE  TRUE  TRUE  TRUE FALSE  TRUE  TRUE  TRUE  TRUE  TRUE
[349] FALSE  TRUE  TRUE  TRUE FALSE  TRUE  TRUE  TRUE  TRUE FALSE  TRUE  TRUE
[361]  TRUE  TRUE  TRUE  TRUE  TRUE  TRUE  TRUE

