
Birth-death simulation object with 203 species and 51 extant species

Details for some species:

Extinction times (NA means extant)
[1] 29.49040 25.44953 23.56092 20.62146 24.21794 37.39115


Speciation times 
[1] 49.26651 40.25315 35.42406 31.79529 31.14026 38.31875


Species parents (NA for initial)
[1] NA  1  1  1  1  2


Species status (extinct or extant)
[1] "extinct" "extinct" "extinct" "extinct" "extinct" "extinct"


For more details on vector y, try sim$y, with y one of
TE TS PAR EXTANT



$TE
  [1] 29.4904032 25.4495254 23.5609214 20.6214611 24.2179385 37.3911470
  [7] 32.9548594 31.2937393 20.4802611 29.0692703 28.4499616 27.1584303
 [13] 14.0697397 14.5058001 13.8008497 17.0523860 29.8212701 24.0603526
 [19] 35.9389228 24.3964867 29.2578775 14.4978720 11.9760315 34.9660959
 [25] 33.5431300 24.1440361 23.8906308 20.9949006 19.5273287 12.0220459
 [31] 19.8201229 19.2163319 15.2285387 15.0103706 15.0317975 19.5393334
 [37] 12.8777407 18.5608903 11.3997484 14.9757877 14.2002800 18.2514600
 [43] 14.4295906  6.3156926 14.5311475 16.5162281 23.3849183 13.0850752
 [49] 17.3559293 12.0427024 17.4580066 13.1484846 14.2010468 15.4557165
 [55] 17.2770218 15.6439273 16.8580652 11.7133693 15.4098371 12.0855007
 [61] 14.6344567 13.0946578 18.2942076 14.2936940 12.4137050 15.3874690
 [67] 13.2737196         NA  4.4589284  2.6577745 23.3262234 16.6014049
 [73] 17.6742238 13.3122646 14.7408533 14.5591590 13.2280464 22.7777544
 [79] 12.6864097 13.9456988 14.9768925 20.2140236 13.7606915 12.5624847
 [85] 15.4796347 14.9947960 17.4937884 12.9442482 13.8211115         NA
 [91]  7.3892017 20.0731485  9.3961642 17.6843106 14.3176902 11.9539525
 [97]  7.9516847         NA         NA  7.2372539  5.2408916  5.4171768
[103]         NA  1.4013094         NA 14.3967399 16.7134991 12.6831831
[109] 14.3013332 14.6973728 14.7623026 13.2021140 12.4141914 15.8544436
[115] 12.6595678 14.7979823 14.9877287 10.7714691         NA  4.3287539
[121]         NA         NA 14.5024733 10.4923727 11.5944196  8.4734051
[127]  5.7376574         NA         NA  7.3602026         NA         NA
[133]         NA         NA         NA         NA 17.1094034 14.2248604
[139] 10.7789212 11.5544028         NA  3.1593218         NA         NA
[145]         NA  1.2718322 11.6944118  8.9379301  8.1059883         NA
[151]  0.8633686  0.7055176  0.8281532         NA  6.7627226         NA
[157]  1.7327483  4.2226554         NA         NA         NA         NA
[163] 14.9444565         NA 14.2552669 13.1861269 13.2152774  3.5848631
[169]         NA         NA         NA         NA         NA         NA
[175]         NA         NA  4.3179695  0.6726744  2.2645014  7.6133847
[181]         NA         NA         NA  0.9537275         NA  0.2129466
[187]         NA  1.4605894         NA  6.2881363  5.4237838         NA
[193]  5.8285774  1.5685870         NA  4.2342103         NA  1.1540124
[199]         NA         NA         NA         NA         NA

$TS
  [1] 49.266511476 40.253146334 35.424055489 31.795291287 31.140260940
  [6] 38.318750250 37.730810742 32.892754247 31.630134291 35.075157335
 [11] 34.710724715 29.565860457 25.130554491 24.781482356 22.849183313
 [16] 21.214803341 30.834340384 28.287123343 37.181463938 32.534843282
 [21] 30.764968208 26.925353913 20.521186598 34.995853733 33.643495226
 [26] 24.735594906 24.545621276 21.124207040 20.422668071 17.841178412
 [31] 21.072048335 20.338184421 18.580211638 19.369820959 30.035952850
 [36] 25.856292214 25.510764156 23.697818171 18.624452702 19.500671967
 [41] 15.791237360 24.047994944 18.539697065 18.219574847 16.330450692
 [46] 16.686159949 29.343484192 27.484671569 17.660946833 16.842588890
 [51] 24.642334138 20.940039598 19.221393024 23.394841709 22.853398318
 [56] 21.790811948 21.158251818 16.757933662 18.136741450 16.312449797
 [61] 15.594710605 14.845860003 23.673208825 21.123266949 18.426847177
 [66] 17.500421831 16.306337333 12.674507480  9.047339550  8.009039008
 [71] 24.927800810 21.586371551 17.945316216 14.274122372 17.789460130
 [76] 17.387580981 23.345388057 22.901799383 20.973225231 20.603350383
 [81] 15.625210475 20.520313753 18.297334010 21.529180460 18.437087785
 [86] 15.665040460 20.465519979 16.439429624 15.097275006 12.116306071
 [91] 13.181732305 22.668178382 21.674617217 18.692133852 16.121875210
 [96] 13.049357458 11.213934695 10.794142240  8.227164984  7.381593141
[101]  6.987466790  6.507789547  5.612722727  8.350898690  6.878945611
[106] 16.471109111 16.954988639 15.250116413 19.819532446 19.494325647
[111] 15.094659508 18.054506162 14.035691706 20.882132057 13.399556555
[116] 16.264089157 15.315619757 15.314081726  7.677582107  5.971671419
[121]  0.017626224  7.512080670 15.094226225 12.608768216 12.350781135
[126] 11.131379770  9.021834166  7.902550986  1.208533652  7.612118160
[131]  1.336378886  7.815680401  2.869324556  2.616942773  1.518460845
[136]  0.917752234 18.814277267 18.658477306 13.454091426 16.251484566
[141]  6.708863939  4.860915137  4.527722569  4.372148022  3.203567706
[146]  2.314915914 11.996102759  9.647800500  8.947972468  7.879194715
[151]  6.162582976  2.787135256  1.461516510  0.238439843  6.844571258
[156]  5.922185196  5.088454575  4.432274726  1.095135815  0.516925585
[161]  0.328197999  0.245007757 16.865335931 16.666698533 16.458530211
[166] 15.524304279 14.542673772  4.695770848  3.726397186  0.002463697
[171]  1.891246814  0.071387001  6.765487520  2.929363345  4.178916205
[176]  1.675954856  5.809326065  4.276132459  2.646031531  8.609917355
[181]  5.469052909  2.661101999  2.091699063  1.507562249  3.424990163
[186]  1.209702955  2.237612494  2.467298971  7.758748584  7.351827107
[191]  7.191896249  6.737684251  6.103221599  5.304399155  1.216233709
[196]  5.659481400  3.874532228  3.074444381  1.831538337  1.943830646
[201]  1.317218083  0.700463539  0.211236329

$PAR
  [1]  NA   1   1   1   1   2   2   2   2   3   3   3   4   4   4   4   5   5
 [19]   7   8   9   9   9  10  11  13  13  13  13  13  14  15  15  16  17  22
 [37]  22  22  22  23  23  27  33  33  33  34  35  35  35  35  37  37  37  38
 [55]  38  38  38  39  40  40  41  41  42  42  42  43  44  44  44  44  47  48
 [73]  48  48  52  53  54  54  54  54  54  55  55  56  56  56  57  58  58  58
 [91]  62  63  63  64  65  65  68  68  68  68  68  68  68  69  70  76  77  77
[109]  79  79  80  83  83  84  84  88  88  88  90  90  90  91  95  96  96  97
[127]  97  98  98  99 103 104 104 105 105 105 110 110 112 116 119 120 122 122
[145] 122 122 124 126 127 128 128 128 128 131 132 132 132 132 132 132 135 136
[163] 138 138 138 140 140 141 141 141 143 144 150 150 151 152 156 156 156 164
[181] 164 169 169 171 175 175 178 179 180 189 189 189 189 189 189 192 194 194
[199] 194 198 200 201 202

$EXTANT
  [1] FALSE FALSE FALSE FALSE FALSE FALSE FALSE FALSE FALSE FALSE FALSE FALSE
 [13] FALSE FALSE FALSE FALSE FALSE FALSE FALSE FALSE FALSE FALSE FALSE FALSE
 [25] FALSE FALSE FALSE FALSE FALSE FALSE FALSE FALSE FALSE FALSE FALSE FALSE
 [37] FALSE FALSE FALSE FALSE FALSE FALSE FALSE FALSE FALSE FALSE FALSE FALSE
 [49] FALSE FALSE FALSE FALSE FALSE FALSE FALSE FALSE FALSE FALSE FALSE FALSE
 [61] FALSE FALSE FALSE FALSE FALSE FALSE FALSE  TRUE FALSE FALSE FALSE FALSE
 [73] FALSE FALSE FALSE FALSE FALSE FALSE FALSE FALSE FALSE FALSE FALSE FALSE
 [85] FALSE FALSE FALSE FALSE FALSE  TRUE FALSE FALSE FALSE FALSE FALSE FALSE
 [97] FALSE  TRUE  TRUE FALSE FALSE FALSE  TRUE FALSE  TRUE FALSE FALSE FALSE
[109] FALSE FALSE FALSE FALSE FALSE FALSE FALSE FALSE FALSE FALSE  TRUE FALSE
[121]  TRUE  TRUE FALSE FALSE FALSE FALSE FALSE  TRUE  TRUE FALSE  TRUE  TRUE
[133]  TRUE  TRUE  TRUE  TRUE FALSE FALSE FALSE FALSE  TRUE FALSE  TRUE  TRUE
[145]  TRUE FALSE FALSE FALSE FALSE  TRUE FALSE FALSE FALSE  TRUE FALSE  TRUE
[157] FALSE FALSE  TRUE  TRUE  TRUE  TRUE FALSE  TRUE FALSE FALSE FALSE FALSE
[169]  TRUE  TRUE  TRUE  TRUE  TRUE  TRUE  TRUE  TRUE FALSE FALSE FALSE FALSE
[181]  TRUE  TRUE  TRUE FALSE  TRUE FALSE  TRUE FALSE  TRUE FALSE FALSE  TRUE
[193] FALSE FALSE  TRUE FALSE  TRUE FALSE  TRUE  TRUE  TRUE  TRUE  TRUE

