
Birth-death simulation object with 209 species and 45 extant species

Details for some species:

Extinction times (NA means extant)
[1] 39.50163 18.41885 35.57803 27.45757 22.48801 24.92818


Speciation times 
[1] 49.26651 44.63760 43.53230 38.88675 38.07989 29.46122


Species parents (NA for initial)
[1] NA  1  1  2  2  2


Species status (extinct or extant)
[1] "extinct" "extinct" "extinct" "extinct" "extinct" "extinct"


For more details on vector y, try sim$y, with y one of
TE TS PAR EXTANT



$TE
  [1] 39.50162778 18.41884723 35.57802669 27.45756712 22.48801328 24.92817704
  [7] 18.23248824 17.26652395 13.63368237 31.11730419 24.45608207 34.31079736
 [13] 24.66967952 28.29726532 24.41871848 15.15200533 40.28075085 36.86489366
 [19] 12.53331643 29.86077391 32.80703362 15.27352458 26.69836326 19.66861439
 [25] 23.77216690 23.69699271 15.58857427 14.86003775 18.53371899 17.96169899
 [31] 29.38929353 27.32918150 28.91744097 29.07511559 28.07665580 22.52911225
 [37] 21.14933009 21.06176421 24.74638908 20.13237780 15.12947175 19.29297430
 [43] 24.92936076 19.95875648 21.52069781 12.28722413 23.09925406 14.88418686
 [49] 23.64352574 29.41152901 25.55950784 27.16072670 25.86787379 29.36225102
 [55] 18.33237717 20.83326443 13.21800786 13.74075032 17.19002523 18.07161906
 [61] 18.00764058 16.51536580 13.49098799 25.33483248 27.94152083 16.59008023
 [67] 15.38533585 14.12941546 12.80479348 13.99701541 21.16992215 25.16739991
 [73] 28.65555404 24.46690205 25.35170782 18.52103451 14.42160403  8.34564319
 [79] 15.50932192 12.79101552 14.38781159 14.42823119 21.85299133 17.39403301
 [85] 14.75609918 12.53945652 13.86117682 13.65461107 18.39021057 12.78405761
 [91] 17.79567842 11.78956395 11.28169905  6.23570606 10.99804196 14.32830446
 [97] 17.49695012 14.24259751          NA 11.40508695 13.04828548 13.15526052
[103] 13.56900783          NA  9.68210371 15.66949703          NA  4.30649552
[109] 14.38519610 11.72306050  8.88638396  5.36193045  5.56023574          NA
[115] 14.26051385 10.91065879 11.80566576 13.08513062  3.20183636          NA
[121]          NA 12.97927753  4.00694399 14.76005288 21.50734140  5.25878303
[127]  5.05052562          NA 15.32151835          NA  1.82313845          NA
[133]  0.04712709 14.08377948          NA          NA  7.43373596  2.68127873
[139]  3.14113639 14.45821336 21.34756519 15.92622432 13.83836699          NA
[145]  0.40927185  3.01410401  4.85399664  0.40861328          NA  0.38106640
[151]  4.74372731  6.41316841  3.30307258          NA  0.81558340  2.99639699
[157]          NA  6.06003741          NA          NA 12.96141648          NA
[163]  2.63617658          NA  0.84670306          NA  1.47035539          NA
[169]  1.82582316  1.53157943          NA  0.84065522  5.07804465  2.82378091
[175]  0.26088129  1.38111442          NA          NA  2.20301655          NA
[181]          NA          NA  3.70311415          NA  0.84158012  0.20173476
[187]          NA  1.71127746          NA  0.45711894          NA          NA
[193]          NA          NA          NA  4.18468142  1.31515063  0.12164725
[199]          NA          NA          NA          NA  0.72157964          NA
[205]          NA          NA          NA          NA          NA

$TS
  [1] 49.266511476 44.637601431 43.532302883 38.886745299 38.079892571
  [6] 29.461219298 20.501949567 20.450427711 18.701383392 43.467698279
 [11] 37.482680304 36.186239437 35.624186747 33.782973666 28.962412966
 [16] 16.172374014 41.231305619 37.203827070 32.264449098 36.900741959
 [21] 36.871177293 34.518866848 32.606636817 30.404804962 30.370010245
 [26] 30.106668747 28.669718587 15.545532872 25.460349139 24.106661562
 [31] 36.849191353 33.481851206 33.053043173 33.601793434 28.922515751
 [36] 22.715942605 21.423995578 26.842331475 25.276361795 22.835584996
 [41] 21.015095078 20.777243914 29.726311305 24.167954697 27.594695254
 [46] 26.464687635 24.199011758 15.368043566 29.460706762 31.656856910
 [51] 30.362329813 27.442868136 29.539070830 29.856725266 25.510092701
 [56] 22.927057539 25.105245807 21.510079381 21.303935832 20.806942636
 [61] 19.423477168 17.642941154 16.747145651 29.259440980 29.187451431
 [66] 24.874544365 24.923307953 20.388361240 19.141649031 14.954648176
 [71] 27.483356989 25.364207233 29.398834535 26.166455784 25.966578786
 [76] 19.901411633 18.006574513 17.217889434 20.101653848 19.108223551
 [81] 17.409344404 16.719933095 22.403490548 20.885991890 17.086110964
 [86] 23.895077843 18.957362383 17.780330187 18.429313746 15.912489186
 [91] 27.405174636 12.975741614 11.852230466 10.212657711 18.844757941
 [96] 17.043608688 18.358050385 17.901560229 20.524573355 17.090983238
[101] 13.712164628 13.671438410 17.112445537 14.742780805 14.380308014
[106] 24.114472564  9.102831568  7.011794426 16.145433478 15.554821549
[111] 16.120082331 10.098121974  7.454370048  3.770901925 15.542238605
[116] 13.059430447 13.173793734 16.116242881  7.731874366  1.052890754
[121]  0.596316084 14.285257615 12.626807564 23.629759170 21.842186894
[126]  8.676009552  8.247378977  2.031513474 15.689709792  8.165129338
[131]  3.264321832  0.605894571 11.334612732 14.714835946  6.081570482
[136]  4.365312300  8.552080988  7.510663720  4.545982184 23.223387622
[141] 22.389257109 18.945495801 16.137197006  8.223520304  7.883639481
[146]  5.597147020  5.551522443  2.867563729  0.102691912  2.655013466
[151]  9.084564849  7.553982435  5.426419843  0.872459598  1.353596489
[156]  3.891691530  1.773455420  8.312692069  5.510197586  5.450974634
[161] 14.752898782  7.373976667  4.785378956  2.901189722  7.707945744
[166]  3.340691962  1.756455459  5.407008706  2.318761995  1.640393711
[171]  1.423043090  1.104392096  8.652582259  7.263528981  5.673672899
[176]  7.498654447  1.276263358  3.739731425  2.945087099  5.504125378
[181]  4.701846782  4.643521829  5.168943611  5.071002365  1.189598546
[186]  0.489276810  2.651488817  2.261970638  1.887012249  5.689625532
[191]  4.863419231  3.899186670  1.274083253  5.059443666  1.008137354
[196]  4.891977335  4.535143825  4.114219008  0.616375995  2.526340240
[201]  0.269704764  0.207145134  2.754716687  2.554936062  1.817502955
[206]  1.945005353  1.220006675  0.342347163  0.006285508

$PAR
  [1]  NA   1   1   2   2   2   2   2   2   3   3   3   3   4   6   9  10  10
 [19]  10  11  11  11  11  11  11  14  14  16  19  19  20  20  21  22  22  22
 [37]  22  24  24  24  24  24  25  25  27  27  27  28  31  32  32  32  33  34
 [55]  38  38  39  40  40  40  41  41  41  43  43  45  46  46  46  48  49  49
 [73]  51  51  51  57  57  58  60  61  62  63  66  66  66  67  68  68  69  69
 [91]  71  78  78  78  79  80  84  84  86  86  86  86  87  87  87  91  94  94
[109]  95  95  96  99  99  99 100 101 102 103 104 104 104 105 105 106 106 107
[127] 107 107 109 112 114 114 116 118 119 119 123 123 123 124 124 124 124 126
[145] 127 127 127 130 130 131 133 133 133 133 135 136 136 137 138 138 140 144
[163] 144 144 145 145 145 147 148 148 148 148 151 151 151 152 155 159 160 162
[181] 163 163 165 165 166 166 168 168 169 173 175 176 178 180 180 184 184 184
[199] 189 194 194 195 197 197 197 200 204 205 206

$EXTANT
  [1] FALSE FALSE FALSE FALSE FALSE FALSE FALSE FALSE FALSE FALSE FALSE FALSE
 [13] FALSE FALSE FALSE FALSE FALSE FALSE FALSE FALSE FALSE FALSE FALSE FALSE
 [25] FALSE FALSE FALSE FALSE FALSE FALSE FALSE FALSE FALSE FALSE FALSE FALSE
 [37] FALSE FALSE FALSE FALSE FALSE FALSE FALSE FALSE FALSE FALSE FALSE FALSE
 [49] FALSE FALSE FALSE FALSE FALSE FALSE FALSE FALSE FALSE FALSE FALSE FALSE
 [61] FALSE FALSE FALSE FALSE FALSE FALSE FALSE FALSE FALSE FALSE FALSE FALSE
 [73] FALSE FALSE FALSE FALSE FALSE FALSE FALSE FALSE FALSE FALSE FALSE FALSE
 [85] FALSE FALSE FALSE FALSE FALSE FALSE FALSE FALSE FALSE FALSE FALSE FALSE
 [97] FALSE FALSE  TRUE FALSE FALSE FALSE FALSE  TRUE FALSE FALSE  TRUE FALSE
[109] FALSE FALSE FALSE FALSE FALSE  TRUE FALSE FALSE FALSE FALSE FALSE  TRUE
[121]  TRUE FALSE FALSE FALSE FALSE FALSE FALSE  TRUE FALSE  TRUE FALSE  TRUE
[133] FALSE FALSE  TRUE  TRUE FALSE FALSE FALSE FALSE FALSE FALSE FALSE  TRUE
[145] FALSE FALSE FALSE FALSE  TRUE FALSE FALSE FALSE FALSE  TRUE FALSE FALSE
[157]  TRUE FALSE  TRUE  TRUE FALSE  TRUE FALSE  TRUE FALSE  TRUE FALSE  TRUE
[169] FALSE FALSE  TRUE FALSE FALSE FALSE FALSE FALSE  TRUE  TRUE FALSE  TRUE
[181]  TRUE  TRUE FALSE  TRUE FALSE FALSE  TRUE FALSE  TRUE FALSE  TRUE  TRUE
[193]  TRUE  TRUE  TRUE FALSE FALSE FALSE  TRUE  TRUE  TRUE  TRUE FALSE  TRUE
[205]  TRUE  TRUE  TRUE  TRUE  TRUE

