
Birth-death simulation object with 335 species and 157 extant species

Details for some species:

Extinction times (NA means extant)
[1] 37.34759 43.58801 39.79777 38.35004 43.57963 32.79039


Speciation times 
[1] 49.26651 48.37874 43.59095 39.84417 43.61581 40.84848


Species parents (NA for initial)
[1] NA  1  1  1  2  3


Species status (extinct or extant)
[1] "extinct" "extinct" "extinct" "extinct" "extinct" "extinct"


For more details on vector y, try sim$y, with y one of
TE TS PAR EXTANT



$TE
  [1] 37.3475917 43.5880148 39.7977653 38.3500397 43.5796254 32.7903907
  [7] 19.6380642 29.9367001 25.0440163 25.8965863 12.6797738 26.1142258
 [13] 16.8060933 26.9890002 20.6594554 15.4169207 27.3754005 25.0472522
 [19] 21.5211154 11.0648221 10.8700064 13.3424287 12.4860173 19.4757130
 [25] 28.4347649 14.8322962 14.6426055 17.0259497 19.5352779 27.5416542
 [31] 26.8769103 15.1576418 19.2533967 26.3149578 16.3188033  4.5859557
 [37] 15.1904434 17.5130305 11.8055996 17.0129974 21.0195683 13.2559922
 [43] 11.9402689 19.3793521 14.1501642 18.0583523 25.2505910 22.9832007
 [49] 21.5531922 23.7181556 26.0189109 18.8591432 26.8627762 19.1387839
 [55] 15.0615988         NA         NA  4.7527474 15.2671079 18.1489186
 [61] 13.6789702 11.7817908 15.3314601 11.7603025 15.2828547 14.4194041
 [67] 12.7173140  9.8013602 13.4682826 16.8781163 21.9117382 14.7760406
 [73]         NA 14.8062436 12.5461110 13.6036088 15.6643482 22.8415363
 [79] 16.0477255 14.6815946 14.0011589  7.0213201  1.6565397  0.2491899
 [85]         NA         NA  1.0339060 14.7659018  8.3811440 14.1757555
 [91] 12.7011501 12.5992266 15.0099835         NA         NA  4.3471075
 [97] 14.8682633 14.7112842 15.0876510  2.6777220         NA         NA
[103]         NA 16.3416615 15.1196942 11.2934875 13.6141197         NA
[109] 14.8331519  4.5862911         NA  5.9295001         NA         NA
[115]         NA         NA         NA         NA 10.9183501 13.1977467
[121]         NA 13.9436917  3.3807432  2.9182308         NA  3.6565997
[127]  5.3479515 17.1470004 12.8039688 15.1578994 13.5463390 15.0180639
[133] 15.1509592 12.0464019 16.6663265  5.1452229  6.5722654         NA
[139]  4.6188738         NA  5.3584938         NA         NA         NA
[145]         NA 10.7505787 11.3463306         NA         NA         NA
[151]  2.3572966         NA         NA         NA         NA         NA
[157]  1.2644666         NA 12.3884822         NA         NA         NA
[163]         NA         NA  3.6336719         NA  6.4017912  1.6379203
[169]         NA  2.0007049 15.3980878 16.7459863 13.5024325 12.9661810
[175] 15.2818322  9.0147451         NA  5.5761806         NA         NA
[181]         NA  1.7259152  5.7090495         NA         NA         NA
[187]         NA         NA         NA         NA         NA         NA
[193]         NA  1.5251217         NA         NA  4.7118950  5.7123362
[199]         NA         NA         NA         NA  0.4002245         NA
[205]         NA         NA  3.1346416         NA  1.8308501         NA
[211]         NA         NA         NA         NA         NA         NA
[217]         NA         NA  2.6833330         NA         NA         NA
[223]         NA         NA         NA         NA         NA  1.4642670
[229]         NA         NA  4.8279581 11.6146184  3.5736327         NA
[235]         NA         NA         NA  4.4599357  3.4118577  4.5901396
[241]         NA         NA         NA         NA  0.5488894         NA
[247]         NA         NA         NA         NA  0.5133343         NA
[253]  1.2400940         NA         NA  4.8876755  1.7812165         NA
[259]         NA  0.6888265         NA  6.3080497  3.9781647         NA
[265]         NA         NA  2.3735373         NA         NA  0.2050038
[271]         NA         NA         NA         NA         NA  1.1092112
[277]         NA  0.6430628         NA  0.8774204  0.6171901         NA
[283]         NA         NA         NA         NA         NA  0.6281908
[289]         NA  0.5177874         NA         NA  2.1297593         NA
[295]         NA  3.8617370         NA         NA         NA         NA
[301]         NA         NA         NA         NA         NA  2.2573899
[307]  0.2004266         NA         NA         NA         NA  1.0111815
[313]         NA         NA         NA         NA         NA         NA
[319]  1.6121648  0.6249858  1.9172913         NA         NA         NA
[325]         NA  1.6692720         NA         NA  1.3557984         NA
[331]         NA  0.1793351         NA         NA         NA

$TS
  [1] 49.266511476 48.378739534 43.590946193 39.844168659 43.615806367
  [6] 40.848480777 35.999691819 35.821169716 35.482234845 30.807679560
 [11] 25.247796473 32.695693277 32.356269533 31.432657179 30.912134915
 [16] 29.803514331 29.633386605 27.846777292 23.858194747 20.863003941
 [21] 18.333855477 18.207165354 26.403011020 26.247522567 31.479829241
 [26] 27.949602746 18.105673178 29.731654502 30.841478125 30.602028202
 [31] 30.473211686 22.291457615 28.646193535 27.598913952 21.356686713
 [36] 17.324603551 17.069134206 21.740885145 14.745096815 18.111265173
 [41] 25.588721485 23.110483500 20.917053005 22.129170114 18.017485314
 [46] 27.294594691 25.342728990 23.172252436 28.734840132 28.326133752
 [51] 27.162352789 22.116752701 28.045405883 26.860454624 20.204161609
 [56]  9.478961163  6.439673213  6.292907127 21.270739312 21.151448951
 [61] 14.164302701 11.912678213 18.052825023 17.754016654 15.554652744
 [66] 19.787739223 17.447977746 13.111156521 19.974938789 17.691704151
 [71] 24.326987747 23.035349622 22.675824708 20.742519080 27.458409265
 [76] 21.629947660 21.109879397 24.707077905 20.286148373 19.411451760
 [81] 17.758377747 17.303560283  7.964979389  7.165880970  0.981235298
 [86]  0.362569925  5.482457904 21.249287465 16.051924559 17.728212789
 [91] 17.609660524 13.539364869 15.113348894 12.756197201 10.307928540
 [96]  9.987706810 19.076298399 22.375132419 20.343628549  6.195808891
[101]  6.148705201  5.821147037  3.534009813 19.962856844 18.695066573
[106] 19.828322201 15.406311364 19.787675398 15.088676767 13.481831945
[111]  7.001879853  6.254182271  5.100810852  3.025523938  2.594803380
[116]  6.582318244  2.059413718  2.320538320 18.849256072 14.971412101
[121]  9.094637155 16.263646319  9.008481792  6.559316796  9.227426908
[126]  8.164676356  7.859520683 17.650664949 20.305264850 17.703601607
[131] 19.817784189 18.503946966 15.153800308 14.427626264 19.242205723
[136] 11.405421907 10.624656367  8.615708000  7.268352169  6.213745946
[141]  5.959382749  5.913316325  5.680029645  0.246248140  0.181271850
[146] 15.083837929 11.500429556  6.560280367  6.815548135  4.380542902
[151]  2.535002800  2.414962899  1.619115366  0.499153176  0.559650991
[156]  0.108975620  2.967434803  0.530853584 13.271075629  7.700590476
[161]  5.756455458  7.016605823  6.494094210  3.705959261  3.946573914
[166]  2.068853294  6.824879721  6.365794555  6.325073931  6.188181536
[171] 17.556739567 18.092228056 16.966379521 16.829284378 15.419572168
[176] 11.174195356  5.961742615  9.426464679  6.655613289  7.878403716
[181]  6.290833793  2.525665675  6.069339543  5.996759670  1.267522189
[186]  2.299714615  1.887578975  0.178143714  5.936112411  0.749447447
[191]  0.002592654  5.498048629  2.245897937  2.233966757  2.211654622
[196]  0.083977356  7.248230441  6.706662587  0.532988455  0.389036051
[201]  5.532660873  4.847769294  2.619817585  1.406042252  5.493877357
[206] 16.035637572  4.257884991  6.886562033  6.286060704  1.013729945
[211]  5.491669367  3.548558735  5.771752192  1.934083893  1.189817125
[216]  2.137994539  1.642806709  2.191884757  5.101790363  5.423113795
[221]  5.347647124  2.058025418  1.301465805  5.621392737  0.048368428
[226]  3.144163785  2.839736148  1.563992229  0.928520554  0.202351754
[231]  5.461513335 12.597999411 10.476735010 10.274428853  9.375530698
[236]  8.145233939  6.313854971  6.141440838  3.570526458  6.335017173
[241]  6.279599814  1.018983827  0.899302513  0.030833169  1.111362745
[246]  0.930346383  0.429605259  0.351649244  3.761661176  2.799926669
[251]  1.225569049  0.217831305  2.433625835  1.605853765  0.433734663
[256]  7.494260874  5.443797066  4.723464100  4.274346589  3.608013207
[261]  9.868049131  9.521254800  5.109445981  6.446787269  0.053667382
[266]  5.219625947  6.043681836  3.923735214  2.513223327  0.309967000
[271]  0.130005363  0.049258685  0.276224401  2.274211584  0.260011419
[276]  4.900774710  2.907690420  3.192662216  1.180158551  7.463975119
[281]  4.927102145  2.136536185  1.168582641  0.167808413  8.067387776
[286]  2.540060253  1.340675566  5.123949168  4.265569492  4.905154838
[291]  0.702969830  0.466399874  2.856876930  2.038494999  1.338333402
[296]  7.407227604  5.661872426  1.794809388  4.178167463  0.380231015
[301]  4.012223584  1.002348252  3.554542288  1.949367536  0.556402413
[306]  6.716175300  6.065777850  6.004003391  4.721988862  4.832978050
[311]  3.354939592  1.352294999  1.218717521  0.359775957  6.676420124
[316]  5.288924940  4.684779323  2.281063903  2.257958923  5.591115686
[321]  4.205594313  2.269206065  1.213624060  1.138667997  4.410886145
[326]  3.058798455  3.295932863  2.475600217  1.948882127  1.564757495
[331]  2.778089053  1.224251720  1.131619484  0.132933483  0.538990859

$PAR
  [1]  NA   1   1   1   2   3   6   6   6   7   7   8   8   9   9   9  10  10
 [19]  11  11  11  11  12  12  13  13  13  14  15  15  15  15  16  16  16  16
 [37]  16  19  20  21  23  23  24  26  26  28  28  28  29  29  29  29  33  34
 [55]  35  36  36  36  38  38  39  39  40  42  42  43  43  43  44  45  46  46
 [73]  46  46  49  49  52  54  54  54  55  55  56  56  57  57  58  59  59  63
 [91]  63  64  67  67  68  68  69  73  73  73  73  73  73  74  74  76  76  77
[109]  82  82  83  83  83  83  83  84  84  87  88  89  89  91  94  94  95  96
[127]  96  97  98  99 106 106 106 106 108 108 108 108 108 108 108 108 108 108
[145] 108 109 110 110 111 113 113 114 114 114 115 115 116 117 120 121 121 123
[163] 124 124 125 125 126 126 126 127 128 129 131 131 131 136 136 137 137 138
[181] 138 138 140 140 140 142 142 145 148 148 148 149 150 150 152 152 160 162
[199] 162 162 163 163 164 166 170 171 177 178 178 179 180 180 181 181 181 182
[217] 184 186 189 192 192 193 193 197 199 201 201 201 201 202 205 206 206 206
[235] 206 206 206 206 207 208 208 211 211 212 214 214 218 218 219 219 222 223
[253] 224 227 227 233 233 233 233 233 234 234 234 236 236 240 241 241 241 241
[271] 242 242 246 249 254 257 257 258 259 261 261 261 261 261 262 264 264 266
[289] 266 267 268 274 277 278 278 280 280 280 281 282 285 286 288 288 289 296
[307] 296 296 296 297 297 301 304 305 306 306 306 306 306 307 307 307 307 307
[325] 309 309 311 315 316 316 320 322 325 327 333

$EXTANT
  [1] FALSE FALSE FALSE FALSE FALSE FALSE FALSE FALSE FALSE FALSE FALSE FALSE
 [13] FALSE FALSE FALSE FALSE FALSE FALSE FALSE FALSE FALSE FALSE FALSE FALSE
 [25] FALSE FALSE FALSE FALSE FALSE FALSE FALSE FALSE FALSE FALSE FALSE FALSE
 [37] FALSE FALSE FALSE FALSE FALSE FALSE FALSE FALSE FALSE FALSE FALSE FALSE
 [49] FALSE FALSE FALSE FALSE FALSE FALSE FALSE  TRUE  TRUE FALSE FALSE FALSE
 [61] FALSE FALSE FALSE FALSE FALSE FALSE FALSE FALSE FALSE FALSE FALSE FALSE
 [73]  TRUE FALSE FALSE FALSE FALSE FALSE FALSE FALSE FALSE FALSE FALSE FALSE
 [85]  TRUE  TRUE FALSE FALSE FALSE FALSE FALSE FALSE FALSE  TRUE  TRUE FALSE
 [97] FALSE FALSE FALSE FALSE  TRUE  TRUE  TRUE FALSE FALSE FALSE FALSE  TRUE
[109] FALSE FALSE  TRUE FALSE  TRUE  TRUE  TRUE  TRUE  TRUE  TRUE FALSE FALSE
[121]  TRUE FALSE FALSE FALSE  TRUE FALSE FALSE FALSE FALSE FALSE FALSE FALSE
[133] FALSE FALSE FALSE FALSE FALSE  TRUE FALSE  TRUE FALSE  TRUE  TRUE  TRUE
[145]  TRUE FALSE FALSE  TRUE  TRUE  TRUE FALSE  TRUE  TRUE  TRUE  TRUE  TRUE
[157] FALSE  TRUE FALSE  TRUE  TRUE  TRUE  TRUE  TRUE FALSE  TRUE FALSE FALSE
[169]  TRUE FALSE FALSE FALSE FALSE FALSE FALSE FALSE  TRUE FALSE  TRUE  TRUE
[181]  TRUE FALSE FALSE  TRUE  TRUE  TRUE  TRUE  TRUE  TRUE  TRUE  TRUE  TRUE
[193]  TRUE FALSE  TRUE  TRUE FALSE FALSE  TRUE  TRUE  TRUE  TRUE FALSE  TRUE
[205]  TRUE  TRUE FALSE  TRUE FALSE  TRUE  TRUE  TRUE  TRUE  TRUE  TRUE  TRUE
[217]  TRUE  TRUE FALSE  TRUE  TRUE  TRUE  TRUE  TRUE  TRUE  TRUE  TRUE FALSE
[229]  TRUE  TRUE FALSE FALSE FALSE  TRUE  TRUE  TRUE  TRUE FALSE FALSE FALSE
[241]  TRUE  TRUE  TRUE  TRUE FALSE  TRUE  TRUE  TRUE  TRUE  TRUE FALSE  TRUE
[253] FALSE  TRUE  TRUE FALSE FALSE  TRUE  TRUE FALSE  TRUE FALSE FALSE  TRUE
[265]  TRUE  TRUE FALSE  TRUE  TRUE FALSE  TRUE  TRUE  TRUE  TRUE  TRUE FALSE
[277]  TRUE FALSE  TRUE FALSE FALSE  TRUE  TRUE  TRUE  TRUE  TRUE  TRUE FALSE
[289]  TRUE FALSE  TRUE  TRUE FALSE  TRUE  TRUE FALSE  TRUE  TRUE  TRUE  TRUE
[301]  TRUE  TRUE  TRUE  TRUE  TRUE FALSE FALSE  TRUE  TRUE  TRUE  TRUE FALSE
[313]  TRUE  TRUE  TRUE  TRUE  TRUE  TRUE FALSE FALSE FALSE  TRUE  TRUE  TRUE
[325]  TRUE FALSE  TRUE  TRUE FALSE  TRUE  TRUE FALSE  TRUE  TRUE  TRUE

