
Birth-death simulation object with 382 species and 151 extant species

Details for some species:

Extinction times (NA means extant)
[1] 35.86871 28.64333 39.63818 33.07791 39.67006 31.01132


Speciation times 
[1] 49.26651 41.47256 39.83141 38.05259 41.33130 40.77942


Species parents (NA for initial)
[1] NA  1  1  1  2  2


Species status (extinct or extant)
[1] "extinct" "extinct" "extinct" "extinct" "extinct" "extinct"


For more details on vector y, try sim$y, with y one of
TE TS PAR EXTANT



$TE
  [1] 35.86870826 28.64332936 39.63818279 33.07791220 39.67006467 31.01132397
  [7] 22.23677263 14.53554338 29.14675737 20.82660019 29.15356858 32.17262412
 [13] 30.90559508 32.80196246 20.85556792 20.04998318 20.99481491 19.83866875
 [19] 19.81546664 10.53422642 14.12248305 24.48367450 27.70217656 23.18393685
 [25] 15.84978445 23.88698687 20.07604428 29.58033678 19.76773676 25.96589762
 [31] 22.68296948 14.18898861 15.55914060 13.02230362  2.45483262 12.93340491
 [37] 18.51618213 14.27839106 28.30800538 23.61287647 18.17339440 20.70447177
 [43] 20.76583409 13.90854361 20.85173897 14.31225096 14.91033465 14.95326294
 [49] 15.67026214 28.06174069 15.88083255 11.86104145 14.66789049 15.36184295
 [55]  2.64909254  1.24694858          NA 16.16261363 14.65114696 15.37255879
 [61] 15.54777612 14.59897188 13.87641181 14.62081354 15.33989631 10.58414010
 [67] 14.20126149 18.71280725 30.37562700 14.67471542 20.14024845 25.62261023
 [73] 24.76728984 13.14026554 21.13910383 15.11778497 30.06935710 14.96426154
 [79] 17.94091902 13.83354497 10.37458969 12.75824733  2.54156606  0.39674768
 [85]          NA          NA          NA 14.57388234 15.28645218 18.08817188
 [91] 15.28972403 14.09252292 13.36980385 13.89754565 16.90383429 13.41414243
 [97] 11.68478107 15.17244663 11.65605055 15.24261309 21.02892302 20.56730437
[103] 14.58129172 20.96428616 15.95169862 25.40307179 14.97325726 12.84906257
[109] 21.73096212 15.33257364 15.28160914          NA 15.82695241 13.85099780
[115] 13.48751648 13.37065869  6.53726451          NA  7.48318923  2.73065771
[121]  4.74683339  2.37361733          NA          NA          NA  2.63371768
[127]          NA  0.04214672  8.25260238 14.66098260 11.41389636 13.32906510
[133] 13.50108165 17.72095056 11.40518095 14.28081489 20.22879134 23.21309624
[139] 21.70531928 21.01114676  5.56240213 13.21898141 17.72527211 15.85513833
[145] 21.77764594 15.73138343 13.10243667 12.79160819  3.21700083 19.10564378
[151] 12.56719399 14.93397728          NA  4.84356310  4.09496134  7.27925401
[157]  2.80106702          NA          NA  8.48734033          NA  1.45082163
[163]  0.47266600          NA          NA          NA  7.47664533  7.99257464
[169]          NA 15.34732356 12.95846795 13.51323636  2.70919241  8.90213197
[175]  2.94348966  3.68549725          NA 11.80310768 13.42051025 13.95527206
[181]  3.73739931          NA          NA  7.99918679          NA          NA
[187]  2.95816768  0.90754262          NA  1.13810611  2.25926117          NA
[193]          NA          NA          NA          NA  4.60332036  8.49343558
[199]          NA  5.61907301  1.05085766  3.38812868          NA  1.55685847
[205]  5.06117160          NA  5.92047947          NA          NA          NA
[211] 15.25684501  5.17501696          NA  0.69513477          NA          NA
[217]          NA          NA  0.20333392          NA          NA  1.23018174
[223]  2.23344758          NA  3.85114349  4.38566655          NA          NA
[229]          NA  4.14166537          NA          NA          NA          NA
[235]          NA  8.77514855  1.77068637  4.75765213  3.48490340          NA
[241]  1.16368443  3.28895185          NA          NA          NA          NA
[247]  3.13704686          NA  1.23145143  0.58295781          NA  2.18193353
[253]          NA  0.71379692  1.60352205          NA          NA          NA
[259]          NA  1.80729231  3.33006012          NA          NA          NA
[265]          NA          NA          NA          NA          NA  3.96354037
[271]          NA          NA          NA          NA  1.16206139          NA
[277]  4.42641256          NA  0.47335632  4.00104638          NA          NA
[283]          NA          NA  0.08138880          NA  4.16879814  7.05144922
[289]          NA  2.46287510  3.64725074          NA          NA          NA
[295]          NA          NA          NA          NA          NA          NA
[301]          NA          NA          NA          NA          NA          NA
[307]          NA          NA          NA  5.41380654          NA          NA
[313]          NA          NA          NA  2.52450103          NA  1.70163527
[319]          NA          NA          NA          NA          NA          NA
[325]          NA          NA          NA          NA          NA          NA
[331]          NA  4.73023386  0.39569297  1.67659509          NA  3.44641008
[337]          NA          NA          NA          NA          NA          NA
[343]  0.15028799  5.84527591          NA          NA          NA          NA
[349]          NA          NA          NA          NA  0.01768280          NA
[355]  2.46678616  0.61476750          NA  0.74704179          NA  0.35196494
[361]          NA  3.70598898  2.03779981          NA  4.69471338          NA
[367]          NA          NA          NA  2.46936520          NA  4.38969563
[373]  3.85818585  2.81743465          NA          NA          NA  2.69524721
[379]  1.27878633          NA          NA          NA

$TS
  [1] 49.26651148 41.47255537 39.83141270 38.05259235 41.33129741 40.77941784
  [7] 35.39908241 33.26991863 31.67576368 35.24871400 33.99707462 33.89346172
 [13] 31.27409272 34.69163779 30.73902827 26.53899265 27.86882153 25.47132505
 [19] 23.19825801 17.44723513 14.78677834 30.61743775 30.35796980 28.48178045
 [25] 31.08196951 32.46908764 34.63035368 33.16313326 29.41034713 27.01316542
 [31] 24.64468683 21.10877076 20.19592392 13.18162773 10.59851676 29.24438051
 [37] 27.03289775 26.06919625 28.81176394 28.80743749 26.21008220 24.51709710
 [43] 21.54959520 17.97361666 32.38292178 28.04119376 24.94344921 33.82489655
 [49] 25.39097197 28.92526686 21.38493955 18.02533347 16.07026046 16.06262137
 [55]  8.22301024  2.73845397  2.67705369 28.49345346 22.92943227 21.01775257
 [61] 16.84425462 16.08324447 22.23367963 21.70605705 19.06216078 18.86282200
 [67] 15.41832061 23.70167745 31.95862997 29.57601975 27.93223661 26.57066550
 [73] 25.28364899 24.15094418 23.92255895 15.57995106 32.07448090 20.96722590
 [79] 19.24179975 15.88823318 17.00901324 13.16433286 12.32165909  6.66343749
 [85]  6.45896854  5.84732488  3.28418307 19.85071223 21.80932433 18.73690864
 [91] 19.28257440 15.92794808 15.34193057 20.03784784 19.58846112 21.35321371
 [97] 17.11573999 16.52270348 12.76735479 23.13775940 30.56079012 27.33562095
[103] 22.99486726 22.12065537 16.28694987 25.84418169 23.56501246 22.55470449
[109] 26.45754145 22.11063897 20.91452249 19.31598311 20.57303342 18.62227930
[115] 13.96218578 13.69247387 10.52630608  9.91132488  9.05625364  5.23172681
[121]  5.99139463  5.01546895  6.19306459  4.72160213  4.41971641  4.30560268
[127]  1.32298153  1.19571649 17.69420847 17.63489170 16.88564097 14.20815867
[133] 14.09284332 18.23907251 14.39039767 15.82771428 21.20256000 24.23088032
[139] 22.84561367 21.27290250 20.38792673 18.76686973 18.41267934 16.54545437
[145] 22.29173218 20.57244867 16.93186828 13.05745231  5.76794477 19.23281740
[151] 19.06492427 17.99672140  7.67351362  8.70358599  8.65367142  8.09922813
[157]  3.40143679  2.45652060  8.84188038  8.64859766  8.06794187  4.39130590
[163]  2.27353857  1.51397017  0.93726266  1.07913188  9.63040606  9.60613575
[169] 12.79215749 15.43360829 13.88356776 13.74055483 10.73260264 10.51313690
[175]  9.76328104  7.24007821  6.88403625 15.03842927 16.85719385 15.94380475
[181]  6.69385109  1.42910906  8.46093364  8.24641990  2.40247701  6.92079095
[187]  4.73715016  3.59051607  7.85425332  7.30443572  2.32333758  1.34063700
[193]  1.25578910  2.55125802  0.20343785  8.40413702  9.30583371 10.19732844
[199]  4.77317000  8.24734533  6.88566942  6.86914592  6.30291178  6.20153243
[205]  5.86455096  5.81326377  7.18202364  5.97954181  5.09446942  0.74067399
[211] 15.93901246  6.34820878  5.86343320  1.04489091  7.23239546  1.75696771
[217]  6.09568971  2.27853300  1.98422549  1.66544604  3.51347458  3.41649790
[223]  3.36631876  7.50251734  6.86933957  6.23644178  2.08019009  2.17756700
[229]  6.19766661  4.45446603  3.99710553  0.24020581  7.97135139  7.00303076
[235]  6.24937644  9.23367492  9.07235385  8.99841634  6.66132811  5.34339701
[241]  4.49763100  3.66321582  6.23636811  3.90934030  3.53825530  5.79481005
[247]  4.13509738  5.31860906  5.40758628  4.46631715  2.81767549  2.49432985
[253]  1.77271418  1.62405094  6.74121031  4.32053781  2.80182499  2.06127112
[259]  5.65190835  6.23743643  3.95761699  0.21992120  1.58673950  0.29446231
[265]  0.49960444  3.40748578  6.76321759  3.80101768  1.51662057  5.50814591
[271]  0.35561422  0.21868846  1.41792595  0.28296284  2.88827669  3.51925547
[277]  6.45689460  5.63062223  3.75483479  4.89264015  4.07772501  2.93814680
[283]  3.91399781  2.90013218  0.55458836  6.79381169  8.98668626  8.23521848
[289]  6.29971745  5.93963404  4.97485527  0.47587877  3.82485933  0.43465603
[295]  0.11722308  5.59455878  1.98648506  0.66180288  1.38474569  1.15745090
[301]  0.11595543  0.15119126  6.05139599  2.66029443  1.90968083  0.37819613
[307]  2.24088210  0.63646280  5.89123469  5.73991830  5.61474112  2.93178689
[313]  0.44955263  3.59556717  0.27191746  4.16176504  0.43699097  2.95634111
[319]  0.41503868  5.99016986  4.27971623  4.21403114  3.70427373  1.60682927
[325]  1.52511443  0.90654443  2.02954204  1.18905829  0.55095061  2.19096361
[331]  0.17299526  6.32170330  4.78018170  3.06311906  6.20279896  7.38119192
[337]  1.85555668  0.32110166  5.75362697  3.77089823  3.21084517  2.17861990
[343]  0.55643314  5.99881266  3.59438001  1.92424687  1.74540518  1.52326591
[349]  2.07388131  2.05214334  0.76718212  1.56276346  5.47091394  3.07877704
[355]  3.37244631  2.53139147  2.08718150  0.93306277  1.42312860  0.60289217
[361]  3.32202346  6.86958101  6.54033955  5.64283581  5.63161988  4.38584119
[367]  4.11201634  0.49656696  0.30078701  2.77449545  0.75728005  5.46284628
[373]  4.79487381  4.23889070  0.62292788  0.13682583  5.26035613  4.98198463
[379]  1.83522550  1.50795034  2.76193078  0.07240969

$PAR
  [1]  NA   1   1   1   2   2   2   2   2   4   4   4   6   7   7   7   8   8
 [19]   8   8   8   9  10  10  11  12  14  14  15  15  15  19  19  20  20  22
 [37]  22  22  23  23  25  25  25  25  26  26  26  27  27  29  29  32  32  33
 [55]  35  35  35  36  36  36  36  36  37  37  37  37  38  40  45  45  45  45
 [73]  46  46  46  46  48  49  49  51  52  52  52  55  55  55  55  58  59  59
 [91]  60  62  62  63  63  64  64  66  66  68  69  70  70  70  70  71  71  71
[109]  72  74  74  74  78  78  80  81  83  83  83  83  84  84  85  85  86  86
[127]  86  86  88  91  91  92  93  94  97  98 100 102 102 102 103 103 103 103
[145] 107 108 112 112 112 113 113 113 117 118 118 118 118 118 119 119 119 122
[163] 123 124 124 128 129 129 135 141 141 141 141 141 141 141 141 147 151 151
[181] 153 153 154 155 158 159 159 159 161 161 161 161 161 162 164 167 168 173
[199] 173 175 175 175 175 175 175 175 176 176 176 177 180 181 181 182 183 183
[217] 186 186 186 186 188 188 188 189 189 190 190 194 196 196 196 196 197 197
[235] 197 198 198 198 201 201 201 201 202 202 202 204 204 205 206 206 206 206
[253] 206 206 207 208 208 209 213 215 215 218 219 220 221 222 224 224 224 225
[271] 227 227 228 228 229 231 233 233 233 234 234 234 235 235 235 237 238 238
[289] 239 239 243 243 244 245 245 246 246 248 250 250 251 253 255 255 256 258
[307] 266 266 267 267 267 267 267 268 268 270 273 276 276 277 280 280 281 282
[325] 282 282 283 283 283 284 284 286 286 286 287 288 289 289 290 290 293 296
[343] 296 303 303 303 303 303 304 304 305 307 310 311 314 321 323 324 330 330
[361] 333 336 336 336 336 336 336 337 338 340 361 363 363 364 364 364 365 365
[379] 366 366 378 381

$EXTANT
  [1] FALSE FALSE FALSE FALSE FALSE FALSE FALSE FALSE FALSE FALSE FALSE FALSE
 [13] FALSE FALSE FALSE FALSE FALSE FALSE FALSE FALSE FALSE FALSE FALSE FALSE
 [25] FALSE FALSE FALSE FALSE FALSE FALSE FALSE FALSE FALSE FALSE FALSE FALSE
 [37] FALSE FALSE FALSE FALSE FALSE FALSE FALSE FALSE FALSE FALSE FALSE FALSE
 [49] FALSE FALSE FALSE FALSE FALSE FALSE FALSE FALSE  TRUE FALSE FALSE FALSE
 [61] FALSE FALSE FALSE FALSE FALSE FALSE FALSE FALSE FALSE FALSE FALSE FALSE
 [73] FALSE FALSE FALSE FALSE FALSE FALSE FALSE FALSE FALSE FALSE FALSE FALSE
 [85]  TRUE  TRUE  TRUE FALSE FALSE FALSE FALSE FALSE FALSE FALSE FALSE FALSE
 [97] FALSE FALSE FALSE FALSE FALSE FALSE FALSE FALSE FALSE FALSE FALSE FALSE
[109] FALSE FALSE FALSE  TRUE FALSE FALSE FALSE FALSE FALSE  TRUE FALSE FALSE
[121] FALSE FALSE  TRUE  TRUE  TRUE FALSE  TRUE FALSE FALSE FALSE FALSE FALSE
[133] FALSE FALSE FALSE FALSE FALSE FALSE FALSE FALSE FALSE FALSE FALSE FALSE
[145] FALSE FALSE FALSE FALSE FALSE FALSE FALSE FALSE  TRUE FALSE FALSE FALSE
[157] FALSE  TRUE  TRUE FALSE  TRUE FALSE FALSE  TRUE  TRUE  TRUE FALSE FALSE
[169]  TRUE FALSE FALSE FALSE FALSE FALSE FALSE FALSE  TRUE FALSE FALSE FALSE
[181] FALSE  TRUE  TRUE FALSE  TRUE  TRUE FALSE FALSE  TRUE FALSE FALSE  TRUE
[193]  TRUE  TRUE  TRUE  TRUE FALSE FALSE  TRUE FALSE FALSE FALSE  TRUE FALSE
[205] FALSE  TRUE FALSE  TRUE  TRUE  TRUE FALSE FALSE  TRUE FALSE  TRUE  TRUE
[217]  TRUE  TRUE FALSE  TRUE  TRUE FALSE FALSE  TRUE FALSE FALSE  TRUE  TRUE
[229]  TRUE FALSE  TRUE  TRUE  TRUE  TRUE  TRUE FALSE FALSE FALSE FALSE  TRUE
[241] FALSE FALSE  TRUE  TRUE  TRUE  TRUE FALSE  TRUE FALSE FALSE  TRUE FALSE
[253]  TRUE FALSE FALSE  TRUE  TRUE  TRUE  TRUE FALSE FALSE  TRUE  TRUE  TRUE
[265]  TRUE  TRUE  TRUE  TRUE  TRUE FALSE  TRUE  TRUE  TRUE  TRUE FALSE  TRUE
[277] FALSE  TRUE FALSE FALSE  TRUE  TRUE  TRUE  TRUE FALSE  TRUE FALSE FALSE
[289]  TRUE FALSE FALSE  TRUE  TRUE  TRUE  TRUE  TRUE  TRUE  TRUE  TRUE  TRUE
[301]  TRUE  TRUE  TRUE  TRUE  TRUE  TRUE  TRUE  TRUE  TRUE FALSE  TRUE  TRUE
[313]  TRUE  TRUE  TRUE FALSE  TRUE FALSE  TRUE  TRUE  TRUE  TRUE  TRUE  TRUE
[325]  TRUE  TRUE  TRUE  TRUE  TRUE  TRUE  TRUE FALSE FALSE FALSE  TRUE FALSE
[337]  TRUE  TRUE  TRUE  TRUE  TRUE  TRUE FALSE FALSE  TRUE  TRUE  TRUE  TRUE
[349]  TRUE  TRUE  TRUE  TRUE FALSE  TRUE FALSE FALSE  TRUE FALSE  TRUE FALSE
[361]  TRUE FALSE FALSE  TRUE FALSE  TRUE  TRUE  TRUE  TRUE FALSE  TRUE FALSE
[373] FALSE FALSE  TRUE  TRUE  TRUE FALSE FALSE  TRUE  TRUE  TRUE

