
Birth-death simulation object with 181 species and 52 extant species

Details for some species:

Extinction times (NA means extant)
[1] 14.47397 38.09871 34.74201 37.03316 22.88996 20.99642


Speciation times 
[1] 49.26651 44.31715 41.68452 37.62844 31.91101 26.04226


Species parents (NA for initial)
[1] NA  1  1  1  1  1


Species status (extinct or extant)
[1] "extinct" "extinct" "extinct" "extinct" "extinct" "extinct"


For more details on vector y, try sim$y, with y one of
TE TS PAR EXTANT



$TE
  [1] 14.4739671 38.0987068 34.7420070 37.0331639 22.8899617 20.9964170
  [7] 11.4349876         NA 19.8433003 18.7266205 26.5110031 14.3977454
 [13] 15.4418148 18.8728536 19.8256747 22.2680835 13.7625885 20.2140609
 [19] 17.6209433 17.0608310 12.1540200  2.3082524 14.5779065  3.3398911
 [25] 16.3883482 15.1827357 20.5498276 23.3224141 26.4066133 23.9890316
 [31] 29.7753802 24.3972812 17.7318182 11.6385610 15.3937029 13.6111425
 [37] 21.3899259 19.2080386 18.7390287 13.9844801 17.8533215 13.5176928
 [43] 13.6739150 11.9113485  3.4604356  6.2175140 10.5531311 17.0102342
 [49] 14.9579744 18.6031556 10.8679510 14.8874660 24.1916158 20.2540779
 [55] 14.5697656 24.7511609 28.5148436 15.2236828 13.4225835 11.7922442
 [61] 13.7685838 13.5522026 15.4773026 15.2119699 19.9301867 10.9410725
 [67] 11.9439469 12.3172021 12.8415517         NA  4.4624276 12.2934410
 [73]  7.0573418 12.6077865 20.4516760 14.2786948 13.3770435 26.9797985
 [79] 13.3496321 15.4803626 14.5602732 15.0621806 16.3797049 12.4031238
 [85]         NA 14.2443622 13.8518031 13.3981518 17.6759392 16.8813517
 [91] 15.3686032 18.5748057 12.9803416 12.1582438  3.7155323 11.3976629
 [97] 11.4571979         NA         NA  0.3972199         NA  3.9656870
[103]         NA 12.2462723 15.5411192 12.1254327 26.6884887 13.1168343
[109] 14.9029033 12.0851746 10.8113464 10.0062152  4.9591677  3.4479320
[115]         NA         NA 14.8882218 14.5383068  2.3419387  0.6958040
[121]         NA         NA         NA         NA 14.3198931         NA
[127] 13.1064137         NA  4.0593951  2.3768546         NA         NA
[133]         NA         NA 12.3199454         NA  5.0202145         NA
[139]         NA         NA  2.9572373         NA         NA         NA
[145]         NA         NA  2.7223455         NA         NA  0.5161098
[151]         NA         NA  0.9187652         NA         NA         NA
[157]         NA  2.1458873  2.7951630         NA  2.9699448         NA
[163]  1.0608512         NA  0.7801633  0.4646380         NA  1.9106663
[169]         NA  0.7709442         NA         NA         NA         NA
[175]         NA         NA         NA         NA         NA         NA
[181]         NA

$TS
  [1] 49.266511476 44.317148818 41.684521970 37.628437210 31.911013442
  [6] 26.042261402 25.638637704 22.699914446 22.671343867 38.607044486
 [11] 38.273093354 26.044591606 25.608575809 25.480338435 24.452708932
 [16] 22.347916472 22.940797313 21.959068275 18.477626663 18.312206465
 [21] 17.291094470 16.113432927 14.780065383  5.601866175 21.444681855
 [26] 20.736170394 31.883700556 29.981293230 28.703006018 26.423661947
 [31] 35.832659108 30.695647678 23.468066950 21.743238657 21.080749892
 [36] 15.748154284 24.733508953 19.843907874 23.172901603 16.851234732
 [41] 18.390822975 14.456094381 13.984632836 11.989168164  7.673872035
 [46]  7.533247249 14.667587398 20.487418554 18.772325728 20.489100102
 [51] 17.397092859 25.533497212 24.782799800 24.631945245 24.036497278
 [56] 27.891657124 35.003920294 21.407107360 20.670980370 18.255098673
 [61] 23.521188830 22.794094589 21.739059870 21.638109331 21.303755442
 [66] 19.136897653 14.465461920 13.635970113 13.918557915  6.861459633
 [71]  6.371835664 13.510614306 13.251707279 12.701668474 22.688051058
 [76] 17.519424967 16.846985188 29.584039886 20.166892422 17.919623681
 [81] 17.041694923 16.867511486 16.419308689 14.306786430 12.127318159
 [86] 18.610262664 15.299723540 14.062550124 20.865750945 21.615782812
 [91] 19.156259400 19.122229020 16.809224579 12.844075644 14.282717147
 [96] 13.429650707 13.427082781  5.338261610  0.694417093  0.644978713
[101]  0.109519350  4.569455797  9.612258207 16.483583002 16.410034686
[106] 14.894699985 27.479997036 14.868891906 17.110350179 15.751650481
[111] 16.474153746 10.930187093  9.581600832  4.122353266  0.659852595
[116]  0.525484026 15.886167396 15.526841015  9.690448363  7.440985820
[121]  0.588051062  2.206464107  1.744528185  1.068254946 16.002576038
[126] 15.456842189 13.441851158  0.023334315  7.322575354  6.756897217
[131]  6.539793665  6.361160995  0.469875920  0.165445905 12.764991942
[136]  8.795396375  7.250460265  5.761980301  5.427355710  4.869532650
[141]  3.000779847  7.066170230  3.457614607  0.728002308  5.498545190
[146]  3.547956661  4.666605270  2.386336429  1.691094958  6.206800005
[151]  5.152875099  3.879025663  2.053650538  0.163318239  0.235562008
[156]  0.005281361  5.838929062  5.642228486  3.641855558  4.884378754
[161]  3.184212055  0.165697374  2.728065416  0.597602333  5.592079193
[166]  3.806867309  3.465900919  3.306111129  1.249024459  3.275553148
[171]  2.000017966  0.332616514  2.761808880  2.296872017  1.001741251
[176]  1.695110441  1.561077520  1.778570348  1.031938807  0.806201473
[181]  0.171634444

$PAR
  [1]  NA   1   1   1   1   1   1   1   1   3   3   5   5   5   6   6   7   8
 [19]   8   8   8   8   8   8   9   9  10  10  10  10  11  11  12  13  13  13
 [37]  14  14  15  17  19  22  22  22  22  22  23  25  25  26  26  27  27  28
 [55]  28  29  31  33  33  35  37  37  37  37  39  39  40  42  43  45  46  51
 [73]  51  51  55  55  55  57  58  59  59  59  59  60  60  61  61  61  62  64
 [91]  64  66  66  66  67  67  67  70  70  70  70  71  73  76  76  77  78  79
[109]  80  81  82  85  85  85  85  85  86  93  95  95 100 103 103 103 109 110
[127] 111 115 120 120 120 120 122 124 126 126 126 126 131 132 132 136 136 136
[145] 138 138 139 140 140 142 142 142 142 144 148 149 150 150 150 151 152 152
[163] 157 157 158 158 159 159 165 166 167 167 168 170 170 171 173 174 176 177
[181] 177

$EXTANT
  [1] FALSE FALSE FALSE FALSE FALSE FALSE FALSE  TRUE FALSE FALSE FALSE FALSE
 [13] FALSE FALSE FALSE FALSE FALSE FALSE FALSE FALSE FALSE FALSE FALSE FALSE
 [25] FALSE FALSE FALSE FALSE FALSE FALSE FALSE FALSE FALSE FALSE FALSE FALSE
 [37] FALSE FALSE FALSE FALSE FALSE FALSE FALSE FALSE FALSE FALSE FALSE FALSE
 [49] FALSE FALSE FALSE FALSE FALSE FALSE FALSE FALSE FALSE FALSE FALSE FALSE
 [61] FALSE FALSE FALSE FALSE FALSE FALSE FALSE FALSE FALSE  TRUE FALSE FALSE
 [73] FALSE FALSE FALSE FALSE FALSE FALSE FALSE FALSE FALSE FALSE FALSE FALSE
 [85]  TRUE FALSE FALSE FALSE FALSE FALSE FALSE FALSE FALSE FALSE FALSE FALSE
 [97] FALSE  TRUE  TRUE FALSE  TRUE FALSE  TRUE FALSE FALSE FALSE FALSE FALSE
[109] FALSE FALSE FALSE FALSE FALSE FALSE  TRUE  TRUE FALSE FALSE FALSE FALSE
[121]  TRUE  TRUE  TRUE  TRUE FALSE  TRUE FALSE  TRUE FALSE FALSE  TRUE  TRUE
[133]  TRUE  TRUE FALSE  TRUE FALSE  TRUE  TRUE  TRUE FALSE  TRUE  TRUE  TRUE
[145]  TRUE  TRUE FALSE  TRUE  TRUE FALSE  TRUE  TRUE FALSE  TRUE  TRUE  TRUE
[157]  TRUE FALSE FALSE  TRUE FALSE  TRUE FALSE  TRUE FALSE FALSE  TRUE FALSE
[169]  TRUE FALSE  TRUE  TRUE  TRUE  TRUE  TRUE  TRUE  TRUE  TRUE  TRUE  TRUE
[181]  TRUE

