
Birth-death simulation object with 244 species and 76 extant species

Details for some species:

Extinction times (NA means extant)
[1] 20.18080 47.38177 36.61777 35.01423 23.11912 18.63598


Speciation times 
[1] 49.26651 48.75108 38.99578 38.40319 33.86109 24.10026


Species parents (NA for initial)
[1] NA  1  1  1  1  1


Species status (extinct or extant)
[1] "extinct" "extinct" "extinct" "extinct" "extinct" "extinct"


For more details on vector y, try sim$y, with y one of
TE TS PAR EXTANT



$TE
  [1] 20.1807994 47.3817730 36.6177721 35.0142284 23.1191228 18.6359761
  [7] 14.9741546 14.1652845 37.9910456 36.6596542 19.7941501 19.9961052
 [13] 35.0677300 26.9634150 16.8508833 14.4288329         NA 10.4567853
 [19] 14.0015581 31.9105887 14.9544671 29.0988398 28.8161306 28.6822212
 [25] 21.3939048 23.2609948 13.5307913 27.6652934 19.8040684 25.5225318
 [31] 16.3443481 16.8239991 17.7521979 12.4433082 13.5273396 13.2707474
 [37] 10.8952164  4.9463122 31.2988626 13.7107163 30.6285978 24.8305336
 [43] 29.4017109 24.5793646 20.9501890 17.7772949 23.6038539 18.1637042
 [49] 15.6522390 18.8045363 14.2633310 25.2719595 21.3150380 14.0419134
 [55] 15.3865105 14.1207289 28.7729351 21.1037566 10.6242536 14.7288891
 [61] 12.0874792 18.0143016  9.1596415 20.7837191 15.0563806 15.3529845
 [67] 14.7561372 15.1100606 15.0253411 17.3372131 17.3046439 17.5956929
 [73] 18.0689874 15.7301163 12.4721529 13.7817502 12.6987952 13.6491028
 [79]         NA 10.6264629 19.5816892 14.8469045 13.2474717 17.5006156
 [85] 18.1128132 10.3251786 12.0048990 23.7238228 20.1021134 11.3672463
 [91]  8.9884746 14.1664230 14.7422157 14.7661887 15.0487642         NA
 [97] 27.4220886 22.4739629 13.4614783 10.9968003 15.7521094 11.5921964
[103] 14.0642171  0.9888707  6.3451150  7.3701758 10.8855279  6.7398408
[109] 11.1435000 14.3466694  9.0602782  6.8624471  1.4558346 12.5021172
[115] 18.8275522         NA 15.1455142 14.2888399 14.4811323 10.9432053
[121]         NA  1.2688985         NA 11.9460170  8.1069806  9.1857683
[127]  1.3652204  1.3423928  8.6406909 10.5251453  5.3889561  7.4866112
[133]         NA         NA 13.2763497 14.6939266 15.0872548         NA
[139]         NA         NA         NA  4.0846161         NA 14.2397278
[145] 13.2514285         NA  3.4925204 11.0049656         NA  7.0947616
[151]         NA  2.5586758  2.9836635         NA 14.7560376 15.1783594
[157]  6.6417548  1.1420556  0.9330132         NA         NA  1.3305161
[163]  0.5062312         NA         NA         NA         NA 12.4528493
[169]  4.5593940         NA         NA         NA  5.6394688  0.8734136
[175]  1.8007423         NA         NA         NA 14.8698287 14.3558545
[181]  6.2560759         NA         NA  0.2527274         NA  2.1238928
[187]         NA         NA         NA         NA         NA         NA
[193]         NA         NA         NA         NA         NA  5.3464250
[199]  4.2836862  0.9723352         NA         NA         NA         NA
[205]  6.1308667  0.5364178         NA         NA         NA  0.3318059
[211]         NA         NA         NA  5.6879029         NA         NA
[217]         NA         NA         NA         NA  1.5018053         NA
[223]         NA  0.6621099         NA         NA         NA         NA
[229]         NA  2.7196045         NA         NA         NA  3.2316478
[235]  2.3399075  0.6996824         NA         NA         NA  4.0650212
[241]         NA         NA         NA         NA

$TS
  [1] 49.26651148 48.75108320 38.99578328 38.40319361 33.86108585 24.10026388
  [7] 24.06926551 21.03592542 38.94726061 38.31072521 38.25780451 37.46604111
 [13] 35.52989402 30.97876256 30.50857591 20.46267505 16.11455923 16.85815914
 [19] 15.48694076 38.64879191 30.68438480 35.91057477 34.79945073 30.09104448
 [25] 28.59606328 24.65578889 23.24899539 28.95427568 28.22319821 27.62674573
 [31] 23.53160851 22.74522326 20.15541030 14.64386567 14.46647444 14.22600575
 [37] 10.94129586  7.50998992 33.01396662 26.73577041 34.58840090 33.69462877
 [43] 29.94304059 29.19569378 23.36595494 28.45191361 26.88669087 22.15048053
 [49] 19.92015011 26.21780290 20.47286484 31.48829508 26.03238519 23.45249939
 [55] 22.72653118 19.66487154 30.70877737 22.42929251 21.06123651 20.16634844
 [61] 25.59646842 25.58526192 24.14212527 25.66197120 19.49525288 19.01635490
 [67] 18.90970102 17.25538291 15.70261724 28.79331716 21.66108024 21.01917494
 [73] 19.12890922 17.08553001 15.65640494 14.78506484 14.52462151 14.40349915
 [79] 11.00185551 10.86422638 20.12254997 15.09094205 14.74319203 24.25619236
 [85] 19.05434031 15.45181063 12.89028664 25.15643629 20.81532672 14.68824076
 [91]  9.35397967 17.76433494 15.78832396 15.45456003 16.96478944 15.92078185
 [97] 27.78197321 23.76338099 21.54668161 18.51189408 18.43044183 17.93350450
[103] 14.08389043  4.24208410 21.78825258 18.73226292 11.50595991  9.11551505
[109] 15.05435335 14.81158286 11.93110572  9.12678847  5.10542549 20.62281502
[115] 20.58372782 19.67979333 19.28368940 15.84026518 17.83367147 11.78738341
[121]  3.04064046  2.66299248  2.02183563 13.00455424  9.62321899 10.19451207
[127]  7.93317417  7.81125133  8.83528623 13.53992366 11.41192136  9.77762708
[133]  6.98413352  4.18924012 17.94511860 19.75276063 15.82059924 10.21640644
[139]  9.50656159  6.08332104  5.16805308  4.65828794  3.04223077 15.54767322
[145] 14.72874331  1.00038812  5.47195992 11.26602736  9.10231772  8.48366716
[151]  8.20629411  6.04403537  4.10106898  2.39768297 16.00667497 17.34398857
[157]  8.37829588  7.80498175  7.20783718  4.43472658  1.27392828  9.16562369
[163]  2.47819327  2.20028159  1.41411692  0.75884027  0.17268027 15.31035558
[169]  7.20207307  6.11736985  0.05178658  8.45700484  7.20894151  7.88238511
[175]  6.57467806  5.04898218  4.42428907  3.82005173 15.24405240 15.08662672
[181]  7.66476556  5.45053302  5.38422677  2.55440378  3.53208915  2.70443357
[187]  1.19028854  0.22434855  8.78397797  5.40262209  3.34251154  1.38976579
[193]  1.18257186  1.61076045  1.21649294  4.01576285  2.96010683  7.20128481
[199]  7.26242838  4.29000557  3.63349736  4.68146766  0.42263426  2.00790092
[205]  8.16617610  6.52904330  5.98454121  0.61547080  0.07215700  0.79270961
[211]  1.21102841  1.30792036  1.73382789  6.77488819  6.40095356  7.18013401
[217]  5.47356154  4.39933716  0.64936551  7.13345552  2.95137794  1.03730041
[223]  0.94503986  1.08712466  6.27363566  0.90621166  6.99081188  0.91460944
[229]  1.21338423  6.85045769  0.16548483  0.90889835  0.88772139  6.18337673
[235]  3.80346517  6.42497745  0.83386355  0.68608040  4.36636550  5.70452560
[241]  4.92186472  2.43354883  1.75856368  0.17925703

$PAR
  [1]  NA   1   1   1   1   1   1   1   3   3   3   4   4   5   5   6   7   8
 [19]   8   9  11  12  12  12  12  12  12  14  14  15  15  15  16  17  17  17
 [37]  17  17  20  21  22  22  22  23  26  28  29  29  29  30  31  39  40  40
 [55]  40  40  41  46  46  46  47  47  47  50  51  51  51  51  51  52  54  54
 [73]  55  56  56  56  59  59  59  59  60  60  60  61  61  61  61  62  62  63
 [91]  63  65  65  65  68  68  70  70  70  70  71  71  78  79  84  85  90  91
[109]  93  96  96  96  96  99  99  99  99 100 101 102 104 104 104 105 105 106
[127] 106 106 108 109 111 111 112 113 114 115 116 116 116 116 116 116 116 117
[145] 118 123 127 131 132 132 132 133 134 134 135 136 138 138 138 138 138 139
[163] 141 141 141 141 143 144 149 149 149 150 150 151 151 151 151 153 155 155
[181] 158 158 158 158 159 160 160 160 162 162 162 163 163 164 165 170 170 172
[199] 174 177 177 182 183 184 189 189 189 189 189 191 192 194 197 198 198 199
[217] 199 199 201 205 207 212 212 213 214 215 216 217 218 220 220 222 226 227
[235] 227 230 232 233 234 236 236 239 241 243

$EXTANT
  [1] FALSE FALSE FALSE FALSE FALSE FALSE FALSE FALSE FALSE FALSE FALSE FALSE
 [13] FALSE FALSE FALSE FALSE  TRUE FALSE FALSE FALSE FALSE FALSE FALSE FALSE
 [25] FALSE FALSE FALSE FALSE FALSE FALSE FALSE FALSE FALSE FALSE FALSE FALSE
 [37] FALSE FALSE FALSE FALSE FALSE FALSE FALSE FALSE FALSE FALSE FALSE FALSE
 [49] FALSE FALSE FALSE FALSE FALSE FALSE FALSE FALSE FALSE FALSE FALSE FALSE
 [61] FALSE FALSE FALSE FALSE FALSE FALSE FALSE FALSE FALSE FALSE FALSE FALSE
 [73] FALSE FALSE FALSE FALSE FALSE FALSE  TRUE FALSE FALSE FALSE FALSE FALSE
 [85] FALSE FALSE FALSE FALSE FALSE FALSE FALSE FALSE FALSE FALSE FALSE  TRUE
 [97] FALSE FALSE FALSE FALSE FALSE FALSE FALSE FALSE FALSE FALSE FALSE FALSE
[109] FALSE FALSE FALSE FALSE FALSE FALSE FALSE  TRUE FALSE FALSE FALSE FALSE
[121]  TRUE FALSE  TRUE FALSE FALSE FALSE FALSE FALSE FALSE FALSE FALSE FALSE
[133]  TRUE  TRUE FALSE FALSE FALSE  TRUE  TRUE  TRUE  TRUE FALSE  TRUE FALSE
[145] FALSE  TRUE FALSE FALSE  TRUE FALSE  TRUE FALSE FALSE  TRUE FALSE FALSE
[157] FALSE FALSE FALSE  TRUE  TRUE FALSE FALSE  TRUE  TRUE  TRUE  TRUE FALSE
[169] FALSE  TRUE  TRUE  TRUE FALSE FALSE FALSE  TRUE  TRUE  TRUE FALSE FALSE
[181] FALSE  TRUE  TRUE FALSE  TRUE FALSE  TRUE  TRUE  TRUE  TRUE  TRUE  TRUE
[193]  TRUE  TRUE  TRUE  TRUE  TRUE FALSE FALSE FALSE  TRUE  TRUE  TRUE  TRUE
[205] FALSE FALSE  TRUE  TRUE  TRUE FALSE  TRUE  TRUE  TRUE FALSE  TRUE  TRUE
[217]  TRUE  TRUE  TRUE  TRUE FALSE  TRUE  TRUE FALSE  TRUE  TRUE  TRUE  TRUE
[229]  TRUE FALSE  TRUE  TRUE  TRUE FALSE FALSE FALSE  TRUE  TRUE  TRUE FALSE
[241]  TRUE  TRUE  TRUE  TRUE

