
Birth-death simulation object with 205 species and 91 extant species

Details for some species:

Extinction times (NA means extant)
[1] 38.75011 34.71482 35.75826 41.69177 46.10676 18.05144


Speciation times 
[1] 49.26651 48.61017 48.24313 47.17389 46.95806 35.93218


Species parents (NA for initial)
[1] NA  1  1  2  3  3


Species status (extinct or extant)
[1] "extinct" "extinct" "extinct" "extinct" "extinct" "extinct"


For more details on vector y, try sim$y, with y one of
TE TS PAR EXTANT



$TE
  [1] 38.7501115 34.7148152 35.7582615 41.6917742 46.1067594 18.0514403
  [7] 29.7624459 20.9602675 16.1333295 40.8078478 30.5610448 38.1470477
 [13] 23.8660378 28.8241348 23.3426749 20.0046055  7.4695209 17.8249061
 [19] 37.5873512 24.2446337 31.2679512 26.8118629 30.7723510 30.2048248
 [25] 19.3451677 19.9200270 14.4085720 12.7183856 11.7970768 32.3065657
 [31] 18.6607234 28.4105973 17.3036392 10.8221244 13.0012097 12.2434282
 [37] 13.9721771  5.6870957 26.2551881 18.4518784 26.4854275 28.7043362
 [43] 13.1746318 17.5746730         NA 18.4391583 15.1348939 14.1200310
 [49] 17.6340323  6.9602129 12.8645951         NA         NA         NA
 [55]  2.3198554 25.5521115 29.8376298 26.8900437  4.6588082 11.6519962
 [61] 11.3126094 23.4523509  6.8947758  3.8162811         NA  1.3142892
 [67]  7.5954724  6.3179395  0.4523651         NA  9.1391667         NA
 [73]         NA         NA  0.8180631         NA  1.8567712         NA
 [79]         NA  2.4534695  2.0870225         NA 26.4686252 17.9499524
 [85] 12.9159375  1.1711144 14.1668170 21.0584126 15.2898262 11.2131908
 [91] 10.5836503         NA  6.1127628         NA         NA         NA
 [97]  3.0594492         NA         NA  9.0217483  6.0533123  6.6100657
[103]         NA         NA         NA         NA  6.4641028         NA
[109]  1.7795386         NA         NA         NA         NA         NA
[115]  3.6573311         NA         NA         NA         NA         NA
[121] 15.3238861 10.9501821 12.0550794  2.4937868  3.6233757         NA
[127]         NA         NA         NA  0.9850751  4.0618484  1.7015352
[133]  2.1845122         NA  6.3508386  0.3726907         NA         NA
[139]         NA  6.1160330         NA  6.0649526  5.1086747  0.3446912
[145]         NA         NA  0.7754813         NA         NA         NA
[151]  3.4892687         NA         NA  0.8946437         NA 15.0260789
[157]  1.5945474  4.6985454  2.5410865         NA         NA         NA
[163]         NA         NA         NA         NA         NA         NA
[169]         NA         NA         NA         NA         NA         NA
[175]  2.2969593         NA         NA  3.0334227         NA  2.0114018
[181]  0.4809580         NA         NA         NA         NA         NA
[187]         NA         NA         NA         NA         NA  0.6648412
[193]         NA         NA         NA  1.3532665         NA         NA
[199]         NA         NA         NA         NA         NA         NA
[205]         NA

$TS
  [1] 49.26651148 48.61016777 48.24313081 47.17388535 46.95805640 35.93218496
  [7] 44.94059543 31.47723360 19.83015218 42.15232605 40.62057583 40.44389066
 [13] 37.25428060 35.14972766 34.17378045 24.74151776 21.43155120 19.74288113
 [19] 39.99712370 37.27017617 34.48961500 32.50914230 30.83780026 31.14494372
 [25] 28.82530982 26.11467209 21.61006131 13.65644553 12.50195570 34.35161779
 [31] 33.65415617 31.89027776 24.44780694 21.58972453 19.32633160 16.49110226
 [37] 14.56419618 14.46248664 34.17767271 22.65443050 29.22065563 28.91683690
 [43] 24.42561742 24.01110804 21.04839973 20.81465643 18.12901565 17.35223246
 [49] 18.55683063 11.16653561 14.35038430 13.02764243 12.51336225  9.52103923
 [55]  8.02690113 31.50850887 30.91057008 29.63084123 20.02389602 19.68205627
 [61] 22.53136016 23.49732173 10.23177006  7.48793717  3.16839820  9.31877957
 [67] 11.37570845 10.14604833  9.84378537  1.99798549  9.48554354  9.33355376
 [73]  7.34661102  4.67309771  3.19367531  0.65131679  8.93785202  7.05287817
 [79]  3.58476074  3.23983883  2.65797014  2.60956588 31.02987188 19.16859822
 [85] 18.06261459  5.82240587 19.29853982 21.06665825 17.62736342 14.73632101
 [91] 12.11673508  7.32007988  6.99007621  6.84955267  2.06287599  8.00625359
 [97]  6.46763791  2.70405749  1.66932321  9.07079125  8.16476237  7.68731338
[103]  7.13538561  8.95614170  7.55550834  5.60210654  7.11469029  4.79705946
[109]  5.55332458  3.40796862  2.93523919  1.47179542  2.61694121  0.44821959
[115]  6.51688406  2.57360343  5.72495941  2.91205096  0.89137699  1.44659686
[121] 18.62557167 15.83852906 12.92336623  4.71575362 14.73647504  6.43495906
[127]  5.89328655  4.59337860  3.55215794  1.27400169  5.43335990  4.84622905
[133]  2.23897925  0.60021527  6.45520466  6.18198539  0.73147456  0.72527339
[139]  7.37408805  7.30249499  7.07382364  6.83334669  6.59866707  6.20080919
[145]  0.65714008  0.27074931  4.33513224  3.30845064  3.91245355  3.24906738
[151]  4.46705233  0.60326925  1.90957103  1.00846867  0.70223742 15.55090448
[157]  3.30591766  8.36212660  7.70198325  6.11103464  4.91918964  3.95011395
[163]  2.55578808  6.43793053  3.46940459  1.43125186  0.93917415  0.01508995
[169]  1.28112295  6.87254057  3.93793126  1.80818272  0.02582729  0.95772473
[175]  4.09929457  0.02966426  3.12898119  5.89063423  5.39955934  5.67941591
[181]  1.32007527  3.29307263  0.11348927  3.42573458  2.58996073  3.15262795
[187]  0.33220787  0.06068927  6.20431320  3.41908887  2.93616639  1.53519781
[193]  3.26892801  1.24623659  4.22977525  2.77605165  1.81919179  0.47570671
[199]  0.41253645  0.48016138  0.44619384  3.21597751  1.49909671  0.45819691
[205]  0.42681910

$PAR
  [1]  NA   1   1   2   3   3   4   6   6   7   7   7   7   7   7   8   8   9
 [19]  11  11  11  11  11  13  13  13  16  17  17  21  21  22  26  27  27  27
 [37]  27  27  30  31  32  32  33  33  33  33  33  33  34  34  35  38  38  38
 [55]  38  39  39  39  40  40  43  44  45  45  45  50  52  52  52  52  53  53
 [73]  53  53  53  53  54  54  54  54  54  55  56  59  59  59  60  61  61  61
 [91]  61  63  64  64  65  66  66  66  66  68  68  68  68  69  69  69  72  72
[109]  73  73  73  73  74  74  77  77  78  78  78  82  84  85  85  86  87  93
[127]  94  94  94  95  96  96  96  99 101 101 103 103 104 104 105 105 105 105
[145] 105 105 106 106 108 108 115 116 117 117 119 122 124 125 125 126 126 127
[163] 127 135 136 136 136 137 139 140 141 144 149 150 151 155 157 158 158 160
[181] 160 162 162 164 164 165 165 169 170 171 171 172 175 177 180 182 184 185
[199] 185 186 186 193 193 198 200

$EXTANT
  [1] FALSE FALSE FALSE FALSE FALSE FALSE FALSE FALSE FALSE FALSE FALSE FALSE
 [13] FALSE FALSE FALSE FALSE FALSE FALSE FALSE FALSE FALSE FALSE FALSE FALSE
 [25] FALSE FALSE FALSE FALSE FALSE FALSE FALSE FALSE FALSE FALSE FALSE FALSE
 [37] FALSE FALSE FALSE FALSE FALSE FALSE FALSE FALSE  TRUE FALSE FALSE FALSE
 [49] FALSE FALSE FALSE  TRUE  TRUE  TRUE FALSE FALSE FALSE FALSE FALSE FALSE
 [61] FALSE FALSE FALSE FALSE  TRUE FALSE FALSE FALSE FALSE  TRUE FALSE  TRUE
 [73]  TRUE  TRUE FALSE  TRUE FALSE  TRUE  TRUE FALSE FALSE  TRUE FALSE FALSE
 [85] FALSE FALSE FALSE FALSE FALSE FALSE FALSE  TRUE FALSE  TRUE  TRUE  TRUE
 [97] FALSE  TRUE  TRUE FALSE FALSE FALSE  TRUE  TRUE  TRUE  TRUE FALSE  TRUE
[109] FALSE  TRUE  TRUE  TRUE  TRUE  TRUE FALSE  TRUE  TRUE  TRUE  TRUE  TRUE
[121] FALSE FALSE FALSE FALSE FALSE  TRUE  TRUE  TRUE  TRUE FALSE FALSE FALSE
[133] FALSE  TRUE FALSE FALSE  TRUE  TRUE  TRUE FALSE  TRUE FALSE FALSE FALSE
[145]  TRUE  TRUE FALSE  TRUE  TRUE  TRUE FALSE  TRUE  TRUE FALSE  TRUE FALSE
[157] FALSE FALSE FALSE  TRUE  TRUE  TRUE  TRUE  TRUE  TRUE  TRUE  TRUE  TRUE
[169]  TRUE  TRUE  TRUE  TRUE  TRUE  TRUE FALSE  TRUE  TRUE FALSE  TRUE FALSE
[181] FALSE  TRUE  TRUE  TRUE  TRUE  TRUE  TRUE  TRUE  TRUE  TRUE  TRUE FALSE
[193]  TRUE  TRUE  TRUE FALSE  TRUE  TRUE  TRUE  TRUE  TRUE  TRUE  TRUE  TRUE
[205]  TRUE

