
Birth-death simulation object with 245 species and 62 extant species

Details for some species:

Extinction times (NA means extant)
[1] 34.88012 46.43109 46.06480 33.70275 39.04135 31.49357


Speciation times 
[1] 49.26651 48.99677 48.26019 45.55693 41.61456 39.22566


Species parents (NA for initial)
[1] NA  1  1  1  1  1


Species status (extinct or extant)
[1] "extinct" "extinct" "extinct" "extinct" "extinct" "extinct"


For more details on vector y, try sim$y, with y one of
TE TS PAR EXTANT



$TE
  [1] 34.88011938 46.43109235 46.06479652 33.70274597 39.04134705 31.49356540
  [7] 42.69747227 29.04749699 25.22186324 33.40959076 16.15719475 34.94419323
 [13] 15.26252099 37.72426150 28.44627902 27.16069722 28.67007364 17.95306845
 [19] 13.97884663 21.55454766 29.50123123 25.85224792 34.39381774 32.31255026
 [25] 31.35384006 15.22728117 14.44506364 17.67847622 18.53343530  6.11249291
 [31] 27.84760913 23.91338548 15.29956278 17.68843254 27.34026055 35.44508553
 [37] 15.21366694 20.98254508 25.94116196 16.24170487 13.84845357 18.28640026
 [43] 17.94887963 17.46836152 16.51484914 26.89972278 30.35880280 17.72632192
 [49] 14.79777227 15.18266223 15.36088005 19.83227499  4.87924040 13.06009218
 [55] 14.66250471 21.92530306 12.29251085 11.18654681 15.49820505 25.39771146
 [61] 34.15730806 14.58960624 15.38125617 12.98795390          NA 13.96142723
 [67] 15.20480573 17.76915237 14.96828009 12.19286962 13.70929985 18.02291416
 [73] 20.10214359  0.43244439 11.40158759 14.19772680 21.04622655 15.04973028
 [79] 14.73616056 13.90014732  3.64419624          NA 14.82852761 17.54846324
 [85] 13.90989081  1.26060974  9.20716936 13.97864644 13.45272536 14.09540154
 [91] 13.20926529 17.87069764 13.12395311 15.05680119 15.33842849 15.22062424
 [97] 18.27811473 18.34213983  4.86885923 12.63553779  7.28938675  6.63253456
[103]          NA  1.70621714          NA          NA 13.44227096 22.32081355
[109] 27.99050754 22.62564866 13.48671476 19.86711882 17.37444390          NA
[115]          NA 10.74148965          NA  3.61753250          NA  4.46965187
[121]  3.98587764          NA 13.62348205 21.53753741 14.49083081 14.50597979
[127] 16.96076078 15.08937496 17.64190710  3.79224534  6.42679510  2.68516259
[133]  7.40502023  0.09695989  5.07145393          NA  1.18848849          NA
[139] 17.06627643 17.37753352 19.58522697 22.26397632 23.85534140 16.19801359
[145] 13.32987547 13.57766936          NA          NA          NA 10.11635011
[151]  5.02432455  3.50346542          NA          NA          NA  4.50451355
[157]          NA  6.44769883          NA          NA  5.40853042  4.03695334
[163]          NA          NA  7.69876097 14.64197245 13.83927833 17.42760612
[169] 12.43885098 23.39754623 13.58378474 12.48401342 15.07349147 11.81368428
[175]          NA          NA  4.60352750          NA          NA  3.99407452
[181]          NA          NA  3.90166122 18.18097708 16.07958453 16.02608726
[187] 12.76236421 12.71716004  3.56624021  1.92311146  1.13007321  2.50965897
[193]          NA          NA  0.28346336  0.52861079          NA          NA
[199]  1.46118174          NA          NA          NA          NA 20.93379167
[205] 14.56584906 14.67277148 12.57899216          NA  1.62366330          NA
[211]  2.28702415  0.94810375          NA          NA          NA  1.73715321
[217]          NA          NA          NA          NA          NA          NA
[223]          NA  2.17513802 17.89964031  1.01605828  4.25927854  1.07734629
[229]          NA          NA          NA          NA          NA          NA
[235]          NA          NA  2.44255180  0.57741642  1.90535469          NA
[241]          NA          NA          NA  2.37971072          NA

$TS
  [1] 49.26651148 48.99676951 48.26019315 45.55693184 41.61456378 39.22565550
  [7] 47.58272765 44.46465426 42.07489350 40.72210143 36.49429825 35.77966511
 [13] 31.72864994 39.30548373 32.79485730 31.78540582 30.12396074 40.99340460
 [19] 39.63702057 34.34787066 29.89017498 25.99657973 35.33163589 35.08203982
 [25] 32.74422091 22.87818798 21.92043273 21.65295278 19.37869963 30.30375211
 [31] 28.95772305 28.75013355 28.51765238 21.59037019 28.96072189 37.42610079
 [37] 35.20499441 27.00339202 30.44082673 19.64902186 16.51212751 28.95622717
 [43] 26.05173722 25.85369841 21.96188662 34.12894786 31.97656064 21.57385408
 [49] 21.75960269 15.22565248 19.22698396 29.74343309  9.50506858 26.51366102
 [55] 24.06316029 27.11346608 17.95940870 16.45795942 19.95097988 27.69598050
 [61] 35.20474234 20.19941963 18.91057353 18.63687201 17.71689615 14.09457273
 [67] 23.75265983 18.68239646 18.32067668 21.61368334 18.07006758 24.42939084
 [73] 21.93004905 19.18022819 19.08236140 16.85384115 32.88720427 19.27336548
 [79] 15.56551651 22.74658031  6.51242054  5.16993387 16.93976160 24.05163339
 [85] 15.35360767 12.56733374 11.72359213 14.85197570 14.18286403 17.28679349
 [91] 14.02557144 23.47752408 15.85438906 21.26503663 18.79679946 18.35441816
 [97] 19.78345050 19.64940149 15.55109269 13.56929434 10.32255064  9.31365862
[103]  8.83256787  6.04646358  5.73610798  2.56998747 15.79977790 31.99390116
[109] 30.99259358 27.61300413 25.05389489 24.03381278 22.19835731  5.50050165
[115]  1.85043926 14.84584095  9.34810512  7.38704521  6.29129414  5.85187485
[121]  5.43403471 11.31346290 15.84722684 22.05868817 19.07457500 15.07609976
[127] 17.77997265 17.25532274 19.73543599  8.99216190  7.86859963  5.77058555
[133]  9.69318075  7.55718116  7.31188214  6.84804243  4.32088946  1.96062560
[139] 23.81684247 30.47446344 30.05645277 28.63235243 24.73842695 20.79824681
[145] 20.51776169 17.99355031  5.45165367  0.61279554  0.64935233 11.85717625
[151]  6.44192260  5.42347823  1.94021142  1.00090498  5.45655525  5.17301221
[157]  5.39034220  9.92984507  0.23169821  4.91642134  8.77363042  7.01063025
[163]  1.92622497  1.58539763 20.43555443 19.06462519 17.71746313 22.98370126
[169] 25.14029973 23.63942041 19.21465260 16.92340816 16.66667082 14.51324213
[175]  5.48091413  0.36361244  8.76427451  6.49631515  6.33634854  6.64693749
[181]  5.49663708 10.43317942  9.10528044 18.76020526 23.06004718 18.19160200
[187] 16.65030943 13.23239664  4.88934443  3.75255299  8.61543782  7.68916657
[193]  7.13552709  6.81223008  2.24254543  1.99100435  0.28293060  4.27769126
[199]  3.30298568  2.83708301  0.59849465  5.27790163  0.75793769 21.58933994
[205] 16.34371711 16.02419117 12.76870696  6.04989184  4.51842876  3.99799550
[211]  2.64117491  7.05566080  6.56624174  5.75108269  4.46738950  3.44374553
[217]  3.32760996  1.09390168  5.48052240  1.58192760  2.16928416  1.05693224
[223]  0.09893635  2.71334993 21.39572694  3.94154448  6.11137460  5.98534235
[229]  1.16876876  0.79737910  5.04661646  1.09096584  1.99539204  0.35662778
[235]  3.65577111  0.05746902  2.67610060  5.96484179  4.51979090  0.66938136
[241]  1.62077711  1.73965186  0.92377984  3.33371229  2.61591620

$PAR
  [1]  NA   1   1   1   1   1   3   4   4   4   4   4   6   8   8   8   8   9
 [19]   9   9   9   9  11  11  11  11  11  11  11  13  13  13  13  13  17  18
 [37]  18  18  19  19  19  20  20  20  20  24  25  26  27  27  28  30  30  32
 [55]  32  33  33  33  34  35  37  37  40  40  40  41  42  42  42  43  43  44
 [73]  45  45  45  45  46  48  51  52  53  53  55  56  58  58  58  62  64  65
 [91]  65  67  67  70  70  70  72  72  74  74  74  74  74  74  74  74  75  77
[109]  77  77  77  77  77  81  82  85  86  86  86  86  86  87  90  92  94  94
[127]  95  95  97  99  99  99 101 101 101 102 103 104 108 109 109 109 111 112
[145] 112 113 114 114 115 116 118 119 119 119 120 120 121 122 122 130 133 135
[163] 137 137 140 140 140 141 142 142 144 145 146 146 151 153 161 161 161 162
[181] 162 165 165 166 169 171 171 172 175 175 177 177 177 177 178 178 178 180
[199] 181 181 181 182 182 185 187 187 188 191 191 191 192 193 193 193 193 193
[217] 193 193 194 194 200 200 201 202 204 210 213 213 213 213 214 214 217 218
[235] 219 221 226 228 228 230 231 235 235 239 239

$EXTANT
  [1] FALSE FALSE FALSE FALSE FALSE FALSE FALSE FALSE FALSE FALSE FALSE FALSE
 [13] FALSE FALSE FALSE FALSE FALSE FALSE FALSE FALSE FALSE FALSE FALSE FALSE
 [25] FALSE FALSE FALSE FALSE FALSE FALSE FALSE FALSE FALSE FALSE FALSE FALSE
 [37] FALSE FALSE FALSE FALSE FALSE FALSE FALSE FALSE FALSE FALSE FALSE FALSE
 [49] FALSE FALSE FALSE FALSE FALSE FALSE FALSE FALSE FALSE FALSE FALSE FALSE
 [61] FALSE FALSE FALSE FALSE  TRUE FALSE FALSE FALSE FALSE FALSE FALSE FALSE
 [73] FALSE FALSE FALSE FALSE FALSE FALSE FALSE FALSE FALSE  TRUE FALSE FALSE
 [85] FALSE FALSE FALSE FALSE FALSE FALSE FALSE FALSE FALSE FALSE FALSE FALSE
 [97] FALSE FALSE FALSE FALSE FALSE FALSE  TRUE FALSE  TRUE  TRUE FALSE FALSE
[109] FALSE FALSE FALSE FALSE FALSE  TRUE  TRUE FALSE  TRUE FALSE  TRUE FALSE
[121] FALSE  TRUE FALSE FALSE FALSE FALSE FALSE FALSE FALSE FALSE FALSE FALSE
[133] FALSE FALSE FALSE  TRUE FALSE  TRUE FALSE FALSE FALSE FALSE FALSE FALSE
[145] FALSE FALSE  TRUE  TRUE  TRUE FALSE FALSE FALSE  TRUE  TRUE  TRUE FALSE
[157]  TRUE FALSE  TRUE  TRUE FALSE FALSE  TRUE  TRUE FALSE FALSE FALSE FALSE
[169] FALSE FALSE FALSE FALSE FALSE FALSE  TRUE  TRUE FALSE  TRUE  TRUE FALSE
[181]  TRUE  TRUE FALSE FALSE FALSE FALSE FALSE FALSE FALSE FALSE FALSE FALSE
[193]  TRUE  TRUE FALSE FALSE  TRUE  TRUE FALSE  TRUE  TRUE  TRUE  TRUE FALSE
[205] FALSE FALSE FALSE  TRUE FALSE  TRUE FALSE FALSE  TRUE  TRUE  TRUE FALSE
[217]  TRUE  TRUE  TRUE  TRUE  TRUE  TRUE  TRUE FALSE FALSE FALSE FALSE FALSE
[229]  TRUE  TRUE  TRUE  TRUE  TRUE  TRUE  TRUE  TRUE FALSE FALSE FALSE  TRUE
[241]  TRUE  TRUE  TRUE FALSE  TRUE

