
Birth-death simulation object with 265 species and 116 extant species

Details for some species:

Extinction times (NA means extant)
[1] 26.96067 37.51672 37.61272 32.86392 37.41151 23.27402


Speciation times 
[1] 49.26651 44.28207 43.19790 40.63896 39.69035 29.58305


Species parents (NA for initial)
[1] NA  1  1  1  1  1


Species status (extinct or extant)
[1] "extinct" "extinct" "extinct" "extinct" "extinct" "extinct"


For more details on vector y, try sim$y, with y one of
TE TS PAR EXTANT



$TE
  [1] 26.96066681 37.51672077 37.61271649 32.86392001 37.41151428 23.27402100
  [7] 14.73156362 21.28071423 22.04255767 27.71447794 11.66778745 14.42969456
 [13] 11.87183921 10.35599641 14.85266292 15.18245170 22.63321316 20.36989927
 [19] 15.31435857 19.86968545 17.62710771 11.83103224 10.45692449 16.10102168
 [25]  6.68157032          NA 12.74562462 10.72249579 13.29055834  9.54860533
 [31] 11.99598668 10.75095656 14.38132465 15.43888585 22.49732726 14.86652063
 [37]  3.43114020 14.33619668 19.25950493 21.92771053 20.26132320 12.81550212
 [43] 15.31234451 18.41643688  9.32409427  8.69987749  2.54386872 12.26500083
 [49]          NA          NA  9.23894275  6.62723602 11.63486700 12.21694919
 [55]          NA 19.79293417 12.11229553 15.18019065  5.44062100  3.57643032
 [61]  2.16431072          NA  0.89440038          NA  6.95932185          NA
 [67]  3.18588833 22.62074541 20.64772046 11.56004479 15.35429440 11.42938677
 [73] 14.83736944  4.50472738          NA          NA 15.21257909 14.87502437
 [79]  6.23563291          NA  3.61727392  1.39467071  0.71661554          NA
 [85]  5.26536224 16.37030306 11.96074270  7.86815212  9.33609066  4.94691414
 [91]  3.96572446          NA  5.56297994          NA 15.97843498          NA
 [97]          NA          NA  0.51714451  1.64866064  4.32362505  0.34085010
[103]  1.89472505          NA          NA  2.13389453          NA          NA
[109]          NA  4.84772137  9.72411757          NA  3.15522339  7.01360230
[115]          NA          NA          NA  3.18094014          NA          NA
[121]          NA          NA          NA  0.59613646  2.78015925          NA
[127]          NA          NA  5.89802157  5.83970676  0.99058513  0.28639321
[133]          NA  4.75451977  4.62123031  3.80129319          NA          NA
[139]          NA  4.99941880          NA  2.41502836  5.28542327  4.42422334
[145]          NA          NA  2.05894109          NA          NA          NA
[151]          NA  4.71319003          NA          NA          NA          NA
[157]          NA  4.35655363  4.81551558          NA  1.24168520          NA
[163]          NA  5.98499918  2.10015646          NA          NA          NA
[169]  3.23790896  4.46117785          NA          NA  6.05985619  4.92170566
[175]  0.04073880  1.28147544          NA  6.10429171  7.46056818  6.13361376
[181]          NA          NA  5.13537416  4.88976565  3.43375888  3.55557964
[187]          NA          NA          NA          NA          NA          NA
[193]          NA  0.46965265          NA  4.28127736          NA          NA
[199]          NA          NA          NA          NA  0.77830225  1.58811114
[205]          NA  0.56872859          NA          NA  0.63462693          NA
[211]          NA  0.47069921          NA  3.00493050  0.75394308          NA
[217]  0.02135248          NA  3.20033028          NA  0.39483655          NA
[223]          NA  2.16567922  3.30472200          NA          NA          NA
[229]          NA          NA          NA          NA          NA          NA
[235]          NA          NA  0.98453061          NA  1.89918751          NA
[241]  2.21375046          NA          NA          NA          NA          NA
[247]  0.27098192  0.29667353  1.91629983          NA  2.41325384          NA
[253]          NA  0.84719163          NA          NA          NA          NA
[259]          NA          NA          NA          NA          NA  2.75789734
[265]          NA

$TS
  [1] 49.266511476 44.282070894 43.197901593 40.638964657 39.690352296
  [6] 29.583047485 28.547802889 27.742217845 28.176077510 27.820333931
 [11] 24.253159721 22.769744113 22.703587546 18.201149719 17.088189965
 [16] 24.928660855 24.238214406 27.285883114 25.582349026 24.142316462
 [21] 21.840452343 14.234082680 11.797073079 20.087779376 16.255064001
 [26] 13.128234610 12.850974627 12.014077703 13.777129737 12.359534443
 [31] 12.125028328 11.146262037 16.181873227 24.112441736 23.738265726
 [36] 19.979474492 16.502446725 22.954349265 20.780343528 23.503479700
 [41] 20.450640856 20.571722376 19.419512455 19.061751496 11.263728090
 [46]  9.601712708  8.708362645 12.838593496  9.783034297  3.627773616
 [51] 11.862688877 10.110129165 23.743540360 19.469675015 12.896936701
 [56] 23.169471641 20.001197559 17.985744068  7.482537063  5.487819587
 [61]  4.544167180  0.943203552  2.639838866  9.663462889  8.912149747
 [66]  8.506355065  6.783260310 23.099036106 22.772507570 18.248273221
 [71] 16.925988120 14.607557388 15.543189452 11.027352126  7.448872061
 [76]  3.136220208 17.426699922 16.179344607  9.191061939  8.027774098
 [81]  6.182642930  8.658767040  7.860914667  5.229398121  5.362746585
 [86] 17.914830955 12.497159798 10.666886819 10.493769268 10.083208807
 [91]  8.776175914  7.868317404  6.440480031  2.410124975 16.714737914
 [96]  6.947054915  6.257678299  5.788554793  6.028891144  5.811173231
[101]  6.024737819  4.734972437  4.276561679  3.919580682  7.854526542
[106]  3.733368011  0.382003258 10.424364862  9.307083532  8.129881475
[111] 10.030340578  9.824195929  9.528714277  7.166425901  6.303845015
[116]  6.002562180  4.383622258  5.422015237  5.727568441  3.037791394
[121]  1.620777117  0.176609083  5.389648573  2.409130958  5.289617832
[126]  3.080427534  0.457996993  0.123015854  7.708782265  7.199908239
[131]  6.805226268  6.730011599  1.952195989  7.469749769  5.441357190
[136]  7.236304713  6.124007799  5.693851197  7.124744369  6.173602442
[141]  5.498617086  8.849156577  8.077001903  7.392750780  2.787227632
[146]  1.902722392  5.552005519  2.697912071  1.451393197  1.024004462
[151]  0.631803765  5.381530916  2.503220212  0.428797182  2.136383950
[156]  1.145640194  0.001399273  7.055228457  6.039335867  4.576301767
[161]  2.070646091  1.044242740  6.381644028  6.370419145  6.073441320
[166]  4.066112434  0.964358280  5.043768942  6.592976920  6.311702013
[171]  5.551384532  4.123717319  6.604197775  5.788547400  3.402019331
[176]  1.308392050  0.895036154  8.673706323  8.553571206  6.981159131
[181]  5.433950937  7.194198469  6.501456709  6.215657063  4.797647619
[186]  4.569159432  1.351199388  1.911432480  0.603840297  5.128918167
[191]  1.966377446  0.256140871  5.634512047  2.758499300  6.204129717
[196]  5.876269785  5.638356701  2.143751901  1.362186378  0.271277257
[201]  4.055572664  3.736881617  6.426448736  5.875795456  0.724940971
[206]  3.363292141  0.342529797  0.252588166  7.948364377  3.851039840
[211]  2.478555222  0.701852740  0.313234624  6.573035406  2.874151020
[216]  2.636425485  6.075713659  4.749692407  4.048509015  1.907449849
[221]  4.638559783  0.647313770  2.167893137  5.948028853  5.918440345
[226]  5.250847844  4.463860131  0.016571317  2.003665842  2.463478596
[231]  0.332964071  3.345044086  4.959464202  2.390102058  1.646796592
[236]  3.463077996  6.135665897  1.335084425  3.957389169  3.448969197
[241]  3.307856240  2.130648057  1.303446174  3.953151099  3.406515240
[246]  0.443782355  1.193061078  4.033753935  2.849005872  2.679072108
[251]  3.351502652  4.766493549  3.162711115  1.454053566  1.716401686
[256]  3.127940665  1.967353540  2.963106601  0.965581920  2.006430092
[261]  3.557863614  4.656754916  1.331553035  4.273595370  1.214811033

$PAR
  [1]  NA   1   1   1   1   1   1   1   6   6   7   7   7   7   7   8   8   9
 [19]   9   9  11  11  11  13  13  13  13  13  14  14  14  14  15  16  16  16
 [37]  16  18  18  19  20  21  21  21  23  25  25  26  26  26  30  30  34  34
 [55]  37  40  42  42  47  47  47  49  50  52  52  52  52  53  53  53  53  53
 [73]  54  55  55  55  57  58  64  64  64  65  65  66  67  70  70  74  74  74
 [91]  74  74  75  76  77  80  80  80  81  81  82  82  82  82  83  83  84  88
[109]  88  88  89  90  90  91  91  91  91  92  93  96  96  97  98  98 100 100
[127] 104 104 105 105 105 105 105 108 108 109 109 109 110 110 110 112 112 112
[145] 112 112 113 115 115 115 117 118 119 123 124 124 128 129 130 131 131 131
[163] 132 132 132 132 133 134 136 136 136 138 139 139 139 141 141 142 142 142
[181] 143 144 144 144 144 144 145 148 150 152 155 155 158 160 163 163 163 163
[199] 163 163 166 166 169 169 172 175 177 177 179 181 181 181 181 182 182 182
[217] 184 185 185 188 190 191 193 195 195 196 197 199 201 202 202 203 204 206
[235] 209 210 214 215 217 217 218 218 220 221 221 222 223 224 224 224 225 226
[253] 226 226 229 233 236 240 242 244 248 252 252 262 263

$EXTANT
  [1] FALSE FALSE FALSE FALSE FALSE FALSE FALSE FALSE FALSE FALSE FALSE FALSE
 [13] FALSE FALSE FALSE FALSE FALSE FALSE FALSE FALSE FALSE FALSE FALSE FALSE
 [25] FALSE  TRUE FALSE FALSE FALSE FALSE FALSE FALSE FALSE FALSE FALSE FALSE
 [37] FALSE FALSE FALSE FALSE FALSE FALSE FALSE FALSE FALSE FALSE FALSE FALSE
 [49]  TRUE  TRUE FALSE FALSE FALSE FALSE  TRUE FALSE FALSE FALSE FALSE FALSE
 [61] FALSE  TRUE FALSE  TRUE FALSE  TRUE FALSE FALSE FALSE FALSE FALSE FALSE
 [73] FALSE FALSE  TRUE  TRUE FALSE FALSE FALSE  TRUE FALSE FALSE FALSE  TRUE
 [85] FALSE FALSE FALSE FALSE FALSE FALSE FALSE  TRUE FALSE  TRUE FALSE  TRUE
 [97]  TRUE  TRUE FALSE FALSE FALSE FALSE FALSE  TRUE  TRUE FALSE  TRUE  TRUE
[109]  TRUE FALSE FALSE  TRUE FALSE FALSE  TRUE  TRUE  TRUE FALSE  TRUE  TRUE
[121]  TRUE  TRUE  TRUE FALSE FALSE  TRUE  TRUE  TRUE FALSE FALSE FALSE FALSE
[133]  TRUE FALSE FALSE FALSE  TRUE  TRUE  TRUE FALSE  TRUE FALSE FALSE FALSE
[145]  TRUE  TRUE FALSE  TRUE  TRUE  TRUE  TRUE FALSE  TRUE  TRUE  TRUE  TRUE
[157]  TRUE FALSE FALSE  TRUE FALSE  TRUE  TRUE FALSE FALSE  TRUE  TRUE  TRUE
[169] FALSE FALSE  TRUE  TRUE FALSE FALSE FALSE FALSE  TRUE FALSE FALSE FALSE
[181]  TRUE  TRUE FALSE FALSE FALSE FALSE  TRUE  TRUE  TRUE  TRUE  TRUE  TRUE
[193]  TRUE FALSE  TRUE FALSE  TRUE  TRUE  TRUE  TRUE  TRUE  TRUE FALSE FALSE
[205]  TRUE FALSE  TRUE  TRUE FALSE  TRUE  TRUE FALSE  TRUE FALSE FALSE  TRUE
[217] FALSE  TRUE FALSE  TRUE FALSE  TRUE  TRUE FALSE FALSE  TRUE  TRUE  TRUE
[229]  TRUE  TRUE  TRUE  TRUE  TRUE  TRUE  TRUE  TRUE FALSE  TRUE FALSE  TRUE
[241] FALSE  TRUE  TRUE  TRUE  TRUE  TRUE FALSE FALSE FALSE  TRUE FALSE  TRUE
[253]  TRUE FALSE  TRUE  TRUE  TRUE  TRUE  TRUE  TRUE  TRUE  TRUE  TRUE FALSE
[265]  TRUE

