
Birth-death simulation object with 360 species and 118 extant species

Details for some species:

Extinction times (NA means extant)
[1]  3.444298 23.009213 35.962429 24.581402 35.409203 20.186753


Speciation times 
[1] 49.26651 42.13599 42.08151 36.28682 36.15283 26.41203


Species parents (NA for initial)
[1] NA  1  1  1  1  1


Species status (extinct or extant)
[1] "extinct" "extinct" "extinct" "extinct" "extinct" "extinct"


For more details on vector y, try sim$y, with y one of
TE TS PAR EXTANT



$TE
  [1]  3.4442977 23.0092133 35.9624290 24.5814021 35.4092028 20.1867535
  [7] 16.0839263         NA  3.4434003         NA         NA  1.9946809
 [13] 27.1580684 28.2389575 25.6467801 24.9678391 35.4672917 35.2045947
 [19] 14.9887178 32.0833974 26.2897298 25.8761843 22.0739745 19.7488885
 [25]  2.7586378         NA         NA         NA  1.4225497 26.4332613
 [31] 28.0086368 13.0289339 26.8636553 22.9299970 23.2908070 18.5703184
 [37] 16.4223066 17.6373811 14.4430686 27.5715926 13.7971648 16.7102359
 [43] 11.4059003  1.1015620         NA         NA 13.8093539 20.2391520
 [49] 13.4069711 13.1572120 30.9174480 13.2826863 20.7695862 21.2380045
 [55] 12.4428754 15.4970158 14.3384142 14.0795010 15.3275797 12.6702071
 [61] 17.8275456 14.8179473 15.2734751 13.9715490 14.3676603 14.7218104
 [67]         NA         NA 17.6000921 14.5322475 18.8599768 21.3157408
 [73] 13.5262972 14.3499359 22.2044473 25.6732630 25.1985297 15.2680807
 [79] 14.0050864  3.6278136 12.2419111 12.0059043 15.3135733 14.3039163
 [85] 13.2618709 12.6305400 13.3707161 23.3381135 15.6822564 16.6087419
 [91] 13.8333664 14.8674756 10.1932038 13.5691279 16.1603533 11.7812990
 [97]  9.3887051 16.2254159 17.4077201 14.0925862 14.4018853         NA
[103] 23.0932305 17.1276959 20.2784979 15.0637285 15.8006972 14.0182859
[109] 14.6738128 13.6046149 15.1126619 13.2618820 15.2934406 11.5040306
[115] 12.3850318 11.3511070 12.2170303  7.8701563 10.6189681  3.0506543
[121]  1.3995501  4.0493493 19.5255881  5.8291999 10.8278910 15.9741789
[127] 14.2011583 14.4754079 13.2714983 14.5140946 12.8067573 14.7686418
[133] 17.2293176 15.1171085 15.2479997 11.3235169  5.9497208 16.3620677
[139] 15.3868239 11.5332656 11.9368231 11.3779298 22.6337739 21.3428384
[145] 15.0152615 15.3333173 14.8335089 17.7792753 17.0568968 14.2256969
[151] 15.7633518 10.9735252 13.6286231 15.7622844 12.3066547  2.4299514
[157]  2.2581868  4.4799442  8.6527652  1.3713394  7.3666425  1.2437332
[163]  4.9832126  0.1034086  5.8744229         NA         NA 15.5653509
[169] 13.0214469 14.7867512 13.1210469 11.5080031 12.3772343  1.5344735
[175]  3.5542472 13.9975509 15.0252210 12.0658571 20.7246779 19.3309220
[181] 21.5346161 19.4004355 16.7598256 15.3156154 14.3154597 15.2051805
[187] 10.6687109 11.1226306  6.5319452  2.7232370         NA  8.9292917
[193]         NA  0.7055681  4.1714828         NA  5.3119938  1.1859278
[199]         NA  8.6653211  8.8381193         NA         NA         NA
[205]         NA  4.1824897 13.4619633 10.7881546         NA         NA
[211] 17.1603000  6.9847957  1.3340117         NA  6.8220472         NA
[217]  1.9525354  2.7117173  4.2895981  5.8322644         NA         NA
[223]         NA         NA  7.6024788  1.9557795         NA  2.7679488
[229]  5.7821899         NA         NA  2.7361535  2.1521183         NA
[235]         NA         NA         NA  6.2153072  1.8336554         NA
[241]         NA  4.9705631         NA         NA         NA         NA
[247] 11.1484369  9.6204094  3.6179827         NA         NA         NA
[253]         NA  4.1166783  6.7352636         NA         NA         NA
[259]         NA 11.0566918  7.9911588         NA  1.1608798  4.5338879
[265]  5.4592533  3.2924983         NA         NA         NA         NA
[271]         NA         NA         NA         NA         NA         NA
[277]         NA  3.2728978  0.1797417  4.4205295         NA         NA
[283]  6.2113930         NA         NA         NA         NA         NA
[289]         NA         NA  0.5669996         NA  3.3733596         NA
[295]         NA         NA  3.1337893  3.3368602         NA         NA
[301]         NA         NA  3.3719131  4.6994446         NA         NA
[307]  0.9659976         NA         NA         NA  2.6243274  4.4439583
[313]  0.5630385  0.8676335         NA         NA         NA         NA
[319]         NA         NA         NA         NA         NA         NA
[325]         NA         NA         NA         NA         NA         NA
[331]         NA  4.6136345  1.7264140         NA  2.7855862         NA
[337]         NA         NA  1.2570555  1.3091569         NA         NA
[343]         NA  1.8378360         NA  3.3183795  5.6486341  0.7849568
[349]         NA         NA         NA         NA         NA  1.7968157
[355]         NA         NA  0.3382988         NA  0.1087846         NA

$TS
  [1] 49.266511476 42.135988148 42.081506825 36.286820925 36.152831549
  [6] 26.412034935 20.424092754  9.780375005  9.103133910  6.954813047
 [11]  5.796624686  4.035885483 32.332836273 31.077599150 25.726966063
 [16] 25.647920803 39.501506506 38.266667133 37.520620689 32.645979516
 [21] 30.109973175 29.011637855 26.231845899 26.198763442  6.730883137
 [26]  8.148509021  1.910647341  3.631932938  2.797569222 28.523835076
 [31] 30.751198848 29.365293830 36.367549373 26.940666103 26.326529681
 [36] 22.783085389 22.055220419 19.798448142 19.084618036 29.768984857
 [41] 25.882120571 23.325759443 20.105897239  4.498157322  0.726732667
 [46]  0.100260595 28.112410136 28.006412521 28.367721921 24.185682229
 [51] 31.153612470 25.002879206 25.299994857 22.075081090 19.651003576
 [56] 17.849651300 16.375593273 15.000386040 25.587725031 22.146186855
 [61] 21.568049588 21.404456515 15.854802037 15.271058036 18.678433560
 [66] 15.417598108  4.195212256  3.707686634 27.619130426 26.872650693
 [71] 25.413183681 23.674373916 20.524151356 26.625261131 22.410743884
 [76] 27.743589028 25.689075513 21.904652491 19.501690877 14.706890138
 [81] 14.030940113 13.681319133 21.570079517 21.026185501 17.936569660
 [86] 13.114780053 15.654249319 24.874997153 19.565771504 17.207894281
 [91] 13.955407743 20.663226388 19.844259924 19.790364385 18.088547149
 [96] 18.042983087 17.882602692 17.473715870 17.419230313 17.740109579
[101] 15.359278870  3.488231090 24.001270849 18.017054990 25.389340354
[106] 19.515788828 16.720329097 26.229596812 20.678856708 20.703380012
[111] 19.533386093 19.225425030 16.244354403 14.656831706 13.810123209
[116] 13.512702866 13.121923648 13.003676704 12.330626172  9.673664283
[121]  6.976405656  5.886804482 20.065677155 12.863621835 14.027097211
[126] 16.855780924 16.287398000 19.468521709 17.344602257 16.603721825
[131] 16.397363488 15.420302920 17.930588006 16.076148716 15.452191065
[136] 14.336170495 10.328837308 17.354985838 17.223709070 14.437216227
[141] 15.034690683 14.525501957 23.255310954 23.143252066 25.122573591
[146] 17.953904875 16.741385101 20.042740729 18.007601141 16.481695065
[151] 16.007914861 16.033227430 14.642250479 15.809275021 12.997833349
[156] 12.293915493 11.121710064  9.817369789  9.020349267  8.998807731
[161]  7.912751160  6.944148295  6.400888619  2.434681737 12.433677662
[166]  6.932510147  6.800193384 15.648173702 14.991839983 16.478480316
[171] 15.137143468 14.515712568 15.270902737 10.037070498  9.470008258
[176] 17.143756115 15.569893813 13.476482546 22.146407496 23.207992700
[181] 22.060899805 19.897305731 19.603057213 17.551820986 16.298178171
[186] 15.465164253 12.220458594 11.163523908  8.909369975  5.846230517
[191]  4.453994431 10.551972626 10.090803815  7.939834998  5.695731279
[196]  2.139768973  6.751340923  3.819752105  2.735987016 10.373455378
[201] 10.004892628  5.941120303  4.782868972  5.994595421  0.730608930
[206] 12.675517863 13.617660446 12.969646360  7.220355671  6.534900431
[211] 17.437971642  8.120661569  3.097156197  4.371569235 10.374756339
[216]  9.495599189  4.004446786  3.234897147  5.666703001  6.459417111
[221]  9.981758687  3.212722935  1.314880871  1.339012681 10.271096019
[226]  9.132846238  6.059266925 13.602691139  6.455021909  3.183005465
[231]  1.104021950  3.033248318  3.893314937  5.869967137  2.518179713
[236]  0.650042485  3.403825813  9.348134505  7.655894656  0.620659067
[241]  0.009935191  8.942806257  5.416731490  2.951623161  1.949538524
[246]  1.718545632 12.800954605 10.769550876 10.259114646  6.519552238
[251]  6.256121130  0.377876970  5.869373342  5.247028258  6.985783331
[256]  3.648250448  1.694060601  0.769249329  0.513525224 12.023156227
[261] 11.149512275  7.620237096  7.584594489  6.395525215  6.165455921
[266]  3.677131324  3.739887904  2.495188392  2.105416477  1.883485269
[271]  1.410439237  1.685202975  0.275187025  4.405628461  3.572989494
[276]  1.032807063  0.824483349 10.897619028  9.871188540  8.707558472
[281]  1.143352159  6.719476919  6.478522472  6.067059010  5.049860730
[286]  6.140763372  1.402136167  2.478309975  0.388493328  0.700513376
[291]  5.971092647  9.717686902  8.636590369  3.210379611  3.061983373
[296]  6.475041194  6.408277207  3.422898981  3.218322567  0.851838178
[301]  0.491087413  4.926000485  4.292843078  5.626904672  0.789677240
[306]  0.638180238  5.168987521  4.555854069  2.033402484  8.558857271
[311]  6.791539455  5.737187294  4.397946485  2.613002179  2.578199700
[316]  1.165348346  0.703670020  5.039521465  4.109537247  0.085566221
[321]  2.913910004  0.740599498  6.327351786  2.682405811  1.682247622
[326]  0.235964683  2.523653057  0.825897033  0.229645342  6.598082548
[331]  4.168846757  6.042606392  4.160405898  5.711849611  5.488378754
[336]  2.274125934  2.650494686  0.982885187  5.987239445  3.337148468
[341]  1.359892177  1.211092656  0.989731485  4.887015369  4.736467900
[346]  6.019191867  5.918849621  2.405103779  1.642225484  0.040927639
[351]  0.459603486  2.043576295  1.741148581  4.700380789  4.470127553
[356]  3.319231381  0.964439712  0.029346607  1.465791283  0.799137967

$PAR
  [1]  NA   1   1   1   1   1   1   1   1   1   1   1   2   2   2   2   3   3
 [19]   3   4   4   4   6   6   8   9  10  11  12  13  14  14  18  19  19  19
 [37]  19  19  19  21  22  23  24  25  27  27  30  30  32  32  33  34  35  36
 [55]  38  39  39  39  41  41  41  41  41  41  42  43  44  44  47  47  47  47
 [73]  47  48  48  49  49  49  49  49  49  49  50  50  52  55  57  59  59  59
 [91]  60  61  61  61  62  62  62  62  62  65  65  67  69  69  71  73  73  74
[109]  74  78  78  78  78  80  80  80  80  80  80  80  80  80  83  86  87  93
[127]  93  94  94  94  94  94  95  96  96  96  97 100 100 100 101 101 103 103
[145] 105 108 108 109 109 109 110 112 112 113 114 116 118 118 120 120 120 120
[163] 121 121 124 124 124 127 127 128 128 130 132 137 137 139 139 142 144 145
[181] 145 145 145 145 150 152 156 156 156 156 156 157 157 157 157 160 162 162
[199] 162 165 165 166 166 167 167 172 173 173 174 175 184 189 190 191 192 193
[217] 193 194 195 197 201 203 203 204 206 206 206 207 209 209 209 210 214 216
[235] 216 216 217 221 221 221 222 225 227 227 227 227 228 228 228 228 229 231
[253] 234 234 239 243 244 244 244 247 247 249 249 249 249 250 251 251 251 251
[271] 251 253 253 254 256 256 257 261 261 261 262 263 263 263 263 265 272 275
[289] 276 277 278 279 279 279 279 282 282 282 282 282 282 285 285 286 288 288
[307] 291 291 291 292 292 292 292 292 292 292 292 293 293 294 296 296 297 299
[325] 299 301 307 308 308 310 310 311 311 312 312 315 319 319 323 323 323 323
[343] 323 330 330 332 332 333 336 337 338 339 340 345 345 346 349 353 356 356

$EXTANT
  [1] FALSE FALSE FALSE FALSE FALSE FALSE FALSE  TRUE FALSE  TRUE  TRUE FALSE
 [13] FALSE FALSE FALSE FALSE FALSE FALSE FALSE FALSE FALSE FALSE FALSE FALSE
 [25] FALSE  TRUE  TRUE  TRUE FALSE FALSE FALSE FALSE FALSE FALSE FALSE FALSE
 [37] FALSE FALSE FALSE FALSE FALSE FALSE FALSE FALSE  TRUE  TRUE FALSE FALSE
 [49] FALSE FALSE FALSE FALSE FALSE FALSE FALSE FALSE FALSE FALSE FALSE FALSE
 [61] FALSE FALSE FALSE FALSE FALSE FALSE  TRUE  TRUE FALSE FALSE FALSE FALSE
 [73] FALSE FALSE FALSE FALSE FALSE FALSE FALSE FALSE FALSE FALSE FALSE FALSE
 [85] FALSE FALSE FALSE FALSE FALSE FALSE FALSE FALSE FALSE FALSE FALSE FALSE
 [97] FALSE FALSE FALSE FALSE FALSE  TRUE FALSE FALSE FALSE FALSE FALSE FALSE
[109] FALSE FALSE FALSE FALSE FALSE FALSE FALSE FALSE FALSE FALSE FALSE FALSE
[121] FALSE FALSE FALSE FALSE FALSE FALSE FALSE FALSE FALSE FALSE FALSE FALSE
[133] FALSE FALSE FALSE FALSE FALSE FALSE FALSE FALSE FALSE FALSE FALSE FALSE
[145] FALSE FALSE FALSE FALSE FALSE FALSE FALSE FALSE FALSE FALSE FALSE FALSE
[157] FALSE FALSE FALSE FALSE FALSE FALSE FALSE FALSE FALSE  TRUE  TRUE FALSE
[169] FALSE FALSE FALSE FALSE FALSE FALSE FALSE FALSE FALSE FALSE FALSE FALSE
[181] FALSE FALSE FALSE FALSE FALSE FALSE FALSE FALSE FALSE FALSE  TRUE FALSE
[193]  TRUE FALSE FALSE  TRUE FALSE FALSE  TRUE FALSE FALSE  TRUE  TRUE  TRUE
[205]  TRUE FALSE FALSE FALSE  TRUE  TRUE FALSE FALSE FALSE  TRUE FALSE  TRUE
[217] FALSE FALSE FALSE FALSE  TRUE  TRUE  TRUE  TRUE FALSE FALSE  TRUE FALSE
[229] FALSE  TRUE  TRUE FALSE FALSE  TRUE  TRUE  TRUE  TRUE FALSE FALSE  TRUE
[241]  TRUE FALSE  TRUE  TRUE  TRUE  TRUE FALSE FALSE FALSE  TRUE  TRUE  TRUE
[253]  TRUE FALSE FALSE  TRUE  TRUE  TRUE  TRUE FALSE FALSE  TRUE FALSE FALSE
[265] FALSE FALSE  TRUE  TRUE  TRUE  TRUE  TRUE  TRUE  TRUE  TRUE  TRUE  TRUE
[277]  TRUE FALSE FALSE FALSE  TRUE  TRUE FALSE  TRUE  TRUE  TRUE  TRUE  TRUE
[289]  TRUE  TRUE FALSE  TRUE FALSE  TRUE  TRUE  TRUE FALSE FALSE  TRUE  TRUE
[301]  TRUE  TRUE FALSE FALSE  TRUE  TRUE FALSE  TRUE  TRUE  TRUE FALSE FALSE
[313] FALSE FALSE  TRUE  TRUE  TRUE  TRUE  TRUE  TRUE  TRUE  TRUE  TRUE  TRUE
[325]  TRUE  TRUE  TRUE  TRUE  TRUE  TRUE  TRUE FALSE FALSE  TRUE FALSE  TRUE
[337]  TRUE  TRUE FALSE FALSE  TRUE  TRUE  TRUE FALSE  TRUE FALSE FALSE FALSE
[349]  TRUE  TRUE  TRUE  TRUE  TRUE FALSE  TRUE  TRUE FALSE  TRUE FALSE  TRUE

