
Birth-death simulation object with 97 species and 23 extant species

Details for some species:

Extinction times (NA means extant)
[1] 47.43959 36.57966 32.82993 25.72110 38.12107 21.72280


Speciation times 
[1] 49.26651 48.03679 47.14202 46.16648 43.28734 37.84333


Species parents (NA for initial)
[1] NA  1  2  2  2  2


Species status (extinct or extant)
[1] "extinct" "extinct" "extinct" "extinct" "extinct" "extinct"


For more details on vector y, try sim$y, with y one of
TE TS PAR EXTANT



$TE
 [1] 47.439586613 36.579660940 32.829926757 25.721098800 38.121070343
 [6] 21.722798776 30.789240833 14.602986081 19.030338353 29.735907543
[11] 26.938203070 15.736417663 24.986657557 14.097590371 25.304031819
[16] 22.895678316 26.697850142 14.658228417 21.330234500 19.440554683
[21] 11.104144776 28.921435369 25.404951124 19.914855490 15.188503092
[26] 14.380891669  4.682070096  5.174687195 27.805358914 27.628737932
[31] 19.827967844 22.673164177 17.245889479 16.535796426 14.546318078
[36] 13.176371754 11.896639460  5.668262584  9.639929630  2.637850678
[41]           NA           NA 28.845136072 26.278956337 16.556465775
[46] 15.347027606 10.815351902 15.065961190 14.296824391 14.875868355
[51]           NA  7.961261843  7.726755131           NA           NA
[56]           NA  0.404322583 29.246648046 14.977423801 20.241983808
[61] 15.282578039 14.151687310 15.797628473 15.322450828 13.755696230
[66] 12.808751692 15.492037378 13.367234156 14.346049709           NA
[71]  6.658718153           NA           NA           NA           NA
[76] 19.796190750 14.560869208 14.593188342 15.382619099 12.732275879
[81] 15.435748529  1.185640149           NA           NA           NA
[86] 14.902697043           NA           NA  0.005103791           NA
[91]  4.270567647           NA           NA           NA           NA
[96]           NA           NA

$TS
 [1] 49.2665115 48.0367860 47.1420158 46.1664759 43.2873422 37.8433284
 [7] 32.7785922 28.1865926 27.4157500 37.1477585 36.0452603 25.4508861
[13] 31.4535200 25.9345431 34.4611781 35.6927826 27.7033220 24.7235617
[19] 23.9922746 23.9549999 16.1712708 31.3737924 26.9215366 21.1562820
[25] 17.2874254 15.4470488 14.7626637 14.3621767 33.8579623 29.8514059
[31] 35.3877076 23.4651391 23.0818792 20.7329264 16.9838696 15.5559825
[37] 15.6040662  6.0683280 13.6889359 10.2534348  9.5804498  6.4202075
[43] 31.5777693 29.6203922 23.0906500 19.8013796 19.4590291 18.4244567
[49] 20.5284018 15.0577758  5.9946970 10.1830130 10.1082531  5.4604355
[55]  3.3601256  6.2374439  5.3645043 30.4168012 21.0713383 20.6555320
[61] 17.7091875 16.6529884 16.0994240 15.7331941 15.4134120 13.4750547
[67] 17.8971255 19.3572232 15.4503206  2.6413971  9.4824055  0.5446574
[73]  0.6685506  5.4917704  0.4734699 20.7959293 17.3108039 16.0635951
[79] 16.2235650 16.8788751 16.0876853  1.3656278  7.0016991  4.5672438
[85]  3.1902625 16.4545444  5.4945600  4.9348427  4.5262128  0.5512374
[91]  5.3631884  3.9217350  3.8794906  1.9051519  1.8414575  0.8563480
[97]  0.1492437

$PAR
 [1] NA  1  2  2  2  2  4  4  4  6  6  6  7  9 10 11 11 12 12 12 12 13 13 14 14
[26] 14 14 14 15 15 16 18 18 18 18 18 21 27 28 28 28 28 31 31 32 33 33 33 34 37
[51] 38 39 39 40 40 41 41 43 45 45 45 46 46 46 46 47 48 49 49 51 53 54 55 56 56
[76] 59 59 59 62 67 68 70 71 74 74 77 83 83 84 85 87 88 92 93 93 93 94

$EXTANT
 [1] FALSE FALSE FALSE FALSE FALSE FALSE FALSE FALSE FALSE FALSE FALSE FALSE
[13] FALSE FALSE FALSE FALSE FALSE FALSE FALSE FALSE FALSE FALSE FALSE FALSE
[25] FALSE FALSE FALSE FALSE FALSE FALSE FALSE FALSE FALSE FALSE FALSE FALSE
[37] FALSE FALSE FALSE FALSE  TRUE  TRUE FALSE FALSE FALSE FALSE FALSE FALSE
[49] FALSE FALSE  TRUE FALSE FALSE  TRUE  TRUE  TRUE FALSE FALSE FALSE FALSE
[61] FALSE FALSE FALSE FALSE FALSE FALSE FALSE FALSE FALSE  TRUE FALSE  TRUE
[73]  TRUE  TRUE  TRUE FALSE FALSE FALSE FALSE FALSE FALSE FALSE  TRUE  TRUE
[85]  TRUE FALSE  TRUE  TRUE FALSE  TRUE FALSE  TRUE  TRUE  TRUE  TRUE  TRUE
[97]  TRUE

