
Birth-death simulation object with 329 species and 120 extant species

Details for some species:

Extinction times (NA means extant)
[1] 29.33893 35.43987 43.67735 41.53704 39.17373 27.54033


Speciation times 
[1] 49.26651 48.68604 44.48107 43.61484 42.88432 33.63464


Species parents (NA for initial)
[1] NA  1  1  1  1  1


Species status (extinct or extant)
[1] "extinct" "extinct" "extinct" "extinct" "extinct" "extinct"


For more details on vector y, try sim$y, with y one of
TE TS PAR EXTANT



$TE
  [1] 29.3389339 35.4398721 43.6773530 41.5370378 39.1737270 27.5403281
  [7] 43.6125757 35.8820696 10.4633192 14.0402860 43.3911025 16.5882514
 [13] 18.0808467 22.2808908 16.9721414 14.8039014 12.2059539 14.8372268
 [19] 14.3668591 24.2864763 19.3392534  7.4529706 16.9970525 25.5404272
 [25] 18.8054558 14.0683310 15.8518443 14.6312132 25.2495082 24.6031486
 [31] 15.7314265 14.7565099 21.6710678 15.0137919 12.4315986 11.3843111
 [37] 12.1205958 23.4590743 13.7248678 11.5718734  5.0651589  0.5581020
 [43] 13.9038785 22.3591033 16.6919234 21.6176425 21.8401587 18.5705352
 [49]         NA 23.2072956 19.7626882 12.8069946 12.8295825 13.8421776
 [55]  4.4188415  5.6103747 12.1373120 14.8307273 12.6859338 15.9464216
 [61] 13.5664069 11.5995998  7.5696287 13.1092921  8.6569418         NA
 [67]  6.3468566  3.0514629  1.7225384  0.3196168 15.2978953 21.8841960
 [73] 12.9543873 12.5682190 20.2085877 15.2184140 15.4750190 10.4500807
 [79]         NA 10.4436517         NA 20.4772287 16.8834898 14.9257685
 [85] 15.0915621  9.6457840 11.4893970 10.6300049 13.8448408 12.6106439
 [91] 13.4364442  5.2829567  3.8556233  3.9151916  1.0069389  6.4259503
 [97]  4.3593955  5.9083313 14.8925283 14.0866769 14.2467555 12.4256403
[103] 12.9049405 20.0602590 14.7450688 14.3532033 14.2744308 10.1233790
[109] 18.1308354  9.2549240  1.1443274         NA         NA         NA
[115] 14.3242424  7.0925734 12.5145077 12.9671469 12.9439147         NA
[121]         NA         NA  2.9745931  3.9903587  3.5068244  2.3259537
[127]  5.6176091  1.2754330 13.0195266  0.8534326 14.7613240 13.8669872
[133] 14.2310702 11.1269787  7.1414922 14.5079804 13.0101606 14.3086936
[139]  8.7346477         NA         NA         NA  4.0626644  5.0895973
[145]  6.4370097  7.3745496  2.6604893  0.7390277         NA         NA
[151]         NA 14.1384377         NA  6.0142888         NA  2.1213725
[157]         NA         NA         NA  2.5586941         NA  1.8271255
[163]  0.4870364         NA         NA  1.3539781         NA         NA
[169]         NA  5.5115965         NA 17.7454750 14.9353274  2.6281003
[175]  3.9942916         NA         NA  4.7696267         NA  6.2036073
[181]  0.6757111  0.1613385         NA         NA 15.1746140 10.1939409
[187]         NA         NA         NA  0.7118208  3.5522859  1.5257788
[193]  2.2411356  5.5651777         NA  4.3979505  3.6721885  2.8442306
[199]         NA         NA  1.2179748         NA         NA  2.3835972
[205]         NA  7.1807341         NA         NA         NA         NA
[211]  2.8883887         NA  3.2435038 13.9871706 11.7278670 15.7612105
[217]  8.4441574         NA  3.4601271         NA         NA  3.8877910
[223]  4.8948310         NA         NA  0.5161137         NA         NA
[229]         NA         NA         NA 11.1100995         NA         NA
[235]         NA  2.1281300         NA         NA         NA  0.6486869
[241]  4.4093808  0.1026653         NA         NA         NA 15.3872333
[247] 12.4044543  4.5115544         NA  6.5651864         NA         NA
[253]         NA         NA  0.6134617         NA         NA         NA
[259]         NA         NA  0.2104285         NA         NA         NA
[265]         NA         NA         NA         NA         NA         NA
[271] 15.2541660         NA  5.0807601         NA  0.7062193  2.4212728
[277]  8.0680427         NA  4.2809567         NA         NA         NA
[283]  5.0102684         NA         NA         NA         NA         NA
[289]  7.8439596         NA         NA  3.6258445         NA  3.8824373
[295]  2.0401229  0.4537029         NA         NA         NA  8.7097057
[301]         NA         NA         NA         NA         NA         NA
[307]  5.3877218  3.4090555  1.9158053         NA         NA  0.0494505
[313]         NA  3.8848399  3.6201732  5.2490523  4.8893259         NA
[319]         NA  5.5747188         NA  1.3546702  1.5528390         NA
[325]         NA         NA         NA         NA         NA

$TS
  [1] 49.266511476 48.686037527 44.481069309 43.614838561 42.884315549
  [6] 33.634642493 47.506864515 38.132602023 32.607428973 28.314734325
 [11] 45.195613522 32.193464318 27.861029299 25.520449355 21.222070908
 [16] 21.109261567 16.139405205 15.734663171 15.000374035 27.111895007
 [21] 23.303897797 22.860893663 19.513656047 31.113262088 23.877651218
 [26] 20.379213636 19.799023805 17.101868835 26.535094262 26.256658373
 [31] 22.079668746 18.723717009 24.684953859 18.250966022 20.513243270
 [36] 18.703103978 14.162454874 24.548647000 21.724017775 14.380377262
 [41] 10.053377452  8.772824398 27.918998405 27.226335862 25.904250838
 [46] 23.673870826 21.987414865 20.102934553 14.592320888 25.408368158
 [51] 25.100350668 20.015268055 19.053408290 16.572360286 17.394730572
 [56] 12.672044305 18.397908109 16.977522353 16.710613462 15.957968704
 [61] 15.505591047 14.485982602 12.370306918 13.632187331  9.044958041
 [66]  8.849037788  7.490351359  6.740159775  6.298464279  1.809840437
 [71] 23.208762468 22.193510982 16.309951366 23.336741044 22.874696633
 [76] 17.391390639 19.667369315 14.041829862 11.841007185 11.713960185
 [81]  2.850880497 21.560397783 20.792868064 16.347925122 16.657485502
 [86] 12.113951706 14.195721956 12.216644965 16.217918591 13.117279523
 [91] 14.209943072 12.009393701  9.437923423  8.802501445  8.203832996
 [96]  7.668667807  6.477670762 19.821822005 18.874483613 15.312442055
[101] 15.956677696 13.654589076 13.199995728 21.636493491 20.208795802
[106] 16.404506647 16.051325741 13.346197007 21.544412365 15.517356920
[111] 11.121041998 10.941739931  6.289667278  2.483138330 19.968128642
[116] 11.954644294 12.742456953 14.041914811 13.617489505  9.813486700
[121]  8.877391528  6.905713620  6.579155627  5.954393904  6.023852660
[126]  5.698306813  5.977001430  5.957665601 15.144182103  9.254091140
[131] 16.261787696 15.244171226 14.569828860 14.950511626 12.903614568
[136] 21.617139389 18.980165984 15.722382664  9.316119975  6.089370617
[141]  4.875032078  4.375707488  9.513510583  8.346761233  7.863384774
[146]  7.408479238  6.403794510  6.277889188  6.266276439  0.938504252
[151]  0.892066438 18.017685071  8.865160084  7.265755465  4.545915763
[156]  4.519066852  3.621048522  7.945622184  6.767402450  4.595977575
[161]  6.714765440  6.202637673  3.725169485  5.583428584  3.482101186
[166]  9.070807332  8.444151975  3.497186439 10.269484208 10.135440834
[171]  7.862455488 20.092678978 15.472506902 18.262754679  9.129314696
[176]  0.355081594  1.812432117  6.134460929  5.524079148  6.865391053
[181]  1.089072571  3.439533009  3.137015184  0.583035747 16.768563071
[186] 14.863246893  6.712311901  1.477162339  2.272379422  5.740148624
[191]  4.601503248  4.272545389  3.785332828  6.444230253  5.104758381
[196]  4.995927754  4.276969077  4.844890817  0.709118434  2.919010294
[201]  1.794228022  0.208360087  5.970786806  4.979125736  4.716174925
[206]  7.339202037  1.519226440  2.987953002  8.670273874  7.115965456
[211]  6.313550436  6.007195823  4.723174390 19.693495044 17.810439575
[216] 16.671341918 10.049328440 10.043435891  6.488576972  6.165229510
[221]  3.202465417  7.789708258  5.167241829  4.582745424  4.122309488
[226]  0.748950621  6.705158739  2.580121199  2.256069930  0.892491538
[231]  0.397678899 11.896473839  3.318417302  1.436851085  5.619966523
[236]  2.998194736  1.761228862  4.350277955  3.205817949  2.478898399
[241]  5.486181371  5.055700372  1.939957292  5.873365959  0.374395572
[246] 17.589605287 14.334209296  9.747341068  9.672872982  8.377351184
[251]  3.126988423  2.288290968  1.152287510  1.013902778  5.805363293
[256]  2.556840121  6.218562574  1.582716616  1.161209582  1.036478775
[261]  0.257788930  0.862658509  0.165381227  1.216594213  1.526147718
[266]  4.108141128  1.771387005  2.875621901  1.406834167  0.756617796
[271] 15.906373487 13.258739416  8.871773127  7.671228999  7.166458369
[276]  9.127804417  8.127785234  1.347724591  5.482086181  4.190985213
[281]  2.911814294  1.699466867  5.314040686  1.765101143  1.592849630
[286]  1.095679842  1.104395796  9.533437062  8.105520637  2.652266121
[291]  0.007354791  6.907387384  6.177932206  4.302840609  6.185818043
[296]  1.125976840  0.082696813  1.601065691  0.814375497  8.762416571
[301]  8.437424868  7.717720857  5.730027408  5.984469166  6.129933949
[306]  1.366519975  5.872350979  5.991952729  5.056315388  7.277693849
[311]  3.175654796  1.960646811  0.565612322  4.948101133  3.951500126
[316]  6.053968624  4.940774486  3.243580163  0.565687705  5.702531647
[321]  5.539789020  5.199460970  3.417716367  2.139466294  0.597602240
[326]  2.440481366  0.407819551  1.842099401  1.877070503

$PAR
  [1]  NA   1   1   1   1   1   2   2   6   6   7   9   9   9   9   9   9   9
 [19]   9  10  10  10  10  12  12  12  12  12  13  13  13  13  14  15  16  16
 [37]  17  20  21  22  22  22  24  24  24  25  25  25  26  29  30  31  31  34
 [55]  35  35  36  36  36  36  36  36  36  40  41  41  41  42  42  42  43  43
 [73]  43  44  45  45  48  49  49  49  49  51  51  52  53  56  57  57  59  59
 [91]  62  63  63  63  66  66  67  71  71  71  73  73  73  74  74  74  74  74
[109]  75  76  78  79  79  81  83  86  87  89  91  92  92  92  93  94  95  95
[127]  97  97  98  98  99 100 100 101 102 104 105 106 111 111 111 111 112 112
[145] 112 112 112 112 112 112 114 115 116 116 120 120 120 121 121 121 122 123
[163] 125 126 128 130 130 130 135 135 135 136 136 137 139 141 142 143 143 144
[181] 148 149 149 151 152 152 154 155 156 158 159 159 160 161 161 161 161 162
[199] 163 164 165 165 166 166 166 167 167 168 169 171 171 171 171 172 172 174
[217] 174 174 174 174 174 175 179 179 179 179 180 182 182 183 184 186 187 187
[235] 190 193 195 203 204 205 209 209 209 212 212 214 215 217 217 218 218 218
[253] 218 218 220 221 222 225 227 227 228 229 229 235 237 238 238 242 242 244
[271] 246 247 248 248 248 249 249 252 255 255 255 255 257 257 257 257 258 272
[289] 272 272 274 275 275 275 276 281 282 284 286 288 288 288 288 292 293 293
[307] 295 301 301 302 302 302 302 303 303 305 305 305 306 308 308 308 309 309
[325] 318 321 321 323 324

$EXTANT
  [1] FALSE FALSE FALSE FALSE FALSE FALSE FALSE FALSE FALSE FALSE FALSE FALSE
 [13] FALSE FALSE FALSE FALSE FALSE FALSE FALSE FALSE FALSE FALSE FALSE FALSE
 [25] FALSE FALSE FALSE FALSE FALSE FALSE FALSE FALSE FALSE FALSE FALSE FALSE
 [37] FALSE FALSE FALSE FALSE FALSE FALSE FALSE FALSE FALSE FALSE FALSE FALSE
 [49]  TRUE FALSE FALSE FALSE FALSE FALSE FALSE FALSE FALSE FALSE FALSE FALSE
 [61] FALSE FALSE FALSE FALSE FALSE  TRUE FALSE FALSE FALSE FALSE FALSE FALSE
 [73] FALSE FALSE FALSE FALSE FALSE FALSE  TRUE FALSE  TRUE FALSE FALSE FALSE
 [85] FALSE FALSE FALSE FALSE FALSE FALSE FALSE FALSE FALSE FALSE FALSE FALSE
 [97] FALSE FALSE FALSE FALSE FALSE FALSE FALSE FALSE FALSE FALSE FALSE FALSE
[109] FALSE FALSE FALSE  TRUE  TRUE  TRUE FALSE FALSE FALSE FALSE FALSE  TRUE
[121]  TRUE  TRUE FALSE FALSE FALSE FALSE FALSE FALSE FALSE FALSE FALSE FALSE
[133] FALSE FALSE FALSE FALSE FALSE FALSE FALSE  TRUE  TRUE  TRUE FALSE FALSE
[145] FALSE FALSE FALSE FALSE  TRUE  TRUE  TRUE FALSE  TRUE FALSE  TRUE FALSE
[157]  TRUE  TRUE  TRUE FALSE  TRUE FALSE FALSE  TRUE  TRUE FALSE  TRUE  TRUE
[169]  TRUE FALSE  TRUE FALSE FALSE FALSE FALSE  TRUE  TRUE FALSE  TRUE FALSE
[181] FALSE FALSE  TRUE  TRUE FALSE FALSE  TRUE  TRUE  TRUE FALSE FALSE FALSE
[193] FALSE FALSE  TRUE FALSE FALSE FALSE  TRUE  TRUE FALSE  TRUE  TRUE FALSE
[205]  TRUE FALSE  TRUE  TRUE  TRUE  TRUE FALSE  TRUE FALSE FALSE FALSE FALSE
[217] FALSE  TRUE FALSE  TRUE  TRUE FALSE FALSE  TRUE  TRUE FALSE  TRUE  TRUE
[229]  TRUE  TRUE  TRUE FALSE  TRUE  TRUE  TRUE FALSE  TRUE  TRUE  TRUE FALSE
[241] FALSE FALSE  TRUE  TRUE  TRUE FALSE FALSE FALSE  TRUE FALSE  TRUE  TRUE
[253]  TRUE  TRUE FALSE  TRUE  TRUE  TRUE  TRUE  TRUE FALSE  TRUE  TRUE  TRUE
[265]  TRUE  TRUE  TRUE  TRUE  TRUE  TRUE FALSE  TRUE FALSE  TRUE FALSE FALSE
[277] FALSE  TRUE FALSE  TRUE  TRUE  TRUE FALSE  TRUE  TRUE  TRUE  TRUE  TRUE
[289] FALSE  TRUE  TRUE FALSE  TRUE FALSE FALSE FALSE  TRUE  TRUE  TRUE FALSE
[301]  TRUE  TRUE  TRUE  TRUE  TRUE  TRUE FALSE FALSE FALSE  TRUE  TRUE FALSE
[313]  TRUE FALSE FALSE FALSE FALSE  TRUE  TRUE FALSE  TRUE FALSE FALSE  TRUE
[325]  TRUE  TRUE  TRUE  TRUE  TRUE

