
Birth-death simulation object with 304 species and 142 extant species

Details for some species:

Extinction times (NA means extant)
[1] 41.50224 36.98616 45.58669 38.49498 39.61690 21.93214


Speciation times 
[1] 49.26651 47.03749 46.74532 45.11405 41.21212 40.11186


Species parents (NA for initial)
[1] NA  1  1  1  4  4


Species status (extinct or extant)
[1] "extinct" "extinct" "extinct" "extinct" "extinct" "extinct"


For more details on vector y, try sim$y, with y one of
TE TS PAR EXTANT



$TE
  [1] 41.50223738 36.98615859 45.58668827 38.49498189 39.61690421 21.93214444
  [7] 28.27946857 35.96921717 11.84434001 20.92571525 16.58092702 10.79215663
 [13] 25.13624529 14.91371764 20.83861973 21.58663182 13.41882616 16.88010455
 [19] 15.49447645 18.63897217 13.44247686 14.19619901 12.99539063 17.30967191
 [25]  8.50614512 19.97516162 18.36721458 14.26585075 13.48879185 10.54124294
 [31]          NA  5.41353042 14.74318161 15.10978851 18.61584283 17.43608547
 [37] 12.76073732 14.89429997 12.86847529 11.33791654 14.11082560 20.20694881
 [43] 15.01090669  9.65386482 22.13252948 18.51426737 14.81039398 14.05338605
 [49]  5.55123877 14.37777078 14.45757504 12.45343757 13.92763514 15.12600650
 [55]  0.59134539          NA          NA  0.56456667  9.58878508          NA
 [61]          NA          NA 13.06102581 15.94657093 16.13919266 12.75641661
 [67] 13.70476749 13.92021683 14.08899111 22.83961036 14.79883056 11.06981202
 [73] 13.49431336 16.42523401 15.01516011 10.61643426 13.47977432  8.22503321
 [79]  2.95196719 14.18195861          NA 11.86298493  7.72734757          NA
 [85]  0.22834478          NA          NA          NA  4.08955091          NA
 [91]          NA 15.86013423 13.75618465 15.72434198 11.95439253  2.02788605
 [97] 14.03307400 13.73718031  9.92423368 15.09854041 14.65998583 13.99251940
[103]  9.98708891  6.92593236          NA  4.59517426          NA 10.18858999
[109] 14.25706204 12.75303876  2.07337090          NA          NA          NA
[115] 12.66424060          NA          NA          NA          NA          NA
[121] 10.48512064 12.45148961  3.98444006  5.72986467 12.77182568 12.00172431
[127] 13.82991196  9.26290400          NA  5.75467626          NA          NA
[133]          NA          NA 15.98880022 13.62243694 12.82977114          NA
[139]          NA          NA  1.24919869          NA          NA          NA
[145]          NA          NA          NA  0.61154944  9.75493415  8.58853882
[151]  5.02476999  0.39361074  4.69019511          NA  1.95806008  0.41454508
[157]          NA          NA          NA 13.43206290  0.04205745 12.73534659
[163]          NA          NA          NA  2.58429929  2.13133825          NA
[169]          NA          NA          NA          NA          NA          NA
[175]          NA  7.86764773  6.97427247  5.66558813  3.80044374          NA
[181]  1.70094592          NA          NA          NA  5.24264374          NA
[187]          NA          NA          NA          NA          NA          NA
[193]          NA  0.13129479  0.64173114  4.77762730          NA          NA
[199]          NA          NA          NA          NA          NA          NA
[205]          NA  4.75005759  2.07045103          NA          NA  0.37077456
[211]          NA          NA  3.67165635  1.39150631          NA          NA
[217]          NA          NA          NA          NA          NA  4.54029617
[223]          NA          NA          NA  7.92341640  6.48966200          NA
[229]  4.13472846          NA  1.87459417          NA          NA          NA
[235]          NA          NA  1.20132962          NA          NA          NA
[241]  1.04046657  1.46825356  3.37210657  2.56013178          NA  0.39170204
[247]          NA          NA  3.99291740  0.58353742  5.01102922          NA
[253]          NA  3.32466055          NA  1.58283032          NA          NA
[259]  3.58631558          NA  5.26626087  6.93244764  1.18173185          NA
[265]          NA          NA  4.24330700          NA          NA          NA
[271]          NA          NA          NA          NA  3.23476890          NA
[277]          NA          NA          NA          NA  2.48017226          NA
[283]          NA  2.64900966          NA          NA          NA  1.50985712
[289]          NA          NA          NA          NA          NA          NA
[295]          NA          NA          NA          NA          NA          NA
[301]          NA          NA          NA          NA

$TS
  [1] 49.26651148 47.03748544 46.74531813 45.11404857 41.21211925 40.11186237
  [7] 38.94567659 39.20182334 32.48527335 30.25524747 23.70765230 33.79009380
 [13] 29.66905953 27.30752207 26.59975756 27.35613999 23.31225820 22.40402960
 [19] 20.95168748 20.82923155 20.74082524 19.34949094 17.82729733 26.52968028
 [25] 13.69052294 27.73861743 19.12393787 14.97785975 25.75923850 21.40642802
 [31] 23.27995900 13.42998983 22.15922295 17.14035749 19.09836224 18.98052830
 [37] 19.55169433 15.35363511 15.83193833 13.10594273 20.24651024 24.87384686
 [43] 21.38516553 14.89035594 22.73973838 20.08217277 19.22124593 15.10204445
 [49] 13.60006072 17.02920454 14.77648913 13.56570612 18.20383293 15.26515159
 [55]  9.78865283  6.47897571  6.26309963  3.58833226 10.87725698  8.87661769
 [61]  6.73491904  5.53100929 17.57311679 17.16453450 16.14483078 16.99902446
 [67] 13.96783805 14.94197270 15.94153499 23.27174459 23.03952344 20.47754292
 [73] 19.44475742 18.60431694 18.17770818 16.50742110 15.04569796 10.18845393
 [79]  9.35983007 17.39484471 16.88507672 15.22058803  7.82267467  7.45977350
 [85]  3.03588656  1.15969851  5.22819478  0.39868355  7.71753179  6.56545197
 [91]  4.71442907 16.53732450 17.79695348 16.99129557 19.64130722 16.69842041
 [97] 16.15887830 17.24424234 14.82051585 16.42231452 16.06292301 14.35992675
[103] 11.20185676  7.96162165  7.59987262  6.28489859 17.29874807 14.95044370
[109] 14.72820155 12.96895919  9.31887034  5.44219594  3.11781478  2.29043023
[115] 12.93637570  1.19661404  0.69038523  5.70846222  4.53625110  2.03415849
[121] 14.13556164 14.10538726 10.79027005  8.24022485 14.51792100 12.59501214
[127] 15.24214859 10.08034713  7.66512567  7.21571409  6.23018414  4.88363202
[133]  4.04111143  3.68830951 17.25203381 17.21325731 17.09817866 11.02154198
[139] 10.16500800  9.66874954  8.22661337  7.45717879  6.34292863  5.88546919
[145]  4.86713090  2.45643271  1.68508142  1.55682188 10.99705493  9.07533752
[151]  8.13960541  7.75897619  6.23320207  2.59050400  3.47684956  2.56757237
[157]  0.44512079  4.63833886  4.16641979 13.95284484  7.90396977 13.93987946
[163]  6.05740331  4.32075170  2.04091316  5.96848993  3.94837663  1.59711236
[169]  2.21882396  1.05662918  0.70508582  3.46391519  2.43285451  1.63507898
[175]  6.91682727  8.84657525  7.80507722  5.89464017  5.56759918  4.17784855
[181]  3.25641489  1.56377946  6.55155172  5.85157993  6.80909747  3.00367875
[187]  0.66683474  1.86944055  1.84409217  0.62521656  3.25927807  2.30529239
[193]  1.47065786  1.53547026 10.67729611  7.41914168  4.98081367  0.48852350
[199]  2.24094043  6.74357602 12.85668161  2.50378277  1.35358036  0.32471182
[205]  6.45876520  5.67266621  2.57047701  1.41634391  4.16707539  2.69406393
[211]  0.56930061  1.24936552  6.25867909  5.55571595  1.86116819  0.97761169
[217]  0.51526260  2.64089402  0.34422231  5.88982920  5.73243991  5.67242471
[223]  5.49916200  1.56744718  5.68389622 10.06516328  9.80650498  9.47902770
[229]  9.42232370  7.37199046  5.58681801  2.67710092  1.04493069  0.41961911
[235]  0.47756817  1.84397991  1.47946440  0.36742925  4.83373891  0.89613152
[241]  5.36805988  3.84393466  8.99327930  7.59931040  5.60458523  3.13119705
[247]  9.04982500  6.96051670  4.75741743  6.65515469  5.93401876  5.46794637
[253]  4.62021303  4.25025480  2.19668853  1.81848634  1.46925691  0.45552419
[259]  4.47127860  3.05102278  8.81755994  8.00819282  5.55022025  3.89114067
[265]  1.55482291  5.38439263  4.44827429  1.95895696  6.39343872  1.31931958
[271]  1.79095683  5.84936710  5.49751652  4.52190422  4.40579411  2.27919973
[277]  1.03286993  1.76813598  0.35399636  8.11921185  6.90203688  2.03901583
[283]  6.30770222  5.20646946  0.60676753  1.63432580  1.05440338  4.28843804
[289]  2.22157992  7.68389707  0.44933655  3.38118318  0.09796534  1.20368901
[295]  1.00059697  2.76906821  7.40011947  1.96047687  1.64511104  0.73850928
[301]  2.04359966  1.69716605  1.90202889  1.58266866

$PAR
  [1]  NA   1   1   1   4   4   4   6   6   6   6   7   7   9   9  10  10  10
 [19]  11  11  11  11  11  12  12  13  14  14  15  15  17  17  18  18  20  20
 [37]  21  21  23  23  24  26  26  28  29  29  29  29  29  30  30  30  31  31
 [55]  31  31  31  31  32  32  32  32  33  33  33  34  37  38  41  42  42  42
 [73]  43  46  47  47  48  49  49  53  53  53  55  55  56  56  57  57  60  61
 [91]  62  64  71  71  72  72  72  73  73  76  76  76  76  79  79  79  80  81
[109]  81  81  81  81  81  81  82  85  86  89  90  91  95  95  96  96  98  99
[127] 100 103 104 105 105 105 105 105 107 107 107 107 107 107 107 107 107 107
[145] 107 107 107 107 108 111 111 111 111 111 112 112 114 118 119 122 124 125
[163] 129 129 129 131 131 131 132 132 132 134 134 134 138 139 139 139 139 139
[181] 139 139 140 140 141 142 142 144 144 144 145 145 146 148 149 151 152 154
[199] 155 161 162 164 165 165 175 175 175 175 180 180 180 182 183 183 184 188
[217] 190 191 193 195 196 196 196 197 200 201 201 201 201 201 201 205 205 205
[235] 208 210 215 220 222 224 225 225 227 227 228 228 229 229 229 230 230 230
[253] 230 231 231 232 239 239 241 241 243 243 243 244 245 247 247 247 248 248
[271] 250 251 251 252 253 253 253 255 258 261 261 266 269 269 269 271 271 272
[289] 274 280 280 281 283 286 286 288 290 292 292 292 296 297 301 301

$EXTANT
  [1] FALSE FALSE FALSE FALSE FALSE FALSE FALSE FALSE FALSE FALSE FALSE FALSE
 [13] FALSE FALSE FALSE FALSE FALSE FALSE FALSE FALSE FALSE FALSE FALSE FALSE
 [25] FALSE FALSE FALSE FALSE FALSE FALSE  TRUE FALSE FALSE FALSE FALSE FALSE
 [37] FALSE FALSE FALSE FALSE FALSE FALSE FALSE FALSE FALSE FALSE FALSE FALSE
 [49] FALSE FALSE FALSE FALSE FALSE FALSE FALSE  TRUE  TRUE FALSE FALSE  TRUE
 [61]  TRUE  TRUE FALSE FALSE FALSE FALSE FALSE FALSE FALSE FALSE FALSE FALSE
 [73] FALSE FALSE FALSE FALSE FALSE FALSE FALSE FALSE  TRUE FALSE FALSE  TRUE
 [85] FALSE  TRUE  TRUE  TRUE FALSE  TRUE  TRUE FALSE FALSE FALSE FALSE FALSE
 [97] FALSE FALSE FALSE FALSE FALSE FALSE FALSE FALSE  TRUE FALSE  TRUE FALSE
[109] FALSE FALSE FALSE  TRUE  TRUE  TRUE FALSE  TRUE  TRUE  TRUE  TRUE  TRUE
[121] FALSE FALSE FALSE FALSE FALSE FALSE FALSE FALSE  TRUE FALSE  TRUE  TRUE
[133]  TRUE  TRUE FALSE FALSE FALSE  TRUE  TRUE  TRUE FALSE  TRUE  TRUE  TRUE
[145]  TRUE  TRUE  TRUE FALSE FALSE FALSE FALSE FALSE FALSE  TRUE FALSE FALSE
[157]  TRUE  TRUE  TRUE FALSE FALSE FALSE  TRUE  TRUE  TRUE FALSE FALSE  TRUE
[169]  TRUE  TRUE  TRUE  TRUE  TRUE  TRUE  TRUE FALSE FALSE FALSE FALSE  TRUE
[181] FALSE  TRUE  TRUE  TRUE FALSE  TRUE  TRUE  TRUE  TRUE  TRUE  TRUE  TRUE
[193]  TRUE FALSE FALSE FALSE  TRUE  TRUE  TRUE  TRUE  TRUE  TRUE  TRUE  TRUE
[205]  TRUE FALSE FALSE  TRUE  TRUE FALSE  TRUE  TRUE FALSE FALSE  TRUE  TRUE
[217]  TRUE  TRUE  TRUE  TRUE  TRUE FALSE  TRUE  TRUE  TRUE FALSE FALSE  TRUE
[229] FALSE  TRUE FALSE  TRUE  TRUE  TRUE  TRUE  TRUE FALSE  TRUE  TRUE  TRUE
[241] FALSE FALSE FALSE FALSE  TRUE FALSE  TRUE  TRUE FALSE FALSE FALSE  TRUE
[253]  TRUE FALSE  TRUE FALSE  TRUE  TRUE FALSE  TRUE FALSE FALSE FALSE  TRUE
[265]  TRUE  TRUE FALSE  TRUE  TRUE  TRUE  TRUE  TRUE  TRUE  TRUE FALSE  TRUE
[277]  TRUE  TRUE  TRUE  TRUE FALSE  TRUE  TRUE FALSE  TRUE  TRUE  TRUE FALSE
[289]  TRUE  TRUE  TRUE  TRUE  TRUE  TRUE  TRUE  TRUE  TRUE  TRUE  TRUE  TRUE
[301]  TRUE  TRUE  TRUE  TRUE

