
Birth-death simulation object with 329 species and 94 extant species

Details for some species:

Extinction times (NA means extant)
[1] 32.89193 12.61389 28.93027 30.07406 23.87834 16.51589


Speciation times 
[1] 49.26651 47.10512 38.54387 37.74239 35.99130 35.47646


Species parents (NA for initial)
[1] NA  1  1  2  2  2


Species status (extinct or extant)
[1] "extinct" "extinct" "extinct" "extinct" "extinct" "extinct"


For more details on vector y, try sim$y, with y one of
TE TS PAR EXTANT



$TE
  [1] 32.8919282 12.6138866 28.9302668 30.0740632 23.8783372 16.5158909
  [7] 32.8219120 16.6207734 14.3757771 21.4749938 27.7517402 29.5027227
 [13] 26.8143284 25.2464128 14.3967819 27.7159733 20.8048433 11.1893077
 [19] 18.3981061 12.3059287 16.0061027 29.1617476 20.9749819 17.2336436
 [25] 14.5946698 31.6949021 31.9765630 30.2723614 17.5471381 25.6549861
 [31] 14.9893076 23.1261185 15.0924855 11.0713781 12.9814921 13.9999395
 [37] 10.6514932 15.2369364 28.9619419 15.6485658 24.5591174 14.0493665
 [43] 21.0823872 11.4379577 14.0430518 12.9994280 14.0673847 13.6607541
 [49] 13.8134973 16.3692026  2.0066105 11.3941319 12.0214879 17.0698271
 [55] 14.3174316 27.0031677 14.7428503 27.5939888 19.9910799 25.2046308
 [61] 23.9612246 20.8070794 17.2165771 14.8958064 13.7354237 14.1898810
 [67] 12.7829768 13.3821927 17.2060200 11.5015399 15.3535151  8.0494672
 [73]  5.1273247  2.5508201         NA 16.9423824 15.2171660 14.4297016
 [79] 13.8572003  9.0016749 13.2747951 15.4664379 15.1497734 14.0885878
 [85] 14.7043491 27.9052468 12.6164285 11.9127740 19.9115503 17.8440325
 [91] 19.4250371 14.9946766 14.8966001 15.3692593 15.6048550 13.8888153
 [97] 14.6243449 13.3708798 16.2944684 14.3780768 15.7665102 13.8518291
[103] 21.4972553 14.3336933 16.1775294 12.3688861 14.9478298 15.5074834
[109] 15.6785577 13.3473878 12.5945848 21.4572014 16.7269108 15.3104317
[115] 14.6684246 19.7326077 14.9452749 17.8489418 18.3299946 16.0239407
[121] 14.6657618 12.2998293 14.1475783 13.2199810 14.7484667 12.4934612
[127] 20.5980079 12.2669691 14.2771035 13.0622247 12.4117938 12.4327221
[133] 11.2669274 16.1053247 13.1795554 19.6429522 17.8283524 11.2795519
[139]  3.8518826 14.4909522 12.1233917 15.2665128 20.1070680 15.0888343
[145] 15.1853532 21.8426230 18.5350715 13.4488881 20.3861854 18.5310071
[151]  5.9966781 12.1765907 15.0273307  9.5706450  3.1756708 13.9276062
[157] 14.5072436         NA 15.3722971 14.4807695 14.3640342 15.5332898
[163] 14.6138466 15.5586238 11.1071380 16.1863347 18.3830696  7.1544844
[169]         NA         NA 12.9036153 10.6515577         NA         NA
[175]         NA         NA         NA 15.0694030 14.9653658 14.0544489
[181] 14.6109424 14.2362389  0.2461121  4.7509767 12.0458365 12.9199750
[187] 16.2337853 11.8871456 15.1177723 14.9825921 14.9110451 12.5645882
[193] 11.3736884 10.5400512  7.0005317  5.1616722  0.8423547         NA
[199]         NA         NA  0.5320583         NA         NA  4.2095432
[205]         NA         NA         NA  3.2548826         NA         NA
[211]         NA 13.6432036 13.4284105  9.4688210 14.8890859 11.1515723
[217] 11.0039198  8.0163561         NA  5.4773490         NA         NA
[223]         NA  3.2198549         NA  1.0066570         NA         NA
[229]         NA         NA  0.5542531         NA         NA         NA
[235]         NA         NA         NA         NA         NA         NA
[241] 13.7267786 14.7525525  3.7949445  4.3265462  6.7217400  0.3464736
[247]         NA  2.9986902         NA         NA         NA  0.5631791
[253]         NA         NA  0.2121760         NA  3.1975876  1.4984791
[259]         NA         NA  1.3132251         NA         NA         NA
[265]         NA         NA         NA  5.0983585         NA         NA
[271]         NA         NA         NA  5.0457143  4.1668567         NA
[277]         NA  1.6075108         NA         NA         NA  1.9501363
[283]         NA  4.9574038         NA  4.1143546         NA  0.4154896
[289]  1.5694566         NA         NA         NA         NA  3.3099117
[295]         NA  1.0355214         NA         NA  2.9501361         NA
[301]         NA         NA         NA         NA         NA         NA
[307]  3.2473027         NA         NA  0.6761507         NA  4.1727303
[313]         NA         NA         NA  0.1737982  2.7606163  1.6427254
[319]         NA         NA  0.3818093  0.4642370  0.4255811         NA
[325]         NA         NA         NA         NA         NA

$TS
  [1] 49.26651148 47.10512156 38.54387430 37.74239226 35.99129690 35.47645891
  [7] 34.81351891 21.71974687 14.71019940 36.74370585 35.90715104 30.57407382
 [13] 31.63318151 30.38325273 29.22075428 30.61114888 29.58995643 19.43699735
 [19] 18.92852128 18.30261723 33.25619049 30.86015554 30.51656615 25.09190706
 [25] 22.10888158 35.53741076 33.74595785 30.31309211 27.74491396 28.63781722
 [31] 21.30724135 24.51154772 22.89899539 16.59723753 15.60102036 15.28678073
 [37] 11.70395554 32.63756474 31.86082778 22.13104957 28.23267605 27.37289595
 [43] 23.86909338 24.57869705 19.15795377 16.55990851 15.56323235 14.70247939
 [49] 14.65774245 24.57275478 19.41106666 19.04033229 17.68782598 17.34416082
 [55] 15.16147974 32.31159002 30.75012117 29.31583560 27.94540059 27.54229768
 [61] 24.82414229 26.44327375 22.41663049 20.29872341 17.40289578 14.22795572
 [67] 13.92606940 22.92461385 18.73433566 15.77736497 15.59841988 11.87229513
 [73]  5.75557366  3.14694364  2.33054046 17.74676834 17.29963214 14.71094781
 [79] 16.14835736 14.11972929 14.40704840 29.43308137 20.65270137 18.36199982
 [85] 17.88364516 28.52984437 27.85744469 26.60035790 22.27203022 21.05839240
 [91] 27.40934227 19.32634748 18.76038201 16.33770480 17.14121509 14.82939996
 [97] 14.69852563 13.76679942 17.13760500 15.31516070 15.91801289 14.05815772
[103] 28.73055602 21.24149172 17.79935110 15.44765415 15.26601832 24.68719232
[109] 24.30518778 23.93214681 22.37003994 21.61159593 20.89626612 20.60680119
[115] 15.38099429 24.04246850 18.39008141 18.14938892 18.63220470 18.31481232
[121] 16.00832466 24.75183209 23.05653325 17.19412464 16.15051268 12.55383376
[127] 21.79805836 15.88953716 15.26278985 14.20495543 13.52205444 21.52673847
[133] 17.70986241 17.32513578 20.71087052 20.54085824 20.04699776 18.11048229
[139] 18.76292351 17.11066741 18.45579382 17.22663077 24.30495191 21.51413858
[145] 19.46124986 22.15463884 20.94371791 16.86197667 21.45600939 20.82005206
[151] 13.57222031 12.91048688 16.68328623 16.37391196 11.38984296 19.15347264
[157] 18.67506890  5.00920614 16.24019534 15.76310348 23.07734701 22.22895598
[163] 19.26764009 16.41755844 14.34249691 20.92979822 20.76745263  9.42322939
[169]  5.99723305 15.20389294 14.67796009 10.83471847  9.66843852  7.99722989
[175]  7.97675093  5.94097017  5.44830806 17.30771799 17.19970224 15.23142628
[181] 14.73406849 14.59041419  2.44536985 15.20441276 14.71492938 19.83639512
[187] 16.62628850 16.57572312 18.09270569 17.34472262 15.38939482 13.19018645
[193] 12.84550264 18.22113330  7.98815990  5.82991245  9.63927658  7.05975867
[199]  5.52329834  3.21028442  5.32625074  3.03620671  1.47848470  5.70435908
[205]  4.90031172  4.60840557  4.05605512  4.44013925  9.53749778  8.60041522
[211]  5.50665586 14.60272016 13.86552890 18.01204550 16.49213587 12.22099535
[217] 11.75852568 12.28279147  8.88288499  8.66625093  4.55857405  2.79336921
[223]  2.39176918  7.03140074  6.22494203  4.53739080  0.63440322  0.62122411
[229]  3.98334326  0.43283734  2.55955376  0.20629320  0.19381574  7.31017698
[235]  5.76881454  4.57139144  3.85604597  3.05640747  5.65226357  0.71267863
[241] 14.23300107 15.20543274  9.97779376  8.58442596  7.46605467  5.47059019
[247]  3.03053189  4.28574706  3.18993481  0.44284868  5.22674019  3.64073917
[253]  4.34196859  1.53687977  1.11010891  0.63196522  6.70477099  5.54460944
[259]  0.26853651  0.90871939  2.83779258  2.02894057  1.16514228  2.37425796
[265]  0.54314773  6.07282873  7.99292840  6.05315840  7.16335004  1.11821011
[271]  4.45268758  1.38274998  4.31018319  5.44592735  4.74697153  4.58386682
[277]  2.73220666  2.13509195  0.44807007  2.09278369  5.96357334  3.23687211
[283]  0.32652032  7.98867024  2.21256729  6.04191751  5.79634824  5.47484657
[289]  1.91409533  4.26690117  0.59404641  2.46787625  0.15960118  5.25975053
[295]  3.31781330  1.78750395  7.23850903  5.65064094  5.58197655  2.25621039
[301]  1.56183289  0.04579164  0.42113815  1.47172612  1.25555560  5.56688426
[307]  3.68301566  3.59019860  2.98791415  2.15862603  0.70828470  5.41383693
[313]  2.95231146  2.68669251  0.13798595  0.34335472  5.46824558  3.42719073
[319]  2.87648689  1.66391168  2.80124499  2.04346453  2.31700360  2.18311881
[325]  0.93170836  1.66346852  1.89783013  2.02395693  0.02640984

$PAR
  [1]  NA   1   1   2   2   2   2   2   2   3   3   3   4   4   5   6   6   6
 [19]   6   6  10  10  10  10  10  11  11  12  14  15  15  17  17  18  18  18
 [37]  18  21  21  21  23  23  23  24  25  25  25  25  25  29  29  29  29  31
 [55]  33  38  39  39  41  41  41  42  43  44  44  45  48  50  50  51  51  51
 [73]  51  51  51  52  52  52  53  53  55  57  57  57  57  58  58  59  59  59
 [91]  60  64  64  64  65  65  65  65  76  77  79  81  82  82  82  83  84  87
[109]  87  88  88  88  88  88  88  91  92  92  93  93  94 103 103 104 104 106
[127] 110 110 110 110 110 111 111 111 113 113 113 113 114 114 119 120 122 122
[145] 122 123 123 123 132 132 132 132 133 133 133 137 139 139 142 142 143 143
[163] 145 145 148 149 149 151 151 153 154 154 154 155 155 155 155 156 156 156
[181] 156 156 158 161 161 162 162 162 163 163 163 165 165 166 168 169 170 170
[199] 173 173 174 174 174 175 175 175 175 176 184 184 184 186 186 189 190 193
[217] 193 194 197 197 197 197 197 198 198 198 198 198 199 203 205 206 206 209
[235] 209 209 209 209 210 211 214 215 218 219 219 219 219 221 221 221 224 224
[253] 225 225 226 231 234 234 235 236 238 238 238 239 239 243 244 244 245 249
[271] 251 251 257 258 258 258 258 258 260 264 266 266 266 267 267 268 268 269
[289] 271 273 276 277 280 281 281 281 284 286 286 290 292 293 295 296 296 297
[307] 297 297 297 297 297 298 298 298 298 300 306 306 308 308 309 310 314 314
[325] 314 320 321 322 324

$EXTANT
  [1] FALSE FALSE FALSE FALSE FALSE FALSE FALSE FALSE FALSE FALSE FALSE FALSE
 [13] FALSE FALSE FALSE FALSE FALSE FALSE FALSE FALSE FALSE FALSE FALSE FALSE
 [25] FALSE FALSE FALSE FALSE FALSE FALSE FALSE FALSE FALSE FALSE FALSE FALSE
 [37] FALSE FALSE FALSE FALSE FALSE FALSE FALSE FALSE FALSE FALSE FALSE FALSE
 [49] FALSE FALSE FALSE FALSE FALSE FALSE FALSE FALSE FALSE FALSE FALSE FALSE
 [61] FALSE FALSE FALSE FALSE FALSE FALSE FALSE FALSE FALSE FALSE FALSE FALSE
 [73] FALSE FALSE  TRUE FALSE FALSE FALSE FALSE FALSE FALSE FALSE FALSE FALSE
 [85] FALSE FALSE FALSE FALSE FALSE FALSE FALSE FALSE FALSE FALSE FALSE FALSE
 [97] FALSE FALSE FALSE FALSE FALSE FALSE FALSE FALSE FALSE FALSE FALSE FALSE
[109] FALSE FALSE FALSE FALSE FALSE FALSE FALSE FALSE FALSE FALSE FALSE FALSE
[121] FALSE FALSE FALSE FALSE FALSE FALSE FALSE FALSE FALSE FALSE FALSE FALSE
[133] FALSE FALSE FALSE FALSE FALSE FALSE FALSE FALSE FALSE FALSE FALSE FALSE
[145] FALSE FALSE FALSE FALSE FALSE FALSE FALSE FALSE FALSE FALSE FALSE FALSE
[157] FALSE  TRUE FALSE FALSE FALSE FALSE FALSE FALSE FALSE FALSE FALSE FALSE
[169]  TRUE  TRUE FALSE FALSE  TRUE  TRUE  TRUE  TRUE  TRUE FALSE FALSE FALSE
[181] FALSE FALSE FALSE FALSE FALSE FALSE FALSE FALSE FALSE FALSE FALSE FALSE
[193] FALSE FALSE FALSE FALSE FALSE  TRUE  TRUE  TRUE FALSE  TRUE  TRUE FALSE
[205]  TRUE  TRUE  TRUE FALSE  TRUE  TRUE  TRUE FALSE FALSE FALSE FALSE FALSE
[217] FALSE FALSE  TRUE FALSE  TRUE  TRUE  TRUE FALSE  TRUE FALSE  TRUE  TRUE
[229]  TRUE  TRUE FALSE  TRUE  TRUE  TRUE  TRUE  TRUE  TRUE  TRUE  TRUE  TRUE
[241] FALSE FALSE FALSE FALSE FALSE FALSE  TRUE FALSE  TRUE  TRUE  TRUE FALSE
[253]  TRUE  TRUE FALSE  TRUE FALSE FALSE  TRUE  TRUE FALSE  TRUE  TRUE  TRUE
[265]  TRUE  TRUE  TRUE FALSE  TRUE  TRUE  TRUE  TRUE  TRUE FALSE FALSE  TRUE
[277]  TRUE FALSE  TRUE  TRUE  TRUE FALSE  TRUE FALSE  TRUE FALSE  TRUE FALSE
[289] FALSE  TRUE  TRUE  TRUE  TRUE FALSE  TRUE FALSE  TRUE  TRUE FALSE  TRUE
[301]  TRUE  TRUE  TRUE  TRUE  TRUE  TRUE FALSE  TRUE  TRUE FALSE  TRUE FALSE
[313]  TRUE  TRUE  TRUE FALSE FALSE FALSE  TRUE  TRUE FALSE FALSE FALSE  TRUE
[325]  TRUE  TRUE  TRUE  TRUE  TRUE

