
Birth-death simulation object with 228 species and 73 extant species

Details for some species:

Extinction times (NA means extant)
[1] 30.10541 45.06972 17.59935 34.00724 14.14003 28.58601


Speciation times 
[1] 49.26651 47.13438 37.81951 45.34218 32.90391 32.11052


Species parents (NA for initial)
[1] NA  1  1  2  3  3


Species status (extinct or extant)
[1] "extinct" "extinct" "extinct" "extinct" "extinct" "extinct"


For more details on vector y, try sim$y, with y one of
TE TS PAR EXTANT



$TE
  [1] 30.1054122 45.0697190 17.5993479 34.0072396 14.1400286 28.5860129
  [7] 25.4446791 12.5523110 16.8415364 34.6004012 31.2714569 12.5027403
 [13] 20.3306319 21.6785437 12.8658432 12.9564929 17.1110418 14.7941323
 [19] 31.9966906 13.3666250 13.1049460 20.9704466 15.1502978 14.5314833
 [25] 12.0738379 15.3431042 10.7979430 29.8474345 29.9193644 13.4915339
 [31]  9.3902807 10.4352313 11.4545543 15.3195669 12.9500625 12.8897520
 [37]         NA 29.4852516 30.0354534 13.8493477         NA 20.5457577
 [43] 14.2910101 14.8493879 13.4731453 11.8186976 15.6277797 13.6997853
 [49] 14.5489072  8.5883499  3.9006123  8.3863480  6.1593420         NA
 [55]         NA 22.6830959 23.2975249 10.6358930         NA  4.5474620
 [61]         NA         NA         NA 23.8873593 29.3327363 25.7887526
 [67] 14.8918551  6.3189776         NA  2.0968717  3.5498685  4.6519991
 [73]         NA         NA  2.7452476  2.0164645         NA         NA
 [79]         NA 15.1894928 16.6374242 15.0961701 19.0948657  0.9586831
 [85]         NA         NA  6.4219194         NA         NA 24.6267326
 [91] 26.0677974 24.5504036 13.8804352 19.3379847 18.5021250 20.7279418
 [97] 13.9733902 13.7422959 15.8654304 16.0127562 13.5497659  0.5339200
[103]         NA         NA         NA  3.0866791         NA 21.7220504
[109] 14.0356425 12.6439915 10.6314826 14.5571557 18.1994689 16.6685232
[115] 15.1886244  0.7571128  0.9029992  0.9832063 20.6226888 22.8724382
[121] 12.8095618 13.3493877 14.2379369  9.8070373 14.9818430 14.9960856
[127]         NA 16.7168832         NA 11.0735231 11.1134943 16.2892169
[133] 14.6139944 10.5915330  3.0412607         NA         NA  0.6573360
[139] 13.0339672 13.7002691         NA  4.4774539         NA         NA
[145]         NA  1.9892027  2.3569908         NA  5.1405508  7.4450331
[151] 14.0102623  2.1890152  2.5152750         NA  0.2475501  1.6277559
[157]  3.8005705         NA  1.4187461  0.1402685  7.3854292  4.7019641
[163]  6.4235118  4.9799117  6.6179689         NA  2.3882305  2.3665452
[169]         NA         NA         NA         NA  5.4545259         NA
[175]         NA         NA         NA         NA  2.4335230         NA
[181]         NA         NA  3.3742648         NA         NA  0.2727858
[187]         NA  6.7335092  2.5341008         NA  0.7152574         NA
[193]         NA         NA  5.5220493         NA  3.5473874         NA
[199]  2.0275264         NA  5.5366808         NA         NA  5.5946976
[205]  1.5195876  1.3071265  0.1725694         NA         NA  1.0747375
[211]         NA         NA         NA         NA         NA         NA
[217]         NA         NA  0.2516809  1.6805786         NA  0.2574022
[223]  3.2889920  1.6132014         NA         NA         NA         NA

$TS
  [1] 49.26651148 47.13437859 37.81951188 45.34217910 32.90390931 32.11052391
  [7] 28.66675485 22.15569235 18.92388379 45.08546237 32.32848795 18.19192985
 [13] 28.71531501 21.80730461 17.74718662 17.63527742 17.63334724 17.23811258
 [19] 35.54559816 17.13409672 15.65099305 26.54058537 23.97136802 16.67333446
 [25] 13.38859001 15.49557775 14.13605854 35.04663309 32.08059692 14.66176117
 [31] 14.61196538 14.60579641 23.59015596 22.85217864 17.86191459 16.05744333
 [37] 11.36170480 34.63047213 31.03791521 14.45179671 11.86801122 20.92872305
 [43] 18.68453899 15.74066807 13.99958204 13.76669836 17.77438785 14.17700844
 [49] 14.85056521 10.64415063  9.49705683  9.33280672  8.33191538  1.84267742
 [55]  1.37208347 30.91562145 30.03033701 11.75578338  8.79108710  4.75365003
 [61] 10.17413329  7.51207160  4.44620760 30.24751555 29.95984253 27.55653673
 [67] 26.87684701  6.47020295  8.71878756  7.93405610  5.46742074  4.73344084
 [73]  1.07732497  7.21573896  7.09890037  3.98827804  1.89734400  3.60953321
 [79]  0.28684542 29.48096799 26.12640991 26.66300657 25.79638233  1.23844471
 [85]  7.53234620  4.59646572  7.21439298  6.96211580  2.35192613 28.78953180
 [91] 26.07933310 25.76278132 25.01957281 23.73436047 22.92804874 24.78934087
 [97] 20.88669945 18.23408070 16.22544099 23.76695613 21.97552793  4.39943322
[103]  2.41956874  0.34970895  4.80395868  4.24829314  1.11636399 25.88345504
[109] 24.73053069 21.08445270 17.19423159 16.08586465 20.90557818 18.94598692
[115] 21.67627892  1.39578758  3.94204640  1.75760193 22.93904358 23.28955930
[121] 19.56971809 13.40317459 14.61213179 11.42382508 17.39721086 16.62858060
[127]  1.10894267 17.54026703 13.00976489 11.07547732 16.54889261 16.48843830
[133] 16.28974460 10.59301316 10.33659668 10.07639671 13.36379146 11.25290885
[139] 16.18755767 15.36641307  7.08734882  8.02998253  2.95258030  2.19133083
[145]  1.82739183  5.92941438 10.56292112  9.89588500  9.48384900  8.01949178
[151] 15.22696797  5.99010493  5.41788319  5.21538183  3.25107896  8.52679397
[157]  5.97944170  5.57453802  4.37488659  3.62953753  8.94932328  8.74626418
[163]  7.43698746  7.23615916  6.76215989  6.82872512  3.39677060  3.79208683
[169]  0.72735337  3.04310906  1.60845798  8.38850494  6.40332244  6.04113028
[175]  4.54716396  0.23931588  0.16726154  8.53099374  6.27867233  6.32074406
[181]  5.22415108  6.82746123  3.53640833  1.05298906  2.72565697  0.78553196
[187]  7.72224162  6.76210427  4.00865018  1.49314189  0.76611566  0.24604975
[193]  5.88387202  6.02703175  6.22444365  2.71770050  4.49984173  3.31505160
[199]  2.15035616  6.00071251  7.50605048  3.21399119  0.70172323  5.63065097
[205]  4.42766282  3.42343859  5.85755908  5.68426662  1.00582802  1.67990845
[211]  6.04225418  3.05088236  0.08787447  3.16019548  2.65419856  2.25184172
[217]  4.18682799  1.41369184  5.80476211  1.72177911  0.20874230  2.03124361
[223]  3.53833958  5.66322088  1.24968238  0.26813534  3.75085425  2.40839882

$PAR
  [1]  NA   1   1   2   3   3   3   3   3   4   5   5   6   8   8   8   8   9
 [19]  10  12  12  13  13  15  15  16  16  19  19  20  20  20  22  23  23  23
 [37]  27  28  29  30  32  33  33  33  33  33  34  35  36  37  37  37  37  37
 [55]  37  38  38  41  41  41  50  51  51  56  56  56  57  59  61  61  61  61
 [73]  61  62  62  62  62  63  63  64  64  66  67  69  70  70  74  75  78  80
 [91]  80  80  80  80  81  82  82  82  82  83  83  85  85  86  88  88  88  90
[109]  92  93  93  93  94  95 101 102 105 105 108 109 109 110 111 111 115 115
[127] 116 121 121 124 125 126 126 129 129 129 131 131 133 133 135 136 136 136
[145] 136 137 138 138 138 138 140 141 146 146 146 147 147 147 147 147 148 148
[163] 148 148 148 149 153 154 154 155 155 156 156 156 156 158 160 162 162 164
[181] 164 166 166 166 168 170 172 172 172 172 172 172 173 174 178 178 179 179
[199] 181 182 187 193 193 194 194 194 195 195 198 200 201 202 203 205 205 205
[217] 208 208 211 211 212 216 217 219 219 219 224 227

$EXTANT
  [1] FALSE FALSE FALSE FALSE FALSE FALSE FALSE FALSE FALSE FALSE FALSE FALSE
 [13] FALSE FALSE FALSE FALSE FALSE FALSE FALSE FALSE FALSE FALSE FALSE FALSE
 [25] FALSE FALSE FALSE FALSE FALSE FALSE FALSE FALSE FALSE FALSE FALSE FALSE
 [37]  TRUE FALSE FALSE FALSE  TRUE FALSE FALSE FALSE FALSE FALSE FALSE FALSE
 [49] FALSE FALSE FALSE FALSE FALSE  TRUE  TRUE FALSE FALSE FALSE  TRUE FALSE
 [61]  TRUE  TRUE  TRUE FALSE FALSE FALSE FALSE FALSE  TRUE FALSE FALSE FALSE
 [73]  TRUE  TRUE FALSE FALSE  TRUE  TRUE  TRUE FALSE FALSE FALSE FALSE FALSE
 [85]  TRUE  TRUE FALSE  TRUE  TRUE FALSE FALSE FALSE FALSE FALSE FALSE FALSE
 [97] FALSE FALSE FALSE FALSE FALSE FALSE  TRUE  TRUE  TRUE FALSE  TRUE FALSE
[109] FALSE FALSE FALSE FALSE FALSE FALSE FALSE FALSE FALSE FALSE FALSE FALSE
[121] FALSE FALSE FALSE FALSE FALSE FALSE  TRUE FALSE  TRUE FALSE FALSE FALSE
[133] FALSE FALSE FALSE  TRUE  TRUE FALSE FALSE FALSE  TRUE FALSE  TRUE  TRUE
[145]  TRUE FALSE FALSE  TRUE FALSE FALSE FALSE FALSE FALSE  TRUE FALSE FALSE
[157] FALSE  TRUE FALSE FALSE FALSE FALSE FALSE FALSE FALSE  TRUE FALSE FALSE
[169]  TRUE  TRUE  TRUE  TRUE FALSE  TRUE  TRUE  TRUE  TRUE  TRUE FALSE  TRUE
[181]  TRUE  TRUE FALSE  TRUE  TRUE FALSE  TRUE FALSE FALSE  TRUE FALSE  TRUE
[193]  TRUE  TRUE FALSE  TRUE FALSE  TRUE FALSE  TRUE FALSE  TRUE  TRUE FALSE
[205] FALSE FALSE FALSE  TRUE  TRUE FALSE  TRUE  TRUE  TRUE  TRUE  TRUE  TRUE
[217]  TRUE  TRUE FALSE FALSE  TRUE FALSE FALSE FALSE  TRUE  TRUE  TRUE  TRUE

