
Birth-death simulation object with 255 species and 64 extant species

Details for some species:

Extinction times (NA means extant)
[1] 46.97214 40.80819 40.81597 30.48041 40.90910 25.28460


Speciation times 
[1] 49.95521 47.34604 45.79728 43.47832 42.60948 42.51145


Species parents (NA for initial)
[1] NA  1  2  2  2  4


Species status (extinct or extant)
[1] "extinct" "extinct" "extinct" "extinct" "extinct" "extinct"


For more details on vector y, try sim$y, with y one of
TE TS PAR EXTANT



$TE
  [1] 46.9721386 40.8081908 40.8159735 30.4804089 40.9090965 25.2845975
  [7] 37.0074044 29.9768252 35.7097764 19.6419521 23.7836380 25.9383233
 [13] 36.4768148 27.5404595 28.1179548 14.3548887 18.2134673 15.7644713
 [19] 14.6614016 35.5128479 29.3901971 14.1634759 25.0183398 12.5342178
 [25] 16.6963898 25.6096101 13.0078769 22.2358251 12.7966050 14.9048216
 [31] 16.2783441 15.4515214 31.9875504 21.1321730 14.6745644 15.4173875
 [37] 17.7646987 19.8390737 13.4059673 15.9071359 14.0681206 24.8946290
 [43] 15.4508496 15.7199533 17.1896565 14.3806554         NA 17.0008238
 [49] 15.9681725         NA 15.5647220 12.9546630 12.6223984 12.1860784
 [55] 15.7246224 15.7024389 16.0195251 15.3732666 26.1203826 31.2218992
 [61] 19.5497995 15.1628824 24.9809433 15.6539934 14.5958766 23.7470046
 [67] 19.2323085 11.2232855 10.5270004 13.0241524 14.2714315 14.7398887
 [73] 13.3336604 21.1146931 18.3997403 18.0587455 16.5702155 11.4621231
 [79] 14.9351589 13.7264815 24.8484201 14.6138986 14.3058495 13.6337702
 [85] 16.4551571  7.2833154  2.5771688  4.6932504 12.8895976         NA
 [91]  9.9595391  9.7563251  9.9606107  6.4982707  3.5882621         NA
 [97]         NA         NA 13.5391286 12.1625567 24.7342810 22.8356804
[103] 15.8786286 14.0035752 11.8465276 10.7079485 13.6750627 15.6419742
[109] 13.7264784 16.9493920 12.8206452 14.2301407 14.2938038 13.4918562
[115]  9.6333057 22.0565341 14.9261691 16.6577709 15.8654852 12.4191484
[121] 13.9556484 15.8222359 12.8345406         NA         NA         NA
[127]         NA         NA         NA  4.0920321         NA         NA
[133]         NA 11.1830617 18.0488367 13.3673517 16.0795356 18.6620393
[139] 11.2561743  1.7879475 13.8091813  9.8542964  6.4240566  2.9690905
[145] 13.4295706 15.3567235         NA         NA         NA  7.5644001
[151]  5.1624484         NA  2.3647739         NA         NA  0.8503926
[157]         NA  0.9985237  0.5081270         NA 19.8324937 22.1847423
[163] 14.4547346 15.3477341 12.8642615 11.5396138 12.7962643 15.8114054
[169]  4.7588850  4.1693945 15.5269510 13.0817991 13.8916803  1.5662919
[175]  6.7871851  6.1903059         NA  8.1400559         NA         NA
[181] 14.6815456         NA  6.0230331  3.3657112         NA         NA
[187]  3.7987278  1.0646031         NA         NA         NA  2.7882160
[193]  1.2815996  0.4070167         NA         NA  0.2938473 22.6173897
[199] 20.6355170 15.0659025 15.0822860 15.3870648 13.0450108 10.4992091
[205] 12.4510031 17.0891163 13.9925746  0.7412397  6.5337678         NA
[211]  1.5819963         NA  1.5350638  3.7945491  4.1848710         NA
[217]         NA         NA         NA  1.6519957         NA         NA
[223]         NA         NA  0.5210049         NA         NA  4.0372977
[229]         NA  0.1149050  5.7312212  0.9047779         NA  0.2396005
[235]  1.2796303         NA         NA         NA  0.1284435  1.6709444
[241]  1.2856257         NA         NA  4.8008923         NA         NA
[247]         NA         NA         NA         NA         NA         NA
[253]         NA         NA         NA

$TS
  [1] 49.9552117 47.3460364 45.7972839 43.4783229 42.6094779 42.5114548
  [7] 42.0755759 31.0515722 38.1551370 35.1360292 31.1548739 26.6684067
 [13] 40.7465095 33.6206862 28.5659204 23.3698288 29.2891152 26.7285344
 [19] 24.1290780 38.1521240 37.4809759 33.1880651 28.5883718 21.5224158
 [25] 27.1425417 25.9244746 20.3785300 22.8221340 21.8715073 21.6482053
 [31] 20.6993734 19.5221232 35.3468085 33.0390423 31.8104775 28.6975047
 [37] 25.4885265 22.9937621 17.4161280 17.3668502 28.2117278 26.5401865
 [43] 25.3227260 17.9913529 17.6900195 22.3210046 19.8541970 17.2682524
 [49] 20.3301136 14.4292869 18.0580737 16.7512483 13.2898346 12.8920854
 [55] 16.2517818 15.7170489 17.1168978 15.6275300 34.1879324 32.4377288
 [61] 28.7264360 28.1800413 26.1438565 18.9179545 15.2166764 28.0399926
 [67] 25.2645896 23.9363502 19.6252412 17.8802225 22.0323541 19.8869738
 [73] 15.6032294 26.7034316 25.7774789 22.6529389 19.7370621 16.8160425
 [79] 15.2600326 14.8931946 25.8765739 23.5641973 19.4331004 16.6124526
 [85] 17.3962860  8.9440020  5.9452074 13.4874009 13.3964720 11.3947281
 [91] 10.8472923 10.5869800 10.3245534  9.9441315  9.2626592  3.3493999
 [97]  3.3216369  0.6019883 13.6392128 31.8432326 26.0169634 25.2553758
[103] 19.4889935 16.1237391 12.7080400 12.1538817 14.5481480 17.2884441
[109] 14.0861176 19.8868944 18.2493081 17.2185752 15.9192485 15.0754894
[115] 14.8753805 22.8318838 21.8099029 19.5288971 16.0012541 13.4038861
[121] 15.0230780 16.9566468 16.5419433  3.2961439  3.0777804  0.5219508
[127]  8.3791672  7.7096017  7.6016871  7.2411343  5.2299080  1.5272231
[133]  0.3028439 26.6225036 21.6949845 13.8017632 18.9603454 18.7549769
[139] 11.9238441 11.8695039 17.1006264 14.5275637 12.0753014 11.8565878
[145] 21.6707756 18.0146748  1.4335489  1.3028494  2.0673233  7.8674215
[151]  6.7015767  6.8285533  4.6622807  3.8859953  2.4501115  2.4946427
[157]  6.1565032  5.4048136  3.9635170  3.7708618 25.5206031 22.8457901
[163] 17.5793391 15.6672987 15.0794322 14.9208844 13.7047256 18.1137100
[169]  5.0510534  4.3113644 16.5990100 15.9180150 13.9042279 11.2836574
[175]  9.8810158 10.3766695  7.2467966 11.7930947  6.6808888  3.4425860
[181] 14.8297985  0.7695632  7.6197601  4.3078966  1.5120006  1.4967906
[187]  4.1953425  2.9296578  1.3812433  5.4647696  3.9871726  3.3519445
[193]  1.8319725  1.4893506  2.2560633  0.6304738  0.6219162 24.1623811
[199] 20.8493078 22.4023442 16.8292899 16.4796640 13.4437527 11.6546129
[205] 13.1468237 17.4747363 16.5652630  7.1885795  7.1102319  3.7125636
[211]  3.0741196  7.1770409  6.7917005  6.4297017  6.4933273  6.2041680
[217]  0.7262691  4.7398342  1.2689453  2.2500714  1.3348754  5.9015108
[223]  4.0815749  2.2529533  2.2226839  2.1256147  7.0884967  6.7124060
[229]  2.2978664  0.2189014  6.5376418  5.8791013  4.2053167  3.9024339
[235]  3.0124790  1.9515616  0.1950311  6.9541012  6.4990389  4.0631613
[241]  2.9771914  2.3203956  1.8982809  5.0603748  1.6229967  4.1558684
[247]  1.9763013  1.4336023  0.7432995  0.6789008  1.1369541  0.3786518
[253]  0.8533642  0.1909161  0.7550270

$PAR
  [1]  NA   1   2   2   2   4   4   4   6   6   6   6   7  10  10  10  11  11
 [19]  11  13  13  14  14  16  17  17  17  18  18  19  19  19  21  21  21  22
 [37]  22  22  22  22  23  23  23  24  24  25  25  25  27  27  29  29  29  29
 [55]  30  30  32  32  33  34  34  34  35  35  35  36  36  36  36  36  37  38
 [73]  39  41  41  41  41  41  41  41  42  43  43  43  44  47  47  50  50  50
 [91]  50  50  50  50  50  50  50  50  52  59  62  62  62  68  68  68  69  70
[109]  70  71  72  72  72  73  73  75  75  76  78  78  82  85  85  87  87  90
[127]  94  94  94  94  95  96  97 100 100 100 103 103 105 106 112 112 115 115
[145] 117 118 124 124 125 127 127 128 128 128 128 129 130 130 131 131 134 134
[163] 134 134 134 134 134 135 140 140 141 141 141 142 142 143 143 144 144 144
[181] 145 147 150 152 152 152 153 153 156 157 157 158 158 158 159 159 159 161
[199] 161 162 163 163 166 166 167 168 168 174 174 174 174 177 177 177 179 183
[217] 185 190 190 191 194 208 208 208 208 208 212 212 212 212 213 214 216 216
[235] 216 222 224 227 227 227 227 227 229 232 236 238 238 238 239 242 243 245
[253] 247 247 251

$EXTANT
  [1] FALSE FALSE FALSE FALSE FALSE FALSE FALSE FALSE FALSE FALSE FALSE FALSE
 [13] FALSE FALSE FALSE FALSE FALSE FALSE FALSE FALSE FALSE FALSE FALSE FALSE
 [25] FALSE FALSE FALSE FALSE FALSE FALSE FALSE FALSE FALSE FALSE FALSE FALSE
 [37] FALSE FALSE FALSE FALSE FALSE FALSE FALSE FALSE FALSE FALSE  TRUE FALSE
 [49] FALSE  TRUE FALSE FALSE FALSE FALSE FALSE FALSE FALSE FALSE FALSE FALSE
 [61] FALSE FALSE FALSE FALSE FALSE FALSE FALSE FALSE FALSE FALSE FALSE FALSE
 [73] FALSE FALSE FALSE FALSE FALSE FALSE FALSE FALSE FALSE FALSE FALSE FALSE
 [85] FALSE FALSE FALSE FALSE FALSE  TRUE FALSE FALSE FALSE FALSE FALSE  TRUE
 [97]  TRUE  TRUE FALSE FALSE FALSE FALSE FALSE FALSE FALSE FALSE FALSE FALSE
[109] FALSE FALSE FALSE FALSE FALSE FALSE FALSE FALSE FALSE FALSE FALSE FALSE
[121] FALSE FALSE FALSE  TRUE  TRUE  TRUE  TRUE  TRUE  TRUE FALSE  TRUE  TRUE
[133]  TRUE FALSE FALSE FALSE FALSE FALSE FALSE FALSE FALSE FALSE FALSE FALSE
[145] FALSE FALSE  TRUE  TRUE  TRUE FALSE FALSE  TRUE FALSE  TRUE  TRUE FALSE
[157]  TRUE FALSE FALSE  TRUE FALSE FALSE FALSE FALSE FALSE FALSE FALSE FALSE
[169] FALSE FALSE FALSE FALSE FALSE FALSE FALSE FALSE  TRUE FALSE  TRUE  TRUE
[181] FALSE  TRUE FALSE FALSE  TRUE  TRUE FALSE FALSE  TRUE  TRUE  TRUE FALSE
[193] FALSE FALSE  TRUE  TRUE FALSE FALSE FALSE FALSE FALSE FALSE FALSE FALSE
[205] FALSE FALSE FALSE FALSE FALSE  TRUE FALSE  TRUE FALSE FALSE FALSE  TRUE
[217]  TRUE  TRUE  TRUE FALSE  TRUE  TRUE  TRUE  TRUE FALSE  TRUE  TRUE FALSE
[229]  TRUE FALSE FALSE FALSE  TRUE FALSE FALSE  TRUE  TRUE  TRUE FALSE FALSE
[241] FALSE  TRUE  TRUE FALSE  TRUE  TRUE  TRUE  TRUE  TRUE  TRUE  TRUE  TRUE
[253]  TRUE  TRUE  TRUE

