
Birth-death simulation object with 282 species and 80 extant species

Details for some species:

Extinction times (NA means extant)
[1] 26.03834 39.98093 36.42050 31.74497 27.27523 31.57668


Speciation times 
[1] 49.95521 44.71324 37.79162 37.29083 34.23198 34.22141


Species parents (NA for initial)
[1] NA  1  1  1  1  1


Species status (extinct or extant)
[1] "extinct" "extinct" "extinct" "extinct" "extinct" "extinct"


For more details on vector y, try sim$y, with y one of
TE TS PAR EXTANT



$TE
  [1] 26.03833632 39.98093245 36.42049513 31.74496889 27.27522797 31.57668197
  [7] 28.76583703 36.78569914 38.15681464 19.92291278 31.99097874 23.44058802
 [13] 29.38535471 12.93152388 16.45149586 27.14281334 25.46375409 29.24882241
 [19] 30.51306073 14.22823037 22.59155948 18.56959203 18.46222478 18.67559370
 [25] 15.47416923 12.62331322 19.41167546 28.28509539 27.27823091 33.57837790
 [31] 32.01995389 26.56424311 19.35842818 15.51226139 18.44075219 25.61697475
 [37] 22.38872852 19.00443148 15.41462500 12.84300768 25.07957569 20.31288507
 [43] 22.53054060 23.41753265 16.82571808 14.82014565 18.46251742 13.44593320
 [49] 17.05503023 15.89528995 15.35990608 15.26810330 17.80960722 15.87276260
 [55] 31.32693145 20.80671332 13.72450523 17.36258404 15.85334994 14.14572748
 [61] 18.43158882 19.76120798 17.75837734 18.57098527 14.90434807 14.09580775
 [67] 14.73141064 20.27125179 12.71697311 14.49566821 15.05235765 13.45672640
 [73] 13.84149250 23.10166841 31.03143669 17.43309472 14.33502685 19.98033384
 [79] 17.29134891 11.52699940 21.66717662 16.83271655 13.83585769 16.75579283
 [85] 15.86489340 15.29612053 13.97235175 11.65256826  2.39994981 24.90781850
 [91] 15.62387895 23.72736468          NA 27.61393177 15.19300403 22.74930350
 [97] 13.54871718 18.07708391 15.12902963 14.21733904 14.48910616 22.33840062
[103] 15.61260562 15.17805882 15.17441624 12.34341251 12.02851076          NA
[109] 25.23760065 20.66588526 21.16008032 16.27762510 21.18216810 15.59692510
[115]  3.67211063 13.94639306 11.11138322          NA  6.89828602          NA
[121]          NA          NA          NA 14.05801537 12.24141332 15.22434512
[127] 12.13480983 17.91761408 13.01107045 15.37216183 15.75678556 11.37318432
[133] 13.80240197 15.44273413  9.56009248  6.33784485 23.83058954 14.52007838
[139] 15.35504971 19.73955446 11.20281963          NA          NA          NA
[145]  7.64250312  3.97642297  4.20254452          NA  7.37643589  1.77949168
[151]  0.96910012          NA          NA          NA          NA          NA
[157] 11.15850791 12.05025364 13.11511371 14.80365144 14.56927826          NA
[163]  8.37320627 22.65344907 12.61560003          NA 15.48721023 20.00984997
[169] 15.87702893 11.30510124          NA          NA          NA          NA
[175]          NA  0.02942406  2.59951179          NA          NA          NA
[181]  4.64491083          NA          NA          NA          NA          NA
[187] 12.46710646  9.59081377  0.44961549          NA  1.77759018          NA
[193]          NA          NA 14.21732522 14.92645267          NA          NA
[199]  8.64295704  4.38972011  0.62078150          NA  0.71345917  1.82054245
[205]  4.38076498          NA          NA  0.47198228  4.10180982  0.55162938
[211]          NA          NA          NA          NA          NA          NA
[217]          NA  6.07969079  6.63213368          NA          NA          NA
[223]  1.29406070          NA          NA 15.50876795 10.29410389 13.21025703
[229]          NA 15.00270743          NA  1.45040408  1.96844758  2.01561951
[235]          NA  0.96149931  1.08661371          NA          NA          NA
[241]          NA          NA  2.10762289  3.87844512          NA  0.93617351
[247]  0.94737774          NA          NA          NA  5.04423898          NA
[253]  3.53974296  0.70966639          NA  1.37283869  1.16982925          NA
[259]          NA          NA          NA  4.59000255  3.50788299  1.67259552
[265]  1.73441666          NA          NA  2.11176021          NA          NA
[271]          NA          NA          NA          NA  1.41958782          NA
[277]  3.39841457  0.44050106          NA  4.45345094  3.98386891  4.14304448

$TS
  [1] 49.95521172 44.71323504 37.79161742 37.29082913 34.23197720 34.22141292
  [7] 30.46992204 41.60539623 41.35413520 36.98285635 33.16455401 30.02222662
 [13] 37.33064485 34.40794095 23.92406946 32.84933873 29.78205249 36.01859451
 [19] 31.59048768 31.51645125 27.49736047 27.03329028 26.89148177 22.95892361
 [25] 23.33952050 17.99030033 32.36818240 28.57076815 28.54821607 35.86377481
 [31] 35.25690812 29.22559786 28.48950365 27.95537536 27.13073501 26.90208506
 [37] 24.44380909 19.47331807 17.02889277 26.08211071 25.95846471 26.48445872
 [43] 24.67410904 25.78353377 21.50311156 21.63629617 19.86414000 21.75988933
 [49] 19.07675266 18.72657285 16.09285099 15.36892011 22.41945646 28.24790418
 [55] 34.70431398 34.47265606 24.00768419 21.01370935 24.73617900 24.01582836
 [61] 22.71135246 25.74676905 20.60210877 19.78051729 16.61215425 14.36061052
 [67] 15.96302215 20.68079975 17.35006154 17.54794818 16.47311822 15.65743277
 [73] 18.91329568 23.36453881 32.08098489 31.59801687 28.65130816 28.49808192
 [79] 24.23122871 24.03086859 21.87077098 17.96146302 14.33135698 24.00815506
 [85] 20.74307047 17.23396354 19.93428585 15.67711537 13.46564131 31.48166133
 [91] 27.89957410 24.93858094 24.54409087 27.76583675 21.02905365 23.18130580
 [97] 20.67545197 18.65921689 20.81294076 18.48172432 16.98199862 22.99218753
[103] 18.04517040 16.92304331 16.23046183 15.82135105 15.53033980  8.67746887
[109] 27.79739380 24.25022320 24.03422567 17.45443845 23.52282061 20.34345242
[115] 15.60451259 14.30350872 11.19122056 11.17391559  7.06692071  6.41257705
[121]  6.24614811  2.25188921  1.21779909 16.28100798 14.48796947 20.17457630
[127] 18.84592250 18.30539145 16.45614590 15.93924003 18.03181287 16.00319844
[133] 16.04747552 15.67253946 13.25861705 12.33068340 25.65438199 22.29660262
[139] 21.12446298 21.65046707 11.71459193  8.03410506  6.77968114  4.28507364
[145]  9.99643644  9.53261790  7.90077450  7.86575358  7.69729190  7.23996516
[151]  6.49378533  4.89924998  0.73099086  0.06811868  2.96530597  0.69912018
[157] 13.31653289 14.32604625 13.64582356 15.57103777 15.08659341 11.45091839
[163] 10.86563252 24.02590365 21.20678587 18.07672819 19.62057923 20.22938026
[169] 19.91346502 11.46264330  7.72130729  6.96635231  4.85094170  2.49410796
[175]  8.62353477  6.69251051  7.35821862  3.34299013  5.52439856  2.34146885
[181]  4.79761302  3.50139146  2.43913310  2.36797435  2.75169903  0.69469146
[187] 13.18086610 10.54167785  8.88042045  5.70525063  5.62383928  3.47200330
[193] 10.12343662  8.43271240 18.13395900 15.95535701  8.48528090  0.50928144
[199] 16.75368489  7.32735877  2.14476098  1.18799877  0.80887605  2.47072009
[205]  7.46666525  2.02254171  1.82332861  5.16631564  6.49188003  5.80267947
[211]  5.05637415  3.17166645  3.07619868  2.57375937  0.56003397  1.24916048
[217]  0.72657569  8.58174171  7.85081295  2.62145829  1.52886776  8.35542182
[223]  3.64266378  5.50636360  2.10699066 17.22819978 14.42192433 15.70754116
[229]  7.45569326 15.57062771 11.53656769  9.29976033  7.19410917  6.41076022
[235]  1.20141472  1.56196434  5.45595476  3.16010995  2.97087685  2.72412302
[241]  0.69330011  2.40880449  7.04615971  6.51855071  7.97732785  2.46506974
[247]  5.02694506  0.70191067  0.17388989  0.16803641  8.73511130  8.52861950
[253]  7.12445644  7.75138946  7.39103571  6.09968537  3.09082228  2.61529739
[259]  1.95301024  7.36859779  0.96830852  8.04781741  4.90265522  3.48735575
[265]  4.84985891  3.87227513  7.22634331  6.35975168  1.31269928  5.88699516
[271]  3.54828513  2.37029679  1.90462781  1.85789257  6.55961689  0.09557332
[277]  3.81557294  2.72889804  0.08923904  6.42824235  5.52694337  4.50213623

$PAR
  [1]  NA   1   1   1   1   1   1   2   2   4   5   7   8  10  10  11  12  13
 [19]  14  14  14  14  14  14  15  15  16  17  17  18  18  20  20  20  20  20
 [37]  20  20  20  21  21  22  22  23  23  24  24  25  25  25  25  26  27  29
 [55]  31  31  33  33  34  37  37  40  40  40  40  40  46  48  49  50  50  51
 [73]  53  54  56  56  56  56  56  56  56  57  57  60  60  60  62  69  69  75
 [91]  76  76  76  77  78  79  79  79  80  80  80  84  87  87  87  87  87  89
[109]  90  91  91  91  93  93  93  93  93  93  93  93  93  93  93  95  97  99
[127]  99 100 100 100 103 103 104 106 106 107 109 110 110 113 115 115 115 115
[145] 118 118 118 118 118 118 118 120 120 120 121 122 125 127 129 130 132 132
[163] 135 137 138 138 139 140 140 141 142 142 143 143 146 147 148 150 151 151
[181] 152 152 152 152 155 155 158 162 162 162 162 162 163 163 165 165 166 166
[199] 167 171 171 172 172 174 175 175 175 176 177 177 177 178 178 178 180 182
[217] 182 189 189 189 189 193 193 194 194 195 195 196 197 199 199 199 200 200
[235] 201 206 210 210 211 211 213 214 218 218 222 223 229 229 229 229 231 231
[253] 231 232 232 232 232 240 242 245 247 252 252 252 253 254 255 255 255 256
[271] 256 256 256 256 267 267 268 271 272 275 275 280

$EXTANT
  [1] FALSE FALSE FALSE FALSE FALSE FALSE FALSE FALSE FALSE FALSE FALSE FALSE
 [13] FALSE FALSE FALSE FALSE FALSE FALSE FALSE FALSE FALSE FALSE FALSE FALSE
 [25] FALSE FALSE FALSE FALSE FALSE FALSE FALSE FALSE FALSE FALSE FALSE FALSE
 [37] FALSE FALSE FALSE FALSE FALSE FALSE FALSE FALSE FALSE FALSE FALSE FALSE
 [49] FALSE FALSE FALSE FALSE FALSE FALSE FALSE FALSE FALSE FALSE FALSE FALSE
 [61] FALSE FALSE FALSE FALSE FALSE FALSE FALSE FALSE FALSE FALSE FALSE FALSE
 [73] FALSE FALSE FALSE FALSE FALSE FALSE FALSE FALSE FALSE FALSE FALSE FALSE
 [85] FALSE FALSE FALSE FALSE FALSE FALSE FALSE FALSE  TRUE FALSE FALSE FALSE
 [97] FALSE FALSE FALSE FALSE FALSE FALSE FALSE FALSE FALSE FALSE FALSE  TRUE
[109] FALSE FALSE FALSE FALSE FALSE FALSE FALSE FALSE FALSE  TRUE FALSE  TRUE
[121]  TRUE  TRUE  TRUE FALSE FALSE FALSE FALSE FALSE FALSE FALSE FALSE FALSE
[133] FALSE FALSE FALSE FALSE FALSE FALSE FALSE FALSE FALSE  TRUE  TRUE  TRUE
[145] FALSE FALSE FALSE  TRUE FALSE FALSE FALSE  TRUE  TRUE  TRUE  TRUE  TRUE
[157] FALSE FALSE FALSE FALSE FALSE  TRUE FALSE FALSE FALSE  TRUE FALSE FALSE
[169] FALSE FALSE  TRUE  TRUE  TRUE  TRUE  TRUE FALSE FALSE  TRUE  TRUE  TRUE
[181] FALSE  TRUE  TRUE  TRUE  TRUE  TRUE FALSE FALSE FALSE  TRUE FALSE  TRUE
[193]  TRUE  TRUE FALSE FALSE  TRUE  TRUE FALSE FALSE FALSE  TRUE FALSE FALSE
[205] FALSE  TRUE  TRUE FALSE FALSE FALSE  TRUE  TRUE  TRUE  TRUE  TRUE  TRUE
[217]  TRUE FALSE FALSE  TRUE  TRUE  TRUE FALSE  TRUE  TRUE FALSE FALSE FALSE
[229]  TRUE FALSE  TRUE FALSE FALSE FALSE  TRUE FALSE FALSE  TRUE  TRUE  TRUE
[241]  TRUE  TRUE FALSE FALSE  TRUE FALSE FALSE  TRUE  TRUE  TRUE FALSE  TRUE
[253] FALSE FALSE  TRUE FALSE FALSE  TRUE  TRUE  TRUE  TRUE FALSE FALSE FALSE
[265] FALSE  TRUE  TRUE FALSE  TRUE  TRUE  TRUE  TRUE  TRUE  TRUE FALSE  TRUE
[277] FALSE FALSE  TRUE FALSE FALSE FALSE

