
Birth-death simulation object with 384 species and 163 extant species

Details for some species:

Extinction times (NA means extant)
[1] 26.19445 45.57776 19.43012 29.99675 30.20545 14.46056


Speciation times 
[1] 49.95521 48.67303 42.65090 34.94865 33.64299 40.86573


Species parents (NA for initial)
[1] NA  1  1  1  1  3


Species status (extinct or extant)
[1] "extinct" "extinct" "extinct" "extinct" "extinct" "extinct"


For more details on vector y, try sim$y, with y one of
TE TS PAR EXTANT



$TE
  [1] 26.19444819 45.57776240 19.43011966 29.99674705 30.20544800 14.46055961
  [7] 31.64573792 32.88659292 17.40420331 26.23693927 29.05409586 25.68348518
 [13] 31.78776562 31.95536915 23.54828971 23.62823998 14.99703844 13.40241311
 [19] 16.53834662 15.94958109 29.26272264 13.89969274 19.25434525 24.56118310
 [25] 20.23087143 19.10621767 13.04162317 27.06315449 24.41653314 32.22118161
 [31] 32.89397871 21.88880303 15.57678861 23.63007218 12.98478996 13.81663448
 [37]          NA 14.99875365 14.94914902 28.03898537 25.57341048 21.54962797
 [43] 29.93521167 15.37638227 13.04897347 30.53537588 20.08116345 19.57718611
 [49] 19.67625040 17.95499516 31.39261708 30.56157816 25.96249363 25.08032663
 [55] 24.99739056 32.81238935 21.84740332 14.09399705 13.19819818 13.57854625
 [61] 11.87041563 12.58635787 14.12119923  0.99069618  6.61662299  0.16346925
 [67]          NA          NA  3.19644717          NA 30.43168418 20.08064018
 [73] 23.29070534 20.50761885 24.16597838 14.59842455 13.57962726 20.65315103
 [79]  9.38163323 30.21452410 21.23951456 24.66801724 20.56585138 15.73945367
 [85] 13.90701344 17.87856114 14.62914512  5.53471610 12.40310732  8.69435301
 [91]          NA          NA          NA  5.60833326          NA          NA
 [97]  2.34209714  2.89639033          NA          NA          NA 22.73505393
[103] 15.68000682 12.30999854 20.73596092 15.59814552 15.64828717 21.71570977
[109] 18.24375009 12.64440091          NA          NA 29.26827277 24.29413531
[115] 23.14702992 22.45369675 26.93251440 15.73150625 14.52947443 21.46781260
[121] 14.24260644 15.08725762 11.21240093  0.94949590  5.59718358  5.86133790
[127]          NA          NA          NA          NA          NA          NA
[133]          NA          NA          NA          NA          NA 14.46729949
[139] 12.02099319 11.41165220 20.17995845 18.53693054 15.83162129 15.92460144
[145] 14.61738676          NA          NA  4.46400406  2.59300842  3.57839399
[151]  9.37427153          NA          NA          NA 29.24055304 19.32778412
[157] 15.73604302 15.76468127 14.41714030 14.52335714  3.99314182          NA
[163]          NA          NA          NA          NA  2.69874299  3.28029312
[169]          NA          NA          NA  4.54432574 12.66145652 14.55319290
[175]  1.70038214          NA          NA  2.63618306          NA          NA
[181]  2.39192072          NA          NA          NA          NA          NA
[187] 12.80238343 28.95789223 15.03956963 24.29899277 16.92483867 17.67182352
[193] 12.50542730  2.19039011          NA          NA  0.04410371          NA
[199]          NA          NA  7.39478916  6.18617336  1.66167216          NA
[205] 12.25605167          NA  4.50038730  3.53704769          NA  1.62382029
[211]          NA          NA          NA  3.98657318          NA  3.92848486
[217]          NA  9.16176356  1.63319827          NA  1.44592430          NA
[223]          NA          NA 26.07963976 16.71293185 19.78318652 17.25446352
[229] 15.04002091 13.18471031 13.86010675 15.29801081 15.02232380 18.18013576
[235]          NA 15.47190897 12.04394694          NA          NA  1.78802698
[241]          NA  1.41753515          NA          NA          NA          NA
[247]          NA          NA  5.77810982          NA  2.80679065          NA
[253]          NA  5.57257878  4.61305442          NA          NA  5.83351765
[259]  0.31984100          NA          NA          NA          NA          NA
[265]          NA  0.86370389          NA  3.45641270  4.16994966  1.95455704
[271] 26.73062070 13.89868434 13.08928325 11.70538319 13.95043890 11.93623695
[277]          NA 13.39418240          NA          NA          NA          NA
[283]          NA          NA          NA          NA  4.16066331          NA
[289]  0.93018759          NA          NA  3.29000428  5.17368899          NA
[295]          NA          NA  1.64308283          NA  4.11903381          NA
[301]          NA          NA  1.76065991          NA          NA          NA
[307]  4.07805418          NA  7.37346380  3.22023663          NA  2.62781499
[313]          NA          NA  5.39440377          NA          NA          NA
[319]          NA          NA 14.70130093 10.45784909 12.14322749  0.25248594
[325]          NA  5.82482807  5.78504987          NA          NA          NA
[331]          NA          NA          NA          NA          NA  0.88833044
[337]  0.52728018          NA          NA          NA          NA  0.17201245
[343]          NA          NA  3.47018701          NA          NA          NA
[349]          NA          NA          NA          NA          NA 16.33932432
[355] 12.96419515 12.90209888          NA          NA          NA  5.54724575
[361]  0.43029435          NA          NA  1.63397293          NA          NA
[367]          NA          NA          NA          NA          NA          NA
[373]          NA          NA          NA          NA  1.15837048          NA
[379]          NA          NA          NA          NA  1.25680851          NA

$TS
  [1] 49.95521172 48.67302759 42.65089971 34.94865089 33.64299292 40.86572765
  [7] 36.38878131 35.33158406 34.98604674 28.71323773 37.27259544 36.35744604
 [13] 35.57989361 33.06750711 27.20984622 24.90954865 22.40879047 19.71070471
 [19] 17.02613716 16.82930532 35.87762651 33.65024644 33.21760066 24.66097886
 [25] 23.12525185 20.49881327 19.40852707 35.59447355 34.30289860 33.08051820
 [31] 35.48234198 25.86730314 24.82809321 24.76366955 17.86593025 17.62221726
 [37] 16.60428766 16.75860933 16.08541714 34.46126814 32.46600295 30.34154147
 [43] 33.19022105 21.96051101 16.83714070 33.14935423 29.29305110 22.66959803
 [49] 21.30766500 19.09261262 34.57043849 32.20337385 33.03961330 30.54014283
 [55] 32.91116003 32.94259958 21.92296291 24.48235289 15.49558531 16.39766854
 [61] 14.46972931 14.44191856 15.55773630 12.14805267  9.77714637  9.06466894
 [67]  8.82563277  6.34815056  3.86083464  0.15372461 31.20949363 28.48906664
 [73] 26.60335768 26.58796904 26.10298281 15.01333392 25.13612345 24.38056705
 [79] 19.88154313 31.36761020 32.69516111 28.71609612 26.43146825 25.78637002
 [85] 25.44970016 19.69015439 14.77656648 12.79561257 14.46392265  8.71073195
 [91]  8.21362329  3.25984121  2.47937966  9.41959211  2.07693362  8.49391798
 [97]  5.55135465  4.63950298  4.33854286  2.60821176  0.47803567 23.45659044
[103] 21.41089543 21.08398832 25.82284858 19.90871642 19.25407327 24.05707356
[109] 18.44692909 16.56145124 13.09954886 10.24869311 32.23923542 31.64530860
[115] 30.10624211 29.90781078 27.20935578 21.82285925 22.92827902 22.27618413
[121] 16.05235272 15.54283352 15.30050081  9.28856196  6.98983273  5.96270942
[127]  5.67508215  0.43801363  1.07380904  9.10677632  6.65416194  5.01339885
[133]  3.32906656  4.64883310  3.25474643  0.59242439  0.01467779 16.65555581
[139] 14.75781129 24.91698676 23.88500923 21.76941983 17.79279472 17.53948341
[145] 16.28067419 11.82203316 11.31499722  8.54329741  7.89885422  4.68393772
[151] 10.22998642  4.24371093  2.57824164  2.21182527 31.96383931 28.69220451
[157] 24.99608534 16.20591964 15.28695639 15.21242321  7.12816242  5.76006858
[163]  2.82754294  2.03662506  1.23111189  0.13705045  6.98885528  6.82293961
[169]  1.92035480  2.45135423  0.55263786 15.35335169 12.79153273 14.99149108
[175] 12.70286952  3.15790458  2.78364140  8.67977934  8.06564490  8.36396255
[181]  6.57054141  6.62485208  9.82712001  1.58657226  0.74069998  0.90626691
[187] 31.89912874 30.76084423 27.97741575 27.33550093 23.78438589 23.63046732
[193] 14.49428718  4.50761423  1.01102903  0.06763327  6.24684594  4.06373955
[199]  0.84997064  1.25579432 11.10110483 11.08768755 10.00871590  6.52884423
[205] 12.53704863 10.45236695  9.55471381  6.17367059  5.36668838  2.46926713
[211]  0.52867690  7.42033130  6.08719871  4.76272908  3.08046907  5.27560103
[217]  2.11127297  9.57091632  7.07373154  6.05286273  1.76847611  1.03511327
[223]  0.95280374  0.26459311 28.97016483 22.02101232 20.38152531 18.15070074
[229] 15.55534097 13.46931792 21.63303077 16.22885326 15.49659465 21.95440514
[235] 17.36722237 17.30204846 18.51135355  0.81152100  4.32919346  3.07595708
[241]  2.33646015  1.56704551  0.76365917  0.41354906 10.92410050  8.12986757
[247] 10.28088761  6.80871034  7.58190095  6.99435447  5.17960638  2.10818480
[253]  6.31414305  6.11802288  5.72933726  4.02516893  1.78111593  9.20451125
[259]  6.97079214  6.96565742  4.89258726  2.83329527  5.75745555  2.14115701
[265]  0.86354591  1.73797879  1.60306073  4.77030100  4.33743094  2.50672560
[271] 27.11898250 16.32901342 14.53454776 13.98954695 15.32117188 18.89506031
[277]  3.15981027 17.60041780  3.72715528  0.83353984  0.19192867  0.11092696
[283]  1.68126097  1.38032007  7.31821101  6.92662818  8.10042581  6.43408178
[289]  6.41199294  2.49718290  1.63093152  7.52726009  6.69924234  5.51078181
[295]  3.26049782  2.64715339  2.42096243  3.36355816  6.29237828  4.64702110
[301]  0.25726841  1.73511127  2.25630010  1.42165697  1.00047066  0.13477403
[307]  4.88902580  0.80714109  7.47595872  6.61768234  4.61209436  4.22015008
[313]  3.56778022  2.44973243  5.43929650  4.94856102  1.83636644  1.53877088
[319]  0.72548558  1.32299725 18.22676264 18.17365394 13.12946483  3.02956114
[325]  2.61963631  6.14736425  6.60719404  4.76336222  2.69249728  4.75802464
[331]  3.11717315  1.69114076  1.15060189  2.92382437  1.42010761  6.93711314
[337]  3.35284533  6.20882314  1.81499279  3.24962140  3.20093325  0.73781789
[343]  0.15753146  0.15872901  6.36514992  4.86882727  0.66877235  3.02213184
[349]  1.17296305  0.60374822  0.31336563  0.07052460  0.43842589 17.09117624
[355] 16.14530304 13.38203138  1.12274523  0.87062104  0.64785159  6.13128805
[361]  1.41198652  3.44747462  0.13451148  1.77015791  0.30959800  0.80254436
[367]  1.91121115  0.13498177  2.30877051  3.79412900  0.82551327  0.59949754
[373]  2.89551493  5.08720200  2.06558042  0.79966984  1.60842366  1.72452012
[379]  1.26528514  0.56673786  0.29027499  0.62416609  1.68815440  0.41961651

$PAR
  [1]  NA   1   1   1   1   3   3   3   3   3   6   6   6   6   6   6   6   6
 [19]   6   6   7   8   8   9   9   9   9  11  11  11  12  15  15  16  17  17
 [37]  17  19  20  21  21  21  22  22  22  23  23  23  25  27  28  28  29  29
 [55]  30  31  32  33  35  36  36  36  37  37  37  37  37  37  37  37  40  42
 [73]  42  42  42  45  47  47  48  52  53  53  53  54  55  58  59  61  63  64
 [91]  64  64  64  65  66  67  67  67  67  68  68  72  72  72  73  77  77  78
[109]  79  79  79  79  81  81  81  81  82  83  84  84  84  85  85  88  91  91
[127]  91  91  93  94  96  96  96  97  97  99 101 104 104 105 105 105 106 106
[145] 110 111 111 111 111 111 112 112 112 112 113 114 115 119 121 123 124 124
[163] 127 127 127 129 130 130 130 132 133 138 139 140 140 146 146 147 147 148
[181] 148 149 151 152 153 154 155 155 156 156 156 157 159 161 162 165 168 168
[199] 169 170 172 172 172 172 175 175 175 175 175 177 177 178 178 178 179 180
[217] 180 183 183 183 183 183 183 183 187 187 187 187 187 187 189 189 189 191
[235] 191 191 192 195 197 197 197 197 199 199 201 201 202 202 203 203 203 203
[253] 206 206 206 206 206 207 207 207 207 209 213 213 215 217 217 219 219 220
[271] 225 231 231 231 232 234 235 237 239 239 239 239 241 241 245 245 246 246
[289] 246 246 246 247 247 247 247 247 247 248 250 250 250 252 253 253 253 253
[307] 255 256 258 260 260 260 260 262 263 263 263 263 263 267 276 276 276 277
[325] 279 285 286 286 286 287 288 288 288 289 289 292 292 293 297 300 300 300
[343] 302 304 310 310 311 313 313 314 316 318 319 321 322 322 324 324 325 326
[361] 328 330 330 331 331 333 334 334 336 338 339 339 340 345 348 349 362 367
[379] 367 369 372 376 378 378

$EXTANT
  [1] FALSE FALSE FALSE FALSE FALSE FALSE FALSE FALSE FALSE FALSE FALSE FALSE
 [13] FALSE FALSE FALSE FALSE FALSE FALSE FALSE FALSE FALSE FALSE FALSE FALSE
 [25] FALSE FALSE FALSE FALSE FALSE FALSE FALSE FALSE FALSE FALSE FALSE FALSE
 [37]  TRUE FALSE FALSE FALSE FALSE FALSE FALSE FALSE FALSE FALSE FALSE FALSE
 [49] FALSE FALSE FALSE FALSE FALSE FALSE FALSE FALSE FALSE FALSE FALSE FALSE
 [61] FALSE FALSE FALSE FALSE FALSE FALSE  TRUE  TRUE FALSE  TRUE FALSE FALSE
 [73] FALSE FALSE FALSE FALSE FALSE FALSE FALSE FALSE FALSE FALSE FALSE FALSE
 [85] FALSE FALSE FALSE FALSE FALSE FALSE  TRUE  TRUE  TRUE FALSE  TRUE  TRUE
 [97] FALSE FALSE  TRUE  TRUE  TRUE FALSE FALSE FALSE FALSE FALSE FALSE FALSE
[109] FALSE FALSE  TRUE  TRUE FALSE FALSE FALSE FALSE FALSE FALSE FALSE FALSE
[121] FALSE FALSE FALSE FALSE FALSE FALSE  TRUE  TRUE  TRUE  TRUE  TRUE  TRUE
[133]  TRUE  TRUE  TRUE  TRUE  TRUE FALSE FALSE FALSE FALSE FALSE FALSE FALSE
[145] FALSE  TRUE  TRUE FALSE FALSE FALSE FALSE  TRUE  TRUE  TRUE FALSE FALSE
[157] FALSE FALSE FALSE FALSE FALSE  TRUE  TRUE  TRUE  TRUE  TRUE FALSE FALSE
[169]  TRUE  TRUE  TRUE FALSE FALSE FALSE FALSE  TRUE  TRUE FALSE  TRUE  TRUE
[181] FALSE  TRUE  TRUE  TRUE  TRUE  TRUE FALSE FALSE FALSE FALSE FALSE FALSE
[193] FALSE FALSE  TRUE  TRUE FALSE  TRUE  TRUE  TRUE FALSE FALSE FALSE  TRUE
[205] FALSE  TRUE FALSE FALSE  TRUE FALSE  TRUE  TRUE  TRUE FALSE  TRUE FALSE
[217]  TRUE FALSE FALSE  TRUE FALSE  TRUE  TRUE  TRUE FALSE FALSE FALSE FALSE
[229] FALSE FALSE FALSE FALSE FALSE FALSE  TRUE FALSE FALSE  TRUE  TRUE FALSE
[241]  TRUE FALSE  TRUE  TRUE  TRUE  TRUE  TRUE  TRUE FALSE  TRUE FALSE  TRUE
[253]  TRUE FALSE FALSE  TRUE  TRUE FALSE FALSE  TRUE  TRUE  TRUE  TRUE  TRUE
[265]  TRUE FALSE  TRUE FALSE FALSE FALSE FALSE FALSE FALSE FALSE FALSE FALSE
[277]  TRUE FALSE  TRUE  TRUE  TRUE  TRUE  TRUE  TRUE  TRUE  TRUE FALSE  TRUE
[289] FALSE  TRUE  TRUE FALSE FALSE  TRUE  TRUE  TRUE FALSE  TRUE FALSE  TRUE
[301]  TRUE  TRUE FALSE  TRUE  TRUE  TRUE FALSE  TRUE FALSE FALSE  TRUE FALSE
[313]  TRUE  TRUE FALSE  TRUE  TRUE  TRUE  TRUE  TRUE FALSE FALSE FALSE FALSE
[325]  TRUE FALSE FALSE  TRUE  TRUE  TRUE  TRUE  TRUE  TRUE  TRUE  TRUE FALSE
[337] FALSE  TRUE  TRUE  TRUE  TRUE FALSE  TRUE  TRUE FALSE  TRUE  TRUE  TRUE
[349]  TRUE  TRUE  TRUE  TRUE  TRUE FALSE FALSE FALSE  TRUE  TRUE  TRUE FALSE
[361] FALSE  TRUE  TRUE FALSE  TRUE  TRUE  TRUE  TRUE  TRUE  TRUE  TRUE  TRUE
[373]  TRUE  TRUE  TRUE  TRUE FALSE  TRUE  TRUE  TRUE  TRUE  TRUE FALSE  TRUE

