
Birth-death simulation object with 336 species and 115 extant species

Details for some species:

Extinction times (NA means extant)
[1] 43.09585 36.65210 35.56932 43.39147 37.97136 32.06481


Speciation times 
[1] 48.65279 48.51924 46.57782 45.95897 45.64559 36.89460


Species parents (NA for initial)
[1] NA  1  1  1  1  2


Species status (extinct or extant)
[1] "extinct" "extinct" "extinct" "extinct" "extinct" "extinct"


For more details on vector y, try sim$y, with y one of
TE TS PAR EXTANT



$TE
  [1] 43.0958490 36.6520996 35.5693207 43.3914655 37.9713597 32.0648050
  [7] 24.6891434 35.4879316 35.2263732 18.2045463 14.3628625 29.7115860
 [13] 26.4401204 12.7980254 12.7192039 27.2415896 22.5817454 24.1620123
 [19] 13.9139608 25.3476993 21.9587799 19.0651063 29.4073308 14.2674612
 [25] 14.0283364 15.1585840 16.1793471 18.9497937 22.8710382 16.8599665
 [31] 33.6631950 27.0514161 27.6779142 22.7760857 21.2594328 27.1966527
 [37] 22.0912030 14.6474784 11.4635201  9.1101883 18.2568508 30.8247287
 [43] 21.7441042 25.7430534 14.2688455 10.8704621 13.4212133 17.7439808
 [49] 13.1914847  3.5173125  7.0519846 13.7282035 26.8081185 14.7744573
 [55] 22.4255883 28.0872336 20.2888472 18.7733047 22.2694597 17.7007168
 [61] 15.3086587  4.9449776 11.0196637 10.7760352 11.5438641  9.9184568
 [67]  9.4134848  5.9937142 26.8428621 18.4638515 14.2351077 11.8777638
 [73] 13.5408622 13.2803865 11.8950082 13.4368220 10.7003331 21.2727366
 [79] 13.3144050  8.9586435 12.7838752  6.5234812 13.6512961  7.6808519
 [85]         NA 14.3006624 12.7251115 21.5600259  0.7097299 22.3047803
 [91] 12.0080179 23.9462805 21.2529563 14.2209113 12.5137174 19.3184391
 [97]  7.6506057  4.4045282         NA         NA  0.5682509 15.2109798
[103] 16.1562374 14.7838437 11.0144262 22.1391525         NA  6.6394848
[109]  6.2125314         NA         NA         NA 10.8655544 20.9363494
[115] 14.2336571 25.0374140 12.3958705         NA 13.9977111 14.1507269
[121] 14.6154895 13.7476412         NA 14.2756134 15.1335191 13.4538160
[127]         NA         NA         NA         NA 17.4254113 10.8577462
[133]         NA         NA  4.0631636         NA         NA  2.0763191
[139]  0.5074642  2.1125328  0.7968726  1.9812260  0.2780536         NA
[145]  1.5711065 11.2364831 12.5199947  9.8423300 21.4984731 18.2435751
[151] 13.3550945 19.4859954 11.8095092         NA         NA 16.2589182
[157] 13.4605740 11.7391941 13.1544688 13.0188569 12.8837635  9.9298625
[163]         NA 14.4140250 16.3429395         NA         NA  1.3873076
[169] 11.9234368         NA         NA         NA  7.8287178         NA
[175]  4.0499081         NA         NA         NA         NA         NA
[181]         NA         NA         NA  1.3658385         NA         NA
[187]         NA  4.9127442 12.4878038 13.3065040 16.6311589 11.8160281
[193] 14.3740159 13.4736017  5.7406993 21.6629811 12.5994394 17.5832980
[199]         NA  3.1889580         NA         NA 11.7344511 13.2110913
[205] 14.2799435 12.4704850         NA 14.7394277 14.0644833 11.7041368
[211] 10.5696231         NA         NA         NA  2.6573214         NA
[217]         NA  4.4495335  3.7304970         NA         NA         NA
[223]  0.7006744  1.4869348         NA         NA         NA         NA
[229]         NA  1.6319346         NA         NA         NA  0.7288632
[235]         NA  4.8145662 14.5345176  2.3239676 12.5472341 14.4742596
[241] 10.5829831 14.5067142         NA  1.4320478 11.1650631         NA
[247] 12.1808963  8.4851916         NA         NA  3.6402073  3.5040352
[253]  0.6574979  3.0912573         NA         NA         NA         NA
[259]         NA         NA  1.1657070         NA  3.4707755 14.0256501
[265] 16.2868739 12.9464473 10.6022758  1.6667926         NA 11.9162054
[271]         NA         NA         NA  1.6033377         NA  1.5432240
[277]         NA         NA         NA  3.9375088  8.2607338 11.8636992
[283]         NA         NA         NA  5.3478387  5.0132541         NA
[289]  5.4156121  3.9831670  2.7002964         NA  0.1238633         NA
[295]         NA         NA  7.8207715         NA         NA         NA
[301]         NA         NA  1.9190513  3.3520568  2.4496904         NA
[307]  1.2265437         NA  3.2877379         NA         NA         NA
[313]         NA         NA         NA  0.4597281         NA         NA
[319]  0.2584604         NA         NA         NA         NA         NA
[325]  2.8521819         NA         NA         NA  2.0915795         NA
[331]         NA         NA         NA         NA  1.2677825         NA

$TS
  [1] 48.65278807 48.51923892 46.57781962 45.95897297 45.64558912 36.89459711
  [7] 36.66582964 38.72443494 41.94461380 34.38961870 36.08095658 35.01084156
 [13] 30.12940354 29.86235349 29.55001952 28.38691155 26.77683100 25.85882595
 [19] 24.75919348 37.93092531 27.63052619 24.76028692 30.60084924 28.58408097
 [25] 24.28710601 32.57795932 21.50754282 23.70530014 25.61920873 24.18820675
 [31] 33.87275530 31.40539198 31.33038060 30.75142212 28.04628608 27.88534475
 [37] 26.69056030 24.49568775 19.86365216 14.49140702 20.46961573 31.59631233
 [43] 28.97624781 26.43856562 18.38677463 17.82539345 15.55867987 17.84496173
 [49] 17.34307960 23.02588097 21.79179997 18.74422323 27.51632313 29.83763308
 [55] 28.79540278 29.77874967 25.54801007 24.77947736 25.45207611 19.22269072
 [61] 15.79162902 12.79065072 14.22055629 12.83642222 12.81816894 12.36586513
 [67] 10.50643062  9.55152275 27.13666054 23.93204687 16.92018753 16.88854964
 [73] 15.67810685 13.71590322 12.64289009 13.88013114 15.79045451 22.47493874
 [79] 17.76352069 14.41252383 13.33828971  9.17065720 19.06623984  9.03139792
 [85]  8.06632201 17.79809492 14.41038094 28.63944664 24.04652342 28.19815140
 [91] 28.19725942 24.14549103 24.67157697 22.58701480 22.20097008 22.80707847
 [97]  8.72629332  7.26880326  6.40716239  6.32560841  5.89976483 21.58387121
[103] 16.53218070 15.38097128 13.80798477 22.45691695  9.92599341  9.26541664
[109]  7.42215119  8.06881843  5.16130543  1.99242642 14.68152340 27.55166186
[115] 26.33422030 25.37134760 13.20314846  9.06180443 25.89803499 18.91273396
[121] 22.01731639 19.89341572 17.95905568 20.21301676 18.51937215 19.45697273
[127]  5.40736792  5.86515199  1.89490722  0.73078827 18.50964659 17.40135815
[133] 11.20552034  9.61572954  6.09204698  7.21559409  7.27668308  5.31790535
[139]  2.38235562  2.21933468  1.42856251  4.80545479  3.13600223  1.89898314
[145] 12.81654205 11.40912619 22.55020107 22.34878596 25.48577673 22.79381677
[151] 20.23357957 19.74076135 12.94315008  7.97956964  7.84541536 18.69149011
[157] 15.17354903 15.57083190 17.24042872 17.06263454 15.14737482 14.60489477
[163]  3.60616074 18.40531738 17.98882323  3.89143076  4.79683170  4.47928215
[169] 12.60693982  7.67159332  7.54682257  2.88482103  9.35152441  8.83368095
[175]  4.18576549  5.53413298  4.65457668  5.97767318  2.67986157  7.04067726
[181]  4.94830771  3.20591769  2.38593562  7.51458509  6.82007497  6.27798377
[187]  4.37635466 11.26691162 20.36763109 18.59748684 21.66543353 20.69515759
[193] 15.73072753 14.62163028 12.04414237 25.17096480 18.72659597 20.07573815
[199]  2.42822082  5.97546648  1.55583860 12.11155439 13.18507165 13.31205907
[205] 14.39432677 12.98910603  9.99388455 17.13038815 15.81568194 15.57713236
[211] 14.89452607  2.92103723  2.67360474  1.12755578  4.25367355  5.46613505
[217]  5.29633920  7.11488123  3.88114588  0.61880557  8.46414204  5.10306903
[223]  3.44893906  6.14317341  3.41423387  1.53898951  0.56062373  6.26526859
[229]  3.63074226  2.97886845  1.99712068  0.84896044  5.84076735  2.51207265
[235]  6.40131131  5.61358008 14.59664993  9.77258089 24.65056267 15.91709506
[241] 14.46082827 18.93261092  2.22258190  4.77231784 11.49322732  6.23583142
[247] 12.65263729 13.77132684  1.99237967  0.81611834  3.76368283  3.63029767
[253]  3.77803398  5.11915995  2.79484914  3.04303842  5.10952715  5.31411858
[259]  0.23138892  0.82945776  9.15512818  8.84482886  4.63234411 18.98461760
[265] 17.62832588 13.60046790 14.55641464  2.17744163  0.80563880 12.76308782
[271] 11.58726016  9.69993245  3.55015897  3.96934134  0.39788147  8.60045068
[277]  1.52075089  7.41622781  5.38337185  4.97546976 14.07153660 12.95697837
[283]  5.67450821  8.63060983  8.33126910  7.28358037  7.10643779  0.12878553
[289]  6.98548576  6.52719830  3.51585654  2.68456695  0.87134257  6.08658570
[295]  3.60483004  4.76165362 10.55865575  3.47858984  2.19478439  5.53076287
[301]  2.48582343  0.76734194  6.75742362  6.75068706  5.25271621  5.60385325
[307]  6.43953316  5.96965881  4.54162276  3.11599926  0.45626007  3.39773805
[313]  1.03879994  0.11527380  8.49645018  1.77240470  6.52499174  3.28832984
[319]  4.99601726  2.87602600  4.83359721  5.20013020  2.26577594  4.89839733
[325]  3.91118247  2.33998317  4.55157066  1.35405394  3.21233087  2.98237657
[331]  3.69881168  0.86443258  1.17867185  1.15381925  2.88086339  0.04394382

$PAR
  [1]  NA   1   1   1   1   2   2   3   5   6   7   7   7   7   7   7   7   7
 [19]   7   9  10  10  11  11  11  12  14  15  17  19  20  20  20  20  20  20
 [37]  21  21  24  24  25  26  26  26  26  26  26  27  27  29  30  30  32  33
 [55]  33  34  34  34  35  38  39  39  40  40  40  40  40  40  43  43  46  46
 [73]  46  46  46  47  49  50  50  50  50  50  51  51  51  52  52  54  54  55
 [91]  55  55  57  57  57  58  62  62  62  62  62  70  71  73  76  78  80  80
[109]  82  84  85  85  86  88  88  88  89  89  91  91  93  94  94  95  95  96
[127] 100 101 101 101 102 102 105 107 107 108 109 110 110 110 110 111 111 111
[145] 113 113 114 114 115 115 115 115 117 118 118 119 120 121 122 122 122 122
[163] 123 124 125 127 128 128 132 133 133 133 134 134 134 135 135 136 136 137
[181] 137 138 138 145 145 145 145 146 147 147 148 148 148 148 148 149 150 151
[199] 154 155 155 158 159 160 161 162 162 164 164 164 164 167 167 167 168 170
[217] 170 171 171 171 173 178 178 180 180 180 183 184 184 185 185 185 186 186
[235] 188 188 192 195 196 197 197 198 199 200 202 202 206 210 212 212 215 216
[253] 221 224 224 225 228 233 233 235 238 238 238 239 239 239 242 243 243 248
[271] 248 248 252 257 258 261 261 262 262 262 267 267 271 272 272 272 272 273
[289] 276 276 276 276 277 278 279 280 281 283 283 284 284 284 285 285 285 289
[307] 290 290 290 294 295 296 296 296 297 301 303 303 305 305 306 307 310 317
[325] 317 317 322 322 324 325 327 327 328 328 329 330

$EXTANT
  [1] FALSE FALSE FALSE FALSE FALSE FALSE FALSE FALSE FALSE FALSE FALSE FALSE
 [13] FALSE FALSE FALSE FALSE FALSE FALSE FALSE FALSE FALSE FALSE FALSE FALSE
 [25] FALSE FALSE FALSE FALSE FALSE FALSE FALSE FALSE FALSE FALSE FALSE FALSE
 [37] FALSE FALSE FALSE FALSE FALSE FALSE FALSE FALSE FALSE FALSE FALSE FALSE
 [49] FALSE FALSE FALSE FALSE FALSE FALSE FALSE FALSE FALSE FALSE FALSE FALSE
 [61] FALSE FALSE FALSE FALSE FALSE FALSE FALSE FALSE FALSE FALSE FALSE FALSE
 [73] FALSE FALSE FALSE FALSE FALSE FALSE FALSE FALSE FALSE FALSE FALSE FALSE
 [85]  TRUE FALSE FALSE FALSE FALSE FALSE FALSE FALSE FALSE FALSE FALSE FALSE
 [97] FALSE FALSE  TRUE  TRUE FALSE FALSE FALSE FALSE FALSE FALSE  TRUE FALSE
[109] FALSE  TRUE  TRUE  TRUE FALSE FALSE FALSE FALSE FALSE  TRUE FALSE FALSE
[121] FALSE FALSE  TRUE FALSE FALSE FALSE  TRUE  TRUE  TRUE  TRUE FALSE FALSE
[133]  TRUE  TRUE FALSE  TRUE  TRUE FALSE FALSE FALSE FALSE FALSE FALSE  TRUE
[145] FALSE FALSE FALSE FALSE FALSE FALSE FALSE FALSE FALSE  TRUE  TRUE FALSE
[157] FALSE FALSE FALSE FALSE FALSE FALSE  TRUE FALSE FALSE  TRUE  TRUE FALSE
[169] FALSE  TRUE  TRUE  TRUE FALSE  TRUE FALSE  TRUE  TRUE  TRUE  TRUE  TRUE
[181]  TRUE  TRUE  TRUE FALSE  TRUE  TRUE  TRUE FALSE FALSE FALSE FALSE FALSE
[193] FALSE FALSE FALSE FALSE FALSE FALSE  TRUE FALSE  TRUE  TRUE FALSE FALSE
[205] FALSE FALSE  TRUE FALSE FALSE FALSE FALSE  TRUE  TRUE  TRUE FALSE  TRUE
[217]  TRUE FALSE FALSE  TRUE  TRUE  TRUE FALSE FALSE  TRUE  TRUE  TRUE  TRUE
[229]  TRUE FALSE  TRUE  TRUE  TRUE FALSE  TRUE FALSE FALSE FALSE FALSE FALSE
[241] FALSE FALSE  TRUE FALSE FALSE  TRUE FALSE FALSE  TRUE  TRUE FALSE FALSE
[253] FALSE FALSE  TRUE  TRUE  TRUE  TRUE  TRUE  TRUE FALSE  TRUE FALSE FALSE
[265] FALSE FALSE FALSE FALSE  TRUE FALSE  TRUE  TRUE  TRUE FALSE  TRUE FALSE
[277]  TRUE  TRUE  TRUE FALSE FALSE FALSE  TRUE  TRUE  TRUE FALSE FALSE  TRUE
[289] FALSE FALSE FALSE  TRUE FALSE  TRUE  TRUE  TRUE FALSE  TRUE  TRUE  TRUE
[301]  TRUE  TRUE FALSE FALSE FALSE  TRUE FALSE  TRUE FALSE  TRUE  TRUE  TRUE
[313]  TRUE  TRUE  TRUE FALSE  TRUE  TRUE FALSE  TRUE  TRUE  TRUE  TRUE  TRUE
[325] FALSE  TRUE  TRUE  TRUE FALSE  TRUE  TRUE  TRUE  TRUE  TRUE FALSE  TRUE

