
Birth-death simulation object with 247 species and 90 extant species

Details for some species:

Extinction times (NA means extant)
[1] 27.65903 45.00806 44.79640 34.42167 28.44972 29.79691


Speciation times 
[1] 48.65279 45.77473 45.49770 45.06515 40.53197 36.42738


Species parents (NA for initial)
[1] NA  1  1  1  1  1


Species status (extinct or extant)
[1] "extinct" "extinct" "extinct" "extinct" "extinct" "extinct"


For more details on vector y, try sim$y, with y one of
TE TS PAR EXTANT



$TE
  [1] 2.765903e+01 4.500806e+01 4.479640e+01 3.442167e+01 2.844972e+01
  [6] 2.979691e+01 1.467711e+01 3.560053e+01 2.471939e+01 3.004098e+01
 [11] 2.696377e+01 2.275314e+01 9.990878e+00 1.423641e+01 1.449055e+01
 [16] 1.421818e+01 1.390844e+01 2.791171e+01 1.360010e+01 1.403429e+01
 [21] 1.709375e+01 1.598243e+01           NA 3.315247e+01 2.924947e+01
 [26] 1.972649e+01 2.483210e+01 1.500371e+01 1.387233e+01 1.102903e+01
 [31] 2.974221e+01 2.475570e+01 3.162315e+01 2.632079e+01 2.253842e+01
 [36] 1.460477e+01 1.507460e+01 2.386340e+01 1.450471e+01 1.290138e+01
 [41] 1.822233e+01           NA 8.140789e+00 4.667339e+00 5.798465e+00
 [46]           NA 1.265709e+01 2.584722e+01 1.154192e+01 1.219142e+01
 [51] 1.852718e+01 2.790577e+01 1.383468e+01 1.473202e+01 1.532781e+01
 [56] 1.422906e+01 1.155499e+01 1.828738e+01 1.518388e+01           NA
 [61] 1.132286e+01 1.407476e+01 1.332254e+01           NA           NA
 [66]           NA 9.047992e+00 5.559111e+00 5.777694e+00 5.226651e+00
 [71] 4.197089e+00 5.862470e+00 2.991725e-01 3.565716e+00           NA
 [76] 2.153572e+01 1.621761e+01 1.383507e+01 1.041410e+01 1.096980e+01
 [81] 1.419729e+01           NA 1.417403e+01 1.599512e+01 1.318014e+01
 [86] 1.416186e+01 1.275274e+01 1.444523e+01 1.473087e+01 1.058232e+01
 [91]           NA 2.548013e+00           NA 1.422052e+01           NA
 [96] 3.655434e-04 8.221369e+00           NA 2.070539e+00           NA
[101] 5.509206e+00           NA           NA 1.680903e+00           NA
[106]           NA 4.335745e-01           NA 1.859448e+01 1.337271e+01
[111] 1.443824e+01 1.617954e+00 1.564632e+01 1.207679e+01           NA
[116] 2.006359e+01 1.335100e+01 1.716059e+01 1.469575e+01 1.325550e+01
[121] 5.838601e+00 1.298691e+01 1.307277e+01 1.280899e+01 1.430546e+01
[126] 1.126408e+01 4.649551e+00 4.947192e-01           NA 4.407063e-01
[131]           NA           NA           NA 1.402130e+01 1.336655e+01
[136] 3.172342e+00 1.173017e+01 4.376080e+00 7.837315e+00 4.502088e+00
[141]           NA 6.826166e+00 1.773917e+00 4.669349e-01 2.862323e-01
[146] 6.680664e+00 3.446305e+00 1.377202e+01 1.143146e+01 2.752916e+00
[151]           NA           NA           NA 1.179982e+01 1.117618e+01
[156] 3.062049e-01           NA           NA           NA           NA
[161] 3.000254e+00 1.588519e+00           NA           NA           NA
[166]           NA           NA           NA           NA 4.695261e+00
[171]           NA           NA           NA           NA           NA
[176]           NA 5.495882e-02           NA           NA 1.863396e+00
[181]           NA           NA           NA           NA           NA
[186] 5.343735e+00 3.093910e+00 3.378992e+00           NA           NA
[191]           NA           NA           NA           NA           NA
[196] 5.595710e+00 4.528008e+00           NA           NA 5.640983e+00
[201] 3.910985e+00           NA 2.730817e+00 1.198309e+00           NA
[206]           NA 2.041165e+00           NA           NA 6.747010e-01
[211]           NA 1.073724e-01           NA           NA           NA
[216]           NA           NA           NA 7.832094e+00 4.598542e+00
[221] 4.660725e+00           NA 3.729706e+00           NA 2.425364e+00
[226]           NA           NA           NA           NA           NA
[231]           NA 1.773198e+00           NA           NA 9.768001e-01
[236]           NA 8.864662e-01           NA           NA           NA
[241]           NA           NA 1.242027e+00           NA 2.571714e-03
[246] 6.218072e+00 2.203484e+00

$TS
  [1] 48.6527881 45.7747343 45.4977050 45.0651452 40.5319697 36.4273816
  [7] 31.6748331 40.3616427 35.8408094 30.9593536 28.0079893 27.0215085
 [13] 23.0932036 16.3081992 15.3194627 35.6963067 35.2767074 33.2893778
 [19] 32.5810959 25.0001473 26.8421799 16.6285856 12.2346721 33.4843160
 [25] 31.3944885 27.8910989 26.6983115 17.6482286 14.5569100 14.1755879
 [31] 32.4474341 28.7838744 32.2860897 30.2536912 23.8439518 20.3969655
 [37] 19.2964051 24.3175694 23.1385418 20.7185034 19.9533884 18.4180272
 [43] 11.2645983  9.6274105  8.9997510  5.7508506 29.3981127 26.8771708
 [49] 22.5346886 16.3510916 29.7568896 29.4813722 18.9665335 15.0930716
 [55] 22.6473155 18.2198445 20.2064697 20.0682262 17.0917672 13.7697207
 [61] 12.9474176 18.8904709 16.3776649  7.5365287  5.1286452  1.3465714
 [67]  9.1075564  7.8934515  7.6852550  8.3081963  6.5773155  6.5079429
 [73]  6.0413838  3.8811109  0.3652963 24.8463322 20.5679720 17.9890489
 [79] 17.5007651 16.4712170 15.2133398 15.5554185 23.3562946 18.6645258
 [85] 16.3101596 20.8559001 16.7428464 16.7170771 15.4995567 13.4236849
 [91]  5.0420429  4.8239713  3.7751989 16.1793853  6.9611020  0.8304792
 [97]  9.0841480  5.9896594  6.3137089  5.2899360  5.8712405  5.8420523
[103]  4.9353894  3.8052087  2.1880511  1.2319622  0.5661813  0.5017034
[109] 18.6657763 18.3176394 16.4423637 17.1409070 16.3821982 14.4451072
[115]  2.5434796 20.6417595 17.8722496 17.2920208 16.4700670 14.0979182
[121] 13.6441728 19.1081078 18.1921830 17.9658223 14.8784175 11.7891152
[127] 10.6133116  3.0986247  1.1556777  3.1887059  4.1455415  2.4594037
[133]  0.1704777 17.1866158 16.0356085 14.0489874 12.5063302 10.2676448
[139]  9.0029543  8.8195077  7.2469604  7.0176534  5.9132166  5.8321696
[145]  4.9812148  7.6835499  6.3842717 18.6065259 14.2800293  6.0829150
[151]  4.0838606  3.0323059  1.3511584 14.5141300 12.6827120  6.3003186
[157]  5.7742252  4.8363168  8.5641412  8.4359778  5.0178849  6.4016703
[163]  5.7928131  4.3308358  7.1244957  4.5515201  4.0640241  2.0118527
[169] 12.3243124  5.6528679  4.9792200  1.6344008  5.6315763  3.4983095
[175]  2.5989576  4.3364504  2.2261442  6.7507446  5.7360825  4.8384145
[181]  3.4213134  1.2656940  5.0865277  4.8759522  3.2131033  6.3088052
[187]  6.2887641  5.1395540  3.3141614  2.0304833  1.1718720  6.1354008
[193]  4.8016381  2.3709801  1.5769457 10.9180927  8.0228282  7.3029202
[199]  7.2069302  6.0434448  5.2679322  3.5381106  3.3035042  1.6072365
[205]  1.6458939  5.1507098  4.0353709  3.0932604  1.0230145  4.6029123
[211]  4.1207581  1.3040878  1.0764002  1.0299124  3.6888442  3.1097817
[217]  0.9956690  0.3491141  8.3508569  6.2297991  6.0653500  5.7698884
[223]  5.2921480  2.6833527  3.7926858  1.7948462  0.9045537  1.4114941
[229]  3.4053746  3.1108200  3.6389252  1.9710248  3.4807106  3.1425981
[235]  8.3357332  0.4272150  5.0283907  1.0469363  0.6928476  3.2627847
[241]  1.7107237  1.0406118  7.6730234  5.0245122  0.3451337  7.5815191
[247]  4.2500347

$PAR
  [1]  NA   1   1   1   1   1   1   5   6   6   7   7   7   7   7   9   9   9
 [19]   9   9  12  13  13  16  16  16  17  17  17  17  18  18  19  19  19  19
 [37]  19  20  20  21  21  21  23  23  23  23  25  26  26  28  31  34  36  36
 [55]  39  39  40  40  40  40  40  41  42  42  42  42  43  44  44  45  45  45
 [73]  45  46  46  47  47  47  47  47  47  49  51  53  53  55  57  57  57  60
 [91]  60  60  60  63  64  65  67  68  70  70  71  71  71  73  73  73  73  73
[109]  77  77  78  79  80  81  82  83  83  83  84  85  85  86  86  86  86  90
[127]  90  93  95  99 100 100 102 110 111 112 112 112 112 112 112 112 112 112
[145] 112 121 121 122 122 127 131 131 131 134 136 136 138 138 139 139 140 141
[163] 143 143 146 150 150 152 154 156 156 156 157 157 157 158 158 159 159 159
[181] 159 159 160 160 160 162 162 163 164 164 164 165 165 166 168 169 169 169
[199] 169 169 169 171 171 171 175 179 179 180 183 184 184 184 184 189 192 193
[217] 193 194 196 197 197 198 198 198 199 202 202 205 206 207 210 210 211 211
[235] 219 222 223 228 228 231 231 233 235 237 238 243 244

$EXTANT
  [1] FALSE FALSE FALSE FALSE FALSE FALSE FALSE FALSE FALSE FALSE FALSE FALSE
 [13] FALSE FALSE FALSE FALSE FALSE FALSE FALSE FALSE FALSE FALSE  TRUE FALSE
 [25] FALSE FALSE FALSE FALSE FALSE FALSE FALSE FALSE FALSE FALSE FALSE FALSE
 [37] FALSE FALSE FALSE FALSE FALSE  TRUE FALSE FALSE FALSE  TRUE FALSE FALSE
 [49] FALSE FALSE FALSE FALSE FALSE FALSE FALSE FALSE FALSE FALSE FALSE  TRUE
 [61] FALSE FALSE FALSE  TRUE  TRUE  TRUE FALSE FALSE FALSE FALSE FALSE FALSE
 [73] FALSE FALSE  TRUE FALSE FALSE FALSE FALSE FALSE FALSE  TRUE FALSE FALSE
 [85] FALSE FALSE FALSE FALSE FALSE FALSE  TRUE FALSE  TRUE FALSE  TRUE FALSE
 [97] FALSE  TRUE FALSE  TRUE FALSE  TRUE  TRUE FALSE  TRUE  TRUE FALSE  TRUE
[109] FALSE FALSE FALSE FALSE FALSE FALSE  TRUE FALSE FALSE FALSE FALSE FALSE
[121] FALSE FALSE FALSE FALSE FALSE FALSE FALSE FALSE  TRUE FALSE  TRUE  TRUE
[133]  TRUE FALSE FALSE FALSE FALSE FALSE FALSE FALSE  TRUE FALSE FALSE FALSE
[145] FALSE FALSE FALSE FALSE FALSE FALSE  TRUE  TRUE  TRUE FALSE FALSE FALSE
[157]  TRUE  TRUE  TRUE  TRUE FALSE FALSE  TRUE  TRUE  TRUE  TRUE  TRUE  TRUE
[169]  TRUE FALSE  TRUE  TRUE  TRUE  TRUE  TRUE  TRUE FALSE  TRUE  TRUE FALSE
[181]  TRUE  TRUE  TRUE  TRUE  TRUE FALSE FALSE FALSE  TRUE  TRUE  TRUE  TRUE
[193]  TRUE  TRUE  TRUE FALSE FALSE  TRUE  TRUE FALSE FALSE  TRUE FALSE FALSE
[205]  TRUE  TRUE FALSE  TRUE  TRUE FALSE  TRUE FALSE  TRUE  TRUE  TRUE  TRUE
[217]  TRUE  TRUE FALSE FALSE FALSE  TRUE FALSE  TRUE FALSE  TRUE  TRUE  TRUE
[229]  TRUE  TRUE  TRUE FALSE  TRUE  TRUE FALSE  TRUE FALSE  TRUE  TRUE  TRUE
[241]  TRUE  TRUE FALSE  TRUE FALSE FALSE FALSE

