
Birth-death simulation object with 219 species and 63 extant species

Details for some species:

Extinction times (NA means extant)
[1] 45.43477 39.08553 45.70322 25.14991 41.67493 36.75564


Speciation times 
[1] 48.65279 47.78951 46.14985 44.39368 42.19049 38.57262


Species parents (NA for initial)
[1] NA  1  2  2  2  4


Species status (extinct or extant)
[1] "extinct" "extinct" "extinct" "extinct" "extinct" "extinct"


For more details on vector y, try sim$y, with y one of
TE TS PAR EXTANT



$TE
  [1] 45.4347691 39.0855332 45.7032246 25.1499051 41.6749279 36.7556373
  [7]  7.1374133 30.2398178 14.2541274 18.4037284 17.6265150 28.4208719
 [13] 28.1883401 14.4412789 16.2875792 18.9092297 16.3221800 15.8764472
 [19] 12.9178469         NA 22.1941082 20.0115012 10.8170739 20.8333876
 [25] 11.6865475 33.8185260 18.1359898 22.8377820 22.4507987 24.3427524
 [31] 13.1183547 14.5226377 12.3597925 12.3037087 20.0589306 13.4669407
 [37]  1.0861928  4.3349431         NA         NA 13.3572932 13.2195459
 [43] 11.5196581 10.3903853 12.3304783 18.9675179 16.8079999 23.9325519
 [49] 13.5992430 15.7111464 15.6475076 12.7591697 14.3500176 19.7686176
 [55]  9.0798296         NA         NA         NA         NA         NA
 [61]         NA 16.4388687 14.4954359 15.5591250 27.6881819 28.8703627
 [67] 28.9885316 16.4027189 14.8333621 12.8775517  7.4308286 11.2736092
 [73] 16.0420334 14.7062727 13.8491524 12.3080028  4.9379450         NA
 [79]         NA 18.3782162 19.8384782 20.8606485 14.5980828  4.1151671
 [85] 22.2173198 15.7288430         NA 14.4830401 12.9637240  9.9946214
 [91] 11.8855558  6.0968400         NA 17.3780965 16.9994420 25.0699088
 [97] 17.4002433  9.3350325 16.3327391  6.6959806 17.3697169 14.7920094
[103] 12.4866855         NA         NA  4.7014710 12.9874993 13.7961449
[109]  2.9965162  0.1099688  2.4769617         NA  5.9133537  1.4432706
[115]  2.5835877         NA         NA 14.7163505 12.1381148 16.6406053
[121] 16.4101618 16.2592700 12.4329708 11.4289855  3.0726810  5.8747044
[127]  3.5025881         NA         NA         NA         NA         NA
[133] 14.0235069 13.9350413         NA         NA         NA 13.9661694
[139] 13.6497900 13.4146983 12.5756639 14.2738552 13.1974146         NA
[145]         NA         NA         NA  3.4803418         NA         NA
[151]  4.7046031  2.8998204  1.8511200         NA 15.3363724 13.2463212
[157]         NA 13.0646164 13.3322255 13.3068459 14.2800864 12.5285793
[163] 12.3303901  3.0080024         NA  4.6996588  0.4063126         NA
[169]         NA         NA         NA         NA         NA 11.9865649
[175] 14.7000103 13.4752125 13.6306369  5.4169474  4.9819990  2.7629157
[181]  0.8332988         NA         NA         NA         NA         NA
[187] 10.9138973 13.9306118  5.9387503  1.0692547  4.4804309         NA
[193]  5.5874923         NA         NA         NA  1.0727996         NA
[199]  4.9228924         NA         NA  3.0558307  1.1166267  6.4342925
[205]  3.2268807         NA         NA  2.6425991  4.5918083  0.9945717
[211]         NA         NA         NA         NA         NA         NA
[217]  1.9454280         NA         NA

$TS
  [1] 48.65278807 47.78950596 46.14985280 44.39368272 42.19048632 38.57261869
  [7] 32.53420282 30.64758917 27.88126615 26.59944121 42.04865411 30.79273275
 [13] 29.17563335 28.94871809 24.60893039 19.28200696 19.02055233 16.45840028
 [19] 15.43513291  8.95310264 24.00423682 20.80807224 19.44620591 24.27452770
 [25] 22.07597202 35.58746047 18.79352087 26.98358193 26.98210180 25.80286541
 [31] 19.92141600 19.68388041 19.33471768 15.51730651 22.99290971 16.94240736
 [37]  8.80002734  5.75359682  5.66370347  5.52844403 18.75031929 17.23514108
 [43] 13.67525365 13.53306064 15.36844561 34.05587777 18.49177735 25.01171032
 [49] 18.37305231 16.75836739 16.60209187 15.08687515 14.38820589 21.52125237
 [55] 14.26192314  1.99296949  4.62281800  3.04000105  2.48505087  3.38769362
 [61]  1.57658596 17.84893002 17.08119778 16.64564780 33.41821794 33.15370214
 [67] 32.46835681 25.68342402 24.28399124 18.10204543 16.45012093 13.78307128
 [73] 16.17264925 14.94956668 14.16510078 12.35864512  9.27389736  0.04557259
 [79]  0.72498273 27.77383639 29.46848332 29.40984181 21.14783627 20.75437902
 [85] 23.08096776 21.54139449 20.20769999 16.03773462 13.59817524 12.62557258
 [91] 12.21682791  6.53950129  5.58482699 20.94981280 20.32163814 25.64293247
 [97] 20.63317991 20.53603413 17.61272938 17.21441781 18.21167260 17.14868198
[103] 15.90954896  9.50561951  6.17988223  5.58066191 19.32840020 16.13775752
[109]  8.26372897  5.15905169  3.95351709  2.49340100 10.50658449  5.48913574
[115]  4.21415923  3.61680205  2.64925747 18.76006194 19.89526542 18.85498853
[121] 18.56632124 16.97813196 17.92967559 15.21322655  7.69582569  7.48858695
[127]  5.95174173  4.79336039  1.37774280  6.04621145  2.87064409  4.93576482
[133] 17.33544030 15.84541289  3.27732142  0.83995292  1.22230245 18.71704644
[139] 17.57729885 17.33176621 16.88561070 15.99333280 14.32096272  7.17852430
[145]  6.87770410  5.71122086  5.63646938  5.69533894  3.06604393  2.52541401
[151]  4.98573165  4.11409904  3.32361626  0.38457359 16.52539607 14.14037550
[157]  0.77276560 15.52145288 15.35253831 15.04462403 16.81128779 15.82413820
[163] 15.43954551 13.68940039  1.41890217  4.77223938  1.75485955  0.75641344
[169]  4.96688521  4.89124498  4.79804442  3.88770633  3.39658085 14.02705733
[175] 15.46574945 14.26054428 13.95060287 10.57725472  7.75313814  5.83002298
[181]  1.42536535  4.76823207  2.93678880  1.34974897  1.15251388  1.02652708
[187] 15.12701653 15.03210668  9.44723348  8.02072225  5.78360738  7.67340428
[193]  5.84674550  4.53735509  0.93681543  2.59147508  1.49704748 13.05282721
[199]  8.00422430  4.51521153  5.03378656  4.88264773  4.69340648  6.57172279
[205]  5.01519475  3.77928129  2.86822570  5.17260528  4.97995950  4.87531747
[211]  6.73765186  3.72620350  2.67045917  1.97668101  1.73450438  0.55799571
[217]  4.20952076  1.94405178  1.81991947

$PAR
  [1]  NA   1   2   2   2   4   4   4   4   4   5   7   7   7   7   7   7   7
 [19]   7   7   9   9   9  10  10  11  11  14  14  14  14  14  14  14  15  15
 [37]  20  20  20  20  23  23  23  23  25  26  27  30  31  31  31  31  31  35
 [55]  36  37  38  39  39  40  40  41  41  41  46  46  46  46  48  49  49  49
 [73]  51  52  52  55  55  57  59  65  67  67  68  68  69  69  69  69  70  72
 [91]  72  77  77  80  80  82  83  83  83  83  84  84  84  84  84  84  86  86
[109]  87  87  87  87  90  93  93  93  93  94  95  98  98 100 101 103 104 104
[127] 104 104 104 105 105 106 107 107 111 112 117 119 119 121 121 123 123 125
[145] 125 125 125 127 128 128 130 130 132 132 133 134 136 138 138 138 140 141
[163] 141 143 144 146 146 146 147 147 148 148 152 159 162 162 163 164 164 164
[181] 167 170 172 172 172 172 175 175 178 178 178 179 179 180 181 182 182 187
[199] 189 190 191 191 191 192 192 192 194 198 198 198 199 202 203 206 206 207
[217] 208 210 210

$EXTANT
  [1] FALSE FALSE FALSE FALSE FALSE FALSE FALSE FALSE FALSE FALSE FALSE FALSE
 [13] FALSE FALSE FALSE FALSE FALSE FALSE FALSE  TRUE FALSE FALSE FALSE FALSE
 [25] FALSE FALSE FALSE FALSE FALSE FALSE FALSE FALSE FALSE FALSE FALSE FALSE
 [37] FALSE FALSE  TRUE  TRUE FALSE FALSE FALSE FALSE FALSE FALSE FALSE FALSE
 [49] FALSE FALSE FALSE FALSE FALSE FALSE FALSE  TRUE  TRUE  TRUE  TRUE  TRUE
 [61]  TRUE FALSE FALSE FALSE FALSE FALSE FALSE FALSE FALSE FALSE FALSE FALSE
 [73] FALSE FALSE FALSE FALSE FALSE  TRUE  TRUE FALSE FALSE FALSE FALSE FALSE
 [85] FALSE FALSE  TRUE FALSE FALSE FALSE FALSE FALSE  TRUE FALSE FALSE FALSE
 [97] FALSE FALSE FALSE FALSE FALSE FALSE FALSE  TRUE  TRUE FALSE FALSE FALSE
[109] FALSE FALSE FALSE  TRUE FALSE FALSE FALSE  TRUE  TRUE FALSE FALSE FALSE
[121] FALSE FALSE FALSE FALSE FALSE FALSE FALSE  TRUE  TRUE  TRUE  TRUE  TRUE
[133] FALSE FALSE  TRUE  TRUE  TRUE FALSE FALSE FALSE FALSE FALSE FALSE  TRUE
[145]  TRUE  TRUE  TRUE FALSE  TRUE  TRUE FALSE FALSE FALSE  TRUE FALSE FALSE
[157]  TRUE FALSE FALSE FALSE FALSE FALSE FALSE FALSE  TRUE FALSE FALSE  TRUE
[169]  TRUE  TRUE  TRUE  TRUE  TRUE FALSE FALSE FALSE FALSE FALSE FALSE FALSE
[181] FALSE  TRUE  TRUE  TRUE  TRUE  TRUE FALSE FALSE FALSE FALSE FALSE  TRUE
[193] FALSE  TRUE  TRUE  TRUE FALSE  TRUE FALSE  TRUE  TRUE FALSE FALSE FALSE
[205] FALSE  TRUE  TRUE FALSE FALSE FALSE  TRUE  TRUE  TRUE  TRUE  TRUE  TRUE
[217] FALSE  TRUE  TRUE

