
Birth-death simulation object with 91 species and 14 extant species

Details for some species:

Extinction times (NA means extant)
[1] 47.41756 31.67911 37.44710 20.64672 32.89875 33.17068


Speciation times 
[1] 48.65279 48.14559 43.50529 41.90603 40.08416 37.37599


Species parents (NA for initial)
[1] NA  1  2  2  2  2


Species status (extinct or extant)
[1] "extinct" "extinct" "extinct" "extinct" "extinct" "extinct"


For more details on vector y, try sim$y, with y one of
TE TS PAR EXTANT



$TE
 [1] 47.4175566 31.6791093 37.4470975 20.6467223 32.8987480 33.1706823
 [7] 32.5433678 26.3861245 36.0426012 33.5060146 38.8141703 38.8973277
[13] 24.8548732 26.0039868 23.1688973 11.9308647 14.2189697 35.6999968
[19] 31.0144247 31.5561300 31.0160207 34.1094646 21.5229536 40.6104624
[25] 30.9006047 26.2034324 20.3983950 11.8015681 22.9351078 32.1937186
[31] 24.1335925 27.6832982 12.6900987 14.4372401 22.1504963 23.0014981
[37] 23.8487669 13.0114711  8.1853339 18.5387306 14.6311165 20.7415209
[43] 18.5009030 16.1296582 11.8390361 15.3740469 11.1382595 14.0689341
[49] 10.3059174 24.1729791 20.4797603 11.9440694 11.3986209 14.5410822
[55] 13.6928009 13.2475675 13.8877408 10.8305004 11.4720179 14.1232074
[61] 10.1104845 14.5324862 10.6835171 14.0748187 12.6678888 13.3143535
[67]  1.6522702 14.4592922         NA         NA         NA  5.6946503
[73]  3.1561139  0.3066527         NA         NA         NA         NA
[79]  5.3179992  3.2315075  1.1066525  1.7534011         NA  3.9047065
[85]         NA         NA  1.3514799         NA         NA         NA
[91]         NA

$TS
 [1] 48.6527881 48.1455885 43.5052948 41.9060344 40.0841609 37.3759867
 [7] 34.6508769 33.4380594 43.1638238 43.1559011 39.8365582 39.1953839
[13] 34.3682845 30.7280208 29.5180690 26.3323052 21.2133006 36.7947442
[19] 34.0839305 32.9509512 34.3194421 34.5447513 27.5219075 42.8963635
[25] 39.5840247 26.2984055 21.3190310 21.0819906 35.7402558 32.2497259
[31] 31.1146009 31.8939426 13.9295772 30.7298067 29.4343340 29.1831308
[37] 27.9600997 25.7510386 25.1383712 26.4597776 25.4157889 22.6224075
[43] 20.7461584 16.5267938 16.3052374 22.3260168 22.0740096 21.8985380
[49] 10.4309604 26.2990846 23.0842342 22.1398324 18.3562171 16.1206043
[55] 19.1151592 16.2523895 15.0827236 13.3049829 13.2140691 16.3455957
[61] 11.4382092 20.5116622 14.6128937 15.1711208 19.2097754 15.8556186
[67] 12.8013247 14.9490177  9.0456974  2.8456908  2.2096921  8.2762564
[73]  7.7350223  6.5959783  4.9166396  4.9160488  0.1651613  7.0418620
[79]  6.4885857  6.3698009  6.4656383  4.8644757  3.2604445  6.4190776
[85]  3.5669241  2.7797616  1.9771553  0.6441624  5.4950173  4.5349076
[91]  2.4076636

$PAR
 [1] NA  1  2  2  2  2  2  2  3  3  3  4  4  4  4  4  4  5  5  5  6  7  8 10 10
[26] 16 16 17 18 21 21 25 28 31 31 31 31 34 34 37 38 38 38 38 38 39 39 39 39 40
[51] 41 41 41 41 43 44 45 45 45 46 47 52 53 60 62 62 63 66 67 67 67 69 69 69 69
[76] 69 69 72 72 72 73 74 80 81 81 81 82 83 84 84 89

$EXTANT
 [1] FALSE FALSE FALSE FALSE FALSE FALSE FALSE FALSE FALSE FALSE FALSE FALSE
[13] FALSE FALSE FALSE FALSE FALSE FALSE FALSE FALSE FALSE FALSE FALSE FALSE
[25] FALSE FALSE FALSE FALSE FALSE FALSE FALSE FALSE FALSE FALSE FALSE FALSE
[37] FALSE FALSE FALSE FALSE FALSE FALSE FALSE FALSE FALSE FALSE FALSE FALSE
[49] FALSE FALSE FALSE FALSE FALSE FALSE FALSE FALSE FALSE FALSE FALSE FALSE
[61] FALSE FALSE FALSE FALSE FALSE FALSE FALSE FALSE  TRUE  TRUE  TRUE FALSE
[73] FALSE FALSE  TRUE  TRUE  TRUE  TRUE FALSE FALSE FALSE FALSE  TRUE FALSE
[85]  TRUE  TRUE FALSE  TRUE  TRUE  TRUE  TRUE

