
Birth-death simulation object with 174 species and 72 extant species

Details for some species:

Extinction times (NA means extant)
[1] 47.71309 29.35054 34.28885 33.55531 32.82696 39.67503


Speciation times 
[1] 49.26651 49.05838 47.98443 38.91656 33.15629 44.06775


Species parents (NA for initial)
[1] NA  1  2  2  2  3


Species status (extinct or extant)
[1] "extinct" "extinct" "extinct" "extinct" "extinct" "extinct"


For more details on vector y, try sim$y, with y one of
TE TS PAR EXTANT



$TE
  [1] 47.7130910 29.3505366 34.2888486 33.5553111 32.8269617 39.6750325
  [7] 40.2953800 26.8057410 14.0327959 27.4819853 18.2843701 14.4160813
 [13]  0.6444827 19.9693651 16.1828866 14.5140821 16.7939782 23.9370178
 [19]  8.8063317 27.1410913 21.7265965 22.1051262 14.3070372 11.9301181
 [25] 17.7561446 13.1463299  3.7079941         NA 15.0834722 13.9632794
 [31] 13.4015076 15.1513574         NA 10.8507384 17.8141794 13.3400249
 [37] 12.9384763 14.0869418  4.1691626 14.0073179 12.4722661 11.0985880
 [43]  7.3327268  0.5962917 13.4078388 13.2999071 14.2496472 13.6071942
 [49] 12.9833110 18.0907064 21.0255660 18.8984154 15.8781743  4.5268202
 [55] 15.2608332  4.5160127         NA         NA 18.0240646 11.0977267
 [61]         NA  7.7213645         NA  5.9397259  0.5939875         NA
 [67]         NA         NA 15.1613143 17.3062849 13.1682585 17.7721130
 [73] 15.3243346 14.5198134 15.1142085  8.6729547  8.5498324  4.5472038
 [79] 14.1500335  5.9822066  5.8680964         NA         NA         NA
 [85] 16.1355014 11.8745459 16.8886193  2.8893623  1.6087669         NA
 [91]         NA  4.0106453  0.5295219         NA         NA 15.1674604
 [97] 13.4351730         NA  3.1869825         NA  3.8130897         NA
[103]         NA         NA         NA  5.3057165         NA  1.0509324
[109]         NA  0.2362328         NA         NA 11.9741003         NA
[115]  1.5278053         NA         NA         NA         NA  2.1864499
[121]  2.4722391  0.1967752         NA  0.2658926  6.4287447  5.8659078
[127]  2.6835032  5.1617558         NA         NA         NA         NA
[133]         NA         NA         NA         NA         NA         NA
[139]         NA         NA  4.2285199         NA         NA         NA
[145]         NA         NA  1.3708014         NA         NA         NA
[151]         NA         NA         NA         NA         NA         NA
[157]         NA         NA  1.9849448  0.8147074         NA         NA
[163]         NA         NA         NA         NA  1.3549883  2.0291173
[169]         NA         NA         NA         NA         NA         NA

$TS
  [1] 49.26651148 49.05837724 47.98442904 38.91656287 33.15628519 44.06775405
  [7] 41.03299298 36.70096416 35.67899201 40.92312430 32.25147279 28.59380125
 [13] 26.68060875 21.79155328 20.22572043 16.71165034 30.65079671 28.37766256
 [19] 29.93468450 28.64164792 25.16343475 25.15307376 20.08977097 21.10982074
 [25] 19.79716454 18.08495283  8.85750838  4.90969880 21.39114402 16.60676471
 [31] 26.80834994 21.09757137 26.62439320 25.83219237 24.44100816 16.54171511
 [37] 14.52035157 17.29068644 18.98934269 15.08418904 12.63676312 12.15857540
 [43]  8.44925603  7.46621915 19.34443346 18.66043089 14.54567040 14.06681891
 [49] 25.41476840 24.74681604 21.97711405 19.72155090 19.17890010 13.76449424
 [55] 20.23966914  9.39471865  3.19137792  3.10089924 22.39127065 11.69804775
 [61]  8.57042624  7.87836895  8.08834676  7.04357152  5.49979923  4.05935312
 [67]  3.03904373  1.97541759 17.42736352 17.47471190 17.15539919 19.50279099
 [73] 17.55955884 17.39078937 17.12461425 10.02293804  9.34034966  5.72814732
 [79] 15.31234102  9.23815645  9.04995345  6.41047286  6.24259390  2.71079486
 [85] 21.91507750 21.71066152 21.42979693  8.42307106  8.05957701  4.41434489
 [91]  0.84489742  5.07530236  5.34541009  3.40237330  1.97745202 16.06764588
 [97] 16.66477264  5.43868326  4.60497397  8.14238328  8.83943797  7.76602272
[103]  3.13918878  2.68051459  1.60294042  7.98561654  7.69719955  5.33984726
[109]  4.22594517  0.50522050  3.16304188  1.82606400 13.98044061  6.35949824
[115]  4.22990927  4.04938087  7.98524029  6.01352387  5.93052942  7.48914830
[121]  6.42614624  4.71806557  0.97781192  0.83481292  7.75136592  6.55019661
[127]  7.59901847  5.65619346  3.31766898  0.77342958  1.74311608  1.00346925
[133]  0.57995866  0.41404041  2.50797896  1.29984178  0.98369459  0.43518042
[139]  0.19753250  7.61625958  5.89450323  1.77689769  5.92470878  5.77347399
[145]  4.04536077  0.54164438  5.46517648  3.04358369  3.19343672  2.62421987
[151]  1.70710105  0.54255721  2.02521459  0.01612339  4.35984320  5.63523883
[157]  0.20459007  0.17208793  3.53033661  2.20226525  0.98635876  1.75650342
[163]  1.13910665  0.42956654  0.15963354  1.44459487  4.08599633  2.67532634
[169]  0.25193124  0.88364168  2.84812652  0.56826448  0.27936216  0.01454577

$PAR
  [1]  NA   1   2   2   2   3   3   3   3   6   8   8   9   9   9   9  10  10
 [19]  11  11  11  11  12  13  13  13  13  13  14  15  17  17  18  19  19  19
 [37]  19  23  24  24  24  24  27  27  29  29  30  30  31  31  31  31  31  31
 [55]  32  33  33  33  35  39  39  39  43  44  44  44  44  44  45  46  46  52
 [73]  53  53  53  54  54  54  55  56  56  56  56  58  59  59  59  61  61  61
 [91]  61  63  65  65  66  71  74  78  78  80  81  81  82  82  83  88  88  88
[109]  88  90  94  94  97 100 100 100 101 101 101 102 102 102 104 105 106 106
[127] 107 107 107 107 109 109 109 110 111 111 111 116 116 117 118 118 120 121
[145] 121 124 127 127 129 129 129 130 135 139 140 144 144 144 145 148 149 150
[163] 151 151 152 155 156 159 162 163 167 170 172 172

$EXTANT
  [1] FALSE FALSE FALSE FALSE FALSE FALSE FALSE FALSE FALSE FALSE FALSE FALSE
 [13] FALSE FALSE FALSE FALSE FALSE FALSE FALSE FALSE FALSE FALSE FALSE FALSE
 [25] FALSE FALSE FALSE  TRUE FALSE FALSE FALSE FALSE  TRUE FALSE FALSE FALSE
 [37] FALSE FALSE FALSE FALSE FALSE FALSE FALSE FALSE FALSE FALSE FALSE FALSE
 [49] FALSE FALSE FALSE FALSE FALSE FALSE FALSE FALSE  TRUE  TRUE FALSE FALSE
 [61]  TRUE FALSE  TRUE FALSE FALSE  TRUE  TRUE  TRUE FALSE FALSE FALSE FALSE
 [73] FALSE FALSE FALSE FALSE FALSE FALSE FALSE FALSE FALSE  TRUE  TRUE  TRUE
 [85] FALSE FALSE FALSE FALSE FALSE  TRUE  TRUE FALSE FALSE  TRUE  TRUE FALSE
 [97] FALSE  TRUE FALSE  TRUE FALSE  TRUE  TRUE  TRUE  TRUE FALSE  TRUE FALSE
[109]  TRUE FALSE  TRUE  TRUE FALSE  TRUE FALSE  TRUE  TRUE  TRUE  TRUE FALSE
[121] FALSE FALSE  TRUE FALSE FALSE FALSE FALSE FALSE  TRUE  TRUE  TRUE  TRUE
[133]  TRUE  TRUE  TRUE  TRUE  TRUE  TRUE  TRUE  TRUE FALSE  TRUE  TRUE  TRUE
[145]  TRUE  TRUE FALSE  TRUE  TRUE  TRUE  TRUE  TRUE  TRUE  TRUE  TRUE  TRUE
[157]  TRUE  TRUE FALSE FALSE  TRUE  TRUE  TRUE  TRUE  TRUE  TRUE FALSE FALSE
[169]  TRUE  TRUE  TRUE  TRUE  TRUE  TRUE

