
Birth-death simulation object with 145 species and 67 extant species

Details for some species:

Extinction times (NA means extant)
[1] 48.01369 29.80588 43.52801 30.36652 29.87766 24.63564


Speciation times 
[1] 49.26651 48.28400 43.81104 35.60295 32.86955 32.30639


Species parents (NA for initial)
[1] NA  1  2  2  2  2


Species status (extinct or extant)
[1] "extinct" "extinct" "extinct" "extinct" "extinct" "extinct"


For more details on vector y, try sim$y, with y one of
TE TS PAR EXTANT



$TE
  [1] 48.01369419 29.80588128 43.52801184 30.36651514 29.87765898 24.63564185
  [7] 27.49487543 34.33380623 24.84283982 23.42075347 25.92588082 15.73146921
 [13] 26.67131655 26.47892378 28.80556981 14.80055799 21.76219486 22.39365183
 [19] 10.74671501 21.83603874 18.86452176 16.94623633 23.53290622 15.16120346
 [25] 19.88139850 18.14059381 13.39418031 12.79685331 18.07330765 20.26116367
 [31] 14.86163702 15.49652027  1.57331160          NA 10.85969506 21.29903486
 [37] 13.44987946 14.29844800  3.29998344  4.96812020  2.88633586          NA
 [43]          NA          NA          NA 11.84385507 12.92034463 14.10598828
 [49] 12.37851727 10.88280352  7.43894746  0.87525529          NA          NA
 [55]          NA 13.56539028 11.45973953  8.91335644  4.59439133          NA
 [61]          NA  3.07014217          NA  0.70209942  7.80501977          NA
 [67]  0.99097140  1.23272857          NA  0.08166501          NA  5.96529957
 [73]          NA          NA  2.20717873          NA          NA          NA
 [79]          NA  7.10410786          NA          NA  0.10462249          NA
 [85]          NA  3.29874638          NA          NA  2.59167584          NA
 [91]          NA          NA  5.11253403  3.27796017  0.02942614  5.35455573
 [97]  1.79894037          NA          NA          NA          NA  1.56905285
[103]          NA          NA          NA          NA  3.37429363          NA
[109]          NA          NA          NA          NA          NA          NA
[115]          NA  4.08885750  1.09522033          NA          NA  0.54116526
[121]  3.20385616  2.17889118  2.55724953          NA          NA          NA
[127]  2.80302760          NA  0.84249605          NA          NA          NA
[133]          NA          NA          NA          NA          NA          NA
[139]          NA          NA          NA          NA          NA          NA
[145]          NA

$TS
  [1] 49.2665115 48.2839974 43.8110432 35.6029461 32.8695483 32.3063854
  [7] 30.6880506 35.3762243 31.7137982 31.2446008 31.0434467 27.2031351
 [13] 29.2881536 31.4002936 29.8720709 26.4019082 24.9186342 23.9234395
 [19] 26.2025849 23.7068595 21.2043229 17.7027072 27.3163933 22.5279963
 [25] 22.1353803 19.1813930 16.7918762 16.6949606 22.8417907 23.9940591
 [31] 17.7522646 16.0677572 15.2333044 12.3461980 11.6560799 25.0990161
 [37] 20.9119208 15.4061011 16.1493675  9.5611947  4.3252622  1.7706244
 [43]  6.4829429  1.0445560  0.3365071 21.3189723 13.8122420 14.1919954
 [49] 12.5300346 10.9732414  9.9802604  7.7213000  4.9406521  1.5812765
 [55]  0.7847948 14.8258149 12.9720253 12.4872053  5.3183254  5.2086063
 [61]  1.0684373  3.8277185  1.0962699 10.0885191  9.5517034  3.7690229
 [67]  2.5770233  1.6982567  0.2176125  9.6424757  9.4620392  9.3642952
 [73]  5.2621495  4.4432468  3.2533416  9.4804862  0.7353441  1.4890393
 [79]  8.7908081  8.1617502  7.1807529  6.9437659  6.2639795  5.7143800
 [85]  8.5673126  7.0605791  4.7105679  2.9465234  4.4038016  0.5976649
 [91]  2.4265204  6.5740047  5.4663854  7.4241684  6.9519052  5.4284305
 [97]  3.2791370  3.1456317  1.4892073  0.6283053  4.7497995  4.2435468
[103]  0.5186722  4.7223014  3.6345365  1.0302021  3.5839739  1.0512333
[109]  0.1012741  4.4558422  3.8673064  6.2176104  0.0814099  3.7295666
[115]  2.2822916  5.1963330  6.6481990  5.8056007  1.0686348  2.8310137
[121]  3.9901832  2.9477599  4.1203343  1.3271701  0.5346345  1.1932862
[127]  6.4817597  3.1506770  3.4933310  1.8541462  0.4474528  6.1609967
[133]  5.6629015  2.6265323  1.3530022  0.3325520  0.8457269  4.9305804
[139]  2.6735471  1.9657407  0.8616990  4.7467465  0.8949778  0.9754187
[145]  0.2249764

$PAR
  [1]  NA   1   2   2   2   2   2   4   5   5   6   6   7   9  10  10  10  10
 [19]  11  12  12  12  14  16  16  16  16  16  18  19  19  19  19  19  19  23
 [37]  25  27  28  33  33  33  34  34  34  36  37  39  39  39  39  40  43  43
 [55]  44  46  47  49  52  52  52  53  54  58  58  60  60  60  60  64  64  64
 [73]  64  64  64  65  66  68  70  70  70  71  71  71  72  72  73  73  74  74
 [91]  75  76  76  79  79  79  79  81  81  81  82  82  82  83  83  83  84  84
[109]  84  85  85  86  88  89  91  92  95  95  98 104 110 111 112 112 112 115
[127] 117 117 118 118 119 127 127 128 128 131 132 133 133 133 134 138 140 142
[145] 142

$EXTANT
  [1] FALSE FALSE FALSE FALSE FALSE FALSE FALSE FALSE FALSE FALSE FALSE FALSE
 [13] FALSE FALSE FALSE FALSE FALSE FALSE FALSE FALSE FALSE FALSE FALSE FALSE
 [25] FALSE FALSE FALSE FALSE FALSE FALSE FALSE FALSE FALSE  TRUE FALSE FALSE
 [37] FALSE FALSE FALSE FALSE FALSE  TRUE  TRUE  TRUE  TRUE FALSE FALSE FALSE
 [49] FALSE FALSE FALSE FALSE  TRUE  TRUE  TRUE FALSE FALSE FALSE FALSE  TRUE
 [61]  TRUE FALSE  TRUE FALSE FALSE  TRUE FALSE FALSE  TRUE FALSE  TRUE FALSE
 [73]  TRUE  TRUE FALSE  TRUE  TRUE  TRUE  TRUE FALSE  TRUE  TRUE FALSE  TRUE
 [85]  TRUE FALSE  TRUE  TRUE FALSE  TRUE  TRUE  TRUE FALSE FALSE FALSE FALSE
 [97] FALSE  TRUE  TRUE  TRUE  TRUE FALSE  TRUE  TRUE  TRUE  TRUE FALSE  TRUE
[109]  TRUE  TRUE  TRUE  TRUE  TRUE  TRUE  TRUE FALSE FALSE  TRUE  TRUE FALSE
[121] FALSE FALSE FALSE  TRUE  TRUE  TRUE FALSE  TRUE FALSE  TRUE  TRUE  TRUE
[133]  TRUE  TRUE  TRUE  TRUE  TRUE  TRUE  TRUE  TRUE  TRUE  TRUE  TRUE  TRUE
[145]  TRUE

