
Birth-death simulation object with 342 species and 152 extant species

Details for some species:

Extinction times (NA means extant)
[1] 37.13311 36.69216 19.43018 35.69851 31.91226 28.44527


Speciation times 
[1] 49.26651 41.33037 40.05121 38.02913 33.52792 33.11608


Species parents (NA for initial)
[1] NA  1  2  2  3  3


Species status (extinct or extant)
[1] "extinct" "extinct" "extinct" "extinct" "extinct" "extinct"


For more details on vector y, try sim$y, with y one of
TE TS PAR EXTANT



$TE
  [1] 37.13311360 36.69215678 19.43018085 35.69851084 31.91226314 28.44527108
  [7] 26.73413234 22.65410063 15.15613295 14.87068069 15.14266131 21.32208062
 [13] 18.29651261 32.92894991 31.27125206 30.05801043 29.60631453 27.68329135
 [19] 20.48307424 14.65226487 15.07394084  5.03143615 12.54494169 14.30880114
 [25] 22.15948690 12.32706211 34.40699672 30.72367230 31.02509726 14.53717087
 [31] 29.59041381 18.09683093 14.25627338 14.57581106          NA  5.78519817
 [37] 19.98203210 15.01860879 15.12456931 10.75861051 14.72500681          NA
 [43]  8.99265120 10.36313766 23.47640303 29.26171407 12.71178613 11.29984041
 [49] 14.66325148 13.51044007 14.06916041 14.33257340  6.12834859          NA
 [55]          NA          NA          NA  3.44719201  5.36360077          NA
 [61] 11.34626501 10.86394915 19.20886330          NA          NA  9.94477609
 [67] 13.31060584 20.89347488 18.75824806 13.71628528 16.58448732 12.88807667
 [73] 12.56835997 13.77493863  3.01015311          NA          NA  9.15184435
 [79]          NA  0.12735228          NA  0.49958256  4.43415470  7.82689134
 [85]  3.75275290          NA          NA          NA  8.63980559          NA
 [91]  2.01899877  3.04763125          NA  4.90662832  1.87406321          NA
 [97] 14.02157686 16.75753829 11.65336571 10.70370641  0.76942687          NA
[103]          NA 30.55053328 18.21268479 26.80228321 15.27679111 21.02917998
[109] 15.39340582 27.60264682 22.81705510 21.87458964 19.84996322 11.60266632
[115] 16.98233651 19.65490899 14.54206723 13.81794050 14.44749235 13.92652625
[121] 13.85870499          NA          NA          NA          NA          NA
[127]  5.31948343          NA          NA          NA          NA          NA
[133]          NA          NA          NA          NA          NA          NA
[139]          NA          NA  4.08647434          NA  2.71185361          NA
[145]  0.52563388  2.27836118          NA          NA 19.07898854 15.66591828
[151] 14.46206104 12.74989644 13.72215765 15.24959419 22.01859911 20.42172094
[157] 22.20927369 14.65440705 19.35854421 14.22198134          NA          NA
[163]          NA          NA          NA          NA          NA          NA
[169]          NA          NA          NA          NA          NA  4.49412329
[175]          NA  0.03448882          NA          NA          NA  1.32458613
[181]          NA  2.43929701          NA          NA          NA  1.59987144
[187]          NA 17.79612147 14.89898282 20.65589452 18.31981371 18.88202266
[193] 15.26080704 14.36400014 13.03573883 19.09300697 13.84168529  4.92343999
[199] 13.91271421 15.20478977 20.80845559 15.03701881 14.80387262          NA
[205]          NA          NA          NA          NA          NA          NA
[211]  2.63459322          NA          NA          NA          NA  0.08977765
[217]          NA 10.86918384 13.93276586 14.54890718 15.38330660  3.87645025
[223]          NA          NA          NA          NA          NA  3.07474426
[229]  3.13918023          NA          NA          NA  5.35613371 14.81050831
[235]  8.02484969 12.27998023 14.81723589  7.29461816 12.17473231  9.01868992
[241]  0.47913939          NA          NA          NA          NA 11.91397496
[247]          NA          NA 12.39705541 14.52254048 12.76814187 14.83246771
[253]  0.66303130  7.54743318          NA          NA          NA          NA
[259]          NA          NA  5.46658352  3.08136243 13.93220369          NA
[265] 10.67519643 13.55679063  5.32737385          NA  0.74495167  0.92834729
[271]          NA  2.28065961          NA          NA          NA  8.78119496
[277]  8.06180344  2.94421878          NA          NA          NA          NA
[283]          NA 11.82349113 10.07051685  4.39170464          NA  0.91513208
[289]          NA  0.26724929          NA  2.56218589          NA          NA
[295]  0.97460256  6.40141343          NA          NA          NA          NA
[301]          NA  0.03637690          NA          NA          NA          NA
[307]          NA          NA          NA          NA  5.43298684          NA
[313]  2.42247076  1.37819565          NA          NA          NA          NA
[319]          NA          NA          NA          NA          NA          NA
[325]          NA          NA          NA  0.33189186  2.93500180          NA
[331]          NA          NA          NA          NA          NA  4.21228823
[337]          NA          NA          NA          NA          NA          NA

$TS
  [1] 49.26651148 41.33036867 40.05120711 38.02913320 33.52791795 33.11608257
  [7] 31.66722211 28.79053363 27.75857040 25.67342756 23.72824802 23.38887414
 [13] 21.15866080 37.81189172 32.74748747 32.58479153 30.59534015 28.32440748
 [19] 24.72466809 19.77662073 16.65242484 21.20563921 20.33126545 19.02181346
 [25] 22.63844745 21.38977452 37.60536316 35.42394598 32.06636091 31.42868626
 [31] 30.14894160 19.20488166 16.54686567 15.98764162 14.93006077 15.09424702
 [37] 21.17165876 21.10802933 16.42656671 15.89996895 15.49928877  5.76881045
 [43] 14.78720598 17.41363068 35.28671159 32.28421157 30.90457351 17.57709407
 [49] 17.08642717 15.49702707 14.86754823 18.24297772  6.76761068  6.02923995
 [55] 13.54064456 10.64449862  9.87361456  9.21360315  8.61113932  6.56240851
 [61] 20.00280865 20.85459453 20.68089799  1.52068139 12.49967739 10.28343929
 [67] 13.75622663 31.48035533 29.79652237 27.26458900 22.93379731 22.44269985
 [73] 13.34826823 15.08791639  4.47639216  3.08266245  1.82753441  9.50977317
 [79]  7.54249924  7.32537518  3.20330005 10.36311107  9.86412270  9.64135277
 [85]  8.51208018  8.24534396  4.76365975  3.46103176  9.17708219  4.03740562
 [91]  7.94528318  6.58065650  6.15395404  5.61247688  5.61024383  0.35466605
 [97] 14.98932962 19.71938709 11.94606386 10.70684343  6.11847414  5.00828914
[103]  4.47805524 31.40894503 27.95274016 27.04710811 25.61404684 24.99890361
[109] 21.19283861 28.13105698 26.43719340 23.37730122 21.77953122 24.57526494
[115] 20.95930729 20.55872314 20.26377084 15.70562344 15.63847812 14.47014311
[121] 13.89364086  2.35334359  1.29162262  6.10799524  1.65647076  6.63450320
[127]  6.02094722  5.31509389  0.36162256  5.86555121  2.87404168  9.18642352
[133]  6.66905836  5.23952004  4.99253060  6.20086829  1.40029519  3.50919746
[139]  2.90050104  2.78115469  7.05290613  6.83208550  4.67203928  1.97962713
[145]  2.61177405  3.75903630  3.13680066  2.98187923 23.85482406 18.46626750
[151] 22.17807115 21.94802221 16.98704040 24.97649874 24.35838841 22.69858986
[157] 22.34929913 18.81510470 20.21122694 14.65533442  0.77792148  0.06795334
[163]  3.97366567  3.01751921  0.93218941  0.84213053  3.43521672  5.85885348
[169]  3.08002978  2.60302443  0.81933839  0.46414435  0.17138454  5.45272571
[175]  6.31037105  5.32529670  3.97893008  4.67186810  2.51412780  2.25742896
[181]  1.02414501  2.84232642  0.80487336  1.77952544  2.54841187  2.20093255
[187]  2.19602291 21.28596556 16.66412684 21.96054874 20.78838158 19.92227465
[193] 16.96432236 16.49628837 13.51785004 21.98859217 20.08344769 17.08561508
[199] 16.69901338 16.64306803 24.26864577 22.09690680 16.13984286  1.76574885
[205]  0.73281264  0.53473134  1.64456820  0.35865911  3.91544889  1.52947763
[211]  4.53687020  4.49784757  5.11014306  1.49330617  2.14486463  1.87080528
[217]  1.09788297 21.19751162 20.59275113 14.97969193 15.60038594  6.23370633
[223] 19.00838590  3.45530977  0.68502027  1.07289188  3.10622060  4.92071301
[229]  3.19646868  1.42176009  1.12365090  0.21231895 17.18232028 15.84386321
[235] 11.06144692 18.96224956 18.78515326 14.38538702 13.07732611 13.00884849
[241]  9.81389882  6.28134146  2.82971478  0.03349699  3.65274524 13.11096500
[247]  8.51551079  7.96387081 18.88038372 15.48236924 14.41387963 15.75651505
[253]  9.02129917  8.32334108  4.91540771  2.22253582  5.44256514  0.80733509
[259]  3.12690625  0.12421608  6.54732643  3.64769006 14.04182203 13.25100798
[265] 12.93931617 15.13247851  6.63036188  2.48421646  4.68103903  3.03557651
[271]  1.57516591  5.09919521  4.92002737  0.26925118  1.68602123 11.30807439
[277]  8.71107812  8.20873507  3.92389638  3.67581278  1.34711161  0.41001946
[283]  0.32136645 12.30401418 10.88695920  6.41281764  2.75005748  2.04525617
[289]  2.00038481  1.88108358  1.32566520  4.14907851  3.92844455  3.47383221
[295]  2.80214790  7.64647349  7.34454137  6.70006722  4.17994088  3.67134802
[301]  2.78027747  2.25604888  1.76207553  0.34958694  0.47294280  0.21532735
[307]  5.71773808  0.33251869  1.60636429  1.05688776  7.21762820  6.62917006
[313]  3.41960250  3.38666051  0.71531308  1.75737597  0.47020745  1.47422194
[319]  6.12508085  5.72270523  6.27905438  5.48427902  1.29756616  0.39138627
[325]  0.02650276  5.04655598  2.53832073  5.57692796  5.07720378  1.78787980
[331]  0.16595523  0.39226522  5.48543944  3.73290004  2.36921024  4.34326418
[337]  4.32530410  1.26132750  1.93695452  0.58999028  1.24753516  0.03391195

$PAR
  [1]  NA   1   2   2   3   3   3   3   3   3   3   3   3   4   6   6   6   8
 [19]   9   9   9  10  10  10  12  12  14  14  16  16  17  20  20  20  20  21
 [37]  22  22  22  22  22  22  24  26  28  28  30  30  30  30  30  32  35  35
 [55]  36  36  36  36  36  36  37  38  38  42  43  43  44  45  47  47  47  47
 [73]  48  50  54  54  54  55  55  55  55  56  56  57  57  57  57  57  58  58
 [91]  59  59  59  60  60  60  61  62  65  65  65  65  65  68  68  68  68  68
[109]  68  69  69  69  69  70  70  71  72  72  72  74  74  76  76  79  79  80
[127]  80  80  80  82  82  83  83  85  85  86  86  87  90  90  91  91  91  93
[145]  95 101 102 103 107 107 108 108 109 111 111 112 112 114 115 117 123 123
[163] 124 124 124 125 126 127 128 128 130 130 130 132 133 133 133 135 135 138
[181] 138 139 139 142 145 145 148 149 150 151 151 151 152 152 152 154 154 154
[199] 154 154 155 155 158 163 163 163 164 166 168 169 175 175 176 178 180 185
[217] 187 188 188 189 198 198 202 209 209 210 212 213 213 213 214 216 218 218
[235] 218 219 219 219 223 223 223 223 224 225 228 233 233 233 236 236 236 237
[253] 241 241 241 241 242 243 245 247 248 248 251 251 251 252 253 253 255 255
[271] 256 257 257 257 259 264 264 264 264 264 264 264 264 265 265 267 269 269
[289] 269 269 270 272 272 272 272 278 278 278 278 278 279 279 279 279 281 282
[307] 286 293 294 295 297 297 297 298 301 302 302 309 311 311 312 312 316 317
[325] 318 319 319 320 320 320 324 326 328 328 328 333 333 333 334 337 339 339

$EXTANT
  [1] FALSE FALSE FALSE FALSE FALSE FALSE FALSE FALSE FALSE FALSE FALSE FALSE
 [13] FALSE FALSE FALSE FALSE FALSE FALSE FALSE FALSE FALSE FALSE FALSE FALSE
 [25] FALSE FALSE FALSE FALSE FALSE FALSE FALSE FALSE FALSE FALSE  TRUE FALSE
 [37] FALSE FALSE FALSE FALSE FALSE  TRUE FALSE FALSE FALSE FALSE FALSE FALSE
 [49] FALSE FALSE FALSE FALSE FALSE  TRUE  TRUE  TRUE  TRUE FALSE FALSE  TRUE
 [61] FALSE FALSE FALSE  TRUE  TRUE FALSE FALSE FALSE FALSE FALSE FALSE FALSE
 [73] FALSE FALSE FALSE  TRUE  TRUE FALSE  TRUE FALSE  TRUE FALSE FALSE FALSE
 [85] FALSE  TRUE  TRUE  TRUE FALSE  TRUE FALSE FALSE  TRUE FALSE FALSE  TRUE
 [97] FALSE FALSE FALSE FALSE FALSE  TRUE  TRUE FALSE FALSE FALSE FALSE FALSE
[109] FALSE FALSE FALSE FALSE FALSE FALSE FALSE FALSE FALSE FALSE FALSE FALSE
[121] FALSE  TRUE  TRUE  TRUE  TRUE  TRUE FALSE  TRUE  TRUE  TRUE  TRUE  TRUE
[133]  TRUE  TRUE  TRUE  TRUE  TRUE  TRUE  TRUE  TRUE FALSE  TRUE FALSE  TRUE
[145] FALSE FALSE  TRUE  TRUE FALSE FALSE FALSE FALSE FALSE FALSE FALSE FALSE
[157] FALSE FALSE FALSE FALSE  TRUE  TRUE  TRUE  TRUE  TRUE  TRUE  TRUE  TRUE
[169]  TRUE  TRUE  TRUE  TRUE  TRUE FALSE  TRUE FALSE  TRUE  TRUE  TRUE FALSE
[181]  TRUE FALSE  TRUE  TRUE  TRUE FALSE  TRUE FALSE FALSE FALSE FALSE FALSE
[193] FALSE FALSE FALSE FALSE FALSE FALSE FALSE FALSE FALSE FALSE FALSE  TRUE
[205]  TRUE  TRUE  TRUE  TRUE  TRUE  TRUE FALSE  TRUE  TRUE  TRUE  TRUE FALSE
[217]  TRUE FALSE FALSE FALSE FALSE FALSE  TRUE  TRUE  TRUE  TRUE  TRUE FALSE
[229] FALSE  TRUE  TRUE  TRUE FALSE FALSE FALSE FALSE FALSE FALSE FALSE FALSE
[241] FALSE  TRUE  TRUE  TRUE  TRUE FALSE  TRUE  TRUE FALSE FALSE FALSE FALSE
[253] FALSE FALSE  TRUE  TRUE  TRUE  TRUE  TRUE  TRUE FALSE FALSE FALSE  TRUE
[265] FALSE FALSE FALSE  TRUE FALSE FALSE  TRUE FALSE  TRUE  TRUE  TRUE FALSE
[277] FALSE FALSE  TRUE  TRUE  TRUE  TRUE  TRUE FALSE FALSE FALSE  TRUE FALSE
[289]  TRUE FALSE  TRUE FALSE  TRUE  TRUE FALSE FALSE  TRUE  TRUE  TRUE  TRUE
[301]  TRUE FALSE  TRUE  TRUE  TRUE  TRUE  TRUE  TRUE  TRUE  TRUE FALSE  TRUE
[313] FALSE FALSE  TRUE  TRUE  TRUE  TRUE  TRUE  TRUE  TRUE  TRUE  TRUE  TRUE
[325]  TRUE  TRUE  TRUE FALSE FALSE  TRUE  TRUE  TRUE  TRUE  TRUE  TRUE FALSE
[337]  TRUE  TRUE  TRUE  TRUE  TRUE  TRUE

