
Birth-death simulation object with 212 species and 52 extant species

Details for some species:

Extinction times (NA means extant)
[1] 25.01540 36.55434 10.49047 25.00242 28.05977 16.13772


Speciation times 
[1] 49.26651 40.28894 37.36205 31.59396 30.62234 29.99195


Species parents (NA for initial)
[1] NA  1  1  1  1  1


Species status (extinct or extant)
[1] "extinct" "extinct" "extinct" "extinct" "extinct" "extinct"


For more details on vector y, try sim$y, with y one of
TE TS PAR EXTANT



$TE
  [1] 25.0153975 36.5543420 10.4904743 25.0024157 28.0597735 16.1377202
  [7] 22.8246397 22.1856637 36.5891563 25.5391722 27.9393687 14.0020269
 [13] 17.2184059 15.0151070 14.3192024 11.8805622 11.8299972 13.0801257
 [19] 12.8830713 11.9939918 15.2721919 20.0927034 13.9549509 15.5891996
 [25] 19.6795805 13.4139515 34.3061171 18.9835283 17.6952426 12.8412281
 [31] 15.3985923 15.3421622 14.2037790 14.8633093         NA 12.6545086
 [37] 25.4932625 19.2804897 20.2799679         NA 13.3727102 13.9244124
 [43] 11.4077549 35.4386858 16.2401284 15.2363292 14.1660404 18.1930290
 [49] 14.3230426 15.0772468 14.6186679         NA  1.5271111         NA
 [55]  2.7570936 17.7477206 16.0353288 19.4207253 23.4473100 23.9745484
 [61] 13.0399220 13.7157845 11.5213727 13.7662803  6.9761747         NA
 [67]  4.5632359         NA  1.2335785         NA 15.7898757 14.8977686
 [73] 14.7834150 14.4176903 12.7429639  9.0812734 30.1050595 15.2960923
 [79] 16.9762764 13.2780355  0.8708187         NA  0.5668870  2.1404611
 [85]         NA  4.3848259         NA 27.7388367 19.3862575 18.5680138
 [91] 16.6930085 16.8214702 28.0753997 15.0580067         NA 13.1393351
 [97] 13.7515576 12.8892142  5.6400938  1.7263359  3.9531416         NA
[103]  0.2881486         NA 14.7510324 15.3046570 13.2017962 27.5100816
[109] 12.4401281 14.7264673         NA         NA         NA         NA
[115]         NA  1.8005791         NA  5.1177393         NA 21.1882089
[121]  8.3612010 19.3182092 12.4039273 15.1581901 17.2686073 18.2189068
[127] 13.5341394 15.1329906         NA  4.3929109         NA         NA
[133]  4.6845920         NA  0.8262176         NA         NA         NA
[139] 14.1618804 12.9234541 32.0694998 29.4275169 14.0609306 15.3203483
[145] 13.9190812 19.1976819 15.7712192 13.0349786 18.7040602 18.8411224
[151]         NA  2.2254879  4.2475437  4.3130397  1.9935221         NA
[157]         NA 13.7302177  9.5815185 14.6133054 15.0060343 16.4083568
[163] 13.7526864  8.7175117 14.7448288         NA  3.0372435  1.9086361
[169]         NA  7.5916747         NA 12.3492581 15.0561373 13.3039712
[175] 12.8714969 11.2531986         NA  1.3281622  5.4718154  8.7723129
[181]  2.4790918  0.7753216         NA         NA         NA         NA
[187] 15.2321066 13.1999595 13.8535535  6.9346637         NA         NA
[193]         NA  3.1314782  5.4199916         NA         NA         NA
[199]  0.4577033         NA  9.0989901         NA         NA  2.1343164
[205]         NA         NA         NA  8.5899806  5.2063218  4.4689803
[211]         NA         NA

$TS
  [1] 49.2665115 40.2889440 37.3620546 31.5939555 30.6223382 29.9919535
  [7] 26.4423363 25.2837597 40.2532928 39.0604902 28.0884951 25.8227724
 [13] 20.9232075 20.5671134 20.4680144 17.8430351 15.0505044 14.1293276
 [19] 14.0761626 25.8238614 21.5119315 20.9963371 17.2557260 17.2277329
 [25] 24.2949471 37.1432971 36.9573381 27.8085309 20.3844926 19.8560228
 [31] 17.6028013 17.1626987 17.4899900 14.9823875 12.0959320 23.5982564
 [37] 35.2618659 28.1004087 26.0955532 25.9474205 23.2824856 20.1196747
 [43] 18.7920737 36.0273645 22.9205672 21.9495436 18.8329769 18.4547231
 [49] 17.7534490 15.7337704 16.0515948  7.2538703  7.1330092  6.9158574
 [55]  4.2392662 20.5041415 18.1249798 30.0146915 28.8738053 26.0319989
 [61] 25.6883260 19.9802784 16.6849689 14.3220748  9.1306235  8.4351454
 [67]  8.4026031  4.8672134  2.6403204  2.5228364 18.7117674 15.0059678
 [73] 17.2670896 15.6377586 13.8611967 13.2201170 35.7736022 21.5225419
 [79] 17.7366092 15.3155948  6.3249459  5.9899447  5.6107274  6.4985658
 [85]  6.4677891  5.0462727  6.5843091 27.9335847 27.6325950 23.3430102
 [91] 22.4556615 21.5358216 28.6817103 24.7058964 21.0235284 14.7981313
 [97] 16.1350615 12.9843458  7.8479033  6.5889697  6.3615592  0.1031440
[103]  2.4022984  1.3814199 15.4660104 15.4111844 13.5455765 34.2820526
[109] 16.7380340 17.2184468  1.0770285  4.0564544  1.1442672  0.1634162
[115]  2.4727537  3.0072279  1.6230914  5.5235644  3.6069915 22.0413855
[121] 20.1474482 19.9886157 19.2789487 18.3504083 21.2851750 19.9297639
[127] 17.2608350 18.5496908 11.1802164  7.6186262  5.2225575  4.7728780
[133]  6.5157708  5.9437454  5.2421611  2.0914126  1.1801384  0.3076275
[139] 15.2119338 14.8025586 32.5757479 30.4803078 16.9479683 19.8345130
[145] 17.1923585 19.3205804 17.8466764 17.3079458 19.0252546 18.9767271
[151]  2.4207994  2.9119078  6.0065933  5.7849716  5.3821265  2.8309599
[157]  0.6169983 15.0849558 14.3245414 18.7488552 17.2596200 16.4236189
[163] 14.8686600 17.2294923 14.9487340  5.5963899  3.7931058  3.4206162
[169]  2.6640753 10.2489143  9.8200336 18.5243386 15.6824491 14.0316323
[175] 13.9892791 12.6171800  9.0758266  2.2833290 10.2138546  9.7304805
[181]  8.1944375  5.8176107  4.7518327  4.4512071  1.8794385  0.0678074
[187] 16.9193558 14.3524866 13.9833661  8.3044480  6.2793062  5.4314254
[193]  2.1392099  7.9872015  6.1136934  3.8493139  3.2283553  3.2833520
[199]  1.4939793  3.9863802 13.4400769  2.2246262  1.0273930  4.0837361
[205]  5.9645329  2.2450996  0.1435468 10.8388739  5.5552248  5.4417527
[211]  0.2981444  5.4777451

$PAR
  [1]  NA   1   1   1   1   1   1   1   2   2   3   3   3   3   3   3   3   3
 [19]   3   6   6   6   6   6   7   9  10  10  14  14  14  14  15  15  16  25
 [37]  26  26  26  26  26  26  26  27  28  28  29  29  30  30  31  35  35  35
 [55]  35  36  36  37  37  37  38  40  40  40  40  40  40  40  40  40  41  41
 [73]  43  43  43  43  44  46  47  47  52  52  52  53  53  53  54  58  58  58
 [91]  58  58  59  61  61  62  63  63  66  66  66  66  69  70  73  74  75  77
[109]  78  79  81  82  82  82  84  85  85  87  87  89  90  91  91  91  92  92
[127]  92  95  95  95  95  95  99 100 101 103 104 104 105 105 108 108 110 121
[145] 123 125 125 125 126 126 131 132 133 134 134 134 136 139 139 144 144 144
[163] 145 148 148 153 155 155 156 159 159 160 161 163 163 164 164 168 170 171
[181] 171 171 171 171 171 171 172 172 174 177 177 177 177 179 179 181 182 183
[199] 183 184 188 192 192 194 195 197 198 201 205 205 206 209

$EXTANT
  [1] FALSE FALSE FALSE FALSE FALSE FALSE FALSE FALSE FALSE FALSE FALSE FALSE
 [13] FALSE FALSE FALSE FALSE FALSE FALSE FALSE FALSE FALSE FALSE FALSE FALSE
 [25] FALSE FALSE FALSE FALSE FALSE FALSE FALSE FALSE FALSE FALSE  TRUE FALSE
 [37] FALSE FALSE FALSE  TRUE FALSE FALSE FALSE FALSE FALSE FALSE FALSE FALSE
 [49] FALSE FALSE FALSE  TRUE FALSE  TRUE FALSE FALSE FALSE FALSE FALSE FALSE
 [61] FALSE FALSE FALSE FALSE FALSE  TRUE FALSE  TRUE FALSE  TRUE FALSE FALSE
 [73] FALSE FALSE FALSE FALSE FALSE FALSE FALSE FALSE FALSE  TRUE FALSE FALSE
 [85]  TRUE FALSE  TRUE FALSE FALSE FALSE FALSE FALSE FALSE FALSE  TRUE FALSE
 [97] FALSE FALSE FALSE FALSE FALSE  TRUE FALSE  TRUE FALSE FALSE FALSE FALSE
[109] FALSE FALSE  TRUE  TRUE  TRUE  TRUE  TRUE FALSE  TRUE FALSE  TRUE FALSE
[121] FALSE FALSE FALSE FALSE FALSE FALSE FALSE FALSE  TRUE FALSE  TRUE  TRUE
[133] FALSE  TRUE FALSE  TRUE  TRUE  TRUE FALSE FALSE FALSE FALSE FALSE FALSE
[145] FALSE FALSE FALSE FALSE FALSE FALSE  TRUE FALSE FALSE FALSE FALSE  TRUE
[157]  TRUE FALSE FALSE FALSE FALSE FALSE FALSE FALSE FALSE  TRUE FALSE FALSE
[169]  TRUE FALSE  TRUE FALSE FALSE FALSE FALSE FALSE  TRUE FALSE FALSE FALSE
[181] FALSE FALSE  TRUE  TRUE  TRUE  TRUE FALSE FALSE FALSE FALSE  TRUE  TRUE
[193]  TRUE FALSE FALSE  TRUE  TRUE  TRUE FALSE  TRUE FALSE  TRUE  TRUE FALSE
[205]  TRUE  TRUE  TRUE FALSE FALSE FALSE  TRUE  TRUE

