
Birth-death simulation object with 210 species and 27 extant species

Details for some species:

Extinction times (NA means extant)
[1] 47.44568 38.04150 28.05959 44.00364 33.45885 35.65200


Speciation times 
[1] 49.26651 47.93255 47.53909 46.19670 43.67213 40.87159


Species parents (NA for initial)
[1] NA  1  2  2  2  2


Species status (extinct or extant)
[1] "extinct" "extinct" "extinct" "extinct" "extinct" "extinct"


For more details on vector y, try sim$y, with y one of
TE TS PAR EXTANT



$TE
  [1] 47.4456795 38.0414951 28.0595891 44.0036383 33.4588455 35.6519973
  [7] 45.1854438 26.2174217 38.6726195 29.1464265 26.8573023 19.4277968
 [13] 34.3649596 13.1276664 29.3972339 18.4962226 24.9599731 27.5545913
 [19] 15.3379441 25.7397646 24.1699276 27.4355970 30.5269525 26.1184626
 [25] 25.8246243 19.6668464  8.0037752 31.2334725 11.5755461 13.6335554
 [31] 21.0107656 26.0784099 14.3863119 22.6153431 18.0105138 12.1167162
 [37] 26.9222623 25.5601259 25.9263551 24.7834218 24.3610282 15.0722800
 [43] 15.3151095 26.9360785  1.5330420  9.5126097  8.4663562 22.7521999
 [49] 14.0756368 18.4621220 14.2558155 14.9911056 18.3560095 12.8581098
 [55] 15.8903892 13.4307896 24.0897410 30.6722872 18.9154069  4.0132704
 [61] 14.7228605 16.8335277 15.1443926 14.5288361 15.1703834 18.1587434
 [67] 17.0983687 15.6105036 15.1230625 15.5860834 23.8976999 11.4857583
 [73] 15.2911955 15.4449320 12.0573177 11.5971747  3.5115803 14.6856414
 [79] 11.4783130 14.2445295 13.3356685 19.9843765 16.0327436 22.1263648
 [85] 13.5406928 20.7252436 14.7029849 19.4078593 13.6288535 16.6475880
 [91]  7.3745250 12.3600527 14.7141319 14.1146489 14.6318049 15.2656150
 [97] 14.1736693 13.6384774  5.2100021 14.2000388 11.9846380 15.2282424
[103] 12.6546879 22.0388749 24.3776960 15.9359246 20.8102663 10.1685444
[109] 15.1819747 14.9610458 12.9388257 14.8728642 15.8978286 14.7204335
[115] 11.2687375  5.1189755  8.3328391 14.0625048 13.0639201 11.7434752
[121]  6.2892070 15.9358400 13.9715694 14.9432261 15.2523285  3.6247105
[127] 24.6898172 16.2792185 19.8344620 14.5063766 14.2592441 16.2315570
[133] 12.9140765 17.0574321 13.8442464 10.9550045 13.8263342 14.7559018
[139] 14.1639252  4.9068166  3.4234912  4.0492366  4.5123411 13.6024917
[145] 13.8757480 10.5041999         NA 21.1899747 18.6400169 14.5504539
[151] 16.1966061 11.8922112  4.9940168 10.3525271 13.1419217  8.2054056
[157]  0.3175759  1.5741746         NA         NA  5.1563907         NA
[163]  2.8875928 15.1032698 11.8716832 12.6330291  4.3691157 13.0539782
[169] 13.3764713  7.7855320  2.3323037         NA         NA  1.3596815
[175]         NA         NA         NA         NA 13.1990391         NA
[181]         NA  3.5018686 10.8812449         NA         NA  4.3605195
[187]         NA  4.2346890  3.3530633         NA         NA  5.0106707
[193]  5.0333626         NA  3.2906913         NA  0.8049933  1.4901406
[199]         NA         NA         NA         NA         NA  1.4949995
[205]  4.4195543         NA  3.3811246  2.5645046         NA         NA

$TS
  [1] 49.2665115 47.9325545 47.5390916 46.1967046 43.6721344 40.8715878
  [7] 46.7147865 43.4751810 42.8399301 36.2763791 32.8204638 32.5897371
 [13] 35.5367659 32.4423079 30.4151165 29.0498191 28.6311080 31.4099410
 [19] 32.6762426 28.6169858 27.8655348 32.1605594 31.4281931 28.9582300
 [25] 28.4763660 25.8964743 21.6179954 32.1232455 24.1628808 13.9184083
 [31] 29.5073149 26.7548862 26.1657988 24.1251030 22.7880502 19.3894781
 [37] 27.6339790 28.6428791 26.8042116 27.5279049 31.3722032 30.9488250
 [43] 30.5848951 27.3679798 25.4227537 11.4604490  9.3836554 25.3611291
 [49] 22.0186738 22.2231341 20.0938602 17.6883604 21.4326191 16.5093965
 [55] 16.2056909 13.8316584 27.5323227 30.7631240 27.8027713 26.3622897
 [61] 24.1901723 24.1079168 23.1947995 21.4241186 19.4824075 25.3217025
 [67] 20.7640272 20.2020949 17.6693589 16.4129693 24.9634513 21.5600235
 [73] 19.4216674 19.1420359 13.3747245 12.5325289  6.9625777 18.5589088
 [79] 14.2213537 19.0016788 13.6809725 27.3298154 26.5472843 23.5657788
 [85] 22.3178064 23.9076386 22.1442299 20.7615762 21.6354119 18.2702959
 [91] 15.0222971 20.9679440 20.6595507 18.9945100 15.5033148 17.9134901
 [97] 17.3904793 15.3998530  5.7922803 15.0788754 12.8295207 17.0996583
[103] 14.3636480 26.9934620 24.7983506 21.9715776 22.2624227 16.0609807
[109] 15.7999843 16.7534271 16.6098957 15.7718455 18.9694268 14.7629038
[115] 13.7315092  9.6968469  8.8150955 20.4589668 18.4450879 18.2850941
[121] 17.0003818 17.1853846 16.8464107 16.2148890 16.8935442  5.5957136
[127] 26.5032232 24.6356064 21.0356742 15.5315522 15.7618864 16.7090812
[133] 18.1713681 18.3757681 16.3489291 13.1771701 15.4219911 15.2703003
[139] 14.6333143  9.5889035  8.2353542  7.5643640  7.5059357 16.0573917
[145] 14.4027758 14.0787117  4.6003200 25.7565352 22.4225377 21.3450289
[151] 17.1576221 16.3103837 14.9336510 11.5355991 14.4971453 14.2999419
[157]  9.5401126  7.7094932  5.8001375  8.0660521  5.4330069  3.4410927
[163]  5.4448941 15.5963560 14.6204878 12.8233916 13.6849326 13.0971212
[169] 14.7235806 13.1228250 11.1342452  6.8106875  5.1195268  3.7915364
[175]  5.4044921  5.1310045  1.8711716  0.1619840 14.2657924  9.1435033
[181]  8.3432271  8.3238040 11.7880426  3.3818324  2.9892966  5.0480674
[187]  1.0849031  4.3133319  4.4398352  2.6299394  0.2792150  6.3267816
[193]  5.4430799  4.9454339  6.8182244  4.2978013  3.5800854  7.1008491
[199]  2.2115977  0.8454042  0.3397074  5.3427817  3.7932585  3.3406280
[205]  6.1990664  1.6583992  6.1197478  4.9415237  3.6283635  1.3817135

$PAR
  [1]  NA   1   2   2   2   2   3   3   3   3   3   3   5   8   8   8   8  10
 [19]  11  11  11  12  12  12  12  12  12  14  14  14  15  16  16  16  16  16
 [37]  17  19  19  20  22  22  22  24  26  27  27  31  31  33  33  33  35  36
 [55]  36  36  38  42  42  42  42  42  42  42  42  43  43  43  43  43  45  45
 [73]  45  45  45  45  45  49  49  53  56  57  59  59  59  60  60  60  61  61
 [91]  61  62  62  62  63  65  65  73  77  78  79  80  80  82  82  83  85  85
[109]  85  87  87  87  89  89  89  91  91  92  93  93  93  94  94  94  96  99
[127] 104 104 106 108 109 110 113 118 119 119 120 120 120 121 121 121 121 123
[145] 123 123 126 127 128 128 133 133 135 136 137 137 140 140 140 141 141 141
[163] 142 144 144 146 152 152 153 153 154 158 158 158 159 160 162 162 165 167
[181] 167 167 170 171 171 173 173 175 176 176 177 180 180 180 181 181 181 182
[199] 184 187 187 193 194 194 195 199 205 205 207 209

$EXTANT
  [1] FALSE FALSE FALSE FALSE FALSE FALSE FALSE FALSE FALSE FALSE FALSE FALSE
 [13] FALSE FALSE FALSE FALSE FALSE FALSE FALSE FALSE FALSE FALSE FALSE FALSE
 [25] FALSE FALSE FALSE FALSE FALSE FALSE FALSE FALSE FALSE FALSE FALSE FALSE
 [37] FALSE FALSE FALSE FALSE FALSE FALSE FALSE FALSE FALSE FALSE FALSE FALSE
 [49] FALSE FALSE FALSE FALSE FALSE FALSE FALSE FALSE FALSE FALSE FALSE FALSE
 [61] FALSE FALSE FALSE FALSE FALSE FALSE FALSE FALSE FALSE FALSE FALSE FALSE
 [73] FALSE FALSE FALSE FALSE FALSE FALSE FALSE FALSE FALSE FALSE FALSE FALSE
 [85] FALSE FALSE FALSE FALSE FALSE FALSE FALSE FALSE FALSE FALSE FALSE FALSE
 [97] FALSE FALSE FALSE FALSE FALSE FALSE FALSE FALSE FALSE FALSE FALSE FALSE
[109] FALSE FALSE FALSE FALSE FALSE FALSE FALSE FALSE FALSE FALSE FALSE FALSE
[121] FALSE FALSE FALSE FALSE FALSE FALSE FALSE FALSE FALSE FALSE FALSE FALSE
[133] FALSE FALSE FALSE FALSE FALSE FALSE FALSE FALSE FALSE FALSE FALSE FALSE
[145] FALSE FALSE  TRUE FALSE FALSE FALSE FALSE FALSE FALSE FALSE FALSE FALSE
[157] FALSE FALSE  TRUE  TRUE FALSE  TRUE FALSE FALSE FALSE FALSE FALSE FALSE
[169] FALSE FALSE FALSE  TRUE  TRUE FALSE  TRUE  TRUE  TRUE  TRUE FALSE  TRUE
[181]  TRUE FALSE FALSE  TRUE  TRUE FALSE  TRUE FALSE FALSE  TRUE  TRUE FALSE
[193] FALSE  TRUE FALSE  TRUE FALSE FALSE  TRUE  TRUE  TRUE  TRUE  TRUE FALSE
[205] FALSE  TRUE FALSE FALSE  TRUE  TRUE

