
Birth-death simulation object with 240 species and 83 extant species

Details for some species:

Extinction times (NA means extant)
[1] 42.01603 40.23367 32.95285 38.38354 34.87133 28.15547


Speciation times 
[1] 49.26651 43.97431 43.56533 42.42252 42.37166 39.97076


Species parents (NA for initial)
[1] NA  1  1  3  3  5


Species status (extinct or extant)
[1] "extinct" "extinct" "extinct" "extinct" "extinct" "extinct"


For more details on vector y, try sim$y, with y one of
TE TS PAR EXTANT



$TE
  [1] 42.0160265 40.2336743 32.9528476 38.3835444 34.8713306 28.1554733
  [7] 29.1832516 30.2375409 14.7577084 19.1198863 35.6895850 26.9873013
 [13] 13.6773844 18.0230876 17.4067804 14.6794161 32.5695733 28.5401946
 [19] 26.5815469 17.8838107 15.3765519 29.6758421 26.8815404 13.8438872
 [25] 16.8785898 25.7579369 14.7836813 18.0985860 14.9193773 14.0310850
 [31] 10.5091047 17.3430587 14.5202002 28.4360384 15.3953149 17.1761654
 [37] 12.6458576 14.2680985  8.0353222 17.3004291 25.2282711 15.6586074
 [43]  7.1693966  8.2799505  7.6003771 26.0066527 25.8868114 23.9765201
 [49] 27.3431952 13.8115232 24.8286641 26.1554923  3.4100024         NA
 [55]  2.9198789 13.7205898 22.7356989 24.8889588 21.1317600 25.4191906
 [61] 24.9470473 13.2131416 13.8104028  7.9938202  9.5366944         NA
 [67]         NA         NA         NA         NA         NA         NA
 [73]         NA 30.4592290 22.0290708 22.2797420 11.4648877 16.2900214
 [79] 11.1413699 26.0033569 14.8087502 12.0068600 17.1090279 10.4727599
 [85]  6.8331229         NA  2.3503683         NA  2.3534596         NA
 [91]  2.3211633         NA         NA 13.0171341 16.7527010 15.3926957
 [97] 15.1230186 10.9055692 20.5064793 23.2118455 20.2011738 14.8600803
[103] 16.4386880 13.3978793 10.7027851 15.0052050 13.9465699 11.8602903
[109] 13.9063502 11.8280345  1.9203602  3.7467774  4.2505566         NA
[115]         NA         NA 17.0230018 14.9020216 16.1776604 14.4598972
[121]  6.7123665 11.5336562 13.2094385 11.4813590  7.6399415         NA
[127]  1.6342631  1.3274496         NA         NA 12.5391191         NA
[133] 19.1398186 16.9141209 15.0506900 11.4965516 14.0492727  5.4215718
[139]  1.6319961 12.3855912         NA         NA         NA         NA
[145]         NA         NA 16.6759210 14.1403223  6.0244923  8.2967026
[151] 10.6985993  6.2259725  7.1232456  1.2707744  0.2100726         NA
[157]  2.0308542  2.8424141         NA  0.5869101         NA         NA
[163]         NA         NA         NA         NA         NA         NA
[169] 14.5473898 11.8418571  6.5893387         NA 10.9775985         NA
[175]         NA         NA  2.6864301         NA  0.6133811         NA
[181]  1.1006785         NA         NA         NA         NA         NA
[187]         NA         NA         NA         NA         NA 15.7716802
[193] 14.5754967 14.0926599         NA 12.4525541         NA  1.8576942
[199]         NA         NA         NA         NA  4.6772650  2.0513002
[205]         NA  0.7934510         NA         NA 12.3233820 10.2210142
[211]  7.7207720  3.0330169         NA         NA         NA         NA
[217]         NA  0.5848193  1.2909911         NA         NA  0.1005985
[223]  2.1669760  0.1115232         NA         NA         NA         NA
[229]         NA         NA         NA         NA         NA         NA
[235]  0.3825343         NA  2.8873400         NA         NA         NA

$TS
  [1] 49.266511476 43.974309702 43.565328042 42.422519899 42.371656189
  [6] 39.970763681 39.522075174 32.445022624 31.091090735 39.468595316
 [11] 35.929241219 31.759047386 31.367762229 26.169711061 20.722643551
 [16] 17.621712644 34.826043136 31.070514207 29.008883463 23.705448957
 [21] 20.623667963 31.216390047 27.196906166 21.498436941 17.160645183
 [26] 33.973328881 21.623238618 20.272323111 20.196341212 20.499126756
 [31] 17.016877108 18.430776921 16.913730775 32.766857065 17.379611012
 [36] 20.007918149 17.149867926 16.538084646 12.111062644 31.868000305
 [41] 30.716435520 18.371680573 17.954322702 15.424527439  9.371572207
 [46] 31.361243156 29.945359951 29.385190892 28.518209378 20.753002114
 [51] 28.338549083 27.670329111 12.917431046 10.400619265  9.619704181
 [56] 14.143460719 31.171973465 26.376721193 28.878163552 27.802270817
 [61] 27.802102288 19.115698737 17.814107324 14.114359428 10.138557378
 [66]  7.071077392  3.695017675 10.172941864  7.417266089  4.195666472
 [71]  2.277649602  5.886977063  5.827812808 30.649206408 25.036213503
 [76] 25.901526107 25.140515463 28.727104287 21.963329211 27.428984626
 [81] 16.277227589 15.027204398 17.533226587 13.377955267 10.847790120
 [86]  1.437515174  2.987319836  0.515106899  2.475747931  6.706914159
 [91]  3.230604314  0.056978983  4.074333001 23.083673744 24.839017286
 [96] 21.570313666 18.888237771 12.837593167 26.346601840 23.686129124
[101] 20.465925738 18.433045738 18.336703774 16.444825013 17.791634096
[106] 15.843368849 14.133919879 13.043371428 17.199960956 13.235086853
[111]  6.506646611  4.967947165  4.379854424  2.430264279  0.994127285
[116]  0.697082558 17.946476214 16.759543144 17.344064854 24.574580398
[121] 22.701319159 22.514301918 22.025432373 14.252113513 15.055720467
[126]  5.706346301  3.205835891  2.338367579  0.087495963  0.614738477
[131] 17.292310367 10.556948513 22.101772232 20.958378210 20.356095016
[136] 14.161136925 18.336321079 13.210451556 14.001177848 12.886811939
[141]  8.433298424  2.800138961  9.883805673  7.981571718  5.584401346
[146]  5.544153452 21.395125494 19.963726480 12.415136451  9.792417954
[151] 12.432617808  8.446324161  7.515539255  7.198395625  5.640771118
[156]  5.276618219  4.523511914  8.332021561  6.909377309  2.696726256
[161]  0.976054661  9.264198304  5.026191405  1.962672275  3.196990865
[166]  0.823266086  0.503453817  4.026020238 21.300301514 18.990724081
[171]  7.236241131  6.299211249 11.000908148  6.284490901  7.253846837
[176]  5.775806653  5.162463706  3.127639846  1.250238177  2.163644454
[181]  6.347267007  6.711279137  6.299823938  1.915969052  2.333551450
[186]  2.233586119  0.663665125  1.436817408  0.460922472  1.190855157
[191]  0.881648971 17.535654250 17.077437807 15.221727659 13.608334462
[196] 13.171428276  6.684237761  5.618785888  4.074440393  5.276692457
[201]  5.196405535  3.022395841  6.035159563  5.952835654  0.017523930
[206]  2.214059595  0.005557008  0.735294382 14.866497474 13.422944270
[211] 10.066631965  4.382520442  2.712637463  2.094613884  4.152754629
[216]  1.875331244  2.719008035  4.206253543  3.763831417  3.020815650
[221]  2.653135716  1.721665138  3.261360632  2.778045073 10.524778497
[226]  1.124729020  0.626743332  0.472402199  1.879050972  0.364045913
[231]  3.569547618  1.825570939  1.733558455  7.108425960  1.254865596
[236]  3.259293384  5.181308623  0.622192401  2.877583899  0.315929479

$PAR
  [1]  NA   1   1   3   3   5   5   6   6   7   7   7   7   9   9   9  10  10
 [19]  10  10  10  12  13  13  16  17  20  20  20  21  21  24  24  26  29  30
 [37]  30  30  31  34  34  36  36  38  39  40  40  40  40  40  41  41  43  43
 [55]  43  44  46  46  48  48  49  50  50  50  53  53  53  54  54  54  54  55
 [73]  55  57  57  58  58  59  59  60  62  62  63  64  64  66  67  67  68  69
 [91]  69  70  72  75  77  77  77  77  78  78  78  78  78  78  79  79  79  82
[109]  83  84  90  90  90  93  93  93  95  95  96  99  99  99  99 105 106 111
[127] 111 111 114 116 120 121 122 122 122 122 123 123 124 124 125 127 132 132
[145] 132 132 133 135 138 138 139 139 139 139 139 139 139 141 141 141 142 143
[163] 144 144 145 145 145 146 147 148 149 149 151 152 153 154 154 154 155 156
[181] 158 159 159 159 163 163 163 165 167 168 168 169 169 170 170 170 171 174
[199] 174 175 176 181 182 183 184 185 185 186 193 195 195 195 195 195 198 199
[217] 200 201 201 201 202 202 204 204 210 214 214 214 215 216 218 218 221 225
[235] 229 231 234 235 236 239

$EXTANT
  [1] FALSE FALSE FALSE FALSE FALSE FALSE FALSE FALSE FALSE FALSE FALSE FALSE
 [13] FALSE FALSE FALSE FALSE FALSE FALSE FALSE FALSE FALSE FALSE FALSE FALSE
 [25] FALSE FALSE FALSE FALSE FALSE FALSE FALSE FALSE FALSE FALSE FALSE FALSE
 [37] FALSE FALSE FALSE FALSE FALSE FALSE FALSE FALSE FALSE FALSE FALSE FALSE
 [49] FALSE FALSE FALSE FALSE FALSE  TRUE FALSE FALSE FALSE FALSE FALSE FALSE
 [61] FALSE FALSE FALSE FALSE FALSE  TRUE  TRUE  TRUE  TRUE  TRUE  TRUE  TRUE
 [73]  TRUE FALSE FALSE FALSE FALSE FALSE FALSE FALSE FALSE FALSE FALSE FALSE
 [85] FALSE  TRUE FALSE  TRUE FALSE  TRUE FALSE  TRUE  TRUE FALSE FALSE FALSE
 [97] FALSE FALSE FALSE FALSE FALSE FALSE FALSE FALSE FALSE FALSE FALSE FALSE
[109] FALSE FALSE FALSE FALSE FALSE  TRUE  TRUE  TRUE FALSE FALSE FALSE FALSE
[121] FALSE FALSE FALSE FALSE FALSE  TRUE FALSE FALSE  TRUE  TRUE FALSE  TRUE
[133] FALSE FALSE FALSE FALSE FALSE FALSE FALSE FALSE  TRUE  TRUE  TRUE  TRUE
[145]  TRUE  TRUE FALSE FALSE FALSE FALSE FALSE FALSE FALSE FALSE FALSE  TRUE
[157] FALSE FALSE  TRUE FALSE  TRUE  TRUE  TRUE  TRUE  TRUE  TRUE  TRUE  TRUE
[169] FALSE FALSE FALSE  TRUE FALSE  TRUE  TRUE  TRUE FALSE  TRUE FALSE  TRUE
[181] FALSE  TRUE  TRUE  TRUE  TRUE  TRUE  TRUE  TRUE  TRUE  TRUE  TRUE FALSE
[193] FALSE FALSE  TRUE FALSE  TRUE FALSE  TRUE  TRUE  TRUE  TRUE FALSE FALSE
[205]  TRUE FALSE  TRUE  TRUE FALSE FALSE FALSE FALSE  TRUE  TRUE  TRUE  TRUE
[217]  TRUE FALSE FALSE  TRUE  TRUE FALSE FALSE FALSE  TRUE  TRUE  TRUE  TRUE
[229]  TRUE  TRUE  TRUE  TRUE  TRUE  TRUE FALSE  TRUE FALSE  TRUE  TRUE  TRUE

