
Birth-death simulation object with 110 species and 14 extant species

Details for some species:

Extinction times (NA means extant)
[1] 45.97972 29.34579 45.53855 27.52264 32.34394 29.93555


Speciation times 
[1] 49.26651 47.94927 47.07128 40.70975 37.32295 35.08556


Species parents (NA for initial)
[1] NA  1  2  2  4  5


Species status (extinct or extant)
[1] "extinct" "extinct" "extinct" "extinct" "extinct" "extinct"


For more details on vector y, try sim$y, with y one of
TE TS PAR EXTANT



$TE
  [1] 45.979721 29.345790 45.538549 27.522636 32.343938 29.935547 21.224383
  [8] 30.857583 20.528744 16.799239 18.592694 17.048420 25.787195 15.248175
 [15] 14.901534 24.683018 18.119994 19.200923 13.652136 13.406111 14.949306
 [22] 15.116939 23.798346 14.563724 13.736222 17.263799 11.112082 19.917946
 [29] 15.189393 14.664011 16.849606 22.313525 13.754422 13.222586 14.245378
 [36] 12.086868 14.830598 11.818323 17.504472 21.220104 14.009389 16.497971
 [43] 14.635500 14.783725 17.705750 14.725925 12.253612 14.291284 14.330984
 [50] 12.349011 14.306465 14.949048 15.262677 12.591654 10.878486 15.657139
 [57] 16.482951 14.903020 19.172493 13.475547 18.346194 13.745120 15.179849
 [64] 19.319871 12.741645 17.146785 16.768543 13.979373 16.707697 14.527802
 [71] 15.472094 14.856156 15.723578 10.913946 17.224335 15.210069 15.328472
 [78] 15.302413 16.501308 13.629087        NA 18.600670 16.585765 12.712580
 [85] 14.677854 17.549473  9.939720 15.282652  5.379787  5.973400        NA
 [92]        NA 10.926590  5.827676  7.443836        NA        NA        NA
 [99]        NA  8.173569  2.082156  1.246456        NA        NA        NA
[106]        NA        NA        NA  1.959125        NA

$TS
  [1] 49.2665115 47.9492750 47.0712783 40.7097537 37.3229537 35.0855649
  [7] 33.6022267 32.3727378 29.8741629 28.7861550 22.1310826 26.9264730
 [13] 26.3359417 26.6080489 26.2484438 25.3936525 25.1650920 20.2658992
 [19] 17.9089729 17.4138343 26.4096366 25.8265649 25.2491666 23.5420595
 [25] 22.6727082 17.7611241 23.6348280 19.9812387 15.9268382 21.0430332
 [31] 18.7387705 25.1028458 22.9945785 19.2661461 16.9886846 17.5897530
 [37] 16.4967744 23.2123578 22.7698800 22.5207448 20.7774263 17.8288206
 [43] 16.2460737 23.1524497 19.6130170 18.5693410 16.7216463 20.6220795
 [49] 19.9245667 19.1991123 16.9787931 23.0933704 20.6326345 12.8515022
 [55] 11.5221387 18.1638576 18.0590341 20.6701765 19.3363834 15.5121544
 [61] 19.2386474 14.9419035 20.6487282 20.0512929 16.4025408 17.8681681
 [67] 19.2701101 14.6988563 18.6637671 17.0258690 16.1068484 17.3716561
 [73] 16.5601099 13.7140850 18.5544527 16.8590463 17.9666268 17.2170464
 [79] 18.5933000 15.2138689 13.9602732 18.7029922 16.8872274 15.7091325
 [85] 15.8061173 17.9165620 16.8853732 15.4634218 10.3984165  9.5505687
 [91]  4.3770688  3.9042612 11.9076788 10.2289957  8.9948347  7.9449842
 [97]  5.8323016  0.2868368  1.9569315  8.6000167  8.3257328  6.0862773
[103]  7.0632345  1.1181572  3.3203920  0.4723601  4.4700144  5.1509528
[109]  2.7406180  2.3168586

$PAR
  [1]  NA   1   2   2   4   5   6   6   7   7   7   9   9  10  10  10  10  10
 [19]  10  10  12  12  12  12  12  12  14  14  14  15  15  16  17  17  19  21
 [37]  21  22  22  22  22  22  22  24  24  24  24  25  25  25  25  27  27  27
 [55]  27  30  30  33  33  33  34  35  38  38  38  39  41  41  44  48  49  50
 [73]  50  50  52  53  57  57  58  60  62  67  69  70  71  77  77  77  81  81
 [91]  81  81  87  89  89  89  89  91  92  94  94  94  96  96  97  97 101 102
[109] 108 109

$EXTANT
  [1] FALSE FALSE FALSE FALSE FALSE FALSE FALSE FALSE FALSE FALSE FALSE FALSE
 [13] FALSE FALSE FALSE FALSE FALSE FALSE FALSE FALSE FALSE FALSE FALSE FALSE
 [25] FALSE FALSE FALSE FALSE FALSE FALSE FALSE FALSE FALSE FALSE FALSE FALSE
 [37] FALSE FALSE FALSE FALSE FALSE FALSE FALSE FALSE FALSE FALSE FALSE FALSE
 [49] FALSE FALSE FALSE FALSE FALSE FALSE FALSE FALSE FALSE FALSE FALSE FALSE
 [61] FALSE FALSE FALSE FALSE FALSE FALSE FALSE FALSE FALSE FALSE FALSE FALSE
 [73] FALSE FALSE FALSE FALSE FALSE FALSE FALSE FALSE  TRUE FALSE FALSE FALSE
 [85] FALSE FALSE FALSE FALSE FALSE FALSE  TRUE  TRUE FALSE FALSE FALSE  TRUE
 [97]  TRUE  TRUE  TRUE FALSE FALSE FALSE  TRUE  TRUE  TRUE  TRUE  TRUE  TRUE
[109] FALSE  TRUE

