
Birth-death simulation object with 171 species and 36 extant species

Details for some species:

Extinction times (NA means extant)
[1] 32.06375 41.96056 15.05366 39.17127 30.51543 27.70146


Speciation times 
[1] 49.26651 44.66580 42.78656 42.37481 36.84407 33.91605


Species parents (NA for initial)
[1] NA  1  1  1  1  1


Species status (extinct or extant)
[1] "extinct" "extinct" "extinct" "extinct" "extinct" "extinct"


For more details on vector y, try sim$y, with y one of
TE TS PAR EXTANT



$TE
  [1] 32.0637452 41.9605624 15.0536561 39.1712673 30.5154327 27.7014577
  [7] 40.1214940 27.7381449 25.3190894 14.1672975 13.8357473 17.1392429
 [13] 30.8050363 28.3495950 33.8353192 33.2956533 23.9517954 21.1131281
 [19]         NA 15.3220506 13.6653211 16.9948199 30.3622503 26.7090722
 [25] 27.7413024 32.6847042 20.9347695 30.3080585 21.9364241 21.2534268
 [31] 13.7447217         NA 14.4328178 25.0121620 37.7821451 18.3213721
 [37] 22.9184472 25.0359406 14.1994856 10.8688189 14.8158115         NA
 [43] 15.3223592 12.9535534 23.2165646 15.8095222 14.6728778 18.5941903
 [49] 18.6499562 14.8663694 13.9213107 13.4481471 13.0677178 10.7361349
 [55] 12.1351196 13.0109632 12.2562206 27.3283285 14.1370118 14.4770435
 [61] 25.8803473 15.3778189 14.5227865 13.3969617 12.5262769         NA
 [67] 14.0096614 11.5661283 10.5308325 14.5207448 14.9901635 13.3597839
 [73] 14.2592146 14.4922291 12.8815202 14.7768957 13.6561313 14.2083370
 [79] 14.0668711 17.2199695 12.1072559 12.3337627 14.8418623 13.9072874
 [85]  1.9698634 13.9604831 12.9523767 14.6015878 12.9693019 14.4078758
 [91] 15.1706377 12.2561635 15.9549793 14.6629174 14.4107674 12.1791227
 [97]  1.3011011 11.2850418 11.4285813 11.6837341 13.2046720 14.1925420
[103] 11.1929682 13.5345992 13.4909787 11.4871525         NA 12.0429953
[109]         NA  3.2831564         NA  5.4960129 12.5243629 10.7937481
[115] 14.0289466 12.3541092 14.0427476 12.1355108 14.1120776  0.9578292
[121]  7.2559999  2.3474650  5.0127786         NA         NA         NA
[127]  1.9561954         NA  9.8681098         NA         NA  1.9195419
[133]         NA  3.0457528  2.3738707         NA  4.3208249         NA
[139]  3.6898684         NA         NA         NA         NA         NA
[145]  0.0426558  4.6448583  1.6427789  1.6036165  0.1406360  5.1502474
[151]         NA  4.2141199  2.5821659         NA  2.3543883         NA
[157]         NA         NA         NA  0.4654246  0.8384581         NA
[163]         NA         NA         NA  2.6644898         NA         NA
[169]         NA         NA         NA

$TS
  [1] 4.926651e+01 4.466580e+01 4.278656e+01 4.237481e+01 3.684407e+01
  [6] 3.391605e+01 4.419755e+01 3.474244e+01 2.999650e+01 2.818323e+01
 [11] 2.144753e+01 2.066379e+01 3.559116e+01 3.539921e+01 4.141104e+01
 [16] 4.099280e+01 2.809366e+01 2.769750e+01 1.844789e+01 1.713307e+01
 [21] 1.965555e+01 1.715301e+01 3.225946e+01 3.247357e+01 3.202489e+01
 [26] 3.975401e+01 3.500248e+01 3.359880e+01 2.712063e+01 2.575431e+01
 [31] 2.236951e+01 3.895425e+00 1.813247e+01 3.087746e+01 3.794718e+01
 [36] 3.363615e+01 2.800781e+01 2.532620e+01 2.389377e+01 2.093294e+01
 [41] 1.704208e+01 3.591623e-01 1.591711e+01 1.488304e+01 3.237652e+01
 [46] 1.972554e+01 2.761315e+01 2.752588e+01 2.705388e+01 2.272711e+01
 [51] 2.233068e+01 1.608224e+01 1.489394e+01 1.443973e+01 1.417599e+01
 [56] 1.341610e+01 1.306911e+01 3.070095e+01 2.520417e+01 1.712181e+01
 [61] 2.754710e+01 2.585653e+01 1.887805e+01 1.810631e+01 1.755596e+01
 [66] 1.735805e+01 1.720057e+01 1.517394e+01 2.403589e+01 2.018160e+01
 [71] 1.614555e+01 1.571438e+01 2.221749e+01 1.482344e+01 1.428066e+01
 [76] 1.958774e+01 1.529836e+01 1.448956e+01 2.715076e+01 1.853115e+01
 [81] 1.789360e+01 1.294682e+01 1.556618e+01 1.507084e+01 8.747027e+00
 [86] 1.715945e+01 1.324875e+01 1.646364e+01 1.409757e+01 1.561773e+01
 [91] 2.099673e+01 1.505571e+01 1.747828e+01 1.968686e+01 1.807194e+01
 [96] 1.729074e+01 1.416489e+01 1.789320e+01 1.656786e+01 1.649580e+01
[101] 1.642121e+01 1.574026e+01 1.483982e+01 1.391321e+01 1.505465e+01
[106] 1.488942e+01 1.414959e+01 1.648186e+01 9.301779e+00 8.889892e+00
[111] 7.342815e+00 6.026877e+00 1.462383e+01 1.240954e+01 1.479907e+01
[116] 1.277578e+01 1.564666e+01 1.218036e+01 1.416625e+01 1.055307e+01
[121] 9.038878e+00 5.778026e+00 8.862698e+00 7.664104e+00 7.566405e+00
[126] 4.436287e+00 2.697236e+00 1.715735e+00 1.148310e+01 4.377941e+00
[131] 1.498040e+00 8.995411e+00 3.056590e+00 7.263287e+00 6.769813e+00
[136] 7.485051e+00 6.620780e+00 2.604632e-01 7.403980e+00 7.362202e+00
[141] 2.440669e+00 1.134785e+00 8.788515e-02 5.615393e+00 4.410219e-01
[146] 7.391226e+00 6.271731e+00 3.718003e+00 1.311432e+00 5.914488e+00
[151] 5.751494e+00 5.048780e+00 5.809327e+00 6.666394e+00 5.166648e+00
[156] 5.930185e+00 2.755045e+00 2.281297e+00 2.020311e+00 5.678023e+00
[161] 5.621719e+00 1.500923e+00 1.064717e+00 4.900082e+00 5.278491e+00
[166] 4.074265e+00 1.303735e+00 2.349853e+00 5.318672e-01 8.660356e-05
[171] 4.739223e-01

$PAR
  [1]  NA   1   1   1   1   1   2   3   3   3   3   3   5   5   7   7   8  10
 [19]  10  10  11  11  13  14  14  16  16  16  18  18  18  19  21  24  26  26
 [37]  27  29  30  31  31  32  33  33  36  36  37  37  37  39  39  40  41  44
 [55]  44  44  44  45  45  46  47  47  47  47  47  47  47  47  48  49  50  50
 [73]  51  51  53  59  59  60  61  63  63  65  66  66  66  67  68  69  69  72
 [91]  73  73  76  79  79  79  79  81  81  81  81  81  84  84  86  86  92  96
[109]  97  97  97  97  98  98  99 100 101 103 106 107 107 109 110 110 110 110
[127] 111 111 114 120 120 121 122 123 123 124 124 124 125 125 127 128 130 132
[145] 133 136 136 136 136 137 137 137 140 146 146 147 147 147 148 151 151 151
[163] 151 152 153 153 154 157 157 157 167

$EXTANT
  [1] FALSE FALSE FALSE FALSE FALSE FALSE FALSE FALSE FALSE FALSE FALSE FALSE
 [13] FALSE FALSE FALSE FALSE FALSE FALSE  TRUE FALSE FALSE FALSE FALSE FALSE
 [25] FALSE FALSE FALSE FALSE FALSE FALSE FALSE  TRUE FALSE FALSE FALSE FALSE
 [37] FALSE FALSE FALSE FALSE FALSE  TRUE FALSE FALSE FALSE FALSE FALSE FALSE
 [49] FALSE FALSE FALSE FALSE FALSE FALSE FALSE FALSE FALSE FALSE FALSE FALSE
 [61] FALSE FALSE FALSE FALSE FALSE  TRUE FALSE FALSE FALSE FALSE FALSE FALSE
 [73] FALSE FALSE FALSE FALSE FALSE FALSE FALSE FALSE FALSE FALSE FALSE FALSE
 [85] FALSE FALSE FALSE FALSE FALSE FALSE FALSE FALSE FALSE FALSE FALSE FALSE
 [97] FALSE FALSE FALSE FALSE FALSE FALSE FALSE FALSE FALSE FALSE  TRUE FALSE
[109]  TRUE FALSE  TRUE FALSE FALSE FALSE FALSE FALSE FALSE FALSE FALSE FALSE
[121] FALSE FALSE FALSE  TRUE  TRUE  TRUE FALSE  TRUE FALSE  TRUE  TRUE FALSE
[133]  TRUE FALSE FALSE  TRUE FALSE  TRUE FALSE  TRUE  TRUE  TRUE  TRUE  TRUE
[145] FALSE FALSE FALSE FALSE FALSE FALSE  TRUE FALSE FALSE  TRUE FALSE  TRUE
[157]  TRUE  TRUE  TRUE FALSE FALSE  TRUE  TRUE  TRUE  TRUE FALSE  TRUE  TRUE
[169]  TRUE  TRUE  TRUE

