
Birth-death simulation object with 154 species and 53 extant species

Details for some species:

Extinction times (NA means extant)
[1] 38.63376 43.41375 39.27064 38.19321 47.11929 43.53926


Speciation times 
[1] 49.26651 48.45927 46.44628 40.24678 47.78998 46.45808


Species parents (NA for initial)
[1] NA  1  1  1  2  2


Species status (extinct or extant)
[1] "extinct" "extinct" "extinct" "extinct" "extinct" "extinct"


For more details on vector y, try sim$y, with y one of
TE TS PAR EXTANT



$TE
  [1] 38.63375994 43.41375254 39.27064313 38.19321423 47.11928967 43.53926332
  [7] 29.48617082 33.90091776 38.25200645 44.89696598 13.58266223 33.41829454
 [13] 32.16922217 28.45129961 32.43553411 22.70021487 14.55857022 13.48975337
 [19] 23.32471012 29.65773528 25.63994665 14.67902606 13.33880141 13.16746628
 [25] 15.08200653 13.43626099 19.06945425 26.30029348 28.98206122 14.98963820
 [31] 14.17705196 20.99362586 17.01102498 18.36298655 13.11533592 15.31642517
 [37] 13.65199703 13.74733911 11.77740189 17.46338889 18.22367170 12.78448235
 [43] 23.40910537 22.89781580 19.84769396 20.01303130 11.84437173  8.67344491
 [49] 11.88686207 13.25297725 16.12793109 15.43122940          NA 10.51039699
 [55]  9.67193213 14.61057903 14.71505100 12.66880247 13.49960286  7.55940037
 [61]  9.06238446 14.43606940 16.72110464 11.46714163  7.19881562  6.68506720
 [67]          NA          NA  9.37389399          NA 12.64174364  1.29305004
 [73]          NA 14.66106211          NA  5.99149271  1.50768032          NA
 [79]          NA          NA 10.00393298 13.68964046  9.33615250          NA
 [85]  1.79448522          NA 14.41412959  6.95248461  5.55205397  6.34754481
 [91]  4.70977188          NA          NA  8.39532994          NA          NA
 [97]  3.27367112  3.87917789  2.75117147          NA  2.29912863  3.12751132
[103]          NA  8.02976274          NA          NA          NA 11.07892688
[109]          NA          NA          NA          NA          NA          NA
[115]          NA  1.53296985  1.54117413          NA          NA          NA
[121]  2.18020786          NA          NA  0.40432994 11.18052048          NA
[127]          NA  1.60206147          NA          NA          NA          NA
[133]  0.44584602          NA          NA          NA          NA          NA
[139]          NA          NA  0.18592031  2.02604387  0.03295629  0.54827208
[145]          NA          NA          NA  1.71371813  2.73909771          NA
[151]          NA          NA          NA          NA

$TS
  [1] 49.26651148 48.45926815 46.44628092 40.24678286 47.78997783 46.45808434
  [7] 41.28830674 41.22026423 40.17483147 46.42979652 30.59763473 36.25815439
 [13] 35.08702376 34.43828134 38.70454013 28.06930424 20.76426150 19.48799958
 [19] 29.83359004 37.08623359 26.05217060 26.01192083 23.39103023 20.41566377
 [25] 20.21512228 14.16216049 28.05067160 31.04524872 29.92237579 18.38415668
 [31] 15.41054013 21.14445642 20.98357085 18.49472849 17.21783373 16.55361023
 [37] 15.99627535 18.97281317 15.37229117 19.46585403 18.71014623 18.34363359
 [43] 25.08554158 24.38186099 20.31523028 29.41431500 16.87990429 14.20501655
 [49] 14.92438601 13.87252402 18.70212075 18.20738531 17.15415546 15.45982112
 [55] 15.34260147 16.49760576 15.63095308 14.92223919 14.44951428 11.47845314
 [61] 10.47735864 17.51403651 17.10508325 16.10910406  9.96415345  9.70874919
 [67]  3.63908527  1.71544305 14.82061348 10.57112804 16.41221405 10.37929601
 [73]  9.73691803 15.50525911 13.03580473  9.21163522  9.39788232  8.69602469
 [79]  8.58701764  0.61521385 14.59260457 14.45223925 10.43715169  9.76969417
 [85]  3.00103998  2.41975185 15.05763776  9.32259973  7.97752090  6.99023671
 [91]  6.42841828  5.63771460  2.51748006  8.98505082  2.46217766  0.68610544
 [97]  8.63335115  8.29582342  8.46416684  6.00654120  4.17853624  6.17742219
[103]  3.06030882  8.40862761  3.05865776  1.47421766  0.14218066 13.20091984
[109] 10.11306220  4.23872943  6.46526022  2.34579987  1.53718309  0.34001432
[115]  6.45654563  3.40592310  4.54879217  3.72991488  2.76275892  1.09112628
[121]  2.63447131  5.60455941  2.32790036  1.26430378 12.36218622  6.43169050
[127]  2.34282074  1.94383281  1.15600591  1.04587766  0.83148512  4.28995739
[133]  0.59208466  5.24720802  2.24492698  1.05571927  0.80806205  0.77173128
[139]  0.38174398  3.13605446  2.43942179  4.30881283  3.93332841  3.76465350
[145]  0.76732836  2.39594171  0.59476308  2.04757465  3.50990738  0.97462542
[151]  0.04009967  1.68430596  1.23427710  1.10375891

$PAR
  [1]  NA   1   1   1   2   2   3   3   3   6   7   8   8   8   9  11  11  11
 [19]  14  15  16  16  16  17  17  18  19  20  20  22  22  23  23  23  23  23
 [37]  23  24  24  25  25  25  27  27  27  28  30  31  35  35  38  38  38  38
 [55]  39  42  47  47  47  48  48  51  52  53  53  53  53  53  54  55  56  60
 [73]  60  62  64  65  66  66  66  68  69  69  70  70  70  70  71  73  73  73
 [91]  73  73  73  75  75  75  76  76  77  77  77  78  78  79  79  79  79  81
[109]  83  84  90  92  95  95  97  97 100 100 100 100 101 102 105 105 108 109
[127] 111 112 112 112 119 122 124 126 127 127 129 130 131 132 132 134 134 134
[145] 138 140 140 141 144 144 145 146 146 146

$EXTANT
  [1] FALSE FALSE FALSE FALSE FALSE FALSE FALSE FALSE FALSE FALSE FALSE FALSE
 [13] FALSE FALSE FALSE FALSE FALSE FALSE FALSE FALSE FALSE FALSE FALSE FALSE
 [25] FALSE FALSE FALSE FALSE FALSE FALSE FALSE FALSE FALSE FALSE FALSE FALSE
 [37] FALSE FALSE FALSE FALSE FALSE FALSE FALSE FALSE FALSE FALSE FALSE FALSE
 [49] FALSE FALSE FALSE FALSE  TRUE FALSE FALSE FALSE FALSE FALSE FALSE FALSE
 [61] FALSE FALSE FALSE FALSE FALSE FALSE  TRUE  TRUE FALSE  TRUE FALSE FALSE
 [73]  TRUE FALSE  TRUE FALSE FALSE  TRUE  TRUE  TRUE FALSE FALSE FALSE  TRUE
 [85] FALSE  TRUE FALSE FALSE FALSE FALSE FALSE  TRUE  TRUE FALSE  TRUE  TRUE
 [97] FALSE FALSE FALSE  TRUE FALSE FALSE  TRUE FALSE  TRUE  TRUE  TRUE FALSE
[109]  TRUE  TRUE  TRUE  TRUE  TRUE  TRUE  TRUE FALSE FALSE  TRUE  TRUE  TRUE
[121] FALSE  TRUE  TRUE FALSE FALSE  TRUE  TRUE FALSE  TRUE  TRUE  TRUE  TRUE
[133] FALSE  TRUE  TRUE  TRUE  TRUE  TRUE  TRUE  TRUE FALSE FALSE FALSE FALSE
[145]  TRUE  TRUE  TRUE FALSE FALSE  TRUE  TRUE  TRUE  TRUE  TRUE

