
Birth-death simulation object with 141 species and 42 extant species

Details for some species:

Extinction times (NA means extant)
[1] 35.43253 48.11159 38.22599 38.97419 24.83335 35.88512


Speciation times 
[1] 49.26651 48.47367 42.17971 41.75763 40.54241 36.82229


Species parents (NA for initial)
[1] NA  1  1  1  4  5


Species status (extinct or extant)
[1] "extinct" "extinct" "extinct" "extinct" "extinct" "extinct"


For more details on vector y, try sim$y, with y one of
TE TS PAR EXTANT



$TE
  [1] 35.43252929 48.11159105 38.22599244 38.97418871 24.83335484 35.88511957
  [7] 28.78049652 14.84319022 31.20308310 20.50336952 31.28941602 22.67635934
 [13] 26.52513389 22.17276483 16.76994723 15.37427759 16.09381048 21.88730539
 [19] 20.89476748 23.33128896 12.78395346 14.90496072 27.13555390 13.38128657
 [25] 24.55119209 13.92541923 11.26845371 17.68681506 13.38541654 12.77850290
 [31] 10.65682241  9.22060318 19.88102808 16.01561500 15.32455377 15.28691724
 [37] 11.44028164 15.29106005 16.95237793 13.64784865 14.71284969 13.40993825
 [43] 15.00340472 13.06966915 13.84556336 16.95722951 20.52762779 10.95201935
 [49] 10.53997686  5.71099683 15.14299708 10.46730458 18.91206472 15.26053203
 [55] 21.29461884 20.01906759 14.71158545 10.93615339 11.91423069 14.94433617
 [61] 14.58974023 11.93761865  4.42734579  8.06777200          NA          NA
 [67]          NA          NA 20.82927714 21.76082957 18.03593885 15.82812380
 [73] 16.89478898 15.28574012 11.16815586          NA  4.41894784  7.07769743
 [79]  0.62662792  7.11838992          NA          NA          NA          NA
 [85]          NA  2.72992649          NA  5.08524148          NA 14.56006660
 [91]  9.93835999          NA  1.56565675          NA          NA  1.27511268
 [97]  4.57451486  2.45509404          NA  1.52971563          NA          NA
[103]          NA          NA          NA 11.12483565 10.91103842          NA
[109]  2.95984447          NA  0.64611721          NA  0.76259553          NA
[115]          NA          NA          NA 12.65119108 11.95757171 12.71941683
[121]  0.06534787          NA  0.63710769  1.80482613  1.09512433          NA
[127]  0.17748628  1.50696414          NA          NA          NA          NA
[133]          NA          NA          NA          NA  0.50275051          NA
[139]          NA          NA          NA

$TS
  [1] 49.2665115 48.4736747 42.1797128 41.7576293 40.5424116 36.8222919
  [7] 34.5262165 25.1606861 33.1936201 32.8210726 31.8629015 31.7030309
 [13] 29.5553269 29.4630289 22.2531920 22.1052552 17.3599991 22.2469671
 [19] 21.8874379 27.4780702 23.1484927 27.3288559 27.2250732 24.9437587
 [25] 24.6873074 21.6285004 19.1678863 25.4020960 24.8603769 14.4060184
 [31] 13.0810549 12.9727596 25.4302462 17.1976376 16.7305657 16.0596093
 [37] 15.0804598 27.1391139 20.7282225 13.6856230 19.6810509 17.8759338
 [43] 16.3587872 13.2908693 20.1925928 19.7104171 22.3124724 14.6207509
 [49] 11.3245212 10.7535428 22.5781656 16.1479461 24.8774139 24.1001541
 [55] 22.4373614 20.8608927 18.3558913 17.1020401 17.0471709 16.8580025
 [61] 15.1397677 17.3469373 10.3670171  9.8710898  9.7010447  7.8409736
 [67]  6.1811392  5.8174888 20.8974904 22.3683296 21.7591156 20.6175878
 [73] 17.2931768 17.0793883 12.7734929 15.0334581 16.0672553  7.7930337
 [79]  8.2698500  8.2243563  7.8350505  6.6951782  1.7354342  1.2096537
 [85]  6.8943232  5.0672699  4.9160526  5.5473335 17.0436802 16.5782367
 [91] 11.4539586  9.6763273  5.8167471  1.5157155  5.2542223  5.6471076
 [97]  4.6801501  4.6492019  4.5686680  3.1828433  2.5274088  7.6275584
[103]  2.7281344  1.2440951  6.2806615 14.4770405 12.4395583  7.0227165
[109]  5.3726687  3.2637328  2.2623796  2.5644332  0.9533463  3.9411621
[115]  3.1785605  0.1914359  5.6901426 13.2919964 12.9909289 12.9238606
[121]  3.1809838  1.3157274  4.1346443  3.4635743  1.2537615  0.8130543
[127]  3.6304126  2.8085265  0.1989025  1.9080918  0.3191824  3.8479239
[133]  3.8288510  3.8245821  3.0359550  2.4576469  3.1409094  2.5534769
[139]  0.5361036  2.7031353  0.9327729

$PAR
  [1]  NA   1   1   1   4   5   5   5   7   7   7   7   7   7   8   8   8  10
 [19]  10  12  12  13  13  14  14  16  16  20  20  21  21  21  22  22  22  22
 [37]  22  23  24  24  26  26  26  27  28  28  29  29  32  32  33  35  38  38
 [55]  38  38  38  39  41  41  41  46  50  50  50  50  50  50  51  55  55  56
 [73]  57  57  59  60  62  63  64  64  65  65  65  65  66  67  67  68  74  74
 [91]  75  76  76  76  77  79  79  79  79  79  79  80  82  82  85  89  89  89
[109]  89  92  92  93  94  96  96 102 105 106 106 106 108 108 109 109 110 112
[127] 114 114 114 115 115 117 117 117 117 117 121 128 132 135 135

$EXTANT
  [1] FALSE FALSE FALSE FALSE FALSE FALSE FALSE FALSE FALSE FALSE FALSE FALSE
 [13] FALSE FALSE FALSE FALSE FALSE FALSE FALSE FALSE FALSE FALSE FALSE FALSE
 [25] FALSE FALSE FALSE FALSE FALSE FALSE FALSE FALSE FALSE FALSE FALSE FALSE
 [37] FALSE FALSE FALSE FALSE FALSE FALSE FALSE FALSE FALSE FALSE FALSE FALSE
 [49] FALSE FALSE FALSE FALSE FALSE FALSE FALSE FALSE FALSE FALSE FALSE FALSE
 [61] FALSE FALSE FALSE FALSE  TRUE  TRUE  TRUE  TRUE FALSE FALSE FALSE FALSE
 [73] FALSE FALSE FALSE  TRUE FALSE FALSE FALSE FALSE  TRUE  TRUE  TRUE  TRUE
 [85]  TRUE FALSE  TRUE FALSE  TRUE FALSE FALSE  TRUE FALSE  TRUE  TRUE FALSE
 [97] FALSE FALSE  TRUE FALSE  TRUE  TRUE  TRUE  TRUE  TRUE FALSE FALSE  TRUE
[109] FALSE  TRUE FALSE  TRUE FALSE  TRUE  TRUE  TRUE  TRUE FALSE FALSE FALSE
[121] FALSE  TRUE FALSE FALSE FALSE  TRUE FALSE FALSE  TRUE  TRUE  TRUE  TRUE
[133]  TRUE  TRUE  TRUE  TRUE FALSE  TRUE  TRUE  TRUE  TRUE

