
Birth-death simulation object with 117 species and 29 extant species

Details for some species:

Extinction times (NA means extant)
[1] 33.29333 40.29439 37.09668 26.10079 45.80586 44.37703


Speciation times 
[1] 49.26651 48.39858 38.86928 34.03285 48.12732 44.94833


Species parents (NA for initial)
[1] NA  1  1  1  2  2


Species status (extinct or extant)
[1] "extinct" "extinct" "extinct" "extinct" "extinct" "extinct"


For more details on vector y, try sim$y, with y one of
TE TS PAR EXTANT



$TE
  [1] 33.2933343 40.2943930 37.0966826 26.1007932 45.8058556 44.3770258
  [7] 23.9278906 15.1230723 38.3626876 21.8109288 12.6393465 23.4841665
 [13] 17.0421682 12.8986721 38.0459724 37.8685622 39.1000037 34.4138472
 [19] 21.8002102 25.9970586 23.6564711 15.3921392 13.7934450 15.0331206
 [25] 13.5031504 15.1090853 42.3890820 30.3285161 15.2017519 18.7464106
 [31] 13.7503612 14.0570346 14.5136434 32.4052609 32.0879840 36.2995298
 [37] 18.5707254 10.7666895 14.0171199 10.9964338 30.0433043 22.7394710
 [43] 37.2912605 32.7904105 15.8758149 11.8177097 12.3622640 11.2618886
 [49] 14.2178329 32.6905806 22.5265061 18.6827280 22.5946980 17.2926750
 [55] 34.8368996 22.7696266         NA 15.6369938 13.0806395 25.8774505
 [61] 17.4578589 19.2341774 15.9154923 12.7257642 13.4717377 14.1169526
 [67] 13.7234737  6.5384888  6.8411011         NA         NA  7.4385672
 [73] 12.7737424 14.4719656 14.2522610         NA  4.5749417         NA
 [79]         NA  5.3990006         NA         NA 14.7279842 12.3209702
 [85]  6.4803418         NA  4.4667266         NA  8.7366659  0.6862905
 [91]  0.5712701         NA         NA         NA  2.7559469  4.4106007
 [97]         NA         NA  2.7002812  3.4493949         NA         NA
[103]         NA         NA  0.4390143         NA         NA  1.4429053
[109]         NA         NA         NA  1.7192278         NA         NA
[115]         NA         NA         NA

$TS
  [1] 49.26651148 48.39857901 38.86927935 34.03285464 48.12731877 44.94833057
  [7] 31.75567438 30.44504330 46.86040730 31.60313205 29.99128130 25.59440950
 [13] 21.79760560 19.42029485 45.85139095 44.34517841 42.26142925 38.75654072
 [19] 24.42172634 28.27424719 25.67546335 21.77145656 14.29682953 18.93917766
 [25] 18.11597687 15.42772628 43.72413835 40.80127515 21.07177240 19.79167270
 [31] 17.33548629 16.97150379 15.03437936 43.03051131 37.90808369 36.55376072
 [37] 20.79479803 17.87559835 17.46028093 14.95414050 36.11336901 33.65302107
 [43] 37.33745659 36.16401368 33.63951602 13.22362513 12.40797695 16.70623103
 [49] 14.71768675 34.71061368 32.21247926 24.39130698 24.30238540 22.88879931
 [55] 35.38673259 30.90029912 17.37834283 16.72040151 13.21852776 26.94030259
 [61] 21.94391091 19.42574091 18.90984784 17.32535197 26.99056814 15.56274212
 [67] 14.13531601 12.01734326 10.94255247  9.48018489  2.18526725 18.81102700
 [73] 18.47160172 14.70641485 17.09710638  7.27325684  6.83521939  9.36648799
 [79]  8.21108154  7.52037836  1.22214492  1.71428714 14.92912715 13.58157407
 [85]  8.10371042  6.03254720  5.87223598  5.47873375  8.78542600  6.07672714
 [91]  7.08502300  6.76592818  0.68033274  6.78783096  6.74048268  5.03520450
 [97]  2.05260894  1.67397199  4.77307748  6.75747187  5.92671289  0.98516925
[103]  4.74236784  3.55116876  1.64573718  3.64561005  5.48837702  1.51446396
[109]  2.12680721  1.42355933  3.58529753  3.42145237  3.39052964  1.37701969
[115]  3.09577768  0.82915569  0.06864196

$PAR
  [1]  NA   1   1   1   2   2   4   4   5   7   8   8   8   8   9   9   9   9
 [19]  10  11  11  11  11  13  13  14  16  16  22  22  24  24  24  27  28  28
 [37]  29  29  29  31  34  34  35  35  35  38  38  39  40  41  41  42  42  42
 [55]  44  45  45  45  46  51  54  54  54  54  56  57  57  57  57  57  57  63
 [73]  63  64  65  68  68  69  69  69  70  71  72  72  72  77  77  77  78  78
 [91]  79  79  81  85  85  86  90  90  91  92  92  92  94  95  97  99 100 101
[109] 103 104 106 111 111 111 113 113 113

$EXTANT
  [1] FALSE FALSE FALSE FALSE FALSE FALSE FALSE FALSE FALSE FALSE FALSE FALSE
 [13] FALSE FALSE FALSE FALSE FALSE FALSE FALSE FALSE FALSE FALSE FALSE FALSE
 [25] FALSE FALSE FALSE FALSE FALSE FALSE FALSE FALSE FALSE FALSE FALSE FALSE
 [37] FALSE FALSE FALSE FALSE FALSE FALSE FALSE FALSE FALSE FALSE FALSE FALSE
 [49] FALSE FALSE FALSE FALSE FALSE FALSE FALSE FALSE  TRUE FALSE FALSE FALSE
 [61] FALSE FALSE FALSE FALSE FALSE FALSE FALSE FALSE FALSE  TRUE  TRUE FALSE
 [73] FALSE FALSE FALSE  TRUE FALSE  TRUE  TRUE FALSE  TRUE  TRUE FALSE FALSE
 [85] FALSE  TRUE FALSE  TRUE FALSE FALSE FALSE  TRUE  TRUE  TRUE FALSE FALSE
 [97]  TRUE  TRUE FALSE FALSE  TRUE  TRUE  TRUE  TRUE FALSE  TRUE  TRUE FALSE
[109]  TRUE  TRUE  TRUE FALSE  TRUE  TRUE  TRUE  TRUE  TRUE

