
Birth-death simulation object with 331 species and 115 extant species

Details for some species:

Extinction times (NA means extant)
[1] 44.35065 36.75834 36.46451 44.65924 11.34253 23.72321


Speciation times 
[1] 49.26651 45.53922 44.67258 44.85282 41.66677 39.54718


Species parents (NA for initial)
[1] NA  1  1  2  2  2


Species status (extinct or extant)
[1] "extinct" "extinct" "extinct" "extinct" "extinct" "extinct"


For more details on vector y, try sim$y, with y one of
TE TS PAR EXTANT



$TE
  [1] 44.35064788 36.75834199 36.46450674 44.65923969 11.34253205 23.72321320
  [7] 36.66747467 36.46098944 31.19336216 39.17123598 15.34406881 14.14970070
 [13] 11.88682588 14.04376594 14.60785099 13.74978327          NA 30.02422397
 [19] 17.65469229 27.18423582 27.68470904 25.91927786 27.67679117 33.87262449
 [25] 31.22723423 16.60227166 13.96376676 14.72356589 19.32326706 13.76253606
 [31] 12.14164310 13.21688745 10.79774464          NA  0.94749952  0.32736763
 [37]          NA 25.58488430 26.22385754 32.01698081 12.95020893 20.52580997
 [43] 24.45162281 20.03935462 19.03350716 15.89027370 15.35627241 14.90484836
 [49] 10.15671718 14.88098762  0.85921945          NA          NA          NA
 [55] 21.45791247 14.33558332 17.21763569 14.24135932 14.15542649 20.46183427
 [61] 20.69469491 18.24919813 15.17633858 13.99078249 16.23077677 13.58074531
 [67] 16.81915432 23.00024307 15.66224555 18.98355202 14.10738275 20.03051127
 [73] 16.05403107 11.33797448  7.57053944 11.74291477          NA          NA
 [79]  0.57107208          NA          NA 23.15571343 15.64422701 14.78102746
 [85] 17.64080580 15.34339200  6.46952248 15.34251735 14.70099825 15.30223847
 [91] 23.94788275 15.71690884 17.27390043 24.61096784 22.97082906 14.14753838
 [97] 16.54338321 15.24649136 13.64351582 12.58464967 15.33240721 25.37589200
[103] 20.10389540 15.89139130 11.06150414 18.69477177 12.12359867 14.97451025
[109] 15.38133589 14.11790027 13.82770292 13.16012980 13.27378536 14.98058364
[115] 10.81658483          NA          NA 10.64724250  0.89830832  3.90517333
[121]  6.05619022  0.03819688          NA          NA 19.20696818 14.10043138
[127] 12.74944000 12.74904097 11.42130620  3.87975800          NA          NA
[133] 12.30746071 18.26520789 15.83964269 15.19718992 15.23007817          NA
[139] 12.40555717 13.69202417 17.86940777 14.08192472          NA 13.74829827
[145] 17.00597172 16.60297495 13.76195068 19.41694625 10.17595322 14.16055729
[151] 14.21081004 13.16972640  4.34621692 14.60391756 15.10406614 15.34753487
[157]  1.68981137  5.03709711  5.33170080          NA          NA          NA
[163]          NA  1.75065708          NA  0.26711406  2.57328369          NA
[169]  3.69719558  3.92824903  3.75293713  3.25658276          NA          NA
[175]          NA          NA          NA          NA          NA  6.06953619
[181]          NA          NA 20.67761188 17.05851381 17.03704110 15.24822866
[187]  6.58703982          NA          NA          NA 10.42638631          NA
[193]          NA          NA 10.65677520          NA 13.67157901 14.49402868
[199] 15.55845489  3.03806701 14.68581916 14.76262948  2.09766908          NA
[205]          NA  2.12841079  3.83956795          NA          NA          NA
[211]  1.05805063  0.66838600          NA  6.79109826          NA          NA
[217]  3.66668218          NA  7.52217608          NA  5.22082422  2.51066948
[223]  4.51240809          NA          NA          NA          NA  5.08366221
[229]          NA 14.49971372  2.75630136          NA          NA          NA
[235]  2.52010402          NA          NA          NA          NA          NA
[241] 17.61375926 14.96735896 13.71716441 11.15672131  2.83778585  6.84473941
[247]  3.55051107 12.98047132  6.75346316          NA          NA          NA
[253]  4.46548551          NA          NA          NA  3.45122506  0.86300931
[259]          NA          NA          NA 13.15255023 14.89671329  3.43900786
[265]          NA 10.89964646 12.46104201          NA          NA          NA
[271]          NA 13.63650807 12.98603345          NA          NA  5.21925732
[277]          NA          NA  3.67289289          NA          NA          NA
[283]          NA  0.10718469          NA  3.57078801  4.08976696  3.90783078
[289]          NA          NA          NA          NA  8.22190363  2.42336860
[295]  0.73212318          NA          NA          NA          NA          NA
[301]  6.63061760          NA          NA  3.42288939  2.92754570  2.30591555
[307]  1.17967441          NA          NA          NA          NA  1.56106127
[313]  1.08197743          NA          NA          NA  3.44040742          NA
[319]          NA          NA  1.25423490          NA          NA          NA
[325]          NA          NA  1.58085025          NA          NA          NA
[331]  0.04058746

$TS
  [1] 49.26651148 45.53922421 44.67258234 44.85281677 41.66677167 39.54718499
  [7] 39.12460806 36.66753960 36.64850139 40.32116459 25.43845691 23.33013737
 [13] 20.29056815 16.80050474 16.17246521 14.80242393 14.24305363 37.47023391
 [19] 31.89021527 31.78657122 29.68921445 27.59418337 37.29683141 36.40382351
 [25] 36.04690971 21.16001415 19.05322698 16.34330781 21.07876481 14.15373018
 [31] 14.01740768 14.27108386 14.58917681  5.46893502  5.26768005  3.67003680
 [37]  1.51026069 36.20007443 33.62697819 33.28770576 30.79880269 28.25691324
 [43] 27.16923532 26.80579342 19.44530968 28.69452026 26.26853474 19.68609931
 [49] 17.66803907 16.38815592  4.48187761  3.31513160  1.58461047  1.10463301
 [55] 30.64758238 27.37708193 27.23440051 31.27087909 29.94078439 26.75745462
 [61] 29.30329959 19.26883238 15.18921911 25.99316038 23.34703502 21.91981381
 [67] 19.22776521 24.07305578 23.66742475 21.93573634 21.00998509 20.05018082
 [73] 19.08225637 15.13813915 15.28897949 12.66211164 11.81521752  2.43878819
 [79]  2.09293981  0.15220700  0.97766652 28.29427165 25.98065248 21.78719219
 [85] 19.55379327 18.39064477 17.03098440 15.77445099 14.88939100 26.64050142
 [91] 24.18473150 22.68690453 26.95167797 26.36739118 23.44839321 24.26007187
 [97] 21.64290304 20.38989187 18.72857680 21.44568673 28.08681602 25.63359529
[103] 24.60301468 18.74290740 21.63425420 20.55556069 17.98017834 21.89380029
[109] 15.54622908 14.46068004 20.76720645 19.44251358 17.52892463 17.90198990
[115] 11.12244529  8.61279305  7.65924272 12.38063263  9.00746579  8.90783355
[121]  6.89084486  3.34314175  2.74910801  0.44876622 25.65184585 19.49166707
[127] 16.02846586 12.77072141 12.17144322  9.57040957  8.93551234  8.86341975
[133] 14.73418330 22.89089231 18.29282438 15.72335937 22.45403553 17.08106581
[139] 16.00730330 17.61365085 21.68931439 18.36600378 13.53213081 20.36509647
[145] 17.06308042 23.30546873 15.63871545 20.21611573 17.73370788 16.95230863
[151] 15.01368948 17.18708481 15.99475079 17.16139133 17.09659582 17.66559709
[157] 11.02212462  8.59516625  6.81726705  1.30616578  0.15486073  7.64034597
[163]  6.01643490  5.70211914  3.05593747  8.78403631  7.24932254  2.79279233
[169]  8.35264969  8.17789586  6.41231361  6.04421209  6.21011206  6.16111965
[175]  6.07999412  1.96169959  2.41644530  1.71649304  0.08932804  7.38684630
[181]  1.45515750  6.38582187 20.92827062 20.53173093 17.70044622 16.58329110
[187] 13.38896472  9.47041737  8.80406634  1.34810530 13.54684046  5.02565851
[193]  2.61829821  0.45544172 18.72484471 21.52035439 18.62089165 14.62571312
[199] 16.56494514  6.28217565 16.33687715 17.57968010  6.77867852  2.04683398
[205]  6.92008084  5.70024636  6.62146687  4.07187424  3.80232233  1.98750502
[211]  1.25591615  5.67461419  1.75266168  7.71024753  3.92589286  0.03870252
[217]  4.01508933  7.92871856  7.85494127  6.22894363  5.29793067  6.06096938
[223]  5.97342714  5.48685178  4.24031857  1.39912168  1.68525308  6.71707292
[229]  6.06434043 16.55043761  7.41113141  6.22816077  0.08399428  6.39827500
[235]  5.20588707  0.02930559  1.67537876  2.09995349  1.05279058  0.29803108
[241] 18.31832594 17.47125930 16.64607164 13.31698258  9.90510874  7.59986918
[247]  6.72024870 17.45613020 14.65088838  2.77063021  3.19325163  2.06436077
[253]  5.05240232  2.85560038  0.99009224  2.83164814  7.36483552  1.56991520
[259]  0.42459966  4.60268718  4.40172172 16.23936051 15.91089053  4.63680881
[265]  2.88893450 16.52810026 13.14366039  8.55875923  6.82826206  5.82894766
[271]  5.62405387 15.97232134 13.60070440  9.29936297  0.91479912  7.33260927
[277]  3.74278860  0.91857477  4.35785371  1.70226369  0.38405213 13.31694603
[283]  4.57002151  4.38701197 11.59615635  5.74325419  5.06938522  4.66349647
[289]  0.79689607  0.26385997  5.51052803  2.28362062  8.63527615  8.18698080
[295]  7.80722526  5.16606530  3.44883706  0.46837323  2.48360111  0.35925670
[301]  9.03629818  5.57235918  4.01458291  8.00490455  3.34046793  3.73140758
[307]  5.04877694  1.47599046  0.63109492  0.49971326  4.94300630  4.19396177
[313]  2.58098353  7.36267648  3.69576533  0.08341707  6.08572324  0.97514478
[319]  0.80177808  3.67782780  2.62375839  5.15071862  3.80305865  2.42552523
[325]  1.35202897  4.44240814  2.83926558  1.23371113  2.05541802  1.69789346
[331]  0.31012102

$PAR
  [1]  NA   1   1   2   2   2   2   3   3   5   5   5   5   5   5   5   5   6
 [19]   6   6   6   6   7   9   9  11  11  11  12  13  13  14  16  17  17  17
 [37]  17  18  18  18  19  19  19  19  19  21  22  26  26  27  34  34  35  35
 [55]  38  38  38  39  39  39  41  41  41  46  46  46  46  47  47  47  47  47
 [73]  47  48  49  49  49  51  52  52  53  55  55  56  56  56  56  56  56  57
 [91]  57  57  58  58  58  59  59  59  59  60  61  61  61  64  65  65  65  66
[109]  66  66  69  69  69  73  75  75  75  76  77  77  77  77  77  77  82  85
[127]  87  87  87  87  87  87  89  90  90  90  92  92  92  93  96  98 100 101
[145] 101 103 105 106 107 107 111 112 112 113 113 114 115 116 116 116 116 117
[163] 117 117 117 119 119 119 120 120 120 120 121 121 121 122 123 123 124 131
[181] 131 132 134 134 137 137 138 138 138 138 139 143 143 143 144 146 146 149
[199] 152 153 155 156 157 157 158 159 162 163 163 163 163 164 165 166 166 168
[217] 169 170 170 170 170 171 171 172 173 174 175 180 182 186 188 188 188 189
[235] 189 189 192 193 193 193 195 195 195 196 196 196 196 197 197 203 205 209
[253] 212 212 212 215 218 218 220 223 224 230 230 235 235 242 244 245 245 247
[271] 247 248 249 249 252 257 257 258 260 261 261 262 264 264 266 268 269 269
[289] 269 270 271 271 274 274 274 274 274 274 277 277 282 282 282 285 285 286
[307] 287 291 292 292 295 296 303 304 304 311 314 314 314 315 315 317 317 320
[325] 321 322 323 323 324 326 330

$EXTANT
  [1] FALSE FALSE FALSE FALSE FALSE FALSE FALSE FALSE FALSE FALSE FALSE FALSE
 [13] FALSE FALSE FALSE FALSE  TRUE FALSE FALSE FALSE FALSE FALSE FALSE FALSE
 [25] FALSE FALSE FALSE FALSE FALSE FALSE FALSE FALSE FALSE  TRUE FALSE FALSE
 [37]  TRUE FALSE FALSE FALSE FALSE FALSE FALSE FALSE FALSE FALSE FALSE FALSE
 [49] FALSE FALSE FALSE  TRUE  TRUE  TRUE FALSE FALSE FALSE FALSE FALSE FALSE
 [61] FALSE FALSE FALSE FALSE FALSE FALSE FALSE FALSE FALSE FALSE FALSE FALSE
 [73] FALSE FALSE FALSE FALSE  TRUE  TRUE FALSE  TRUE  TRUE FALSE FALSE FALSE
 [85] FALSE FALSE FALSE FALSE FALSE FALSE FALSE FALSE FALSE FALSE FALSE FALSE
 [97] FALSE FALSE FALSE FALSE FALSE FALSE FALSE FALSE FALSE FALSE FALSE FALSE
[109] FALSE FALSE FALSE FALSE FALSE FALSE FALSE  TRUE  TRUE FALSE FALSE FALSE
[121] FALSE FALSE  TRUE  TRUE FALSE FALSE FALSE FALSE FALSE FALSE  TRUE  TRUE
[133] FALSE FALSE FALSE FALSE FALSE  TRUE FALSE FALSE FALSE FALSE  TRUE FALSE
[145] FALSE FALSE FALSE FALSE FALSE FALSE FALSE FALSE FALSE FALSE FALSE FALSE
[157] FALSE FALSE FALSE  TRUE  TRUE  TRUE  TRUE FALSE  TRUE FALSE FALSE  TRUE
[169] FALSE FALSE FALSE FALSE  TRUE  TRUE  TRUE  TRUE  TRUE  TRUE  TRUE FALSE
[181]  TRUE  TRUE FALSE FALSE FALSE FALSE FALSE  TRUE  TRUE  TRUE FALSE  TRUE
[193]  TRUE  TRUE FALSE  TRUE FALSE FALSE FALSE FALSE FALSE FALSE FALSE  TRUE
[205]  TRUE FALSE FALSE  TRUE  TRUE  TRUE FALSE FALSE  TRUE FALSE  TRUE  TRUE
[217] FALSE  TRUE FALSE  TRUE FALSE FALSE FALSE  TRUE  TRUE  TRUE  TRUE FALSE
[229]  TRUE FALSE FALSE  TRUE  TRUE  TRUE FALSE  TRUE  TRUE  TRUE  TRUE  TRUE
[241] FALSE FALSE FALSE FALSE FALSE FALSE FALSE FALSE FALSE  TRUE  TRUE  TRUE
[253] FALSE  TRUE  TRUE  TRUE FALSE FALSE  TRUE  TRUE  TRUE FALSE FALSE FALSE
[265]  TRUE FALSE FALSE  TRUE  TRUE  TRUE  TRUE FALSE FALSE  TRUE  TRUE FALSE
[277]  TRUE  TRUE FALSE  TRUE  TRUE  TRUE  TRUE FALSE  TRUE FALSE FALSE FALSE
[289]  TRUE  TRUE  TRUE  TRUE FALSE FALSE FALSE  TRUE  TRUE  TRUE  TRUE  TRUE
[301] FALSE  TRUE  TRUE FALSE FALSE FALSE FALSE  TRUE  TRUE  TRUE  TRUE FALSE
[313] FALSE  TRUE  TRUE  TRUE FALSE  TRUE  TRUE  TRUE FALSE  TRUE  TRUE  TRUE
[325]  TRUE  TRUE FALSE  TRUE  TRUE  TRUE FALSE

