
Birth-death simulation object with 292 species and 87 extant species

Details for some species:

Extinction times (NA means extant)
[1] 30.49907 25.93483 35.06616 35.15089 30.93036 30.84325


Speciation times 
[1] 49.26651 42.34239 38.65162 38.19734 34.53265 33.32379


Species parents (NA for initial)
[1] NA  1  1  1  1  1


Species status (extinct or extant)
[1] "extinct" "extinct" "extinct" "extinct" "extinct" "extinct"


For more details on vector y, try sim$y, with y one of
TE TS PAR EXTANT



$TE
  [1] 30.49906595 25.93482616 35.06615523 35.15089495 30.93036398 30.84324851
  [7] 23.01783846 39.42502718 32.80382176 16.53975091 27.26976675 26.07040245
 [13] 35.31556271 12.33385055 31.02194190 32.87132185 30.57596258 26.63480557
 [19] 12.43090851 10.95882925 14.68007267 15.23657303 13.69328404 13.01618517
 [25] 21.05503701 14.79621791 31.69236759 27.85268940 24.70403146 22.58063668
 [31] 13.83054146 16.82290211 13.18425052 35.72697708 33.50505432 14.61382550
 [37] 32.36735118 28.86191278 21.62584419 24.33248973 18.49588718 22.26217196
 [43] 14.20232204 12.98394076  9.68962651 14.96976250 13.67348803 13.44259240
 [49] 15.75155853 13.80892599 15.87960595 16.59340959 14.09470495 21.40024760
 [55] 30.87031443 19.08456964 21.05952120 14.35823733 29.52942461 15.13707159
 [61] 13.49051413 20.85863333 18.53197311 10.40338766 13.84223844 13.86681663
 [67] 14.78661870 25.99088482 31.34766142 31.56619666 23.27542663 13.75082070
 [73] 25.43365381 23.87621881 18.77233484 13.68884473          NA  3.07752755
 [79] 10.89073686  6.22309895 14.83310027 17.92929167 18.49277240 12.48751861
 [85] 15.22136182 13.76217413 18.27601882 16.61562947 17.92597572  3.27318120
 [91] 23.52307066 11.04889977 14.69782148 14.65903854 30.09797469 11.15905843
 [97] 19.33416911 13.48985246 13.71384896          NA  9.08447725  8.11719846
[103]          NA  2.69332449          NA          NA  6.95541897  3.46951810
[109]          NA  6.25355788 18.19928587 12.91256237 13.82687319 10.96190475
[115]  5.39651905 16.25252060 10.82365221  2.89818677          NA 17.17618877
[121] 14.83125969 13.77599777 10.98755510 11.27796566 15.33908216 12.63217942
[127]  7.75725336  3.99255642          NA  0.06409697          NA          NA
[133]          NA          NA  2.29388303  4.97279228 19.63452339 13.05430538
[139] 10.75465324          NA 10.65692725  7.68090323          NA 14.88275181
[145]          NA 15.30938698 11.68683871          NA          NA          NA
[151]          NA 20.94621433          NA 11.91852369 12.84908185  0.88064270
[157]  1.04760947          NA          NA          NA  1.79790804  4.91983664
[163]  6.61016777  6.41458821          NA  1.66994379  1.38430628  4.03135071
[169] 13.81688816 14.87702482 12.92642093 11.47651412 12.81277592  8.78924455
[175]  3.56909270          NA          NA          NA  5.79838722          NA
[181]          NA  0.92560608 11.46512843  8.56548866  2.47115999          NA
[187]          NA 10.92709728  1.95305283          NA  3.56572628          NA
[193]          NA  2.65516362          NA          NA  1.30677343          NA
[199] 14.52762220  9.38938025  0.44554881          NA          NA 10.46948302
[205]  6.27929374  3.77610036  3.86057668  3.42791409  1.99092195  4.29181713
[211]  0.35846283  2.23329840  8.19838658  5.61463767          NA          NA
[217]  0.21616837          NA          NA          NA  7.97325878  7.69087522
[223]  0.32469408 12.38806511  3.84729709  0.08314605          NA          NA
[229] 10.83271717 11.49546923 12.81804372          NA  0.19088857          NA
[235]          NA 12.49924070  4.26189786          NA          NA  0.88355242
[241]          NA          NA  1.43053486  0.88650952          NA          NA
[247]  2.73363932          NA          NA          NA          NA  1.50195126
[253]  3.27583770          NA  1.09687061          NA  0.57188110          NA
[259]  2.96406863          NA  2.49190246          NA          NA          NA
[265]  4.78061144          NA          NA          NA  2.08411321          NA
[271]          NA          NA          NA          NA          NA  4.92378761
[277]          NA          NA          NA          NA  1.56012634          NA
[283]  0.47265372          NA          NA          NA          NA          NA
[289]          NA  0.60075046  0.26567961          NA

$TS
  [1] 4.926651e+01 4.234239e+01 3.865162e+01 3.819734e+01 3.453265e+01
  [6] 3.332379e+01 3.238242e+01 4.125333e+01 3.518178e+01 3.406382e+01
 [11] 3.270088e+01 2.886098e+01 3.763827e+01 3.701992e+01 3.672119e+01
 [16] 3.652864e+01 3.219760e+01 3.431811e+01 2.359041e+01 1.894159e+01
 [21] 1.849565e+01 1.725578e+01 2.977828e+01 2.743397e+01 2.609326e+01
 [26] 3.646400e+01 3.395599e+01 3.179899e+01 3.008672e+01 2.264965e+01
 [31] 2.040429e+01 1.822314e+01 1.540352e+01 3.657733e+01 3.579732e+01
 [36] 3.175071e+01 3.508875e+01 3.477604e+01 3.296223e+01 3.122336e+01
 [41] 2.819100e+01 2.244181e+01 1.542111e+01 1.483071e+01 1.281521e+01
 [46] 1.804905e+01 2.545392e+01 2.509517e+01 1.987325e+01 1.928631e+01
 [51] 1.787547e+01 1.704050e+01 1.552748e+01 2.545543e+01 3.645201e+01
 [56] 2.732616e+01 2.126101e+01 1.571060e+01 2.995105e+01 1.721339e+01
 [61] 2.667008e+01 2.584175e+01 2.054093e+01 2.009893e+01 1.611480e+01
 [66] 1.599025e+01 3.414881e+01 3.424680e+01 3.269109e+01 3.277137e+01
 [71] 2.743861e+01 2.517446e+01 2.724019e+01 2.528329e+01 2.158621e+01
 [76] 1.481098e+01 1.166048e+01 1.129169e+01 1.100013e+01 1.086752e+01
 [81] 1.711440e+01 2.375320e+01 1.850457e+01 1.750909e+01 1.579507e+01
 [86] 1.572456e+01 2.195168e+01 2.300636e+01 1.927534e+01 1.220648e+01
 [91] 2.881073e+01 2.244366e+01 1.702230e+01 1.622535e+01 3.201276e+01
 [96] 2.444304e+01 2.254265e+01 2.001569e+01 1.394398e+01 1.063487e+01
[101] 1.029891e+01 8.459474e+00 8.284263e+00 3.371058e+00 1.466165e+00
[106] 4.641841e-01 7.964502e+00 6.651390e+00 5.104194e+00 8.019672e+00
[111] 2.277232e+01 1.567350e+01 1.540678e+01 1.943051e+01 2.292557e+01
[116] 2.148999e+01 2.118774e+01 8.707689e+00 6.796829e+00 1.931575e+01
[121] 2.236046e+01 1.928160e+01 1.719162e+01 1.363189e+01 1.977333e+01
[126] 1.741037e+01 7.887306e+00 6.191493e+00 2.327747e+00 1.028454e+00
[131] 7.657627e-01 6.325151e+00 1.687157e+00 5.560551e+00 4.058822e+00
[136] 7.571289e+00 2.171306e+01 1.566974e+01 1.345106e+01 1.212106e+01
[141] 1.161480e+01 8.340306e+00 5.999216e+00 1.996981e+01 1.689027e+01
[146] 1.765272e+01 1.753655e+01 1.117294e+01 7.024068e+00 6.260189e+00
[151] 1.692751e+00 2.105602e+01 1.583685e+01 1.235182e+01 1.606307e+01
[156] 2.120560e+00 1.535301e+00 1.402673e+00 8.919463e-01 2.864130e+00
[161] 1.282957e+01 1.184164e+01 1.007622e+01 7.782627e+00 7.755315e+00
[166] 5.362211e+00 4.797052e+00 4.095159e+00 1.960494e+01 1.851743e+01
[171] 1.360711e+01 1.317858e+01 1.310742e+01 8.923498e+00 4.326818e+00
[176] 1.797889e+00 6.188808e-01 1.540631e-01 6.245154e+00 4.654690e+00
[181] 3.544068e+00 2.919707e+00 1.312142e+01 9.105517e+00 8.084936e+00
[186] 3.585096e+00 3.045265e-01 1.273716e+01 9.097247e+00 8.769409e+00
[191] 5.896020e+00 2.981034e+00 6.301328e+00 5.037974e+00 6.795112e+00
[196] 2.011710e+00 1.909691e+00 1.877921e+01 1.814535e+01 1.306906e+01
[201] 4.492917e-01 1.265337e+00 9.258103e-01 1.150629e+01 7.194360e+00
[206] 5.871922e+00 5.196531e+00 4.050203e+00 7.246130e+00 5.609210e+00
[211] 4.347002e+00 3.546186e+00 8.224691e+00 7.662802e+00 9.612063e-02
[216] 8.283688e-01 3.212267e-01 3.244633e+00 2.692477e+00 5.819376e-01
[221] 1.361112e+01 1.326746e+01 1.794680e+00 1.627638e+01 4.536594e+00
[226] 3.879452e+00 6.535437e-01 1.297319e+00 1.345988e+01 1.273005e+01
[231] 1.469874e+01 4.343045e+00 4.194021e+00 2.864683e+00 6.662167e-01
[236] 1.260030e+01 1.210230e+01 4.143768e-01 1.038313e+01 9.255584e+00
[241] 1.006471e+01 8.151772e+00 3.088430e+00 8.005835e+00 6.998316e+00
[246] 6.545353e+00 3.656833e+00 7.212523e-01 7.539423e+00 6.957384e+00
[251] 6.276694e+00 7.317022e+00 6.534616e+00 3.123178e+00 2.393251e+00
[256] 4.785383e-01 5.829880e+00 3.061493e+00 5.490571e+00 2.911686e+00
[261] 6.572718e+00 5.405625e+00 3.401384e+00 5.237137e+00 5.057228e+00
[266] 4.443567e+00 7.240650e+00 5.648111e+00 4.702735e+00 3.849942e+00
[271] 5.829898e-01 5.749631e+00 4.970869e+00 2.364035e+00 1.584817e+00
[276] 5.297988e+00 1.996590e+00 1.906042e-04 4.934734e+00 2.336643e+00
[281] 2.764006e+00 2.680363e+00 6.456539e+00 5.916334e+00 1.345502e+00
[286] 3.813753e+00 1.292875e+00 1.127439e+00 5.072826e+00 1.316984e+00
[291] 5.919109e-01 4.662565e-01

$PAR
  [1]  NA   1   1   1   1   1   1   2   2   2   2   2   3   4   4   4   6   9
 [19]  10  10  10  10  11  11  12  13  14  14  14  14  14  14  14  15  15  15
 [37]  16  16  18  18  18  19  19  19  19  20  23  23  23  23  23  23  24  25
 [55]  26  26  26  26  28  31  36  36  36  36  36  36  37  38  38  39  39  39
 [73]  41  41  41  43  45  45  45  45  47  48  48  49  50  50  54  56  63  64
 [91]  67  67  67  67  70  71  72  75  76  77  77  77  77  77  77  77  78  78
[109]  78  80  82  85  85  87  88  88  88  90  90  92  96  96  96  96  97  98
[127] 100 100 100 100 100 103 103 108 108 110 111 114 115 115 115 115 115 116
[145] 116 117 117 117 118 118 119 121 121 123 126 129 132 133 133 135 139 139
[163] 140 140 140 143 143 143 144 144 145 145 145 145 145 145 148 148 149 149
[181] 149 150 153 153 153 153 153 161 161 161 161 161 162 162 165 165 166 169
[199] 169 172 177 180 182 183 185 185 185 185 189 189 189 189 190 190 190 192
[217] 193 194 194 195 198 198 198 199 206 207 218 219 221 222 224 225 225 226
[235] 228 230 230 235 237 237 239 239 240 241 241 241 241 241 242 242 242 244
[253] 245 245 245 245 246 247 249 249 250 250 250 251 251 251 252 252 253 253
[271] 254 257 257 257 258 259 260 260 261 263 264 264 267 267 267 268 272 272
[289] 283 283 286 291

$EXTANT
  [1] FALSE FALSE FALSE FALSE FALSE FALSE FALSE FALSE FALSE FALSE FALSE FALSE
 [13] FALSE FALSE FALSE FALSE FALSE FALSE FALSE FALSE FALSE FALSE FALSE FALSE
 [25] FALSE FALSE FALSE FALSE FALSE FALSE FALSE FALSE FALSE FALSE FALSE FALSE
 [37] FALSE FALSE FALSE FALSE FALSE FALSE FALSE FALSE FALSE FALSE FALSE FALSE
 [49] FALSE FALSE FALSE FALSE FALSE FALSE FALSE FALSE FALSE FALSE FALSE FALSE
 [61] FALSE FALSE FALSE FALSE FALSE FALSE FALSE FALSE FALSE FALSE FALSE FALSE
 [73] FALSE FALSE FALSE FALSE  TRUE FALSE FALSE FALSE FALSE FALSE FALSE FALSE
 [85] FALSE FALSE FALSE FALSE FALSE FALSE FALSE FALSE FALSE FALSE FALSE FALSE
 [97] FALSE FALSE FALSE  TRUE FALSE FALSE  TRUE FALSE  TRUE  TRUE FALSE FALSE
[109]  TRUE FALSE FALSE FALSE FALSE FALSE FALSE FALSE FALSE FALSE  TRUE FALSE
[121] FALSE FALSE FALSE FALSE FALSE FALSE FALSE FALSE  TRUE FALSE  TRUE  TRUE
[133]  TRUE  TRUE FALSE FALSE FALSE FALSE FALSE  TRUE FALSE FALSE  TRUE FALSE
[145]  TRUE FALSE FALSE  TRUE  TRUE  TRUE  TRUE FALSE  TRUE FALSE FALSE FALSE
[157] FALSE  TRUE  TRUE  TRUE FALSE FALSE FALSE FALSE  TRUE FALSE FALSE FALSE
[169] FALSE FALSE FALSE FALSE FALSE FALSE FALSE  TRUE  TRUE  TRUE FALSE  TRUE
[181]  TRUE FALSE FALSE FALSE FALSE  TRUE  TRUE FALSE FALSE  TRUE FALSE  TRUE
[193]  TRUE FALSE  TRUE  TRUE FALSE  TRUE FALSE FALSE FALSE  TRUE  TRUE FALSE
[205] FALSE FALSE FALSE FALSE FALSE FALSE FALSE FALSE FALSE FALSE  TRUE  TRUE
[217] FALSE  TRUE  TRUE  TRUE FALSE FALSE FALSE FALSE FALSE FALSE  TRUE  TRUE
[229] FALSE FALSE FALSE  TRUE FALSE  TRUE  TRUE FALSE FALSE  TRUE  TRUE FALSE
[241]  TRUE  TRUE FALSE FALSE  TRUE  TRUE FALSE  TRUE  TRUE  TRUE  TRUE FALSE
[253] FALSE  TRUE FALSE  TRUE FALSE  TRUE FALSE  TRUE FALSE  TRUE  TRUE  TRUE
[265] FALSE  TRUE  TRUE  TRUE FALSE  TRUE  TRUE  TRUE  TRUE  TRUE  TRUE FALSE
[277]  TRUE  TRUE  TRUE  TRUE FALSE  TRUE FALSE  TRUE  TRUE  TRUE  TRUE  TRUE
[289]  TRUE FALSE FALSE  TRUE

