
Birth-death simulation object with 146 species and 51 extant species

Details for some species:

Extinction times (NA means extant)
[1] 35.04245 40.28000 41.64198 43.67890 39.12784 13.12056


Speciation times 
[1] 49.26651 46.62669 44.71451 45.14683 43.78886 42.14691


Species parents (NA for initial)
[1] NA  1  1  2  2  2


Species status (extinct or extant)
[1] "extinct" "extinct" "extinct" "extinct" "extinct" "extinct"


For more details on vector y, try sim$y, with y one of
TE TS PAR EXTANT



$TE
  [1] 35.04244874 40.27999812 41.64197929 43.67890393 39.12783960 13.12056393
  [7] 37.74196661 41.69624356 39.48556173 37.72292879 31.43127139 25.65547708
 [13] 28.22581221 29.47368373 26.90558426 20.26251103 24.31039189 22.10699110
 [19] 19.44921548 20.00154060 14.62235431 15.34428292 25.01253150 17.61398853
 [25] 17.66339167 15.12595453 15.30460546 13.61754037 14.14927446 18.01332318
 [31] 14.08653598 20.94373167 12.45262057 21.42610032 14.36193962 15.30370929
 [37] 17.85445240 13.37472483 16.38034157 20.99294059 21.14466605 14.70497278
 [43] 15.90861698 13.91186452 12.39919419 14.69269363  6.12926984 15.58496295
 [49]  6.94421590 10.84753816 12.25517736 12.16254285  1.83421071  1.16482600
 [55] 13.43088260 13.43344894  7.05931588  9.13406838 13.51890979  1.93567635
 [61]  4.30978817  7.65150021  6.33727996  5.70240008          NA  9.57256734
 [67]  7.78209761          NA          NA          NA  2.42939793          NA
 [73]  3.63442477          NA          NA  4.97319972          NA  6.20978709
 [79]          NA  0.28616497          NA          NA          NA  1.23390094
 [85]          NA          NA          NA          NA  1.12960525          NA
 [91]          NA          NA          NA  2.74052163  3.73225890          NA
 [97]  6.73885644          NA          NA          NA  2.78885997  3.10250123
[103]  3.53163926  3.00237513          NA          NA          NA  7.23984483
[109]          NA  3.56667741  4.29801042  3.70180910          NA  5.19927105
[115]          NA  1.62597153          NA  2.87218334          NA          NA
[121]  1.39592995          NA          NA  2.97327533  0.44053776          NA
[127]  4.32852424          NA          NA  3.94693310          NA          NA
[133]          NA          NA          NA  0.08667902          NA  2.73020201
[139]          NA          NA          NA          NA          NA          NA
[145]  1.87253571          NA

$TS
  [1] 49.2665115 46.6266930 44.7145107 45.1468291 43.7888565 42.1469061
  [7] 40.6040041 43.2236653 41.2059182 38.4375491 33.6437205 33.3927087
 [13] 31.1149613 30.0414098 28.2267267 25.9146829 25.8415533 24.4854682
 [19] 23.0427483 22.0877805 16.8199749 29.8125147 29.9601871 23.8268035
 [25] 20.1514979 20.9437719 21.6412948 20.9076090 19.3379610 18.5577455
 [31] 29.0708934 21.3480185 19.9421674 26.6782298 22.7400264 22.6145685
 [37] 21.1286385 14.5943800 25.6525907 21.7719170 21.8822756 18.6824763
 [43] 19.9367121 19.3909296 16.4190128 17.3618431 16.8105007 18.5374766
 [49] 17.3641165 16.1075477 16.0142557 13.1140072  8.5548226  6.3332573
 [55] 15.3860301 13.8455574  9.2396268 15.1655531 14.4556175 12.4429768
 [61]  6.9439690  8.3219795  8.2447576  8.0759448 13.6940935 10.8158720
 [67]  9.8007986  6.5833685  6.1522803  2.8096656  2.4936570  5.8297375
 [73]  7.9169915  7.2345279  6.2087987  5.9139550  9.4576040  8.3694694
 [79]  6.4164285  5.0547642  4.5158664  4.4726226  0.3626658  9.0387659
 [85]  5.8936551  5.4816485  2.9710478  1.3844647  2.2027442  0.9032957
 [91]  4.0645621  4.3634710  3.1792563  5.4643610  3.8308889  2.5499892
 [97]  7.7458620  4.7020580  2.2646067  1.0720176  7.3038937  4.5645599
[103]  3.6067858  3.1856129  0.6282960  4.3542338  3.5757335  8.1256208
[109]  6.8019461  6.3239089  5.2615063  4.7756381  5.8402383  5.4697492
[115]  1.2452511  1.8923625  1.5612535  7.1399711  2.2356067  0.1533830
[121]  5.4833865  3.9858895  3.5000387  4.2959389  3.4600453  2.7212295
[127]  7.6044231  4.1560011  3.3369145  4.6165745  5.6683957  3.6925446
[133]  2.8475228  0.3401090  3.4888000  1.5120565  5.6868701  3.2023956
[139]  0.9142515  5.6585124  2.1371612  0.8432628  0.3670284  3.6563112
[145]  3.4849416  1.6690859

$PAR
  [1]  NA   1   1   2   2   2   2   5   5   6   6   6   6   6   6   6   6   6
 [19]   6   6   6  12  14  16  19  20  22  22  22  22  23  24  27  31  31  31
 [37]  32  33  34  34  35  35  36  36  39  42  42  43  43  44  45  47  47  47
 [55]  49  49  49  50  50  52  53  57  57  57  58  58  60  60  60  60  60  61
 [73]  64  64  64  64  65  65  65  65  65  65  65  67  68  68  68  68  69  69
 [91]  72  73  74  75  75  75  77  77  77  77  78  79  79  79  80  81  81  84
[109]  84  84  84  84  85  85  85  89  92  97  98 100 101 101 102 106 107 107
[127] 108 109 109 110 113 113 123 123 124 126 127 128 128 131 131 133 136 140
[145] 140 141

$EXTANT
  [1] FALSE FALSE FALSE FALSE FALSE FALSE FALSE FALSE FALSE FALSE FALSE FALSE
 [13] FALSE FALSE FALSE FALSE FALSE FALSE FALSE FALSE FALSE FALSE FALSE FALSE
 [25] FALSE FALSE FALSE FALSE FALSE FALSE FALSE FALSE FALSE FALSE FALSE FALSE
 [37] FALSE FALSE FALSE FALSE FALSE FALSE FALSE FALSE FALSE FALSE FALSE FALSE
 [49] FALSE FALSE FALSE FALSE FALSE FALSE FALSE FALSE FALSE FALSE FALSE FALSE
 [61] FALSE FALSE FALSE FALSE  TRUE FALSE FALSE  TRUE  TRUE  TRUE FALSE  TRUE
 [73] FALSE  TRUE  TRUE FALSE  TRUE FALSE  TRUE FALSE  TRUE  TRUE  TRUE FALSE
 [85]  TRUE  TRUE  TRUE  TRUE FALSE  TRUE  TRUE  TRUE  TRUE FALSE FALSE  TRUE
 [97] FALSE  TRUE  TRUE  TRUE FALSE FALSE FALSE FALSE  TRUE  TRUE  TRUE FALSE
[109]  TRUE FALSE FALSE FALSE  TRUE FALSE  TRUE FALSE  TRUE FALSE  TRUE  TRUE
[121] FALSE  TRUE  TRUE FALSE FALSE  TRUE FALSE  TRUE  TRUE FALSE  TRUE  TRUE
[133]  TRUE  TRUE  TRUE FALSE  TRUE FALSE  TRUE  TRUE  TRUE  TRUE  TRUE  TRUE
[145] FALSE  TRUE

