
Birth-death simulation object with 171 species and 35 extant species

Details for some species:

Extinction times (NA means extant)
[1] 39.09974 15.18589 32.61497 27.31422 42.31563 23.94664


Speciation times 
[1] 49.26651 48.23016 41.41551 44.58034 43.89604 42.01994


Species parents (NA for initial)
[1] NA  1  1  2  2  2


Species status (extinct or extant)
[1] "extinct" "extinct" "extinct" "extinct" "extinct" "extinct"


For more details on vector y, try sim$y, with y one of
TE TS PAR EXTANT



$TE
  [1] 39.0997445 15.1858907 32.6149688 27.3142231 42.3156254 23.9466354
  [7] 22.3153929 31.1310447 15.4792660 23.3911619 18.4931838 14.9639385
 [13] 31.5284901 31.0776743 41.4663819 32.0915756 28.8460505 30.4627449
 [19] 25.6753718 35.7365904 18.1159397 19.7267287 14.3948017 10.7261346
 [25] 17.2213117 17.1378039 23.5001017 13.2219335 28.2227795 25.1350339
 [31] 22.9703235 20.7489689 27.1414205 15.1675950 10.6044181 11.6138234
 [37] 12.7463194 26.1383062 16.8619765 16.0922726 15.3670511 14.6410968
 [43] 18.2874387 22.6345177 21.2018965 26.5092956 24.5867099 27.6064835
 [49] 19.4990572 23.0736276 16.9516637 16.2284615 16.1406776 16.7088606
 [55] 13.6158466 14.8294231 14.4710047 11.3396808 11.7294373 28.6060455
 [61] 10.5471659 15.3396056 15.0008609 16.1919826 13.8310683         NA
 [67] 14.9190297 15.1359681 16.7499081 24.7241765 13.8711891 18.8401122
 [73] 10.9478446 13.9380481 10.9260720 13.1280574 14.7364569 15.2882460
 [79] 12.1203640 14.0422318  7.3331874 15.1604220 13.0427302 14.9994181
 [85] 16.9036476 16.7235093 13.7427555 12.2518163 12.0129557         NA
 [91]  4.7598040 10.8443471 15.0380351 19.8593906 14.7965202 17.6060328
 [97] 13.8487429 12.1755133 13.8789205 13.3575393 15.3288607  3.5544527
[103] 11.5847444         NA         NA  2.4240197         NA         NA
[109]         NA  6.6165445 21.8046414 13.7444358 16.4483688  1.6852473
[115]  4.9548109  4.0576401  2.5347936         NA  0.7453844  4.5453571
[121]  4.7951250  6.4637184  2.5645759         NA 10.2670054  8.2905662
[127]         NA  3.1530067  3.4714128  5.3960193         NA  1.0005766
[133]  1.2490723         NA         NA         NA  3.6955739  0.5911710
[139]  4.6707089  5.9726934  6.9601511         NA  1.7031452  1.0067086
[145]         NA         NA  1.4778886         NA         NA         NA
[151]         NA         NA         NA         NA         NA         NA
[157]         NA         NA  1.4899591  4.9578577  0.8816915  0.1626131
[163]         NA         NA         NA  4.7266476         NA         NA
[169]         NA         NA  0.3547783

$TS
  [1] 49.26651148 48.23016159 41.41551182 44.58033738 43.89603750 42.01993830
  [7] 39.25537525 31.63287151 25.76053032 24.64663253 23.12203536 22.05368594
 [13] 35.91771668 34.44215751 43.84852508 35.18407833 29.20995898 35.70228679
 [19] 33.40680720 35.91975737 32.99543724 24.69226726 24.02718367 21.24649562
 [25] 21.07425567 17.40741658 33.04799951 31.42956912 31.23695449 32.11073268
 [31] 32.56155172 30.22277843 30.71508277 25.25215354 20.57712967 17.66526039
 [37] 13.20170994 31.54129469 27.23440404 21.05007573 19.93710485 19.34468704
 [43] 19.18113015 28.37626591 28.62514464 27.02137313 26.68710549 29.68014024
 [49] 25.21060248 24.72813156 23.68984219 16.83400860 20.03326667 18.06080960
 [55] 17.16132014 17.12119221 16.00595973 14.09933945 15.25867007 29.92028488
 [61] 21.79946403 20.95142315 19.92313474 18.00844967 17.14002888 16.77534187
 [67] 16.66357641 18.56473797 18.48030452 24.92790369 24.36616678 20.36784013
 [73] 18.91486216 17.48287799 16.51289819 18.00646447 17.31031468 16.88543797
 [79] 13.33404711 15.05534283 15.00321740 20.62433725 13.09610358 17.07449133
 [85] 17.05758954 16.81999738 14.35919744 12.53367677 12.16396993  9.94494416
 [91]  6.09783290 17.45045916 23.04323397 20.07703861 14.88166676 19.76376557
 [97] 17.04674379 12.42229667 15.67323629 13.59432472 16.41238704  7.51777895
[103] 18.86929954  9.82183255  8.51141339  8.25834719  6.07179010  5.94291330
[109] 13.73180643 11.04560576 21.96658734 17.49605621 16.56445203  4.92339416
[115]  9.08502766  6.20822969  6.10177061  4.00748080  8.51125241  7.35639213
[121]  8.03257617  6.54306343  5.46765569  2.12118920 12.27836337  8.38700320
[127]  8.03411343  4.15488266  6.10962160  6.03569935  0.24903147  7.99681510
[133]  3.47697417  3.04183730  1.13181494  5.69558032  6.28981477  2.90000790
[139]  7.89162235  7.77125133  7.48959607  3.63408400  2.94847633  2.04893332
[145]  2.42746468  2.34828992  2.09489338  0.54591738  1.20536971  7.10051162
[151]  7.03880108  7.00060738  6.09000962  0.77499506  1.47845604  0.23234551
[157]  2.05569165  0.02813313  6.41529192  7.00287718  2.81194489  0.16351456
[163]  4.87421163  1.19389172  6.39993992  6.06838371  1.75114292  2.09369535
[169]  6.30615321  1.98089408  1.35664549

$PAR
  [1]  NA   1   1   2   2   2   2   2   2   2   2   2   3   3   4   4   4   6
 [19]   6   7   7   9   9   9  12  12  14  14  14  18  19  19  21  21  21  23
 [37]  24  27  27  28  28  28  28  30  31  31  31  32  32  32  34  34  35  35
 [55]  35  35  35  35  36  38  39  39  39  39  40  40  41  42  42  47  49  51
 [73]  51  53  53  54  54  55  58  59  59  61  61  62  64  65  66  66  66  66
 [91]  66  69  71  71  71  72  73  73  75  75  77  81  82  90  90  90  90  91
[109]  92  92  93  93  93 102 104 104 104 104 105 105 106 106 106 108 109 110
[127] 110 114 115 117 118 119 119 119 119 120 121 123 127 127 127 128 132 132
[145] 133 133 134 135 138 139 140 140 140 142 145 146 147 149 150 151 152 152
[163] 153 155 160 160 161 163 165 165 170

$EXTANT
  [1] FALSE FALSE FALSE FALSE FALSE FALSE FALSE FALSE FALSE FALSE FALSE FALSE
 [13] FALSE FALSE FALSE FALSE FALSE FALSE FALSE FALSE FALSE FALSE FALSE FALSE
 [25] FALSE FALSE FALSE FALSE FALSE FALSE FALSE FALSE FALSE FALSE FALSE FALSE
 [37] FALSE FALSE FALSE FALSE FALSE FALSE FALSE FALSE FALSE FALSE FALSE FALSE
 [49] FALSE FALSE FALSE FALSE FALSE FALSE FALSE FALSE FALSE FALSE FALSE FALSE
 [61] FALSE FALSE FALSE FALSE FALSE  TRUE FALSE FALSE FALSE FALSE FALSE FALSE
 [73] FALSE FALSE FALSE FALSE FALSE FALSE FALSE FALSE FALSE FALSE FALSE FALSE
 [85] FALSE FALSE FALSE FALSE FALSE  TRUE FALSE FALSE FALSE FALSE FALSE FALSE
 [97] FALSE FALSE FALSE FALSE FALSE FALSE FALSE  TRUE  TRUE FALSE  TRUE  TRUE
[109]  TRUE FALSE FALSE FALSE FALSE FALSE FALSE FALSE FALSE  TRUE FALSE FALSE
[121] FALSE FALSE FALSE  TRUE FALSE FALSE  TRUE FALSE FALSE FALSE  TRUE FALSE
[133] FALSE  TRUE  TRUE  TRUE FALSE FALSE FALSE FALSE FALSE  TRUE FALSE FALSE
[145]  TRUE  TRUE FALSE  TRUE  TRUE  TRUE  TRUE  TRUE  TRUE  TRUE  TRUE  TRUE
[157]  TRUE  TRUE FALSE FALSE FALSE FALSE  TRUE  TRUE  TRUE FALSE  TRUE  TRUE
[169]  TRUE  TRUE FALSE

