
Birth-death simulation object with 104 species and 35 extant species

Details for some species:

Extinction times (NA means extant)
[1] 44.06363 44.63575 47.61350 44.53088 45.03689 43.03453


Speciation times 
[1] 49.26651 48.38343 47.87916 47.57340 47.34848 45.20965


Species parents (NA for initial)
[1] NA  1  1  1  4  4


Species status (extinct or extant)
[1] "extinct" "extinct" "extinct" "extinct" "extinct" "extinct"


For more details on vector y, try sim$y, with y one of
TE TS PAR EXTANT



$TE
  [1] 44.0636267 44.6357452 47.6134980 44.5308798 45.0368891 43.0345263
  [7] 27.4010879 39.8488042 24.7560264 29.0694854 34.9252041 29.0251792
 [13] 30.8990760 30.5560473 24.1518907 22.4895267 22.8530289 31.9865027
 [19] 25.9150068 20.8011307 23.9688296 15.3396566 14.9574480 13.8720651
 [25] 12.1150163 12.6298144 15.1457363 14.9536970 15.3589859 14.1684646
 [31] 14.9414272 16.1651462         NA 13.4594571 13.7334579 13.9599747
 [37] 18.8484749 15.3232037  9.8429097         NA  0.2441183         NA
 [43]         NA 12.6441711  0.3486574  1.7197038  4.6004956  0.8874995
 [49]         NA 13.1291129  8.8111649 15.0581519 12.4149350         NA
 [55]         NA  1.4028092 13.0888467  6.0100166 13.0339064  1.7590612
 [61]         NA         NA         NA         NA         NA  4.9402848
 [67]  6.3971084         NA  7.2132600         NA  1.6695724  7.3014469
 [73]         NA         NA         NA         NA  2.8701765         NA
 [79]  4.3843260  2.6959971         NA         NA         NA         NA
 [85]         NA  0.6170306         NA  4.7688906         NA  3.2014572
 [91]         NA         NA  5.9091939         NA         NA         NA
 [97]  3.2304787  4.3348529  6.5838420         NA  0.8996920         NA
[103]         NA         NA

$TS
  [1] 49.26651148 48.38342528 47.87915947 47.57339666 47.34847548 45.20964846
  [7] 45.13676778 43.71218668 40.06352496 33.42441870 37.98476383 37.49606580
 [13] 36.99191249 33.17684297 27.26231993 25.12753075 29.22511827 31.99833956
 [19] 28.52210508 27.64802140 25.84796625 23.43886862 21.17437150 18.17605229
 [25] 17.13251500 16.27931532 21.04589067 20.38568740 15.96317470 15.30642655
 [31] 15.77222842 16.90998943 16.22378024 15.30498844 14.94751978 14.44388854
 [37] 20.14175827 16.78324213  9.93089267  9.08147480  6.21195297  5.88723081
 [43]  3.75089697 16.64486712  5.86629325  5.85041800  5.58717011  2.97384685
 [49]  1.00853423 16.50621493 16.31440843 16.10555549 13.48913054  2.10378640
 [55]  1.99007347  4.21329922 13.23260966 15.19755707 13.20451638 10.39661357
 [61]  1.31773943  0.38792015 10.15414464  7.31260957  7.30604758  6.32987235
 [67]  8.26845492  8.23063501  7.75139561  4.55255021  3.48588555  8.70158527
 [73]  6.98749813  5.99807666  3.02656592  5.74543187  5.61627203  7.72942722
 [79]  7.11546266  3.19302928  2.30592710  1.69646513  7.49249044  4.31006881
 [85]  0.05209379  4.26480130  2.89646160  7.64263989  1.14416981  5.94381151
 [91]  0.49038488  0.39611480  6.90177567  5.48163895  0.35496039  4.28223442
 [97]  3.30193876  6.87334507  6.65034261  1.72663660  0.99216959  0.35979248
[103]  6.03543693  4.93191506

$PAR
  [1]  NA   1   1   1   4   4   6   7   7   7   9   9   9   9   9   9  12  13
 [19]  17  17  20  20  22  22  22  22  23  23  23  23  24  25  25  26  26  26
 [37]  27  28  33  33  33  33  33  38  40  41  42  43  43  44  44  44  44  45
 [55]  45  46  50  51  51  51  54  54  58  58  58  58  60  60  60  60  60  63
 [73]  63  63  63  65  66  67  67  68  70  70  72  73  73  76  77  78  81  83
 [91]  87  87  88  88  89  90  90  93  93  94  96  96  98 103

$EXTANT
  [1] FALSE FALSE FALSE FALSE FALSE FALSE FALSE FALSE FALSE FALSE FALSE FALSE
 [13] FALSE FALSE FALSE FALSE FALSE FALSE FALSE FALSE FALSE FALSE FALSE FALSE
 [25] FALSE FALSE FALSE FALSE FALSE FALSE FALSE FALSE  TRUE FALSE FALSE FALSE
 [37] FALSE FALSE FALSE  TRUE FALSE  TRUE  TRUE FALSE FALSE FALSE FALSE FALSE
 [49]  TRUE FALSE FALSE FALSE FALSE  TRUE  TRUE FALSE FALSE FALSE FALSE FALSE
 [61]  TRUE  TRUE  TRUE  TRUE  TRUE FALSE FALSE  TRUE FALSE  TRUE FALSE FALSE
 [73]  TRUE  TRUE  TRUE  TRUE FALSE  TRUE FALSE FALSE  TRUE  TRUE  TRUE  TRUE
 [85]  TRUE FALSE  TRUE FALSE  TRUE FALSE  TRUE  TRUE FALSE  TRUE  TRUE  TRUE
 [97] FALSE FALSE FALSE  TRUE FALSE  TRUE  TRUE  TRUE

