
Birth-death simulation object with 116 species and 50 extant species

Details for some species:

Extinction times (NA means extant)
[1] 48.11084 43.75240 35.71882 35.07413 24.77698 25.58332


Speciation times 
[1] 49.26651 48.21467 44.01395 39.63714 39.26876 29.89402


Species parents (NA for initial)
[1] NA  1  2  3  4  5


Species status (extinct or extant)
[1] "extinct" "extinct" "extinct" "extinct" "extinct" "extinct"


For more details on vector y, try sim$y, with y one of
TE TS PAR EXTANT



$TE
  [1] 48.1108446 43.7523969 35.7188157 35.0741273 24.7769822 25.5833235
  [7] 23.9113595 28.1926638 21.6804341 27.0329836 12.9053765 21.5410151
 [13] 17.2271743 14.8203505 15.3433238 13.0651036 12.5879879 12.1411458
 [19] 13.3101407  8.3318180 14.3436560 21.1681492 13.2129932 13.0459441
 [25] 14.8428438 14.3003302 16.4123150 13.7608769  8.8654172 11.3487904
 [31]         NA         NA 11.5009979 12.8276285 14.8280009 12.5185420
 [37] 15.1404153 13.7187505         NA 10.8978210         NA         NA
 [43]  7.9090630  8.4484217         NA  0.9731390         NA         NA
 [49] 14.2580214 14.8045064 13.3666194 14.1680643 12.2289828         NA
 [55]  1.9774843         NA  1.6364681  0.8368722         NA  4.5141659
 [61]  5.8081851         NA         NA  9.5054475         NA         NA
 [67]         NA         NA         NA         NA  2.4450594         NA
 [73]         NA  5.8341651         NA         NA         NA         NA
 [79]         NA  1.1178180         NA         NA  0.8626174         NA
 [85]         NA  2.7685075  1.2747895  0.7198760         NA         NA
 [91]  7.6658333         NA         NA         NA         NA         NA
 [97]         NA         NA         NA         NA         NA  1.9544621
[103]  3.4049859         NA  2.6639001         NA         NA         NA
[109]  0.5594586         NA  0.7402144         NA         NA         NA
[115]  0.2295224  0.1765832

$TS
  [1] 49.26651148 48.21466701 44.01395312 39.63714344 39.26876367 29.89402357
  [7] 28.73031726 29.61548243 25.77489454 27.61568797 24.79630859 24.57407051
 [13] 22.85888799 20.09021500 19.60546066 16.17288543 15.60746818 15.28798004
 [19] 14.29455232 13.03820168 22.52094786 21.21536056 19.70573134 19.56744785
 [25] 18.24370760 17.99357635 17.79843070 17.66222922 18.05871423 15.57436447
 [31] 13.41723891  9.86694080 14.50875120 13.11908860 18.19185894 17.14387558
 [37] 17.02906126 16.59252572 12.94045916 11.14697031 12.63036099 10.64516656
 [43]  9.98676666  9.31082482  3.31612096  3.12960161  1.78827855  6.21811042
 [49] 17.08608873 15.70058839 14.91542188 14.57727698 12.48070610  7.25033833
 [55]  6.27435975  4.58657973  4.42967271  1.35284593 10.32167339 10.15848124
 [61]  7.18074832  3.14597545  0.24588226  9.99797497  8.45368463  6.90519515
 [67]  5.17837779  2.46162159  9.28779705  8.13918757  3.15997853  2.17809303
 [73]  2.43844616  6.14262471  6.41156711  5.82126135  4.88575514  0.51705523
 [79]  5.99269015  2.30927729  3.77191719  6.97013741  8.15096861  6.79826601
 [85]  5.65257865  5.88357794  3.94134670  3.26042969  0.30863911  4.46558947
 [91]  7.82637810  1.73957652  5.85356394  2.15603913  1.95441279  0.52120836
 [97]  1.05746934  2.13620939  3.68641002  3.83828304  4.35687924  4.05749857
[103]  5.53750487  4.58297237  3.75175668  1.62542308  0.52019538  2.48887748
[109]  3.99925583  3.41953373  3.86375763  1.08960850  0.75037711  0.01883633
[115]  2.20377076  1.83671871

$PAR
  [1]  NA   1   2   3   4   5   5   6   6   7   7   9  11  11  11  11  11  11
 [19]  11  11  12  13  13  13  13  13  14  14  15  15  18  20  23  24  25  25
 [37]  25  29  29  29  31  31  31  31  31  31  31  32  35  36  38  38  39  39
 [55]  39  39  39  39  41  41  41  41  41  42  42  42  42  42  43  43  45  45
 [73]  46  48  54  54  54  54  55  56  57  59  60  65  65  66  66  67  68  69
 [91]  70  70  74  75  77  77  81  82  85  86  90  90  93  93  93  95  98 102
[109] 103 103 104 106 106 107 109 109

$EXTANT
  [1] FALSE FALSE FALSE FALSE FALSE FALSE FALSE FALSE FALSE FALSE FALSE FALSE
 [13] FALSE FALSE FALSE FALSE FALSE FALSE FALSE FALSE FALSE FALSE FALSE FALSE
 [25] FALSE FALSE FALSE FALSE FALSE FALSE  TRUE  TRUE FALSE FALSE FALSE FALSE
 [37] FALSE FALSE  TRUE FALSE  TRUE  TRUE FALSE FALSE  TRUE FALSE  TRUE  TRUE
 [49] FALSE FALSE FALSE FALSE FALSE  TRUE FALSE  TRUE FALSE FALSE  TRUE FALSE
 [61] FALSE  TRUE  TRUE FALSE  TRUE  TRUE  TRUE  TRUE  TRUE  TRUE FALSE  TRUE
 [73]  TRUE FALSE  TRUE  TRUE  TRUE  TRUE  TRUE FALSE  TRUE  TRUE FALSE  TRUE
 [85]  TRUE FALSE FALSE FALSE  TRUE  TRUE FALSE  TRUE  TRUE  TRUE  TRUE  TRUE
 [97]  TRUE  TRUE  TRUE  TRUE  TRUE FALSE FALSE  TRUE FALSE  TRUE  TRUE  TRUE
[109] FALSE  TRUE FALSE  TRUE  TRUE  TRUE FALSE FALSE

