
Birth-death simulation object with 366 species and 99 extant species

Details for some species:

Extinction times (NA means extant)
[1] 27.67192 40.12929 35.40067 23.95902 29.16226 25.20464


Speciation times 
[1] 45.87733 44.83697 39.52534 38.01534 33.46762 33.22684


Species parents (NA for initial)
[1] NA  1  1  1  1  1


Species status (extinct or extant)
[1] "extinct" "extinct" "extinct" "extinct" "extinct" "extinct"


For more details on vector y, try sim$y, with y one of
TE TS PAR EXTANT



$TE
  [1] 27.67191929 40.12929388 35.40066615 23.95901518 29.16225738 25.20464261
  [7] 28.17385550 30.67834636 12.53751237 27.06708056 32.94984532 10.89364208
 [13] 16.82295687 18.04631189 19.98320653 25.96952496 24.13563639 20.46984672
 [19] 22.11431954 16.86413975 29.10110157 20.73368380 22.32520628 32.55516778
 [25] 12.17195846 11.89738745 11.03324950  9.53037159 18.59540239 11.48851816
 [31] 19.64229767 17.04698446 25.44066140 19.36361870 18.10243587 17.51465602
 [37] 17.37096649 21.42327766 24.90637963 19.73077926 25.78059832 10.44800902
 [43] 25.52644252 21.38417531 17.54277413  2.31284820  8.64597282  9.56789655
 [49] 16.96244454 10.38525350 14.32155154 11.51616942 10.56037581 13.04145577
 [55] 15.53488472 16.83546285 19.22777284 17.62553470 23.44091188 21.16857248
 [61] 20.34533709 11.87595283 14.13477104 17.06355200 18.55371110 17.56281802
 [67] 27.28584365 28.94663242 29.38860335 10.48904772 14.03861745          NA
 [73]  9.38861778 16.51048075 17.46437147 11.95603285  4.49969306          NA
 [79] 16.43711720 14.66710366 15.18174204  9.32113204 12.02792017  9.70520850
 [85] 24.68643994  7.58379362 14.80554951  9.73963776 18.15326598 17.87892877
 [91] 14.88612832  7.21610679 10.57509167 14.56632790  6.35533085 16.45712251
 [97] 10.69461555 18.27260682 15.22066771 19.64381364 23.90315401 22.64883097
[103] 29.59880947 25.46088073 23.35855991 12.00930225  5.82891510          NA
[109]  3.41775467          NA  2.80966254          NA          NA          NA
[115] 11.31099229  5.79744175 10.66563949  0.56064837 13.17239130  6.01345495
[121]          NA          NA  6.02315581  4.10592190 12.94705451 16.03904289
[127] 16.11857464  4.31853901 13.33653204 11.54436134 11.94089158 15.89215246
[133] 10.49362323 11.91613999 17.05596970 16.10714671 12.00532863  7.16085069
[139] 18.36537635 11.00364439 21.65854103 21.34096366 18.88102051 16.52333025
[145] 24.94975451 13.76330189  8.25288569 12.09993188  7.47404616 11.50280634
[151]  1.25507038  2.75564669  4.68390771  5.63834309          NA          NA
[157]          NA          NA          NA          NA  9.87176670 10.34223098
[163]  1.04327549  5.72163564  4.98175838          NA          NA          NA
[169]          NA  4.33591916 10.74592169  9.73739676  8.23164855  8.55470987
[175]  4.50693341 11.60738623  9.87291095 11.32363491  8.95945927 11.62548610
[181]  7.36730233 11.82641047 24.65254511 22.47975097 23.25366139 15.10391948
[187] 18.82280498  8.32411711 14.17462649  8.75796869  4.55041529  6.30908691
[193]          NA  0.22688297  2.76193026  5.31097708  5.12779956          NA
[199]          NA          NA  0.65563476          NA  4.77509330  3.13548849
[205]  3.68550895          NA          NA          NA          NA 10.46571793
[211]  0.07748536  4.31248789          NA          NA          NA  9.53590896
[217]  0.32990558          NA  5.29576437  8.90073103 11.03574162  9.29440802
[223] 11.20911983 11.53204451  9.19388394 11.06686094  7.88235978          NA
[229]          NA          NA          NA  5.55840381  3.41670461          NA
[235]          NA          NA  0.22782444  0.52761632  1.33593625          NA
[241]  6.21984936  6.08687939  3.66319971  0.58636885          NA  2.83551736
[247]          NA  3.92486902  2.01457503          NA  7.85795850          NA
[253] 10.00168863  8.28905888  9.94852641 10.97599593  9.44719907  9.05094520
[259] 10.20877471 10.67489419  9.47573502  8.16415514  5.25953727  0.80011855
[265]          NA          NA          NA          NA          NA  2.45039766
[271]  1.45284855          NA          NA          NA  2.12242931          NA
[277]          NA  0.13084799  0.16244050          NA          NA          NA
[283]  1.90449880 11.25976939 10.73089435 11.01781142  9.91355142  9.52697685
[289]  4.66155669  8.33132503  3.52902677  3.62174961          NA  5.85749647
[295]          NA          NA          NA  5.66823172  5.96166614          NA
[301]          NA  2.98416400  0.89636500          NA          NA          NA
[307]          NA 11.31244502  9.32200161          NA  0.31446842  5.06309998
[313]          NA  2.02752176          NA  2.12435900  5.21083080  6.35789885
[319]  5.11425099  0.25910227          NA          NA          NA          NA
[325]  0.39714556  9.50666790  0.55038330          NA  2.83589512          NA
[331]  0.93189195          NA  0.25249474          NA          NA          NA
[337]  4.69270301          NA  3.08457340          NA  3.72432153          NA
[343]          NA          NA  4.97227777          NA          NA          NA
[349]  5.64303386          NA  1.33581924          NA  0.41575011          NA
[355]          NA          NA          NA  1.02415082          NA  1.84744237
[361]          NA          NA          NA          NA  1.59512340  0.29757580

$TS
  [1] 45.87732762 44.83696849 39.52534236 38.01533517 33.46762186 33.22683935
  [7] 32.38551448 32.10765442 29.73376389 36.14877202 34.76851152 27.24738254
 [13] 30.60523608 29.72262269 29.02039305 28.63871646 27.25299450 26.17294677
 [19] 22.37104561 17.96436435 35.70872240 31.23038167 29.87026340 33.72439307
 [25] 21.61445663 18.58002107 15.23571781 11.57652045 22.39419187 20.67259071
 [31] 20.40096166 28.70460269 26.46791484 24.67599380 18.38043853 24.07009308
 [37] 20.74597355 25.82737617 25.17191823 23.76973989 34.74704298 33.50993322
 [43] 27.04725666 21.67070206 21.24155912 18.78220209 14.07815531 13.03280862
 [49] 21.43667050 18.21437139 17.47002309 15.68447115 15.29623594 26.83486940
 [55] 26.46455151 23.47781304 21.05561300 20.98669029 24.21268431 24.08747187
 [61] 21.18797092 21.07497924 18.49260410 19.81202675 22.64119714 19.83765620
 [67] 33.25582368 30.17359584 31.91229891 27.59053023 22.71377687 13.79050793
 [73] 11.50636705 20.92218337 20.29137550 17.71632560  4.58343478 10.09815467
 [79] 20.43960146 16.53102462 16.45442214 14.42021259 15.05455622 11.77865787
 [85] 26.13435548 23.91339485 23.54203719 21.72894783 21.28105788 20.99146430
 [91] 20.72913949 23.50094453 21.59370471 18.78460106 18.44152021 17.78514638
 [97] 15.73224978 22.16383177 20.62979971 19.70119290 31.07830819 29.97940828
[103] 29.60781281 27.04945433 24.71253914 22.60478968  6.66591465  6.63452691
[109]  6.59388053  6.33412332  6.32045215  3.37491230  2.74181233  2.70144046
[115] 11.38190664  9.93909453 17.45681313 18.86206595 18.52822911  8.18162813
[121]  6.83309802  6.60190006  6.25519482  5.91825708 19.96535014 19.56568401
[127] 19.48038979 18.46939145 16.83047142 15.91561752 17.95295893 16.22639471
[133] 15.19474889 12.21674894 22.27397962 17.85396527 14.43392260 14.28123478
[139] 19.96072380 15.64347708 26.14346104 24.18148131 26.87124015 26.71435024
[145] 26.03896178 21.72613976 17.56947836 14.47742578 12.96059399 12.15019486
[151]  6.64923678  6.28346158  6.58042088  6.28800796  6.32742457  6.28399791
[157]  0.63887587  6.21376506  6.85021582  6.07096637 14.37914815 10.82370334
[163] 14.69941659  6.06243759  6.77579167  6.31175369  4.25246541  4.18933877
[169]  0.80456854  5.16556007 14.99866616 13.69504195 19.20289977 11.56142642
[175]  6.40490829 14.52559414 14.34225391 14.83267317 11.86432734 17.70361539
[181]  7.68683378 15.35439986 24.86051684 23.41778370 23.60519755 19.72984568
[187] 19.11954841 18.38291465 17.83260323 14.89308910 13.86704154  6.36025631
[193]  6.28340423  2.82932085  6.36607548  6.22787810  5.12944223  4.62358328
[199]  4.37879455  1.25020403  1.04565160  6.24938321  5.92843025  5.95612501
[205]  4.47103075  1.52330416  0.92757128  1.69301186  0.30967242 11.25395529
[211]  8.57986732  6.81498877  6.64858864  5.80613885  5.66482150 10.40469428
[217]  8.69290185 10.10578263  6.19871921 14.13710990 13.95057622 12.54660426
[223] 19.20911466 14.04325016 14.98739967 12.86271760  8.90155665  6.57870941
[229]  6.30862142  3.25880871  1.70607103  6.29055243  5.53167403  0.84541460
[235]  0.71286766  4.58179114  0.45867544  0.74445839  6.81905336  6.54004373
[241]  6.43820597  6.33792734  5.88082268  4.70561345  4.43468462  4.50113819
[247]  3.35583970  6.73689662  6.37337589  5.44509017  8.18351369  6.01874711
[253] 13.14078180 12.29251430 10.34809271 13.24025445 12.62868057 10.50599870
[259] 12.69655655 11.61261946 10.28019906  8.39811579  6.12230518  1.20464993
[265]  6.30389676  3.10477474  0.68411192  0.29556665  0.68848483  4.35559451
[271]  6.73949260  6.53717030  3.79365463  3.27826879  6.28965689  6.18581249
[277]  2.68381544  1.59284025  0.67077856  3.09932246  6.11914355  6.09708047
[283]  2.04703704 11.54576450 12.54256663 12.51677735 10.15959274 10.08622852
[289] 11.96014487 11.56329678  6.08455119  5.34831942  0.94917055  6.05259245
[295]  5.47259560  2.75902093  0.25530068  6.72727716  6.17325306  0.12667285
[301]  0.24942592  6.17115414  4.16208019  1.44353904  5.07284486  3.10779747
[307]  2.76052577 11.51352514  9.78786857 10.69739689  8.24599960  6.92140401
[313]  4.10214182  4.97442923  0.30515050  6.70794483  6.70589332  6.49731114
[319]  6.38123456  5.21682237  0.66352957  0.60745374  4.30799302  3.38363252
[325]  0.90396740  9.66144495  6.90662311  6.65489620  6.99054622  6.74508647
[331]  3.07732105  2.33117207  0.48080210  6.31561620  1.76087689  6.40478653
[337]  6.39975058  0.08132681  6.03620058  5.35929409  6.53332583  3.21011622
[343]  6.13154001  6.09042921  5.64950506  3.49392526  1.02803118  4.08012983
[349]  5.79490954  5.18815853  3.89333421  6.48718219  3.11034421  2.00912755
[355]  5.49533813  0.63835038  4.07671141  2.75043633  5.13028345  3.13435136
[361]  0.68876865  1.55942731  0.55172240  2.09154283  3.32286074  1.29475094

$PAR
  [1]  NA   1   1   1   1   1   1   1   1   3   4   4   5   6   6   9   9   9
 [19]   9   9  10  10  10  11  12  12  12  12  13  13  13  14  14  14  14  15
 [37]  15  17  18  18  21  21  22  22  25  25  27  27  29  30  30  30  30  32
 [55]  32  32  32  32  34  34  34  34  36  37  38  40  41  41  42  42  42  42
 [73]  42  45  45  45  46  48  49  50  50  50  52  53  54  55  55  55  55  56
 [91]  56  60  60  62  62  62  63  65  65  65  69  69  69  70  70  71  72  72
[109]  72  72  72  72  72  72  73  73  74  75  75  78  78  78  78  78  86  86
[127]  86  87  87  87  88  88  88  88  92  92  92  92  99  99 101 101 104 104
[145] 104 106 106 106 106 106 107 107 108 108 109 110 110 111 116 116 117 117
[163] 118 118 120 120 121 121 121 122 125 125 126 128 128 129 131 133 133 135
[181] 138 140 141 142 143 143 144 146 146 147 147 151 151 152 153 154 155 155
[199] 155 155 155 156 156 158 158 158 158 159 159 161 163 163 163 166 166 173
[217] 173 174 175 176 178 180 186 188 189 191 191 191 191 193 193 195 195 200
[235] 200 204 206 208 211 211 212 212 212 213 214 215 215 217 217 217 218 219
[253] 220 220 220 221 221 222 224 224 225 227 228 228 229 229 229 231 235 236
[271] 239 240 240 240 241 242 244 245 245 246 248 248 249 256 257 257 257 257
[289] 259 260 263 263 264 265 265 265 266 271 272 272 273 275 275 278 281 281
[307] 281 286 288 289 289 289 291 292 295 298 298 298 298 302 304 304 305 305
[325] 306 309 310 310 311 311 311 311 311 312 313 317 317 322 327 327 328 328
[343] 329 329 329 330 331 336 339 339 340 341 343 344 345 347 348 350 352 352
[361] 352 353 355 357 359 359

$EXTANT
  [1] FALSE FALSE FALSE FALSE FALSE FALSE FALSE FALSE FALSE FALSE FALSE FALSE
 [13] FALSE FALSE FALSE FALSE FALSE FALSE FALSE FALSE FALSE FALSE FALSE FALSE
 [25] FALSE FALSE FALSE FALSE FALSE FALSE FALSE FALSE FALSE FALSE FALSE FALSE
 [37] FALSE FALSE FALSE FALSE FALSE FALSE FALSE FALSE FALSE FALSE FALSE FALSE
 [49] FALSE FALSE FALSE FALSE FALSE FALSE FALSE FALSE FALSE FALSE FALSE FALSE
 [61] FALSE FALSE FALSE FALSE FALSE FALSE FALSE FALSE FALSE FALSE FALSE  TRUE
 [73] FALSE FALSE FALSE FALSE FALSE  TRUE FALSE FALSE FALSE FALSE FALSE FALSE
 [85] FALSE FALSE FALSE FALSE FALSE FALSE FALSE FALSE FALSE FALSE FALSE FALSE
 [97] FALSE FALSE FALSE FALSE FALSE FALSE FALSE FALSE FALSE FALSE FALSE  TRUE
[109] FALSE  TRUE FALSE  TRUE  TRUE  TRUE FALSE FALSE FALSE FALSE FALSE FALSE
[121]  TRUE  TRUE FALSE FALSE FALSE FALSE FALSE FALSE FALSE FALSE FALSE FALSE
[133] FALSE FALSE FALSE FALSE FALSE FALSE FALSE FALSE FALSE FALSE FALSE FALSE
[145] FALSE FALSE FALSE FALSE FALSE FALSE FALSE FALSE FALSE FALSE  TRUE  TRUE
[157]  TRUE  TRUE  TRUE  TRUE FALSE FALSE FALSE FALSE FALSE  TRUE  TRUE  TRUE
[169]  TRUE FALSE FALSE FALSE FALSE FALSE FALSE FALSE FALSE FALSE FALSE FALSE
[181] FALSE FALSE FALSE FALSE FALSE FALSE FALSE FALSE FALSE FALSE FALSE FALSE
[193]  TRUE FALSE FALSE FALSE FALSE  TRUE  TRUE  TRUE FALSE  TRUE FALSE FALSE
[205] FALSE  TRUE  TRUE  TRUE  TRUE FALSE FALSE FALSE  TRUE  TRUE  TRUE FALSE
[217] FALSE  TRUE FALSE FALSE FALSE FALSE FALSE FALSE FALSE FALSE FALSE  TRUE
[229]  TRUE  TRUE  TRUE FALSE FALSE  TRUE  TRUE  TRUE FALSE FALSE FALSE  TRUE
[241] FALSE FALSE FALSE FALSE  TRUE FALSE  TRUE FALSE FALSE  TRUE FALSE  TRUE
[253] FALSE FALSE FALSE FALSE FALSE FALSE FALSE FALSE FALSE FALSE FALSE FALSE
[265]  TRUE  TRUE  TRUE  TRUE  TRUE FALSE FALSE  TRUE  TRUE  TRUE FALSE  TRUE
[277]  TRUE FALSE FALSE  TRUE  TRUE  TRUE FALSE FALSE FALSE FALSE FALSE FALSE
[289] FALSE FALSE FALSE FALSE  TRUE FALSE  TRUE  TRUE  TRUE FALSE FALSE  TRUE
[301]  TRUE FALSE FALSE  TRUE  TRUE  TRUE  TRUE FALSE FALSE  TRUE FALSE FALSE
[313]  TRUE FALSE  TRUE FALSE FALSE FALSE FALSE FALSE  TRUE  TRUE  TRUE  TRUE
[325] FALSE FALSE FALSE  TRUE FALSE  TRUE FALSE  TRUE FALSE  TRUE  TRUE  TRUE
[337] FALSE  TRUE FALSE  TRUE FALSE  TRUE  TRUE  TRUE FALSE  TRUE  TRUE  TRUE
[349] FALSE  TRUE FALSE  TRUE FALSE  TRUE  TRUE  TRUE  TRUE FALSE  TRUE FALSE
[361]  TRUE  TRUE  TRUE  TRUE FALSE FALSE

