
Birth-death simulation object with 195 species and 49 extant species

Details for some species:

Extinction times (NA means extant)
[1] 40.85100 33.91647 41.00505 42.37968 37.54636 40.18641


Speciation times 
[1] 45.87733 45.20482 41.88337 44.38194 39.20177 43.52934


Species parents (NA for initial)
[1] NA  1  1  2  2  4


Species status (extinct or extant)
[1] "extinct" "extinct" "extinct" "extinct" "extinct" "extinct"


For more details on vector y, try sim$y, with y one of
TE TS PAR EXTANT



$TE
  [1] 40.8510016 33.9164727 41.0050496 42.3796835 37.5463595 40.1864148
  [7] 28.9525601 31.5726593 38.7252248 11.4575102 33.6434453 35.3460524
 [13] 28.6771661 24.3433497 33.3868620 35.5679436 30.6214330 17.1899711
 [19] 38.4025283 37.9834495 21.1184238  7.8906719  9.2774505 11.2230964
 [25] 20.4225561 29.8850799  9.0412053 29.1261494 21.1899379 14.2746764
 [31] 21.0780453 23.6214089  8.5498659 19.5433108 10.8349202 10.7876767
 [37] 11.0754804 11.8144174  1.8543258 11.3107405 15.5313853 18.1959266
 [43]  8.3916125 22.0469696 10.1884860  8.4884628 14.5599193  8.8714857
 [49]  8.1414444 16.2139973 16.5645717 17.8478987 11.6212702  9.4140601
 [55] 14.7634023 10.7468670  9.7587025 11.6327447 10.8241300  1.4401896
 [61]  1.0777649 20.8248041 16.7914915 12.1302947 19.1723291 15.1762760
 [67]  9.5024491 10.1748537  8.8076962 14.4811124  8.3505392 12.5234433
 [73] 21.2561213 14.8960794         NA 10.9669388  9.8532483 13.9421908
 [79] 10.2430208 11.8192470         NA         NA         NA         NA
 [85] 11.4921786 10.9775786  0.3032315  8.3144227 16.4123547 17.4956493
 [91] 11.9263162  9.5265431 12.1801196  8.6842765  0.1461156 11.8075695
 [97] 11.9209808 13.3969497 11.9391897  8.9489560 11.0119820  9.3182647
[103]  4.4886993  1.4033325         NA 14.2019087 11.6555668 11.6777334
[109]         NA         NA         NA         NA 11.9170586 11.2484419
[115] 10.3969903         NA  3.3973028  2.6415211  0.4919181  9.5476557
[121] 10.1593712 11.6308245         NA  9.1241109 11.7257891  7.3694686
[127]  1.8519077         NA 12.6654676 11.6699892  9.6139646 10.5691876
[133]  7.6747953  3.6120886  5.4094923 11.9588984         NA         NA
[139]         NA  0.7002490         NA 10.2527486  6.0003250         NA
[145]         NA         NA 11.1790338 19.0958508 11.9721311  5.4557340
[151]         NA         NA  2.2745639  1.0392386         NA         NA
[157]  7.8424476  5.1189598  2.2783377  0.9069056         NA  3.9514977
[163]         NA         NA  4.9286087  5.0511563         NA  2.0699575
[169]         NA         NA         NA  8.0582260         NA         NA
[175]         NA         NA         NA  6.1505722         NA         NA
[181]  3.3650150         NA         NA         NA         NA         NA
[187]         NA  0.6289072  5.6915743         NA         NA         NA
[193]         NA  0.4926048         NA

$TS
  [1] 45.87732762 45.20482250 41.88337197 44.38193664 39.20176969 43.52933615
  [7] 42.41569608 41.80319670 40.60069597 39.32694365 36.02230717 35.53989699
 [13] 32.17027194 32.06506232 37.96143014 37.01852343 35.51464059 33.06985391
 [19] 39.47517340 38.00371487 25.54112674 22.53309742 21.35191769 20.40801570
 [25] 34.01423975 30.04160157 32.18805300 29.22429217 27.63818573 18.02264088
 [31] 25.38917398 24.99151563 21.70747756 21.43049872 12.14163296 17.13003795
 [37] 15.98472812 14.22440109 13.60035552 11.77315570 25.73169329 23.35802234
 [43] 21.17934507 26.34694402 13.63558128 21.20340357 15.37671522 23.65942589
 [49] 21.86280821 19.41772550 19.11194398 18.03281997 15.18254790 10.74560049
 [55] 21.05443648 11.04842960 11.48754059 11.65121656 13.21863791  6.72756636
 [61]  6.30826113 24.86215813 20.98981982 20.64160965 23.16828297 18.49312257
 [67] 10.63390514 23.08366446 10.48053783 19.80632828 17.90139930 18.56936863
 [73] 21.80934996 19.12010642 17.38459064 19.80668853 19.22332505 15.36965667
 [79] 10.45131817 12.23441396  6.02993485  1.86730196  6.23058411  2.65022448
 [85] 18.32421759 16.83205468 17.45171559 15.88788983 20.85750941 18.36421093
 [91] 14.90478839 10.20811880 18.70401599 16.66665446 16.26675328 15.66562575
 [97] 14.75200857 13.64478742 13.53767947 11.89780507 11.77940193 10.99749035
[103]  6.81059797  5.46012773  0.74729761 17.81940414 15.57305279 14.51353302
[109]  5.78510712  0.01679468  6.03891614  2.63434825 15.73827524 13.34861589
[115] 11.29348407  6.50675522  6.27742429  3.93879192  2.45943326 15.21269547
[121] 12.69489642 20.07229701 14.13927647  9.71510580 13.22272892  8.57396837
[127]  6.45781015  0.56598076 13.33697183 11.99740326 11.15883548 10.66540177
[133] 10.26939971  6.11905735  5.41806058 14.36695822  2.36879867  1.73867703
[139]  5.41363789  1.84344135  2.61526277 13.77556454  6.46390125  2.81174188
[145]  3.74142833  2.91170354 14.07596965 19.50877843 13.45025143  6.39004550
[151]  6.34302041  6.31607142  8.89024709  6.08321830  1.59044675  2.69638492
[157] 13.14176794  6.28482336  6.10547846  6.07129582  8.31128990  7.25173561
[163]  6.86948956  6.37837324  6.07019096  6.05742931  5.56035338  2.50296999
[169]  1.46897089  1.95075921  0.47304531 11.10297969  6.14082493  2.53872136
[175]  6.04418770  5.21006374  5.83739409  6.86735093  5.93139685  6.50960135
[181]  3.70507784  5.32071080  1.19058625  3.99090242  2.69192388  2.57238013
[187]  2.53746018  1.11231374  6.41856011  0.59302158  0.79251630  3.22399373
[193]  0.99410518  1.90386775  1.17796831

$PAR
  [1]  NA   1   1   2   2   4   6   7   7   7   7   7   7   7   8   8   8   8
 [19]   9  10  10  10  10  10  11  13  17  18  18  18  21  21  21  21  22  23
 [37]  23  24  24  24  25  25  25  27  27  29  30  31  31  33  33  33  33  33
 [55]  34  35  36  37  39  39  39  41  41  41  42  42  43  44  45  46  46  48
 [73]  49  49  50  55  55  55  57  59  60  60  61  61  63  63  66  66  68  68
 [91]  68  68  70  72  72  75  75  75  75  75  75  75  75  75  75  77  77  77
[109]  81  81  83  84  86  87  87  87  87  87  87  88  88  89  91  92  94  95
[127]  95  95  97  97 100 100 102 103 103 107 109 109 111 111 112 113 116 116
[145] 117 118 120 122 123 123 123 127 133 134 141 146 147 150 151 151 153 153
[163] 153 153 153 154 154 154 154 156 156 157 158 159 160 160 161 162 162 163
[181] 163 164 164 173 175 175 175 179 180 180 183 184 186 187 187

$EXTANT
  [1] FALSE FALSE FALSE FALSE FALSE FALSE FALSE FALSE FALSE FALSE FALSE FALSE
 [13] FALSE FALSE FALSE FALSE FALSE FALSE FALSE FALSE FALSE FALSE FALSE FALSE
 [25] FALSE FALSE FALSE FALSE FALSE FALSE FALSE FALSE FALSE FALSE FALSE FALSE
 [37] FALSE FALSE FALSE FALSE FALSE FALSE FALSE FALSE FALSE FALSE FALSE FALSE
 [49] FALSE FALSE FALSE FALSE FALSE FALSE FALSE FALSE FALSE FALSE FALSE FALSE
 [61] FALSE FALSE FALSE FALSE FALSE FALSE FALSE FALSE FALSE FALSE FALSE FALSE
 [73] FALSE FALSE  TRUE FALSE FALSE FALSE FALSE FALSE  TRUE  TRUE  TRUE  TRUE
 [85] FALSE FALSE FALSE FALSE FALSE FALSE FALSE FALSE FALSE FALSE FALSE FALSE
 [97] FALSE FALSE FALSE FALSE FALSE FALSE FALSE FALSE  TRUE FALSE FALSE FALSE
[109]  TRUE  TRUE  TRUE  TRUE FALSE FALSE FALSE  TRUE FALSE FALSE FALSE FALSE
[121] FALSE FALSE  TRUE FALSE FALSE FALSE FALSE  TRUE FALSE FALSE FALSE FALSE
[133] FALSE FALSE FALSE FALSE  TRUE  TRUE  TRUE FALSE  TRUE FALSE FALSE  TRUE
[145]  TRUE  TRUE FALSE FALSE FALSE FALSE  TRUE  TRUE FALSE FALSE  TRUE  TRUE
[157] FALSE FALSE FALSE FALSE  TRUE FALSE  TRUE  TRUE FALSE FALSE  TRUE FALSE
[169]  TRUE  TRUE  TRUE FALSE  TRUE  TRUE  TRUE  TRUE  TRUE FALSE  TRUE  TRUE
[181] FALSE  TRUE  TRUE  TRUE  TRUE  TRUE  TRUE FALSE FALSE  TRUE  TRUE  TRUE
[193]  TRUE FALSE  TRUE

