
Birth-death simulation object with 93 species and 16 extant species

Details for some species:

Extinction times (NA means extant)
[1] 42.314712  7.686849 34.758923 38.769184 20.559747 19.398371


Speciation times 
[1] 45.87733 45.66361 42.16787 41.24984 32.84590 32.10310


Species parents (NA for initial)
[1] NA  1  2  2  2  2


Species status (extinct or extant)
[1] "extinct" "extinct" "extinct" "extinct" "extinct" "extinct"


For more details on vector y, try sim$y, with y one of
TE TS PAR EXTANT



$TE
 [1] 42.3147121  7.6868488 34.7589230 38.7691844 20.5597468 19.3983708
 [7] 11.1196851 25.4983056 24.0324208 11.5873048 11.4144818  8.9939705
[13] 34.3001512 29.0421083 17.2682276 15.5254615 17.3722694  9.0492198
[19]  2.2170207 10.2662514  7.7114497 23.4465645 18.5160318 11.3597450
[25]  9.2573101 10.2280379 14.9303101 21.7873283 16.9780828 20.1237443
[31] 10.8621251  9.2816117  9.8911867 20.2928254 17.7897087 16.5435540
[37] 16.7140645         NA  3.6308997  5.9699604 12.9734180 10.6166272
[43] 12.3880519 11.4655862 10.9736627 11.8844676 11.3789577 15.2606442
[49] 11.6181984 14.2403165  9.8079331 16.3178564  9.9349025 18.2048170
[55]  6.7991400 10.1737722 15.4799920 19.1616531  5.1149413 15.1941765
[61]         NA         NA         NA         NA  8.2810255 14.1731940
[67] 11.0200985 13.3856983 10.4597672 10.4016343  9.3399851 17.6530675
[73]  9.9500915 11.8205297  0.2411469         NA         NA         NA
[79]         NA         NA  7.6765865 11.9269610 10.4679418 10.7028801
[85] 11.5164081         NA         NA         NA         NA         NA
[91]         NA  8.5595406  8.5584523

$TS
 [1] 45.8773276 45.6636128 42.1678719 41.2498402 32.8459029 32.1031033
 [7] 29.7899387 27.3261847 25.6259910 14.9057888 11.9631996  9.3586622
[13] 37.9385719 30.9651900 27.4795168 25.8795028 24.5683681 18.8335856
[19] 24.7659510 13.7234216 11.6508303 24.1605087 20.3924677 19.6956180
[25] 19.1225599 18.6494365 18.5937889 23.9713428 23.2034796 21.9563061
[31] 21.8628757 12.5134983 12.3196065 20.7247853 19.4628987 18.7970654
[37] 18.2986783  6.5535991  6.5530769  6.2195606 13.4003468 10.7284475
[43] 18.6014183 13.2349238 13.1226193 12.2373576 17.4559817 16.0653887
[49] 11.9298639 15.4863473 10.5755924 17.6983940 17.2387237 21.9781762
[55] 20.6287805 19.8156258 17.0308648 21.3670760 10.2079958 17.8943943
[61]  1.9644311  6.3114899  4.9266546  3.8794225 15.2354645 15.0130763
[67] 13.6087426 16.5150121 15.2327459 13.2172779 10.5633365 20.7300842
[73] 17.0893317 15.2357302  6.4003439  6.1653247  6.0666309  2.8797595
[79]  2.7911468  0.2296464  8.8216873 12.0230910 14.2675435 14.1369610
[85] 13.4826509  0.2634916  3.0520468  2.6567161  2.3287008  0.5414668
[91]  0.1654732 10.6148248  8.9641641

$PAR
 [1] NA  1  2  2  2  2  2  2  2  2  2  2  3  5  5  6  6  7  9 10 11 15 15 15 15
[26] 15 15 16 17 17 17 18 18 19 19 19 19 19 19 19 20 20 23 24 24 24 25 25 25 26
[51] 26 27 27 29 29 29 29 30 33 36 38 39 39 39 43 43 43 47 47 53 53 54 55 55 59
[76] 59 59 63 64 64 65 67 73 73 73 75 76 76 76 77 79 83 92

$EXTANT
 [1] FALSE FALSE FALSE FALSE FALSE FALSE FALSE FALSE FALSE FALSE FALSE FALSE
[13] FALSE FALSE FALSE FALSE FALSE FALSE FALSE FALSE FALSE FALSE FALSE FALSE
[25] FALSE FALSE FALSE FALSE FALSE FALSE FALSE FALSE FALSE FALSE FALSE FALSE
[37] FALSE  TRUE FALSE FALSE FALSE FALSE FALSE FALSE FALSE FALSE FALSE FALSE
[49] FALSE FALSE FALSE FALSE FALSE FALSE FALSE FALSE FALSE FALSE FALSE FALSE
[61]  TRUE  TRUE  TRUE  TRUE FALSE FALSE FALSE FALSE FALSE FALSE FALSE FALSE
[73] FALSE FALSE FALSE  TRUE  TRUE  TRUE  TRUE  TRUE FALSE FALSE FALSE FALSE
[85] FALSE  TRUE  TRUE  TRUE  TRUE  TRUE  TRUE FALSE FALSE

