
Birth-death simulation object with 91 species and 23 extant species

Details for some species:

Extinction times (NA means extant)
[1]  8.887749 10.106663 21.884382 15.204345 10.152570 13.716987


Speciation times 
[1] 45.87733 39.02170 30.72790 28.06588 23.48658 23.11030


Species parents (NA for initial)
[1] NA  1  1  1  1  1


Species status (extinct or extant)
[1] "extinct" "extinct" "extinct" "extinct" "extinct" "extinct"


For more details on vector y, try sim$y, with y one of
TE TS PAR EXTANT



$TE
 [1]  8.8877488 10.1066627 21.8843820 15.2043452 10.1525699 13.7169873
 [7] 14.1047071 10.3700577 35.3891346 28.2000046 32.4004111 27.3191132
[13] 21.8186181 26.7011936 27.4715699 15.2910670 11.1823643 14.2588879
[19]  9.2386643 13.6413441 20.8718579 15.2689588 10.6202972 10.5021010
[25] 10.2645588 33.0092968 25.4711035 28.6354981 25.2105661 11.5463167
[31] 10.5721470 11.8807208  7.8871242 10.6764520 11.9062718 27.0376498
[37] 12.6640933 14.2730181         NA  9.2791884  8.7391702 16.2561446
[43]         NA 11.5419065  7.0258799 11.7694681  8.1714991 10.3442648
[49]  8.3362750         NA  5.3743065  4.7987860         NA         NA
[55]         NA         NA 12.2138806         NA  2.7476266         NA
[61]  2.6802205         NA         NA  3.1111770  3.8459077         NA
[67]  2.9241847         NA         NA         NA  5.7755765  2.8833470
[73]         NA  1.9740974         NA  0.9096861  6.3037155  6.3829115
[79]  4.0108320  1.6934407  0.7631388  2.4449688         NA  0.6382033
[85]         NA  2.0201377         NA         NA         NA         NA
[91]  1.5936259

$TS
 [1] 45.8773276 39.0217002 30.7279002 28.0658800 23.4865755 23.1102969
 [7] 17.3893211 15.7094744 35.8327374 34.3588747 33.4666328 33.0118513
[13] 32.3780312 31.5227709 30.7534706 28.0685249 21.5120816 20.6584838
[19] 12.9321691 22.7534703 24.2131205 18.9583975 11.6021350 16.7272779
[25] 11.1074195 33.5547708 29.7083251 30.3178925 29.1037191 18.2912755
[31] 17.2575430 19.4594671 16.3521187 12.7582697 16.0805025 28.4653469
[37] 16.3118194 15.6958653 16.5910788 12.3659934 11.1865525 19.4347143
[43] 12.2152298 11.6614096 16.0557352 15.4244504 11.2993472 11.1582979
[49] 11.1648575 11.5698902  9.6594175  6.8498470  6.4581670  6.1115754
[55]  4.1452491  1.0646430 12.5621015 10.4029536  6.6395311  5.9872949
[61]  6.9960272  6.5932734  6.1534886  6.8094963  6.7322196  6.3568933
[67]  5.8534150  4.7860272  1.5895253  2.2145591  6.6295981  3.7523914
[73]  5.4621496  3.6225669  5.7894564  3.6843961  6.6661516  6.5366792
[79]  5.0670637  4.0449479  1.1810916  6.1407443  0.7988600  2.6470643
[85]  2.1656667  2.9475140  1.1536869  3.1904225  2.1818076  0.6355719
[91]  2.5896165

$PAR
 [1] NA  1  1  1  1  1  1  1  2  2  2  2  2  2  2  2  2  2  2  3  4  5  5  6  8
[26] 10 10 12 13 16 16 17 17 17 24 27 30 30 31 31 31 32 33 34 37 38 40 40 41 43
[51] 43 43 43 43 43 43 46 50 50 50 51 51 51 52 52 53 53 53 54 55 59 60 61 62 64
[76] 64 65 65 66 67 69 71 73 74 74 75 76 80 80 85 88

$EXTANT
 [1] FALSE FALSE FALSE FALSE FALSE FALSE FALSE FALSE FALSE FALSE FALSE FALSE
[13] FALSE FALSE FALSE FALSE FALSE FALSE FALSE FALSE FALSE FALSE FALSE FALSE
[25] FALSE FALSE FALSE FALSE FALSE FALSE FALSE FALSE FALSE FALSE FALSE FALSE
[37] FALSE FALSE  TRUE FALSE FALSE FALSE  TRUE FALSE FALSE FALSE FALSE FALSE
[49] FALSE  TRUE FALSE FALSE  TRUE  TRUE  TRUE  TRUE FALSE  TRUE FALSE  TRUE
[61] FALSE  TRUE  TRUE FALSE FALSE  TRUE FALSE  TRUE  TRUE  TRUE FALSE FALSE
[73]  TRUE FALSE  TRUE FALSE FALSE FALSE FALSE FALSE FALSE FALSE  TRUE FALSE
[85]  TRUE FALSE  TRUE  TRUE  TRUE  TRUE FALSE

