
Birth-death simulation object with 324 species and 104 extant species

Details for some species:

Extinction times (NA means extant)
[1] 30.03517 41.98940 19.31771 31.46123 37.17728       NA


Speciation times 
[1] 45.87733 42.40807 40.94129 39.94596 38.56039 35.15788


Species parents (NA for initial)
[1] NA  1  1  1  1  1


Species status (extinct or extant)
[1] "extinct" "extinct" "extinct" "extinct" "extinct" "extant" 


For more details on vector y, try sim$y, with y one of
TE TS PAR EXTANT



$TE
  [1] 30.03517213 41.98939711 19.31771381 31.46123012 37.17727550          NA
  [7] 32.88348534 30.34588800 22.35066091 35.67710967 35.34019552 21.17141578
 [13] 14.90304422 24.22902653 15.48122845 21.37035973 11.40714560 13.65355047
 [19] 30.59513523 30.09861291 13.86386391 10.26393922 13.02159450 15.59774393
 [25]  3.14694368  5.99871126          NA 27.46300660 14.27423013 34.98166394
 [31] 10.38969269 13.46034840 23.83973036 18.30737339 15.20491362 32.66250355
 [37] 28.36840814 26.43353239 16.30391707 14.68183585 14.13974447 10.66519462
 [43] 10.69867336 12.43542453 14.89811784 20.60564822 12.84936658          NA
 [49]  8.71786325 10.04898100  8.13177022 14.56253840 11.30255380  5.84848821
 [55]          NA          NA          NA          NA          NA 31.56740067
 [61] 29.02292369 10.95688560 15.02141024  9.79964467 26.47456221  9.79784009
 [67]  9.16313470  8.37593356 10.83821477 25.18485849 18.93329344 11.66171539
 [73] 11.33858519 14.66113408 14.86508825 16.56466216 11.97373440 22.73545213
 [79]  9.18538170 12.46255103 20.13639992 22.84908594 15.48403117 12.12168557
 [85] 23.69214905 18.70495741 10.73851167 10.69089314 13.66389130 12.21504904
 [91]  9.48192035  1.44471282 10.88535619 15.69943470  8.70454726  9.84448044
 [97]  5.94016027          NA  5.60539651          NA  0.03785688          NA
[103]          NA          NA 15.00261164 11.93550807 13.60783613 10.96148908
[109] 11.23681204 11.69003070 18.42308976 25.38915421 19.73965380 11.87808505
[115] 16.51636522 19.12346920 11.13406635 24.12362251  7.04206005  6.26230717
[121] 11.12955458 11.53967428 15.59382204 20.47180026  8.84926969  9.23424939
[127] 10.32534156  5.88792807 20.43402596  7.98744142 11.53051392  7.15183784
[133] 20.28558257  8.42675730 11.92611811 10.50363654 23.85106533 19.00209797
[139]  7.98399545          NA          NA  5.52100775  3.58335627          NA
[145]  8.53920893          NA 13.85493142  5.80302715  1.43146048  4.19511815
[151] 10.84793103  5.06743801 10.38730497 11.94508209  7.56713647 11.01988498
[157] 11.62310778  4.78719157 22.26307910 10.38610565  7.26106492  7.13923631
[163] 15.91332089 10.52918355          NA 16.69442271 17.81680402  7.71561182
[169]  8.70471065  8.80089557 10.17115980 17.47420229  3.10756515          NA
[175]          NA 17.80862830          NA  1.63047803          NA  1.27435293
[181]  6.41763262  1.85986360  7.29643710  3.92984862          NA          NA
[187]  4.55754456          NA          NA 10.54022052 13.15240749 11.69924449
[193]          NA  8.65756552 11.90968660          NA 10.11594436 11.19310257
[199] 12.42257980  9.92247067  2.93500212          NA          NA  2.49908470
[205]  3.25282478          NA          NA          NA          NA  6.50327476
[211]          NA  4.99588019  4.67542102  4.05910770          NA  6.26328840
[217]  4.93389653  3.63664780          NA          NA  5.46493794          NA
[223]  6.16037480          NA          NA  1.92476145          NA          NA
[229] 11.24092444          NA  5.33709904  1.80332911  4.43813639  4.31784517
[235]          NA          NA          NA  0.19024652          NA  0.46656141
[241]          NA  5.51093740          NA  4.88473067          NA          NA
[247]  1.15910999          NA          NA  3.73746644          NA          NA
[253]          NA  1.21699562          NA          NA  3.99452728          NA
[259]          NA  1.57792360  5.74418531  4.61021598          NA          NA
[265]          NA          NA          NA          NA          NA          NA
[271]  1.30434009          NA  3.61944882          NA          NA          NA
[277]          NA  1.04433519  3.05395270          NA          NA          NA
[283]          NA          NA          NA  4.76694456  6.10012883          NA
[289]          NA          NA          NA  1.66684268  1.59401104          NA
[295]          NA          NA          NA          NA          NA          NA
[301]  5.09891422          NA          NA          NA          NA  1.23680776
[307]          NA  1.95128473          NA  0.16650855          NA  1.76234197
[313]  1.29501363          NA  3.14784107  0.73538213          NA  2.94350508
[319]          NA  2.74613919          NA          NA  0.87531410          NA

$TS
  [1] 45.87732762 42.40806553 40.94128912 39.94595966 38.56038852 35.15788406
  [7] 35.00246754 30.35364406 30.20314026 40.46063371 38.46707503 35.81626302
 [13] 25.82046541 24.55988939 22.09788742 21.95108478 36.63159552 34.68849967
 [19] 37.34573004 32.73239596 27.70712443 26.01521884 25.94811552 22.58697476
 [25] 10.90120157  8.26321406  6.59377772 33.02071566 23.08558711 38.06178775
 [31] 33.69904604 23.50746508 23.84651300 18.68230725 17.62467093 34.21977818
 [37] 30.40277444 29.34358329 25.96619231 22.86118187 18.32336468 13.86485823
 [43] 31.83638957 31.47731125 25.73371344 23.06679979 18.74692651 14.10386440
 [49] 20.05263245 17.63708854 12.58759801 15.81953230 13.19242775  7.54549640
 [55]  6.48453718  6.43459290  6.03505539  4.91437517  3.20908911 32.68376549
 [61] 29.39473163 20.82884217 15.81078969 35.64617151 31.45896570 11.55362001
 [67] 14.57756955 13.75440448 18.35164309 29.07278864 24.12763093 20.59051820
 [73] 19.73585080 19.47173449 18.39678772 18.19326920 16.82514752 25.09547667
 [79] 13.17913803 30.98791478 26.77616579 22.89496696 15.51534908 13.93938362
 [85] 25.61331656 20.39509740 21.46902973 17.97497897 14.88518497 12.93974939
 [91] 11.52133296  6.39200469 12.35782799 15.92987145 10.26388845 12.21319553
 [97]  6.91355542  6.07457847  6.47656553  6.26590689  1.59286304  3.22372729
[103]  0.54407710  0.34395626 18.63916335 18.48441365 14.98471860 14.06488393
[109] 13.07383229 12.12628694 26.96964644 26.92130471 22.71493353 22.45908976
[115] 21.68791136 20.39975029 11.69090233 26.98020942 11.19030560 10.26155657
[121] 25.68230252 25.67120883 23.74989376 22.89257359 13.24983811 17.30207985
[127] 11.39436167 14.01413179 23.18828512 12.16671042 11.97590391 10.31059818
[133] 27.57371262 20.40974240 23.34610074 13.45280604 24.23738749 21.43982497
[139] 10.91431367  0.60359507  0.26821374  6.26310357  5.01339177  1.42105567
[145] 21.88546021 20.23355738 20.02510167  9.44027080  8.38754739  6.88439124
[151] 16.74699645 12.78256680 19.54791705 16.56846132 12.94679558 13.89611024
[157] 13.27539208  6.26341052 22.99884534 11.47058039  9.79077837  9.11696822
[163] 19.28196171 15.40839777  4.27123823 19.55140437 18.57569756 16.75648241
[169] 10.56110558 10.34716133 10.25190428 17.99315295  6.31399768  2.34968903
[175]  1.01781084 18.65329693  6.84897739  6.73796769  6.23444825  6.05911105
[181]  6.43852609  6.36470819  8.71343716  6.94764547  6.81770287  6.71467235
[187]  6.65527920  6.60538164  6.22069981 14.27498599 13.85697734 15.05586146
[193]  9.87144484  9.42351745 12.16169919  5.59082861 11.07162127 11.38836919
[199] 13.70519991 10.15274842 10.03056407  6.72956843  6.19644793  6.09054811
[205]  6.51841645  4.93500015  0.94061240  3.67636748  6.24154428  6.66916232
[211]  6.46715084  6.28831416  5.12280524  4.63333561  6.75769823  6.40808462
[217]  6.33800395  6.02111596  6.17948263  6.41372270  6.24550866  6.13074063
[223]  6.52869374  6.32621500  6.13254953  6.05273512  4.45747251  3.24204674
[229] 11.96884287  6.64456003  6.12677517  8.20904562  6.76554145  6.33694806
[235]  6.00110650  2.27955693  6.29640247  3.83046748  4.84393277  3.38415155
[241]  2.26246026  6.10632749  6.08413859  5.60414954  6.05483660  0.28748221
[247]  6.38067793  6.33957589  2.88308291  6.09033834  2.64270494  6.22145986
[253]  1.89809317  1.82995956  5.17516016  2.58175664  4.82950665  2.01562599
[259]  1.98179500  2.26654186  6.28994639  5.73261537  6.69719999  6.08980350
[265]  5.84931601  4.69586915  0.74545709  1.90409574  2.83603032  1.70065882
[271]  1.69137771  1.47447516  4.61270134  3.93413961  2.31925868  2.15956551
[277]  1.32804446  6.22034715  4.96866058  0.27980409  2.51177695  1.44239147
[283]  5.86252472  0.31568332  3.28312677  5.41015525  6.22189144  6.22026687
[289]  4.66098224  5.59586177  2.29108192  4.31202729  3.23309148  0.88389588
[295]  0.95570146  0.41562407  0.85770448  1.19898062  0.81445866  0.48027278
[301]  6.07920015  6.04448273  3.46762701  2.84488289  0.01677266  1.73396493
[307]  0.05260847  6.13403367  1.07292557  1.01746080  0.67144977  5.40559848
[313]  2.15583629  0.53977204  5.71672044  2.81256899  0.98736766  4.80793657
[319]  4.27741373  3.85647157  2.11082375  0.81876434  1.24982664  1.91206037

$PAR
  [1]  NA   1   1   1   1   1   1   1   1   3   3   3   3   3   3   3   4   4
 [19]   5   6   6   6   6   6   6   6   6   7   9  10  12  12  13  13  13  17
 [37]  17  17  17  18  18  18  20  20  21  21  21  21  22  22  22  23  23  25
 [55]  27  27  27  27  27  28  28  29  29  30  31  31  32  32  34  37  39  39
 [73]  39  39  39  39  41  43  43  44  44  44  44  44  45  45  46  47  47  47
 [91]  48  48  49  50  50  51  54  54  55  55  56  57  57  57  62  62  62  62
[109]  62  62  64  64  64  64  64  64  64  65  68  68  70  70  71  71  72  73
[127]  73  77  78  79  79  79  80  80  81  84  85  87  91  98  98  99 100 100
[145] 114 115 116 120 120 120 121 121 122 122 122 128 128 128 129 130 132 132
[163] 134 134 143 145 145 145 145 145 145 146 146 146 146 147 148 148 148 149
[181] 150 150 152 152 152 152 152 152 152 153 153 154 155 155 157 158 160 164
[199] 168 169 169 177 177 177 178 178 179 180 182 184 184 184 184 184 185 185
[217] 185 185 186 187 187 187 188 188 188 189 189 189 190 193 193 201 201 201
[235] 202 203 205 209 211 211 211 215 217 218 219 219 220 220 220 222 222 223
[253] 224 224 225 225 226 227 227 228 230 231 233 234 235 235 235 239 240 240
[271] 243 243 245 245 245 245 247 248 248 248 249 251 252 253 255 262 263 263
[289] 263 264 264 265 265 265 269 270 272 274 274 276 278 278 278 278 284 285
[307] 285 287 288 288 297 302 304 304 308 308 309 312 312 312 312 317 319 321

$EXTANT
  [1] FALSE FALSE FALSE FALSE FALSE  TRUE FALSE FALSE FALSE FALSE FALSE FALSE
 [13] FALSE FALSE FALSE FALSE FALSE FALSE FALSE FALSE FALSE FALSE FALSE FALSE
 [25] FALSE FALSE  TRUE FALSE FALSE FALSE FALSE FALSE FALSE FALSE FALSE FALSE
 [37] FALSE FALSE FALSE FALSE FALSE FALSE FALSE FALSE FALSE FALSE FALSE  TRUE
 [49] FALSE FALSE FALSE FALSE FALSE FALSE  TRUE  TRUE  TRUE  TRUE  TRUE FALSE
 [61] FALSE FALSE FALSE FALSE FALSE FALSE FALSE FALSE FALSE FALSE FALSE FALSE
 [73] FALSE FALSE FALSE FALSE FALSE FALSE FALSE FALSE FALSE FALSE FALSE FALSE
 [85] FALSE FALSE FALSE FALSE FALSE FALSE FALSE FALSE FALSE FALSE FALSE FALSE
 [97] FALSE  TRUE FALSE  TRUE FALSE  TRUE  TRUE  TRUE FALSE FALSE FALSE FALSE
[109] FALSE FALSE FALSE FALSE FALSE FALSE FALSE FALSE FALSE FALSE FALSE FALSE
[121] FALSE FALSE FALSE FALSE FALSE FALSE FALSE FALSE FALSE FALSE FALSE FALSE
[133] FALSE FALSE FALSE FALSE FALSE FALSE FALSE  TRUE  TRUE FALSE FALSE  TRUE
[145] FALSE  TRUE FALSE FALSE FALSE FALSE FALSE FALSE FALSE FALSE FALSE FALSE
[157] FALSE FALSE FALSE FALSE FALSE FALSE FALSE FALSE  TRUE FALSE FALSE FALSE
[169] FALSE FALSE FALSE FALSE FALSE  TRUE  TRUE FALSE  TRUE FALSE  TRUE FALSE
[181] FALSE FALSE FALSE FALSE  TRUE  TRUE FALSE  TRUE  TRUE FALSE FALSE FALSE
[193]  TRUE FALSE FALSE  TRUE FALSE FALSE FALSE FALSE FALSE  TRUE  TRUE FALSE
[205] FALSE  TRUE  TRUE  TRUE  TRUE FALSE  TRUE FALSE FALSE FALSE  TRUE FALSE
[217] FALSE FALSE  TRUE  TRUE FALSE  TRUE FALSE  TRUE  TRUE FALSE  TRUE  TRUE
[229] FALSE  TRUE FALSE FALSE FALSE FALSE  TRUE  TRUE  TRUE FALSE  TRUE FALSE
[241]  TRUE FALSE  TRUE FALSE  TRUE  TRUE FALSE  TRUE  TRUE FALSE  TRUE  TRUE
[253]  TRUE FALSE  TRUE  TRUE FALSE  TRUE  TRUE FALSE FALSE FALSE  TRUE  TRUE
[265]  TRUE  TRUE  TRUE  TRUE  TRUE  TRUE FALSE  TRUE FALSE  TRUE  TRUE  TRUE
[277]  TRUE FALSE FALSE  TRUE  TRUE  TRUE  TRUE  TRUE  TRUE FALSE FALSE  TRUE
[289]  TRUE  TRUE  TRUE FALSE FALSE  TRUE  TRUE  TRUE  TRUE  TRUE  TRUE  TRUE
[301] FALSE  TRUE  TRUE  TRUE  TRUE FALSE  TRUE FALSE  TRUE FALSE  TRUE FALSE
[313] FALSE  TRUE FALSE FALSE  TRUE FALSE  TRUE FALSE  TRUE  TRUE FALSE  TRUE

