
Birth-death simulation object with 200 species and 73 extant species

Details for some species:

Extinction times (NA means extant)
[1] 35.47777 41.71672 32.60395 29.18694 32.63049 25.53086


Speciation times 
[1] 45.87733 44.17787 37.23972 36.93413 32.83522 34.89046


Species parents (NA for initial)
[1] NA  1  1  1  3  4


Species status (extinct or extant)
[1] "extinct" "extinct" "extinct" "extinct" "extinct" "extinct"


For more details on vector y, try sim$y, with y one of
TE TS PAR EXTANT



$TE
  [1] 35.47776607 41.71672159 32.60394987 29.18694462 32.63049226 25.53086474
  [7] 27.47805280 26.71222837 23.17800584 28.85901010 10.15654482 20.33237745
 [13] 22.44749260 25.32407409 19.84415672 22.65946217 12.42441412  0.85792526
 [19] 20.24286340 26.40312839 11.08134206 22.44159769 20.75196508 30.09778890
 [25] 10.39390114 23.37511187 27.45415423 18.56538998 10.54375595          NA
 [31]          NA          NA 22.13786508  9.08946744 11.14432828 14.09553103
 [37] 20.81197310 14.21960125  3.15455751          NA          NA          NA
 [43]          NA          NA 21.81231503  8.67897636 11.71558988  6.43975038
 [49]  8.65619470 11.39060045 17.23535030 10.69805653 11.85615603          NA
 [55]          NA          NA          NA 12.23402309  7.57524493  9.57967718
 [61]  1.52990610          NA 11.91786427  9.41030500  8.60610369  5.17108645
 [67] 13.11782099  5.19142555  5.87347048 10.37693998  8.85445290 11.35624097
 [73] 11.57809267  5.04058688          NA  4.21646917          NA          NA
 [79]          NA          NA  9.96941698  1.79267021  0.45508089  5.92804491
 [85]  4.06974216 10.24101714 10.02065032  8.47172115          NA          NA
 [91] 10.12265078 11.17482458  7.70645961  8.90984364          NA  8.29782070
 [97]  5.07261478          NA          NA  0.34182829          NA  1.61185647
[103]          NA          NA          NA 11.54000635  9.53887071  2.15697034
[109]  2.74852000  0.02054680  0.76942376  7.58486366  3.57964299  0.46587000
[115]  0.81632292          NA 11.28296347          NA          NA          NA
[121]          NA  2.81984565  1.39388788          NA  5.81776572  1.03916907
[127]          NA  8.22140037  3.01893800          NA  4.86476854          NA
[133]  2.48548040          NA          NA  2.67840076  0.61258245          NA
[139]  1.40838524  3.27051012  2.54397119          NA 11.35253171  9.87803321
[145]          NA  2.22662927  1.71479245  0.54078217  3.18053189          NA
[151]  1.80996093          NA          NA          NA          NA  0.08445866
[157]  4.76818322          NA  0.82669990  0.54547116          NA          NA
[163]  3.70985719          NA  1.70812443          NA  0.49356651  0.20568982
[169]          NA  2.91576447  4.65880179          NA          NA  4.14192779
[175]          NA          NA          NA          NA          NA          NA
[181]  5.21763050  5.18597766          NA          NA          NA          NA
[187]          NA          NA  6.11579751          NA          NA  1.96325775
[193]  5.81279884          NA  0.77739365          NA          NA  1.17465156
[199]          NA          NA

$TS
  [1] 45.877327615 44.177870124 37.239720984 36.934131084 32.835218274
  [6] 34.890458700 32.524444442 30.880714142 33.452562934 29.071167948
 [11] 29.430508685 28.879220939 28.185716897 31.263276628 25.954798563
 [16] 23.219156181 22.761995342 12.796663873 22.676096448 26.696305087
 [21] 25.593227532 22.662972270 22.633540998 30.744618975 30.398784713
 [26] 28.247575848 27.518030379 23.149205804 10.941699544  6.471998868
 [31]  6.319710850  2.731211706 24.335386853 27.211884154 26.971967691
 [36] 23.637507786 21.779263327 19.323593329  4.214605420  5.433471273
 [41]  4.180870577  1.140992946  1.609081306  0.515835123 24.645501172
 [46] 22.135440906 13.024206197 10.951477911 16.287170311 13.062956499
 [51] 18.481166715 18.472928607 17.671164689 14.467676779  0.664115917
 [56]  3.587024882  0.897328287 19.155474636 15.838386565  9.684009712
 [61]  6.790620787  6.772369870 12.693391366 12.680578285 12.341766502
 [66] 10.013112386 17.463272523 16.282383754 13.994617505 13.133319450
 [71] 11.907919199 17.494782674 13.378316672  6.742987429  6.735376430
 [76]  6.357895509  4.070725157  3.490929799  2.583921752  0.372632364
 [81] 15.318928616  6.020584938  6.427386692  6.050022943 12.036013684
 [86] 12.396359327 10.560659541  9.764276946  7.561921013  6.837564083
 [91] 11.309583040 13.312363325 11.692821790 10.777150492  6.430589682
 [96] 10.461084171  8.957675622  6.656030572  6.049662546  6.593143299
[101]  6.237799118  3.366577875  6.089447791  0.035792535  0.619723127
[106] 13.659639464 12.759003107  6.264573247  3.977401519  2.886824251
[111]  2.259288058  9.741569323  9.360112377  7.648425337  6.659505026
[116]  6.649818920 11.696306593  5.747227015  6.761329943  6.376245821
[121]  4.613535001  4.441171437  2.143742755  1.142886137  6.024377464
[126]  2.060645332  0.009238344  8.753359150  6.947995738  5.265428607
[131]  6.548472311  5.617751200  3.109544931  0.284126681  6.554508378
[136]  6.458288200  4.649763590  6.218585736  4.177257996  6.019964538
[141]  3.901916355  0.616039770 12.958436361 12.781437384  6.251882275
[146]  6.965365509  6.290960922  6.666170520  3.380837600  5.124262221
[151]  2.290069044  1.260599342  0.184073147  3.402211064  2.853678814
[156]  6.545739045  6.527070532  6.423220329  6.070083286  5.601123503
[161]  3.803965011  6.379724388  6.276506808  6.171823570  4.883914281
[166]  0.671918362  3.360292415  3.659133892  3.064164591 10.678218870
[171]  6.066272402  2.769137848  5.980365264  5.595378552  5.214784944
[176]  3.054196166  0.911191162  0.019105265  2.841360821  6.433573782
[181]  6.334268736  5.979293829  1.597887076  2.737050246  4.306362370
[186]  1.764280095  2.599011901  2.176053306  6.237284171  6.034713951
[191]  5.630496189  4.414925397  6.176074937  1.276135008  1.311126748
[196]  0.048544915  1.020551991  6.157627519  0.551347699  1.292717490

$PAR
  [1]  NA   1   1   1   3   4   4   4   6   7   8   8   8   9  11  11  11  11
 [19]  12  13  13  13  13  14  14  14  14  15  18  18  18  18  21  25  25  25
 [37]  28  28  30  31  31  31  32  32  34  34  34  34  35  35  38  38  38  38
 [55]  40  41  43  46  46  46  48  48  49  49  49  49  52  52  52  52  52  53
 [73]  54  54  54  54  54  54  56  56  59  61  62  62  63  64  64  65  66  66
 [91]  68  69  69  69  69  71  71  74  74  75  75  75  76  78  79  81  81  83
[109]  83  83  83  85  85  85  85  85  86  89  90  90  90  90  90  90  95  95
[127]  95  96  97  97  98  99  99  99 100 100 100 101 101 103 103 103 106 106
[145] 108 113 113 114 114 115 118 118 118 120 122 129 129 129 129 129 129 131
[163] 131 131 131 135 138 139 141 144 145 146 147 147 148 148 150 154 156 157
[181] 157 157 160 162 164 165 167 169 170 171 171 180 181 183 184 185 187 189
[199] 194 195

$EXTANT
  [1] FALSE FALSE FALSE FALSE FALSE FALSE FALSE FALSE FALSE FALSE FALSE FALSE
 [13] FALSE FALSE FALSE FALSE FALSE FALSE FALSE FALSE FALSE FALSE FALSE FALSE
 [25] FALSE FALSE FALSE FALSE FALSE  TRUE  TRUE  TRUE FALSE FALSE FALSE FALSE
 [37] FALSE FALSE FALSE  TRUE  TRUE  TRUE  TRUE  TRUE FALSE FALSE FALSE FALSE
 [49] FALSE FALSE FALSE FALSE FALSE  TRUE  TRUE  TRUE  TRUE FALSE FALSE FALSE
 [61] FALSE  TRUE FALSE FALSE FALSE FALSE FALSE FALSE FALSE FALSE FALSE FALSE
 [73] FALSE FALSE  TRUE FALSE  TRUE  TRUE  TRUE  TRUE FALSE FALSE FALSE FALSE
 [85] FALSE FALSE FALSE FALSE  TRUE  TRUE FALSE FALSE FALSE FALSE  TRUE FALSE
 [97] FALSE  TRUE  TRUE FALSE  TRUE FALSE  TRUE  TRUE  TRUE FALSE FALSE FALSE
[109] FALSE FALSE FALSE FALSE FALSE FALSE FALSE  TRUE FALSE  TRUE  TRUE  TRUE
[121]  TRUE FALSE FALSE  TRUE FALSE FALSE  TRUE FALSE FALSE  TRUE FALSE  TRUE
[133] FALSE  TRUE  TRUE FALSE FALSE  TRUE FALSE FALSE FALSE  TRUE FALSE FALSE
[145]  TRUE FALSE FALSE FALSE FALSE  TRUE FALSE  TRUE  TRUE  TRUE  TRUE FALSE
[157] FALSE  TRUE FALSE FALSE  TRUE  TRUE FALSE  TRUE FALSE  TRUE FALSE FALSE
[169]  TRUE FALSE FALSE  TRUE  TRUE FALSE  TRUE  TRUE  TRUE  TRUE  TRUE  TRUE
[181] FALSE FALSE  TRUE  TRUE  TRUE  TRUE  TRUE  TRUE FALSE  TRUE  TRUE FALSE
[193] FALSE  TRUE FALSE  TRUE  TRUE FALSE  TRUE  TRUE

