
Birth-death simulation object with 211 species and 85 extant species

Details for some species:

Extinction times (NA means extant)
[1] 34.55676 31.24779 36.76386 32.32667 31.28877 10.86167


Speciation times 
[1] 45.87733 39.63867 39.10106 33.21770 32.64816 31.50739


Species parents (NA for initial)
[1] NA  1  2  2  4  5


Species status (extinct or extant)
[1] "extinct" "extinct" "extinct" "extinct" "extinct" "extinct"


For more details on vector y, try sim$y, with y one of
TE TS PAR EXTANT



$TE
  [1] 34.55676221 31.24778841 36.76386153 32.32666695 31.28876812 10.86167246
  [7] 28.33681571 17.26090259 10.24875826 11.03435687  9.07772768 13.48465277
 [13]  8.16178515 25.17512435 10.60902305  8.19129382 10.68756208  7.89057198
 [19] 19.04573607  8.23382166 16.90119364 19.35003981 14.32944838  9.80161910
 [25] 15.94837186 11.97189445          NA 11.75824049 11.66642619 11.41737817
 [31]  6.54783256  1.48115724 16.35252097 11.47947622  9.88740045 11.71695523
 [37]  8.69262809 16.97179079  9.95567039 11.40963436  8.92530697  9.03641470
 [43]          NA          NA 11.71345791          NA  4.23632462 11.61770819
 [49] 10.20255838 14.11397779 11.57172696 11.77184483 10.04758859  9.58088846
 [55]          NA 13.26182165  9.97288121 10.27461290  8.24397574  7.11261718
 [61] 11.17256568  9.96504742 11.52337439  9.92603615 10.28801843  9.68174602
 [67]  1.65639127  6.78546515          NA  0.97459987          NA  8.74200140
 [73]          NA          NA  6.34212706  0.31359671          NA          NA
 [79] 10.79826196 14.63867875 12.20381287          NA          NA  1.14458296
 [85]          NA  1.20999982          NA  3.28825314  2.48557034  9.28309118
 [91] 13.03058113 11.81995333  7.64607618 11.87698878 11.28227354          NA
 [97]  7.65153320  9.05808209          NA  1.72142249          NA          NA
[103]  6.51415051          NA  2.76284421          NA  0.79984223  3.96742348
[109]  5.59271852          NA          NA 11.47356567          NA          NA
[115]          NA          NA  0.46309099  0.92576146          NA          NA
[121]          NA  5.15049737          NA  6.23450701 10.86397300 11.82653335
[127] 11.60952999  5.70892328          NA  5.46496613          NA          NA
[133]          NA  3.60169702          NA          NA  0.06443367          NA
[139]  4.62254768          NA          NA          NA          NA  4.58061307
[145]          NA  3.50045196          NA          NA          NA          NA
[151]          NA  0.56575677          NA          NA  3.10843055  8.38944734
[157]  0.80675467  4.11195613  6.07648493          NA  5.27460371  4.75396030
[163]          NA  1.74284466          NA          NA          NA          NA
[169]          NA          NA  2.69937344  3.12013285          NA          NA
[175]          NA          NA          NA  1.12850965          NA          NA
[181]  5.97836514  3.95853730          NA  1.92540003          NA          NA
[187]          NA  0.05936963          NA          NA  3.44942164          NA
[193]          NA  3.92706107  4.46713100  2.07033633  2.18580835          NA
[199]          NA  0.78969715          NA          NA          NA          NA
[205]          NA          NA          NA          NA          NA          NA
[211]  1.55011248

$TS
  [1] 45.8773276 39.6386713 39.1010557 33.2177002 32.6481558 31.5073918
  [7] 30.4247577 28.8005917 26.2091312 21.0492832 18.0839996 16.3321628
 [13] 15.0529165 25.4696663 23.5140449 19.7763542 18.4516801 26.0079878
 [19] 24.8162841 15.1667105 20.9390211 20.4264211 19.9861111 12.0320005
 [25] 16.4004080 14.2546516 15.6893024 14.3121386 14.8576590 13.8942520
 [31] 11.9343700  8.5985606 22.7826177 12.5951089 14.6918686 13.1872066
 [37] 11.0806446 17.3940316 16.8758307 14.6387771 13.1322445 12.3513731
 [43] 11.4475670  9.3068047 19.4543127 12.3912959 11.4143622 19.0898904
 [49] 16.1770855 15.5528351 12.9460670 15.3814615 15.0526602  9.9738017
 [55]  2.9865997 13.9847388 11.6860735 10.3058264  9.0121097 17.4031334
 [61] 15.0420056 13.6847554 11.5842310 12.2057412 10.6202117  9.8150715
 [67]  9.0843255  6.9284136  2.5225614  1.7601449  1.3914633  8.8489351
 [73]  7.8670205  6.7008372  6.7006685  6.3273784  6.2634742  5.8894275
 [79] 17.3581961 15.9010305 12.2966635  6.8712616  6.6562825  6.4122280
 [85]  6.2037175  3.4851919  6.7852486  6.7651828  5.1056749 13.9639723
 [91] 13.9297600 12.1362467 13.1946734 14.7612376 11.3903860  0.6122153
 [97]  8.4206649 12.8263879  6.5716228  6.5858199  6.3514742  5.7581896
[103]  6.6591399  6.4496619  5.2918884  3.9397137  6.3643232  6.2343245
[109]  6.0661011  0.8534682  1.7705693 14.7251450  6.6552380  3.9042835
[115]  6.2553246  3.6285254  1.2620615  2.5847620  2.3152970  6.0435565
[121]  2.8817044  6.4344517  1.2772555  9.8498369 13.4097274 12.0079190
[127] 11.7228346  6.2928724  1.3101037  6.1910284  2.9770282  2.1563590
[133]  1.9630967  5.4525752  2.5998417  4.7988979  4.0271339  5.8529795
[139]  5.0258146  0.4352450  0.1582065  6.5873859  6.3099705  4.9609313
[145]  4.6657362  6.1191260  4.8434226  4.7730261  4.1917371  2.6415633
[151]  1.9666756  0.8490946  1.3618157  3.1827772  6.1382146  9.0370674
[157]  8.0227002  6.8924059  6.7158529  0.1322496  6.0868428  5.2660095
[163]  0.1615469  3.5007880  5.0897102  4.3212808  1.7914868  1.2992475
[169]  4.7879931  4.6837287  6.5659588  5.2928008  4.4147527  3.7607434
[175]  2.4566483  0.6004594  0.2252530  2.1862557  6.2421249  5.5850074
[181]  6.3431922  6.0954161  4.8256819  3.0281373  4.0010709  3.7436613
[187]  0.5004378  0.1027640  4.1684720  2.6412604  5.5666094  3.8946995
[193]  0.3039254  6.3115362  5.7831864  4.3455286  3.8657914  3.1959641
[199]  2.6815174  2.1519945  0.5007493  3.8427944  3.5376053  0.9155852
[205]  5.0749490  2.2678293  0.1419150  2.9593910  1.1201958  2.2086718
[211]  2.1650010

$PAR
  [1]  NA   1   2   2   4   5   6   6   6   6   6   6   6   8   8   8   8   9
 [19]   9   9  10  10  10  10  11  11  12  12  13  13  13  13  15  15  16  16
 [37]  16  17  17  17  17  17  18  18  19  20  20  23  23  23  26  27  27  27
 [55]  27  28  31  31  31  33  39  39  39  42  43  43  43  43  43  43  43  44
 [73]  44  44  44  44  44  44  45  45  46  46  46  46  46  46  47  47  47  48
 [91]  48  51  52  53  53  55  60  61  67  73  73  73  74  74  74  74  75  76
[109]  77  77  78  79  82  82  83  83  83  84  84  85  86  87  87  90  91  94
[127]  98  99  99 100 100 100 100 102 104 107 107 108 108 111 111 113 113 113
[145] 113 115 115 115 115 115 116 116 118 120 122 124 124 124 124 129 130 134
[163] 135 137 138 138 138 138 139 139 142 143 146 146 147 147 149 154 157 157
[181] 158 159 162 164 166 166 167 168 169 170 171 173 175 181 182 183 185 185
[199] 185 186 186 189 189 190 191 199 199 203 203 205 206

$EXTANT
  [1] FALSE FALSE FALSE FALSE FALSE FALSE FALSE FALSE FALSE FALSE FALSE FALSE
 [13] FALSE FALSE FALSE FALSE FALSE FALSE FALSE FALSE FALSE FALSE FALSE FALSE
 [25] FALSE FALSE  TRUE FALSE FALSE FALSE FALSE FALSE FALSE FALSE FALSE FALSE
 [37] FALSE FALSE FALSE FALSE FALSE FALSE  TRUE  TRUE FALSE  TRUE FALSE FALSE
 [49] FALSE FALSE FALSE FALSE FALSE FALSE  TRUE FALSE FALSE FALSE FALSE FALSE
 [61] FALSE FALSE FALSE FALSE FALSE FALSE FALSE FALSE  TRUE FALSE  TRUE FALSE
 [73]  TRUE  TRUE FALSE FALSE  TRUE  TRUE FALSE FALSE FALSE  TRUE  TRUE FALSE
 [85]  TRUE FALSE  TRUE FALSE FALSE FALSE FALSE FALSE FALSE FALSE FALSE  TRUE
 [97] FALSE FALSE  TRUE FALSE  TRUE  TRUE FALSE  TRUE FALSE  TRUE FALSE FALSE
[109] FALSE  TRUE  TRUE FALSE  TRUE  TRUE  TRUE  TRUE FALSE FALSE  TRUE  TRUE
[121]  TRUE FALSE  TRUE FALSE FALSE FALSE FALSE FALSE  TRUE FALSE  TRUE  TRUE
[133]  TRUE FALSE  TRUE  TRUE FALSE  TRUE FALSE  TRUE  TRUE  TRUE  TRUE FALSE
[145]  TRUE FALSE  TRUE  TRUE  TRUE  TRUE  TRUE FALSE  TRUE  TRUE FALSE FALSE
[157] FALSE FALSE FALSE  TRUE FALSE FALSE  TRUE FALSE  TRUE  TRUE  TRUE  TRUE
[169]  TRUE  TRUE FALSE FALSE  TRUE  TRUE  TRUE  TRUE  TRUE FALSE  TRUE  TRUE
[181] FALSE FALSE  TRUE FALSE  TRUE  TRUE  TRUE FALSE  TRUE  TRUE FALSE  TRUE
[193]  TRUE FALSE FALSE FALSE FALSE  TRUE  TRUE FALSE  TRUE  TRUE  TRUE  TRUE
[205]  TRUE  TRUE  TRUE  TRUE  TRUE  TRUE FALSE

