
Birth-death simulation object with 148 species and 80 extant species

Details for some species:

Extinction times (NA means extant)
[1] 32.40918 20.89334 37.54613 30.89153 26.12230 26.19335


Speciation times 
[1] 48.65279 39.34717 37.88571 34.96595 26.62264 26.53366


Species parents (NA for initial)
[1] NA  1  1  1  2  2


Species status (extinct or extant)
[1] "extinct" "extinct" "extinct" "extinct" "extinct" "extinct"


For more details on vector y, try sim$y, with y one of
TE TS PAR EXTANT



$TE
  [1] 32.40918235 20.89333541 37.54612619 30.89152879 26.12230171 26.19335158
  [7] 21.74363918 14.10395267  0.63796279 16.49258794 14.61661791 13.44255001
 [13] 13.30728378 14.57666714 17.00527924 13.88543095 16.11332458 14.35735318
 [19] 13.97410354 10.98140263 16.97276361 14.36288443  5.80619525  0.99099578
 [25]          NA          NA  7.19957985  3.62217557          NA          NA
 [31]          NA          NA  1.36483762          NA          NA  1.06523276
 [37]  4.59589318          NA  4.93043241  4.98196579  0.31101713  2.44833590
 [43]          NA  0.43193657  0.94566348          NA          NA          NA
 [49]          NA          NA          NA  4.76474870          NA          NA
 [55]  5.31139927          NA  5.55412924          NA  1.32753602          NA
 [61]          NA          NA          NA          NA          NA  2.98283579
 [67]          NA          NA  4.28976107  1.79029679          NA  3.80469933
 [73]          NA  0.01399007  0.69978620  3.45787065  0.48624913  3.31385190
 [79]          NA          NA  3.52593033          NA          NA          NA
 [85]          NA          NA          NA  0.07776274          NA          NA
 [91]          NA          NA  0.70318739          NA          NA          NA
 [97]  0.95803980          NA          NA          NA          NA  2.46884216
[103]  4.18502874  1.27563088          NA          NA  1.00754750  3.78640734
[109]  3.30367060          NA          NA          NA          NA          NA
[115]  2.10873191          NA          NA          NA  0.32499718  2.29814974
[121]          NA          NA          NA          NA  0.67403957          NA
[127]  0.02461225          NA          NA          NA  4.57093975  1.60883646
[133]          NA          NA          NA  2.47420055          NA          NA
[139]  4.86599611          NA          NA          NA          NA          NA
[145]          NA  2.74737630          NA          NA

$TS
  [1] 48.6527881 39.3471699 37.8857091 34.9659461 26.6226402 26.5336591
  [7] 25.0705181 24.2591226 20.6602829 20.1278234 19.6217708 18.3364232
 [13] 15.8214224 19.5401934 19.5815799 16.1042798 18.2081637 16.4994928
 [19] 14.5454557 17.6623260 17.1988219 14.3753607 14.1860997 10.1520065
 [25]  7.5625570  9.6941836  9.6496839  9.6462505  8.2018500  8.1696501
 [31]  5.5593264  5.0038108  6.0177890  5.6136084  5.1351085  8.1395373
 [37]  7.9641930  7.9198795  7.3550765  8.3477098  7.3763628  8.9181078
 [43]  7.9161650  6.2646573  5.4362488  4.9150340  4.8032580  3.6963045
 [49]  8.0421739  3.9616343  7.9066617  7.4566124  3.0107610  0.4756488
 [55]  5.4315177  2.5505264  7.5407637  6.0830281  5.8059026  7.5178572
 [61]  5.9362270  5.1323853  2.9128674  6.6956407  5.9169635  5.7687429
 [67]  6.6170285  1.8004441  7.5222453  7.3038805  4.3975127  4.6206530
 [73]  3.4739757  2.6647875  1.5115647  4.8870050  3.5867654  4.2388285
 [79]  3.4948656  1.8860356  5.1923896  5.1252798  4.4675517  1.6813033
 [85]  4.5914466  2.3501136  6.2800302  5.0362831  0.7212608  6.5971531
 [91]  6.2289435  1.6021406  1.3093093  4.2370477  7.2485963  4.2253303
 [97]  4.1677205  1.6601316  5.3295299  4.9104601  3.6458133  5.4835528
[103]  4.7092732  1.3934511  5.7514748  4.1441082  6.3850691  5.8226328
[109]  7.1878639  7.0645747  5.3996578  3.0126892  0.3184478  1.5190693
[115]  2.2969481  0.1416296  0.4850552  0.6541651  3.9075105  2.5150821
[121]  0.8790730  4.8961557  4.0109407  1.4007343  1.1843662  1.2546770
[127]  1.0021357  3.2609842  2.6006922  1.3824940  5.2104370  2.1664995
[133]  2.2010664  2.0898436  3.5571566  3.1652675  5.5780517  5.8927694
[139]  6.0958057  0.5110764  0.3050837  1.0764119  0.8766814  2.1757622
[145]  2.5864523  4.7604910  1.3679085  0.1683672

$PAR
  [1]  NA   1   1   1   2   2   2   2   8   8   8   8   8   9  10  11  12  12
 [19]  12  14  14  16  20  23  23  24  24  24  24  24  24  24  25  25  25  26
 [37]  26  26  26  27  27  28  28  28  28  28  28  28  29  29  30  30  30  30
 [55]  31  32  36  36  36  37  37  38  38  39  39  39  41  41  42  43  43  44
 [73]  45  45  45  46  46  47  47  47  49  49  49  49  51  51  52  52  53  57
 [91]  57  58  58  59  60  61  62  63  64  64  64  65  65  65  66  66  67  67
[109]  69  70  70  73  74  77  82  82  83  84  85  85  86  87  88  90  91  95
[127]  95  96  97  97  99 100 101 101 102 107 108 109 110 111 111 122 123 133
[145] 135 137 144 144

$EXTANT
  [1] FALSE FALSE FALSE FALSE FALSE FALSE FALSE FALSE FALSE FALSE FALSE FALSE
 [13] FALSE FALSE FALSE FALSE FALSE FALSE FALSE FALSE FALSE FALSE FALSE FALSE
 [25]  TRUE  TRUE FALSE FALSE  TRUE  TRUE  TRUE  TRUE FALSE  TRUE  TRUE FALSE
 [37] FALSE  TRUE FALSE FALSE FALSE FALSE  TRUE FALSE FALSE  TRUE  TRUE  TRUE
 [49]  TRUE  TRUE  TRUE FALSE  TRUE  TRUE FALSE  TRUE FALSE  TRUE FALSE  TRUE
 [61]  TRUE  TRUE  TRUE  TRUE  TRUE FALSE  TRUE  TRUE FALSE FALSE  TRUE FALSE
 [73]  TRUE FALSE FALSE FALSE FALSE FALSE  TRUE  TRUE FALSE  TRUE  TRUE  TRUE
 [85]  TRUE  TRUE  TRUE FALSE  TRUE  TRUE  TRUE  TRUE FALSE  TRUE  TRUE  TRUE
 [97] FALSE  TRUE  TRUE  TRUE  TRUE FALSE FALSE FALSE  TRUE  TRUE FALSE FALSE
[109] FALSE  TRUE  TRUE  TRUE  TRUE  TRUE FALSE  TRUE  TRUE  TRUE FALSE FALSE
[121]  TRUE  TRUE  TRUE  TRUE FALSE  TRUE FALSE  TRUE  TRUE  TRUE FALSE FALSE
[133]  TRUE  TRUE  TRUE FALSE  TRUE  TRUE FALSE  TRUE  TRUE  TRUE  TRUE  TRUE
[145]  TRUE FALSE  TRUE  TRUE

