
Birth-death simulation object with 314 species and 148 extant species

Details for some species:

Extinction times (NA means extant)
[1] 44.37537 38.66839 45.79112 24.89430 38.64654 23.91438


Speciation times 
[1] 48.65279 47.96857 46.56282 41.32985 41.06663 32.26478


Species parents (NA for initial)
[1] NA  1  1  2  4  4


Species status (extinct or extant)
[1] "extinct" "extinct" "extinct" "extinct" "extinct" "extinct"


For more details on vector y, try sim$y, with y one of
TE TS PAR EXTANT



$TE
  [1] 44.375371841 38.668386696 45.791120019 24.894301866 38.646544783
  [6] 23.914381176 16.653059357 39.565432988 14.393664428 27.965286954
 [11] 14.187044010 13.891893113           NA 25.607726121 16.748834389
 [16] 16.767797655 29.610635475 23.749889300 14.494208106 15.475025316
 [21]  7.015704777 13.103848780 18.171421436 14.052494974 23.851242788
 [26] 19.802040381 14.622794555 12.340985485 11.380708329 22.983344506
 [31] 13.245195037  4.338581183  7.137457177 11.434601808 22.835241689
 [36] 10.653926027 24.032595169 18.803490069 19.882301590 10.762301108
 [41] 14.735189615 11.217280707           NA  4.279333654 16.464755238
 [46] 13.812902390 21.639736062 14.650567980 14.157161495 11.998028818
 [51]  3.722966440           NA 15.197201724 13.108012126 13.463831621
 [56] 22.211349501 13.566450391 13.248637922 16.875293061 13.413369545
 [61] 14.567415056 12.650674024 13.602182361  9.199013392           NA
 [66]           NA           NA  4.619169725  4.492078137 23.063205861
 [71] 19.229340928 14.142220392 10.112533063 12.975416870 14.070983437
 [76] 21.255550307 15.809718426 12.756831473  5.808544692  3.498146563
 [81] 12.914590156           NA           NA           NA  3.182238335
 [86]           NA  1.541944859           NA           NA  0.835656941
 [91]           NA           NA 18.876824645 13.321581754           NA
 [96] 10.718966437 11.862656497 15.143466952 13.139138526 12.885630603
[101]  6.556892033           NA  0.346903860  6.712937493  4.048375676
[106]           NA  0.153211466           NA           NA  1.659454743
[111]           NA           NA           NA           NA           NA
[116]           NA  8.125273624  0.636736030           NA  5.733285049
[121]  3.186115400           NA  0.973823317           NA  0.661107198
[126]  9.104764713 10.429425670  5.759239487           NA           NA
[131]  1.300121654  4.775545986  4.350410182           NA           NA
[136]           NA  0.803212998           NA           NA           NA
[141]           NA  4.373147969  7.372376686  1.787952387  6.409834417
[146]           NA           NA           NA  2.218398403           NA
[151]  4.356867865           NA           NA  5.239987113           NA
[156]  2.792893742           NA           NA           NA  0.309615937
[161]           NA           NA  3.661633743  5.350277194           NA
[166]  4.167045605  6.289712458  4.030849131           NA           NA
[171]           NA           NA           NA           NA           NA
[176]  7.886905173  1.168458624  5.273483259           NA           NA
[181]           NA           NA           NA  3.677992538  2.139312380
[186]  0.430650989           NA  1.049572269           NA           NA
[191]  6.519092986  6.012244893  6.872113222  5.512247886  2.472428707
[196]           NA           NA           NA  4.213290551           NA
[201]           NA           NA  3.894747592           NA           NA
[206]  0.205581367  5.663180801           NA  0.606848205  1.889346007
[211]  3.655192526  1.903029440           NA           NA  4.740118030
[216]           NA           NA  4.899177852           NA           NA
[221]           NA           NA           NA           NA           NA
[226]           NA           NA           NA           NA           NA
[231]           NA  0.260976062           NA           NA  4.030409742
[236]  2.136688304           NA  4.753083750           NA           NA
[241]           NA  2.116878392           NA           NA           NA
[246]  0.861303245  0.484770567  4.841321735  1.897410265           NA
[251]           NA           NA           NA           NA  3.417809266
[256]           NA           NA           NA           NA  3.268929020
[261]           NA           NA           NA  1.019724230           NA
[266]  5.456207940           NA           NA           NA           NA
[271]  4.917415978           NA           NA           NA  2.312711001
[276]           NA           NA           NA           NA           NA
[281]           NA  1.836876239  0.030441767           NA  4.149542004
[286]  2.262959729           NA  0.007100066           NA           NA
[291]  2.986146292           NA           NA           NA           NA
[296]           NA           NA           NA  1.568381757           NA
[301]           NA  0.259076727           NA           NA           NA
[306]           NA  1.639365400           NA           NA           NA
[311]  0.582904490  1.075581645           NA           NA

$TS
  [1] 48.652788073 47.968570164 46.562817301 41.329852598 41.066630776
  [6] 32.264778023 31.888658884 39.732938571 38.791636887 29.583598839
 [11] 25.213563620 24.775260806 30.801367376 28.440825133 22.060443091
 [16] 17.666545382 33.276870000 27.508526606 16.998156038 15.568623302
 [21] 18.129371244 15.880898756 19.217541884 14.539739969 30.336992603
 [26] 26.134546631 18.471815520 13.057496685 19.380337371 26.730045005
 [31] 14.134945617  8.339661105  7.644147748 18.324961050 30.081466892
 [36] 28.909916350 24.261754780 22.349676633 20.766421401 12.757745428
 [41] 15.720887146 12.441982551  5.889897606  4.919377104 17.292528768
 [46] 24.466552277 25.789781420 20.666158492 21.270265136 12.633101361
 [51] 10.964558151  4.845892790 23.615882538 19.680754302 14.875145924
 [56] 25.489138145 20.607762274 18.898676879 16.934636065 15.483626245
 [61] 19.149753921 18.426751761 14.190321168  9.433046005  9.359005388
 [66]  8.390406041  8.186088333  6.554006514  5.696701379 23.247544552
 [71] 23.160425875 22.041985323 14.669852854 13.635333686 14.401649766
 [76] 23.220908093 18.918413997 14.358810510 18.150787289 15.494162727
 [81] 15.297161521  8.443656645  6.959302105  5.400113208  6.008225998
 [86]  3.095434668  6.034559472  2.333717198  1.935250355  1.453146011
 [91]  0.047086623  5.928899549 19.264047327 14.197815052 10.436844128
 [96] 13.519854061 13.199093799 15.853070699 16.370510463 14.275457377
[101]  8.688198571  7.128212421 13.293181703 11.046805271  8.321327511
[106]  6.112851353  4.349223090  4.157300900  3.881348885  6.901563569
[111]  4.347438041  1.548110159  0.748150163  4.904258363  5.332435253
[116]  9.711484201  9.547007738  7.889860356  6.693971181  6.239412535
[121]  6.203492754  5.981638535  5.628619556  0.444406521 11.864982049
[126] 11.664626538 10.745378869  8.993728182  4.866621556  1.221154507
[131] 10.968863717  9.493662466  9.011596128  3.849466444  1.264553580
[136]  0.432659845  2.027586970  1.565336052  5.635848531  4.211104076
[141]  2.007538639  4.896456884  8.768996565  8.624188900  8.259478707
[146]  6.113074087  0.771768845  1.463406046  3.523868247  5.976871266
[151]  5.883860542  2.698540675  5.347024465 11.144708443 11.324788523
[156] 10.395524157  8.621976462  4.487351171  3.522524836  3.011740333
[161]  2.640238509  7.167074953  6.465246037  8.123891874  6.894610757
[166]  7.684443548  6.667942250  5.093440357  3.654900082  1.026284168
[171]  1.460295118  0.758778480  5.172819452  2.461640661  1.424711877
[176]  8.275974988  8.557199898  8.381445721  6.001707305  2.406906501
[181]  3.788426238  9.519810955  6.485241726  6.055244407 10.951339382
[186]  8.105235504  6.819534327  5.653281499  2.431147941  1.646484230
[191]  8.045157506  6.158952367  6.918080936  5.898560236  2.580908022
[196]  1.298806290  2.217431111  0.449957684  5.749870890  1.492551652
[201]  0.987282871  0.753706470  7.257167411  2.879375823  0.946853945
[206]  0.925684829  8.239681055  8.371272231  5.167110794  8.263664960
[211]  8.223171681  5.468857704  1.411021688  8.558895175  5.480885954
[216]  0.405412172  6.018199404  8.164156982  5.623523515  2.186326021
[221]  2.532098758  4.691272533  2.327720534  1.704104941  0.011607054
[226]  6.956303165  6.877008071  0.941606371  7.497481687  6.643862038
[231]  8.362891729  8.229320364  7.023325971  5.381540709  4.536345492
[236]  6.247807645  4.611725669  4.805766879  5.592543905  3.167355976
[241]  0.593822662  7.747991500  0.073523540  0.252147488  5.031336825
[246]  2.855407155  6.124824198  5.387358447  4.482771187  1.460463051
[251]  5.812783100  0.683811142  6.547419668  5.996011922  7.579185999
[256]  5.040546432  1.498780178  5.082321433  5.009080996  5.694011371
[261]  3.928447220  5.138012313  2.700447646  2.037908257  1.089987669
[266]  7.051147046  6.657580675  4.851195807  2.362351759  1.437261032
[271]  5.151402807  2.667004556  1.268925583  0.048315435  4.914942231
[276]  2.840499115  2.701367529  1.589408661  0.792465436  0.190172821
[281]  0.008572819  4.200689643  1.095473203  4.680251845  4.559274523
[286]  3.568101946  2.863537298  1.865739829  1.982997406  1.451760249
[291]  6.230833772  1.114669075  1.003213257  2.272907287  2.418867985
[296]  1.909808113  1.593271673  1.201578033  4.039374210  0.941674222
[301]  3.552077969  2.999791318  1.613399336  0.115131106  5.964957115
[306]  1.077227431  2.341418610  0.646667619  2.988044237  0.289861970
[311]  1.097107922  5.619051473  2.516204982  1.819434105

$PAR
  [1]  NA   1   1   2   4   4   4   5   5   6   6   6   7   7   7   7   9   9
 [19]   9   9  11  11  12  12  13  13  13  13  15  18  21  21  21  23  25  25
 [37]  25  26  26  28  29  29  32  32  34  35  36  36  38  40  40  43  46  46
 [55]  46  47  48  48  48  48  49  49  49  51  51  51  51  51  51  53  53  53
 [73]  54  54  55  56  57  57  58  58  62  65  65  65  66  66  67  67  67  67
 [91]  67  68  72  73  73  74  74  77  79  79  79  79  80  80  80  80  80  82
[109]  82  83  83  83  83  85  92  95  95  95  95  95  95  95  95 102 103 103
[127] 103 103 103 103 104 104 104 106 106 106 107 107 110 110 111 115 116 116
[145] 116 118 118 119 121 122 122 122 123 125 126 126 128 129 129 129 129 131
[163] 131 132 132 133 133 133 134 134 137 138 139 139 139 143 144 144 144 146
[181] 150 154 154 154 155 155 155 155 155 155 156 156 157 157 158 159 160 161
[199] 165 165 165 165 166 173 173 173 176 177 177 178 178 179 180 182 183 183
[217] 184 185 185 185 186 187 188 188 189 191 191 204 207 207 208 208 210 210
[235] 210 214 214 215 217 217 217 218 219 221 226 226 227 227 227 227 229 229
[253] 230 230 232 232 232 233 233 236 237 239 239 240 240 242 242 242 245 247
[271] 248 249 251 251 255 256 258 258 258 258 258 259 259 260 260 261 262 262
[289] 264 264 267 267 270 272 275 276 276 277 282 283 284 284 288 289 291 298
[307] 299 300 301 302 303 305 305 312

$EXTANT
  [1] FALSE FALSE FALSE FALSE FALSE FALSE FALSE FALSE FALSE FALSE FALSE FALSE
 [13]  TRUE FALSE FALSE FALSE FALSE FALSE FALSE FALSE FALSE FALSE FALSE FALSE
 [25] FALSE FALSE FALSE FALSE FALSE FALSE FALSE FALSE FALSE FALSE FALSE FALSE
 [37] FALSE FALSE FALSE FALSE FALSE FALSE  TRUE FALSE FALSE FALSE FALSE FALSE
 [49] FALSE FALSE FALSE  TRUE FALSE FALSE FALSE FALSE FALSE FALSE FALSE FALSE
 [61] FALSE FALSE FALSE FALSE  TRUE  TRUE  TRUE FALSE FALSE FALSE FALSE FALSE
 [73] FALSE FALSE FALSE FALSE FALSE FALSE FALSE FALSE FALSE  TRUE  TRUE  TRUE
 [85] FALSE  TRUE FALSE  TRUE  TRUE FALSE  TRUE  TRUE FALSE FALSE  TRUE FALSE
 [97] FALSE FALSE FALSE FALSE FALSE  TRUE FALSE FALSE FALSE  TRUE FALSE  TRUE
[109]  TRUE FALSE  TRUE  TRUE  TRUE  TRUE  TRUE  TRUE FALSE FALSE  TRUE FALSE
[121] FALSE  TRUE FALSE  TRUE FALSE FALSE FALSE FALSE  TRUE  TRUE FALSE FALSE
[133] FALSE  TRUE  TRUE  TRUE FALSE  TRUE  TRUE  TRUE  TRUE FALSE FALSE FALSE
[145] FALSE  TRUE  TRUE  TRUE FALSE  TRUE FALSE  TRUE  TRUE FALSE  TRUE FALSE
[157]  TRUE  TRUE  TRUE FALSE  TRUE  TRUE FALSE FALSE  TRUE FALSE FALSE FALSE
[169]  TRUE  TRUE  TRUE  TRUE  TRUE  TRUE  TRUE FALSE FALSE FALSE  TRUE  TRUE
[181]  TRUE  TRUE  TRUE FALSE FALSE FALSE  TRUE FALSE  TRUE  TRUE FALSE FALSE
[193] FALSE FALSE FALSE  TRUE  TRUE  TRUE FALSE  TRUE  TRUE  TRUE FALSE  TRUE
[205]  TRUE FALSE FALSE  TRUE FALSE FALSE FALSE FALSE  TRUE  TRUE FALSE  TRUE
[217]  TRUE FALSE  TRUE  TRUE  TRUE  TRUE  TRUE  TRUE  TRUE  TRUE  TRUE  TRUE
[229]  TRUE  TRUE  TRUE FALSE  TRUE  TRUE FALSE FALSE  TRUE FALSE  TRUE  TRUE
[241]  TRUE FALSE  TRUE  TRUE  TRUE FALSE FALSE FALSE FALSE  TRUE  TRUE  TRUE
[253]  TRUE  TRUE FALSE  TRUE  TRUE  TRUE  TRUE FALSE  TRUE  TRUE  TRUE FALSE
[265]  TRUE FALSE  TRUE  TRUE  TRUE  TRUE FALSE  TRUE  TRUE  TRUE FALSE  TRUE
[277]  TRUE  TRUE  TRUE  TRUE  TRUE FALSE FALSE  TRUE FALSE FALSE  TRUE FALSE
[289]  TRUE  TRUE FALSE  TRUE  TRUE  TRUE  TRUE  TRUE  TRUE  TRUE FALSE  TRUE
[301]  TRUE FALSE  TRUE  TRUE  TRUE  TRUE FALSE  TRUE  TRUE  TRUE FALSE FALSE
[313]  TRUE  TRUE

