
Birth-death simulation object with 99 species and 37 extant species

Details for some species:

Extinction times (NA means extant)
[1] 20.68444 18.19738 29.50485 14.80490 22.40511 25.08944


Speciation times 
[1] 48.65279 33.14863 32.93110 27.66112 23.11453 25.68899


Species parents (NA for initial)
[1] NA  1  1  2  2  4


Species status (extinct or extant)
[1] "extinct" "extinct" "extinct" "extinct" "extinct" "extinct"


For more details on vector y, try sim$y, with y one of
TE TS PAR EXTANT



$TE
 [1] 20.68443908 18.19737834 29.50485011 14.80489657 22.40510683 25.08944011
 [7] 22.57822504 14.32773345 19.18487100 14.04427709 14.72691005 10.42404800
[13] 21.01865868 23.90762812 17.99535994 15.33244490 13.58677816 13.96832508
[19] 21.74492740 13.37574412  2.34855663 14.02333466 16.13719089 14.02773175
[25] 10.00556722  5.55857617  1.36232203  1.21318550  8.60253588 10.64748894
[31]          NA  3.72524898          NA  4.88970305          NA 10.07525167
[37] 10.64680555  6.57052071          NA          NA  6.08733690          NA
[43]  8.67074163  6.93339468  7.35292656  7.19906906  3.12885022  4.59735961
[49]  8.97996136          NA  3.60770622  4.50933568          NA          NA
[55]          NA  5.05332006  1.44048661          NA  3.53945506          NA
[61]  1.75751172          NA          NA          NA          NA          NA
[67]          NA  3.14748274          NA  0.98958777  6.53359226          NA
[73]  0.11639924          NA  5.05188309  1.64441373          NA  1.87750733
[79]          NA  0.07479678          NA  0.75915081          NA          NA
[85]          NA  0.43621634  0.65689617          NA          NA          NA
[91]          NA  2.22959455          NA          NA          NA          NA
[97]          NA          NA  0.50285289

$TS
 [1] 48.65278807 33.14862920 32.93109770 27.66111924 23.11453037 25.68899225
 [7] 24.71452183 24.48190358 19.38823189 19.36536153 18.36422525 18.12850572
[13] 22.77373216 24.17161542 23.88936933 17.15313070 15.17471065 16.64939376
[19] 22.53670494 16.52028661 16.13802391 15.39082495 16.24404516 16.14636015
[25] 10.29136412  9.49324905  4.80269776  3.80583068 15.75277968 14.17429512
[31]  7.87119351  6.68875453  1.79012505  9.71304678  8.86874052 12.82977237
[37] 10.84426042  6.80239288  6.28583539  3.16694716  6.53370549  9.68435081
[43]  9.52645446  8.61318399  8.23981554  7.39303603  5.32370168  5.21386932
[49] 11.70949460  6.01851179  6.38635975  8.19875900  4.82646164  3.09659148
[55]  0.53988767  8.23716808  7.41859440  3.33358895  3.98399415  6.17883303
[61]  5.37486748  8.05664630  7.50971079  5.21597541  7.07185488  2.76122130
[67]  0.41097960  5.60402212  4.82840121  3.82860755  6.65258700  6.88547347
[73]  6.78040692  6.69973994  5.23313308  3.45734287  0.30053854  2.24036379
[79]  3.57189547  3.55536590  1.80584859  1.20600533  6.52948654  1.03875884
[85]  5.80863970  1.76774213  0.99694466  0.72956857  0.03916397  5.20858939
[91]  5.17836520  4.84273647  4.38034625  4.98341083  3.62009123  3.12010187
[97]  1.78973554  0.33614164  1.31125998

$PAR
 [1] NA  1  1  2  2  4  4  4  4  4  4  4  5  7  8  8  8 12 13 16 18 18 20 20 21
[26] 21 21 21 24 24 26 26 27 29 29 30 30 31 31 31 32 34 34 34 34 35 35 35 36 39
[51] 41 42 42 42 42 44 44 47 50 51 52 56 56 56 57 57 58 60 60 60 62 63 63 63 63
[76] 65 66 69 70 70 72 72 73 73 74 76 79 79 84 85 85 85 85 91 91 95 95 96 97

$EXTANT
 [1] FALSE FALSE FALSE FALSE FALSE FALSE FALSE FALSE FALSE FALSE FALSE FALSE
[13] FALSE FALSE FALSE FALSE FALSE FALSE FALSE FALSE FALSE FALSE FALSE FALSE
[25] FALSE FALSE FALSE FALSE FALSE FALSE  TRUE FALSE  TRUE FALSE  TRUE FALSE
[37] FALSE FALSE  TRUE  TRUE FALSE  TRUE FALSE FALSE FALSE FALSE FALSE FALSE
[49] FALSE  TRUE FALSE FALSE  TRUE  TRUE  TRUE FALSE FALSE  TRUE FALSE  TRUE
[61] FALSE  TRUE  TRUE  TRUE  TRUE  TRUE  TRUE FALSE  TRUE FALSE FALSE  TRUE
[73] FALSE  TRUE FALSE FALSE  TRUE FALSE  TRUE FALSE  TRUE FALSE  TRUE  TRUE
[85]  TRUE FALSE FALSE  TRUE  TRUE  TRUE  TRUE FALSE  TRUE  TRUE  TRUE  TRUE
[97]  TRUE  TRUE FALSE

