
Birth-death simulation object with 370 species and 114 extant species

Details for some species:

Extinction times (NA means extant)
[1] 46.25474 41.74886 10.27678 30.29814 16.88826 16.22389


Speciation times 
[1] 48.65279 48.44382 43.37199 42.91011 34.28845 29.91299


Species parents (NA for initial)
[1] NA  1  2  3  3  3


Species status (extinct or extant)
[1] "extinct" "extinct" "extinct" "extinct" "extinct" "extinct"


For more details on vector y, try sim$y, with y one of
TE TS PAR EXTANT



$TE
  [1] 46.25474270 41.74886041 10.27678125 30.29813864 16.88826245 16.22388680
  [7] 18.41882394 15.74953003 12.21985536 18.66442591 12.73791013 27.84289580
 [13] 25.92442060 25.13665419 20.13373154 23.87888728 14.85327450 12.34338888
 [19] 12.79037922 22.75748130 14.43043072 11.40003807 13.02948636 13.43827420
 [25] 14.53302956 18.75333014          NA 12.42960635 25.50305832 20.56575496
 [31] 18.77231203  6.32861116 17.09303595 14.57616789 17.25889568 12.05867603
 [37] 16.42560058 14.78294493 12.38768932  4.73465804  1.71273497 11.44094926
 [43] 25.41373918 24.99006357 28.17703385  8.92849465 12.58592043 15.80061695
 [49] 16.20155939 14.48172037 12.10287683 19.73650086 20.79025525 17.48020175
 [55] 25.02379866 19.94106620 21.13349463 15.89902115          NA  5.36240207
 [61] 12.97535062 12.47728895  5.87639495          NA          NA  5.33549244
 [67]          NA 26.05880093 12.59352235 14.35817587 12.05087265  9.27102568
 [73] 23.41599463 12.45952180 22.16048090 20.65804299 13.04000222 15.65753443
 [79] 14.64811412 10.10641103  7.67171824 12.90199423 13.93564466 14.46585683
 [85] 13.17253241  7.86631705  3.29697783          NA 14.74066813 14.07056321
 [91]  9.00716539  3.87280294          NA 11.04702699 25.27401835 27.05718945
 [97] 12.14851128 22.66597167 22.04245838 10.92981258          NA  9.15520408
[103]          NA  8.92398655 13.48946791 15.52534512 14.29278396 16.51036769
[109] 15.41456936 19.32746807 14.02722179  6.81755773  0.38570319  2.54437693
[115]  4.73995614          NA          NA          NA          NA  2.04808711
[121]          NA          NA          NA          NA  1.88017627          NA
[127]  2.08090270          NA  0.37149892          NA 19.67870126          NA
[133]          NA 13.18772528 13.65844315 22.85263773 15.24266913  7.27099012
[139] 13.34825185 17.39329220 14.01655395 11.93340642          NA          NA
[145] 14.13306980 13.59376390 12.22943139 12.86124026 11.44589324          NA
[151]  3.97378746          NA          NA 18.96197806 13.33842736 13.40033885
[157] 14.16995311  7.97770228          NA  2.19894900  2.48074026          NA
[163]          NA 18.90703253 12.21329778 13.86515791 17.41836490 14.75334475
[169]  9.09306376          NA  0.36625866  6.02374591          NA  3.17528898
[175]          NA          NA          NA          NA          NA          NA
[181]  1.13747988          NA  1.46063326          NA          NA          NA
[187]          NA          NA          NA          NA 14.48640319 14.22936811
[193] 18.00663453 14.17952659  4.39878658          NA  5.12594571          NA
[199]  2.93549131 10.12162980 10.91097159  4.18113245          NA 13.93665430
[205] 14.49625773 12.59349133 10.70360896          NA          NA  6.50036029
[211]  4.48564330  3.17327112          NA 14.65890716 12.75381176          NA
[217]          NA          NA          NA  0.87877183          NA 14.55092071
[223] 11.22808439 15.01837060 19.57535118 13.05111809 14.50376188 12.17368730
[229]  0.62826349 12.90236689 14.91139202 14.60642139 14.64145116  4.49280210
[235]          NA          NA          NA          NA          NA          NA
[241] 13.90708230  2.98584375          NA          NA          NA          NA
[247]  0.42859769          NA          NA          NA          NA          NA
[253]  3.27123267          NA 22.37672810 16.94523838 15.25861644 19.56826683
[259] 11.86860790 19.12491322  6.61084043 13.27982825          NA          NA
[265]          NA 12.96535200 12.09342497 10.43964807  7.81756705          NA
[271]          NA  3.91904172  0.04228472 12.90190334 12.81443247          NA
[277]          NA          NA  1.37120435          NA          NA          NA
[283] 23.93495283 19.58409605 14.19233996 13.60352799 16.45952267 15.29597330
[289] 15.73742618 14.86586613 14.04831772 12.98419130 12.69818860 11.84861264
[295] 13.97590808 14.51890777 11.13125854  7.25643388          NA          NA
[301]          NA          NA          NA          NA  1.31019966 13.45062324
[307] 16.61509757 13.14318736 14.13267874 10.42763875 12.19259160          NA
[313] 12.12505068  3.06720554          NA  4.88276852          NA  1.62023320
[319]          NA 23.33358180 21.86471868 15.12847925 12.68499222 11.93243039
[325] 10.75492183          NA          NA          NA          NA          NA
[331]          NA          NA          NA 14.31035897  5.72518811 10.79610544
[337] 14.30382413 12.67656835  1.12495251          NA          NA          NA
[343]  1.69271573 22.42397288 14.39448863 14.81249350 14.45249402  3.51912853
[349]  5.03563458  2.93279656          NA 14.08309506 14.54572059 10.63856167
[355]          NA  0.01402654          NA          NA          NA 16.53245828
[361] 13.40803079 17.48904731 14.69008753          NA          NA  2.69713767
[367]          NA 15.63070279  4.86853024          NA

$TS
  [1] 48.65278807 48.44382130 43.37199096 42.91010574 34.28844630 29.91298685
  [7] 21.20551019 20.65144158 19.89608404 19.35739351 15.16495826 42.67918706
 [13] 31.99830774 29.76467925 26.44886770 24.65401540 22.06381431 26.98027106
 [19] 26.71915303 24.34007690 18.64257055 17.88672904 13.91630466 34.78122117
 [25] 28.61298954 30.25856380 27.99588532 27.97082936 29.33261265 27.73405339
 [31] 26.15143011 21.56482282 24.60286934 21.57310064 19.43680203 19.18445978
 [37] 21.32549377 16.26614040 13.95987144 12.58674734 23.15395652 12.92794832
 [43] 29.16256916 28.86839339 28.30889908 28.21049339 21.77920699 19.88557360
 [49] 18.75125414 16.53094825 14.99841054 24.65123710 23.01504603 19.55238349
 [55] 26.38436156 24.19283002 21.22098153 18.38880793 17.77742245 15.96510272
 [61] 13.73767831 12.52693643  8.14717942  7.92972650  6.50558791  5.61395151
 [67]  3.62712838 27.16722917 26.81177139 21.90084637 19.62572324 13.90040428
 [73] 24.96020261 24.44251753 23.22696632 20.73616581 22.40949187 18.47862021
 [79] 21.15507650 20.99503616 18.13199778 17.29420059 16.11766458 17.49578617
 [85] 16.03689639 12.52084486  7.50548414  6.56912853 17.07655982 15.19088141
 [91] 13.24667380  6.00340176 12.69429970 11.70459040 25.79001289 28.32918502
 [97] 26.25892667 22.94413823 22.27406381 17.46867467 10.82119749  9.91838706
[103]  9.01326581 21.42049699 17.94386855 15.54570563 14.43671824 18.60139905
[109] 21.92627850 20.33706926 16.61545420 14.23785872  9.40846430  8.48851418
[115]  5.24625956  2.59500840  2.38851339  9.75518730  8.53545048  7.54435477
[121]  7.24653952  5.83413909  5.62083568  3.17525726  5.99549481  5.95253236
[127]  5.88280018  5.23451158  2.55993330  1.12941794 26.06371628 18.16788036
[133] 18.06374183 17.59968135 14.25193227 23.71510442 21.59588061 14.40238675
[139] 13.76069069 18.84275501 15.82796173 11.94531762 11.09504170  8.37693072
[145] 15.70553906 14.05640029 14.52891442 15.57437028 12.18283184  5.31472206
[151]  6.50582477  6.19105377  2.75551427 25.97204019 21.99474435 15.39668978
[157] 15.96458758 11.69579251  8.35935237  6.66599974  6.56513840  5.96426519
[163]  5.61689010 19.15299802 13.11677672 14.87923162 18.70431492 15.67684021
[169]  9.36639476  8.13219135  0.41361668  6.63976063  1.29409939  4.84986684
[175]  4.47824244  2.35166830  5.83629269  3.45824593  3.12159405  0.73295024
[181]  5.46662761  2.06658606  5.73307870  5.61272809  4.60161512  4.27730920
[187]  4.18628444  5.80966169  4.98123073  3.00189826 25.65838650 24.30398512
[193] 23.28906487 15.61495698  8.92055036  6.76242642  6.70798092  4.39193823
[199]  3.07092247 16.47616524 14.12604600  6.93367309  1.15751238 14.01013190
[205] 15.44297473 14.00833757 11.21335376  8.17822534  3.00052137  7.51393003
[211]  6.40609124  5.06181812  4.84804118 15.15617539 14.92143850  4.25439019
[217]  0.41727954  5.88854281  5.73964594  5.31324439  1.58333179 25.80134242
[223] 24.93083485 23.25748366 22.07098967 19.65496102 20.63266832 19.92292844
[229] 17.97737585 14.26490684 14.99858521 15.85118578 14.77297893  8.36251536
[235]  3.79997024  3.08088506  2.69758137  4.15896200  0.39542226  0.01163274
[241] 15.11306101  6.29503193  0.59470788  2.32764809  0.34361866  1.21005848
[247]  1.48755405  4.86531070  3.06551852  2.13056863  1.74363947  5.31075368
[253]  3.39035122  0.28468245 23.61002550 22.18329964 21.17170819 20.23001223
[259] 19.41076166 21.98635425 19.44449206 14.90004720  6.24815541  3.01063216
[265]  1.15665354 13.94982341 13.22685950 10.81465176  8.01819049  1.19204238
[271]  0.51763619  6.83410875  2.49336168 13.28336275 12.85206632  0.53437537
[277]  3.67034520  0.60078771  3.94191451  5.15276502  1.19583505  0.69523378
[283] 25.59934471 20.99409638 14.76709034 21.91470767 16.71310320 16.02121763
[289] 20.16137587 15.62834169 19.87449261 16.45908545 14.40447511 12.86187774
[295] 15.46980712 14.91545281 12.22628182  7.80243129  6.87194371  6.51234543
[301]  4.41503659  3.18885336  0.89713568  1.37182605  3.32647195 17.99758065
[307] 20.10087263 15.93107913 15.65745383 15.08824463 19.46473317  2.87797954
[313] 13.16839530  7.92700660  5.45397539  4.88304201  3.92964567  4.34476225
[319]  0.78665864 25.47996707 24.42522322 18.69742168 16.55499279 15.61218812
[325] 13.47607530  5.93374737  4.71815684  0.79574850  6.34301584  5.83565109
[331]  3.75727346  1.44832895  0.41807823 15.66086485 18.51976770 15.55111714
[337] 14.43615122 12.83962853  5.32541806  1.05184694  1.89506878  1.37034879
[343]  3.07316092 22.81421116 21.93323528 18.65076784 15.24512082  3.59114743
[349]  5.81571342  5.78463734  1.45135480 14.64447349 17.18262661 10.79723852
[355] 10.18648417  7.86947043  4.12106809  1.67041300  0.96913296 21.54980331
[361] 20.62656269 19.40994055 15.47500777  4.89582667  6.40598669  3.12770563
[367]  0.83358597 16.70728623  6.02010717  1.24318185

$PAR
  [1]  NA   1   2   3   3   3   3   3   3   3   3   4   5   5   5   5   5   6
 [19]   6   6   7   9  11  12  12  13  13  13  14  14  15  15  16  17  17  17
 [37]  18  18  18  18  20  22  24  24  24  24  24  24  24  24  24  25  25  25
 [55]  26  26  27  27  27  27  27  27  27  27  27  27  27  28  28  28  28  28
 [73]  31  31  31  32  33  33  34  34  34  34  34  36  38  39  40  40  41  41
 [91]  41  41  42  42  43  44  46  46  46  46  46  46  46  47  47  47  47  48
[109]  56  56  59  59  59  59  59  59  59  60  60  63  63  64  64  64  65  65
[127]  65  65  65  65  68  69  69  70  71  74  77  77  77  79  80  80  81  81
[145]  83  83  84  85  86  87  93  93  93  97  97  97 100 100 103 103 103 103
[163] 103 104 104 105 109 111 112 114 117 118 118 119 119 119 121 121 121 121
[181] 123 123 125 125 125 126 126 127 127 128 131 131 131 132 132 132 132 132
[199] 132 133 133 133 133 135 137 138 138 143 143 144 144 144 144 145 148 150
[217] 150 151 151 151 153 154 154 154 154 154 155 155 155 155 156 157 157 158
[235] 159 159 161 162 162 163 168 172 173 175 175 177 179 181 181 181 181 188
[253] 188 189 191 191 191 191 191 192 193 194 196 196 196 204 206 207 208 209
[271] 209 210 213 215 215 216 218 218 219 220 221 221 222 222 222 223 223 224
[289] 225 226 228 228 228 228 229 229 229 229 229 229 229 242 248 249 252 257
[307] 258 259 259 259 260 263 267 269 272 272 279 280 281 283 283 289 289 292
[325] 293 299 299 299 300 300 300 302 302 306 307 308 310 313 314 315 317 317
[343] 318 321 321 322 324 326 329 329 331 334 335 335 335 335 339 339 342 345
[361] 345 345 345 355 356 357 358 360 365 365

$EXTANT
  [1] FALSE FALSE FALSE FALSE FALSE FALSE FALSE FALSE FALSE FALSE FALSE FALSE
 [13] FALSE FALSE FALSE FALSE FALSE FALSE FALSE FALSE FALSE FALSE FALSE FALSE
 [25] FALSE FALSE  TRUE FALSE FALSE FALSE FALSE FALSE FALSE FALSE FALSE FALSE
 [37] FALSE FALSE FALSE FALSE FALSE FALSE FALSE FALSE FALSE FALSE FALSE FALSE
 [49] FALSE FALSE FALSE FALSE FALSE FALSE FALSE FALSE FALSE FALSE  TRUE FALSE
 [61] FALSE FALSE FALSE  TRUE  TRUE FALSE  TRUE FALSE FALSE FALSE FALSE FALSE
 [73] FALSE FALSE FALSE FALSE FALSE FALSE FALSE FALSE FALSE FALSE FALSE FALSE
 [85] FALSE FALSE FALSE  TRUE FALSE FALSE FALSE FALSE  TRUE FALSE FALSE FALSE
 [97] FALSE FALSE FALSE FALSE  TRUE FALSE  TRUE FALSE FALSE FALSE FALSE FALSE
[109] FALSE FALSE FALSE FALSE FALSE FALSE FALSE  TRUE  TRUE  TRUE  TRUE FALSE
[121]  TRUE  TRUE  TRUE  TRUE FALSE  TRUE FALSE  TRUE FALSE  TRUE FALSE  TRUE
[133]  TRUE FALSE FALSE FALSE FALSE FALSE FALSE FALSE FALSE FALSE  TRUE  TRUE
[145] FALSE FALSE FALSE FALSE FALSE  TRUE FALSE  TRUE  TRUE FALSE FALSE FALSE
[157] FALSE FALSE  TRUE FALSE FALSE  TRUE  TRUE FALSE FALSE FALSE FALSE FALSE
[169] FALSE  TRUE FALSE FALSE  TRUE FALSE  TRUE  TRUE  TRUE  TRUE  TRUE  TRUE
[181] FALSE  TRUE FALSE  TRUE  TRUE  TRUE  TRUE  TRUE  TRUE  TRUE FALSE FALSE
[193] FALSE FALSE FALSE  TRUE FALSE  TRUE FALSE FALSE FALSE FALSE  TRUE FALSE
[205] FALSE FALSE FALSE  TRUE  TRUE FALSE FALSE FALSE  TRUE FALSE FALSE  TRUE
[217]  TRUE  TRUE  TRUE FALSE  TRUE FALSE FALSE FALSE FALSE FALSE FALSE FALSE
[229] FALSE FALSE FALSE FALSE FALSE FALSE  TRUE  TRUE  TRUE  TRUE  TRUE  TRUE
[241] FALSE FALSE  TRUE  TRUE  TRUE  TRUE FALSE  TRUE  TRUE  TRUE  TRUE  TRUE
[253] FALSE  TRUE FALSE FALSE FALSE FALSE FALSE FALSE FALSE FALSE  TRUE  TRUE
[265]  TRUE FALSE FALSE FALSE FALSE  TRUE  TRUE FALSE FALSE FALSE FALSE  TRUE
[277]  TRUE  TRUE FALSE  TRUE  TRUE  TRUE FALSE FALSE FALSE FALSE FALSE FALSE
[289] FALSE FALSE FALSE FALSE FALSE FALSE FALSE FALSE FALSE FALSE  TRUE  TRUE
[301]  TRUE  TRUE  TRUE  TRUE FALSE FALSE FALSE FALSE FALSE FALSE FALSE  TRUE
[313] FALSE FALSE  TRUE FALSE  TRUE FALSE  TRUE FALSE FALSE FALSE FALSE FALSE
[325] FALSE  TRUE  TRUE  TRUE  TRUE  TRUE  TRUE  TRUE  TRUE FALSE FALSE FALSE
[337] FALSE FALSE FALSE  TRUE  TRUE  TRUE FALSE FALSE FALSE FALSE FALSE FALSE
[349] FALSE FALSE  TRUE FALSE FALSE FALSE  TRUE FALSE  TRUE  TRUE  TRUE FALSE
[361] FALSE FALSE FALSE  TRUE  TRUE FALSE  TRUE FALSE FALSE  TRUE

