
Birth-death simulation object with 223 species and 118 extant species

Details for some species:

Extinction times (NA means extant)
[1] 46.16309 26.36787 43.35750 35.86159 20.28712 16.96926


Speciation times 
[1] 48.65279 47.05867 44.87346 37.60489 31.46312 31.39600


Species parents (NA for initial)
[1] NA  1  2  2  2  5


Species status (extinct or extant)
[1] "extinct" "extinct" "extinct" "extinct" "extinct" "extinct"


For more details on vector y, try sim$y, with y one of
TE TS PAR EXTANT



$TE
  [1] 46.1630871 26.3678675 43.3575008 35.8615926 20.2871242 16.9692552
  [7] 17.7315125 26.2079447 25.2048593 22.1175867 11.7354122 17.5005374
 [13] 18.3596017 22.7208308 13.6654852 14.6063468 12.6348157 11.9670362
 [19] 18.5918092 12.1037109 17.0916605 17.2229229         NA 11.2780224
 [25] 13.9370477 10.4228631  8.7599189         NA 12.2062344 13.7600822
 [31] 16.1026601 18.7158382 10.2540274 14.5967497 10.1787078  2.2324569
 [37] 17.3435656 13.1481109  5.2502122         NA         NA         NA
 [43]  5.7231286  2.1828247         NA         NA 11.7528244 11.5455890
 [49]  3.5426582         NA         NA 16.0857150  2.6890708  5.2699814
 [55]         NA  7.9554797         NA         NA  6.1031278         NA
 [61]         NA         NA         NA         NA  1.9593486         NA
 [67]  3.2517563  4.0905598  4.1607136  4.3709249         NA         NA
 [73] 13.4889326 12.0353891 12.7850252  0.5185592 11.2309507         NA
 [79]  5.1456171         NA  4.3638161  6.6080633  2.0253008         NA
 [85]  1.4066859         NA         NA  0.9213303  4.6291736         NA
 [91]  1.9786482         NA         NA         NA         NA  4.6874682
 [97]         NA         NA  0.8973130  1.9791413  5.3859738         NA
[103]         NA         NA         NA         NA 10.3000373         NA
[109]  0.9845895  6.3822425         NA  0.4964615         NA  3.2929859
[115]  0.5776785         NA         NA  5.5357835         NA         NA
[121]         NA         NA  3.4776299         NA         NA         NA
[127]         NA         NA         NA         NA  3.2265255  1.0075103
[133]  3.6956053  4.6035882         NA         NA         NA 10.8870220
[139]  9.3711673         NA  2.2635632         NA         NA         NA
[145]         NA         NA  2.6977072         NA         NA  2.2232317
[151]         NA  0.8246431  0.7290699         NA         NA         NA
[157]         NA         NA  0.2495092         NA         NA         NA
[163]  1.7345138  7.4844865         NA         NA         NA         NA
[169]         NA         NA  4.7995157  3.0748091         NA         NA
[175]  0.7320403  1.1680123  3.4583456         NA         NA         NA
[181]  2.3043675         NA         NA         NA         NA         NA
[187]  2.2793709         NA         NA         NA         NA         NA
[193]         NA  1.2552987         NA  2.3887881         NA         NA
[199]         NA  1.6584625         NA  1.2285870         NA         NA
[205]         NA         NA         NA  2.4875525         NA         NA
[211]         NA         NA  1.1312866         NA         NA         NA
[217]         NA         NA         NA         NA         NA  2.1645301
[223]         NA

$TS
  [1] 48.6527881 47.0586687 44.8734617 37.6048902 31.4631168 31.3959965
  [7] 31.3034814 30.4902123 28.1553089 29.4206957 20.9348349 26.9710492
 [13] 25.3873054 24.4054267 22.7053997 20.3030067 18.7167322 13.4789515
 [19] 22.1163361 21.5747965 20.7699016 21.5757088 19.2903193 12.0812738
 [25] 20.2567096 14.5804488 14.0092632 13.6718734 13.6593508 20.1540227
 [31] 19.8716817 19.1028661 17.4917027 16.6973894 15.9608884  7.1192898
 [37] 20.1482083 19.2369631  9.0454763  8.9270144  8.8771133 11.2417304
 [43] 11.2277587  6.2000852  6.1398883  1.6538400 17.7219486 18.8464808
 [49] 11.7897315 14.9995248  6.5620061 18.1978457  8.3940116  8.1923599
 [55]  8.8083785  8.7649818  7.9926334  4.8472582  7.7283940  7.0533453
 [61]  6.9562562  5.1702620  4.6501107  0.9066455  4.0377949  8.3999049
 [67]  7.1494276  6.1933544  6.0684664  4.7864338  4.0403551  2.5613801
 [73] 15.4282324 12.1717034 18.7158789 12.1845054 11.7529948  9.6077422
 [79]  9.2843057 10.7152660  7.7633502  6.7586138  6.4729924  2.5136056
 [85]  1.8783755  6.5620060  5.7507105  2.7420717  5.4584314  0.5508353
 [91]  3.7526407  6.1908336  3.5102834  2.0829426  1.3427763  5.0048662
 [97]  3.0700031  2.6524100  3.4400810  2.5192191  6.2462583  5.5883189
[103]  3.2560270  3.0865775  0.6123753 12.1066763 10.5426888  3.8985832
[109]  8.6613337  6.4722209  8.3779418  7.6513160  7.0007907  6.0494202
[115]  2.2823227  1.4777337  6.0153736  5.5790607  1.2685059  1.5276738
[121]  3.1623900  1.5449476  4.2626831  1.1575740  4.7491206  0.4789954
[127]  5.0693639  1.8415159  1.3690343  0.1175980  4.9335367  5.6936217
[133]  5.4876554  5.2570365  1.3740134  0.9782556  0.8268187 11.3522457
[139]  9.6504066  7.8387577  3.5791043  2.2864855  3.6362538  0.7656662
[145]  0.5091332  8.3871927  7.5580669  6.4278225  6.7384795  7.5762926
[151]  6.6536043  2.0962547  2.5713978  1.6595564  1.5015532  0.3977045
[157]  0.2548656  1.2499688  2.7567948  0.0871428  1.1437852  4.6461430
[163]  4.6003042  7.6076467  5.8342037  4.9198147  1.5308999  2.6845480
[169]  0.2309120  6.6056994  5.1689328  6.1814496  5.0917238  3.9356567
[175]  3.6192371  2.6751015  4.5614264  0.1858636  5.8161485  5.4419193
[181]  5.7024913  3.6850386  0.9007506  0.7402724  1.3709876  1.0071937
[187]  4.7068102  3.1257030  3.0331793  0.5980428  0.3150163  0.2695782
[193]  5.8575884  4.5564868  0.4543611  2.4447058  1.2306359  5.2119879
[199]  5.4325140  5.0934138  0.3596096  4.2126482  2.8481503  1.3255837
[205]  0.2845541  1.4405885  4.6030336  3.8227313  3.1288559  4.8313331
[211]  4.8142945  0.3248155  2.0330117  3.1579743  1.3901778  3.7578548
[217]  2.7747214  2.7748354  2.4096848  1.3434706  0.3604707  3.1696899
[223]  0.6499582

$PAR
  [1]  NA   1   2   2   2   5   6   6   6   7   7   8  10  10  10  11  11  11
 [19]  12  12  12  15  16  18  20  20  20  20  20  22  22  22  22  23  23  23
 [37]  25  25  27  27  27  28  28  28  28  28  30  32  33  34  36  37  39  39
 [55]  40  40  40  40  41  41  41  41  41  41  42  43  43  43  43  44  45  45
 [73]  47  47  48  48  49  49  49  50  50  50  50  51  51  53  54  55  57  57
 [91]  58  60  60  60  61  62  63  63  65  65  66  67  67  71  72  76  76  76
[109]  78  78  79  79  79  80  80  80  81  83  84  85  86  86  87  88  89  90
[127]  92  93  93  94  96 101 101 102 104 104 104 106 106 106 106 106 108 108
[145] 108 109 109 109 111 112 113 115 117 117 117 117 117 120 125 129 132 133
[163] 133 140 140 140 140 143 144 146 147 148 148 148 148 148 149 149 150 150
[181] 151 151 153 153 154 161 165 165 165 166 167 167 172 172 173 175 175 179
[199] 180 180 182 187 188 188 188 189 193 194 194 198 198 199 200 202 206 207
[217] 207 208 210 211 211 216 219

$EXTANT
  [1] FALSE FALSE FALSE FALSE FALSE FALSE FALSE FALSE FALSE FALSE FALSE FALSE
 [13] FALSE FALSE FALSE FALSE FALSE FALSE FALSE FALSE FALSE FALSE  TRUE FALSE
 [25] FALSE FALSE FALSE  TRUE FALSE FALSE FALSE FALSE FALSE FALSE FALSE FALSE
 [37] FALSE FALSE FALSE  TRUE  TRUE  TRUE FALSE FALSE  TRUE  TRUE FALSE FALSE
 [49] FALSE  TRUE  TRUE FALSE FALSE FALSE  TRUE FALSE  TRUE  TRUE FALSE  TRUE
 [61]  TRUE  TRUE  TRUE  TRUE FALSE  TRUE FALSE FALSE FALSE FALSE  TRUE  TRUE
 [73] FALSE FALSE FALSE FALSE FALSE  TRUE FALSE  TRUE FALSE FALSE FALSE  TRUE
 [85] FALSE  TRUE  TRUE FALSE FALSE  TRUE FALSE  TRUE  TRUE  TRUE  TRUE FALSE
 [97]  TRUE  TRUE FALSE FALSE FALSE  TRUE  TRUE  TRUE  TRUE  TRUE FALSE  TRUE
[109] FALSE FALSE  TRUE FALSE  TRUE FALSE FALSE  TRUE  TRUE FALSE  TRUE  TRUE
[121]  TRUE  TRUE FALSE  TRUE  TRUE  TRUE  TRUE  TRUE  TRUE  TRUE FALSE FALSE
[133] FALSE FALSE  TRUE  TRUE  TRUE FALSE FALSE  TRUE FALSE  TRUE  TRUE  TRUE
[145]  TRUE  TRUE FALSE  TRUE  TRUE FALSE  TRUE FALSE FALSE  TRUE  TRUE  TRUE
[157]  TRUE  TRUE FALSE  TRUE  TRUE  TRUE FALSE FALSE  TRUE  TRUE  TRUE  TRUE
[169]  TRUE  TRUE FALSE FALSE  TRUE  TRUE FALSE FALSE FALSE  TRUE  TRUE  TRUE
[181] FALSE  TRUE  TRUE  TRUE  TRUE  TRUE FALSE  TRUE  TRUE  TRUE  TRUE  TRUE
[193]  TRUE FALSE  TRUE FALSE  TRUE  TRUE  TRUE FALSE  TRUE FALSE  TRUE  TRUE
[205]  TRUE  TRUE  TRUE FALSE  TRUE  TRUE  TRUE  TRUE FALSE  TRUE  TRUE  TRUE
[217]  TRUE  TRUE  TRUE  TRUE  TRUE FALSE  TRUE

