
Birth-death simulation object with 196 species and 86 extant species

Details for some species:

Extinction times (NA means extant)
[1] 41.82675 42.46666 37.87397 35.56591 40.78441 26.59124


Speciation times 
[1] 48.65279 45.16531 43.62814 44.16699 43.71414 40.69722


Species parents (NA for initial)
[1] NA  1  1  2  2  4


Species status (extinct or extant)
[1] "extinct" "extinct" "extinct" "extinct" "extinct" "extinct"


For more details on vector y, try sim$y, with y one of
TE TS PAR EXTANT



$TE
  [1] 41.8267470 42.4666631 37.8739652 35.5659147 40.7844111 26.5912353
  [7] 37.4300292 13.9603293 28.2902203 31.1313687 27.3677137 34.8499490
 [13] 35.1949591 28.3485057 28.6038868 21.1119553 13.3732770 11.8593824
 [19] 32.7146610 31.0009170 34.3240828 34.3787541 19.7915441 14.9077468
 [25] 22.2838121 15.3939848 16.3242486 14.0949436 18.1071511 13.3673366
 [31] 16.9372546 13.6545637 16.7015654         NA 18.9131790 17.1591718
 [37] 14.0815636 13.3568616 11.8204194 14.6260321 12.1211571         NA
 [43]         NA  4.8972597  5.1586181  1.0598468  1.0452011         NA
 [49] 14.3155530 15.2226174 14.2385123 19.4248930 11.6456057 12.4742325
 [55] 12.6157827 14.3832723         NA         NA         NA  4.1046547
 [61]         NA         NA  5.0776146         NA  0.7567217  1.2399373
 [67]  5.9564523  2.8674741         NA 13.7418827 14.3368695 13.1553318
 [73] 12.8449217 14.7848821  6.9530631 11.2506408 12.0349449  1.2827587
 [79]  5.2081676         NA  3.6669891  1.8528937         NA         NA
 [85]  1.1937796         NA         NA  1.6047988  2.5507140  0.7357731
 [91]  9.5301370         NA         NA         NA  5.1916380  4.2083562
 [97]         NA  3.8312272         NA         NA         NA 13.1366214
[103] 12.8364105 14.6001499 14.7013332 13.6253114         NA 12.3151284
[109]         NA         NA  0.6688773         NA         NA  1.1119120
[115]         NA  1.9503995         NA         NA  5.4915235         NA
[121]  0.2184473  5.4191390         NA  0.3570400  1.4076860         NA
[127]         NA 13.5072396 13.3921109 14.2412229         NA         NA
[133]         NA         NA  2.7205050         NA         NA         NA
[139]  0.2306967  2.7405762         NA         NA         NA         NA
[145]         NA         NA         NA         NA  2.5742417         NA
[151]         NA  0.3424933         NA         NA         NA         NA
[157]         NA         NA         NA  4.2658072         NA         NA
[163]         NA  0.4101296  1.2200321  0.2475153         NA         NA
[169]  0.9913783         NA  0.4248460         NA         NA         NA
[175]         NA         NA         NA         NA  1.4852169         NA
[181]         NA         NA         NA  2.1705685  2.3662228         NA
[187]         NA         NA         NA         NA         NA         NA
[193]         NA         NA  1.7060564         NA

$TS
  [1] 48.65278807 45.16531002 43.62813896 44.16698617 43.71414290 40.69722042
  [7] 42.26655683 39.34291960 34.38890162 31.68381918 31.33927607 39.07628628
 [13] 38.67652538 38.24130487 33.72737599 32.63005634 28.70329331 22.33922078
 [19] 32.78048773 35.31736208 35.72059574 34.38434051 28.80456121 25.66781567
 [25] 22.99670655 17.76364653 19.73802328 19.02971361 25.10493488 23.41368703
 [31] 19.94817757 16.59895695 17.51094890 16.21580389 23.16922012 20.22941807
 [37] 21.86025822 21.83484914 13.87372691 15.34408419 13.52296299 10.93004412
 [43] 10.84755263  9.48215311  6.27820720  5.52228423  4.27998705  0.07487794
 [49] 19.70846048 20.12610689 17.96676959 21.38666669 21.27919392 15.16722577
 [55] 14.42709942 15.34563879  8.67304202  6.04180064  5.30781018  4.90516030
 [61]  1.00541690 10.09556536  8.03671638  4.26710984  2.67583588  7.69931049
 [67]  6.31384943  5.48305941  1.51900384 15.30802852 17.88398177 17.26558446
 [73] 14.41277346 20.29807218 14.64778470 12.79621699 14.06858844  8.44180474
 [79]  7.58022380  6.58117916  4.17394076  2.08210389  1.38232713  6.02049676
 [85]  5.80825663  1.91718200  1.04995433  4.88602115  2.86597315  0.83845949
 [91]  9.83629623  8.79658539  5.76275241  0.36081080  7.06982403  6.60049047
 [97]  5.96683700  5.53187681  2.09165307  1.45394920  0.23536075 14.65184505
[103] 13.52861482 18.31857346 17.71549500 16.66048684  7.93921141 13.00069516
[109]  7.34686199  7.00699634  5.16550449  7.04845947  6.10041805  5.94450585
[115]  1.51057299  3.79236189  5.68224914  2.25636700  7.44451255  5.13487823
[121]  0.60771843  5.61794608  5.65306953  3.76370067  2.78798400  0.74962931
[127]  4.79275991 13.85980502 16.03096204 16.65268788  2.96502461  2.19484298
[133]  5.65816475  5.44084550  3.48578327  1.56185884  4.71891645  3.29506883
[139]  6.06805109  6.09772061  5.39319759  1.54006696  2.94307421  2.53834305
[145]  6.41606937  0.99106480  0.48414004  0.09610796  5.16393490  1.93698985
[151]  0.87782536  0.39675387  2.56795906  5.41890089  2.95876189  0.75296183
[157]  4.50934902  3.04821883  1.88669739  5.29819597  2.52156424  1.66410664
[163]  0.74231281  5.46669361  5.42286290  5.21438824  4.45779408  5.17097645
[169]  4.64342272  1.46619790  1.71802182  1.17105685  5.57592599  4.59378395
[175]  2.35657103  4.32034869  1.05467233  4.37927579  3.28209874  0.54899612
[181]  0.47284047  1.28053543  0.50785129  5.17210926  3.66709892  3.36259546
[187]  1.41333501  1.07670836  0.18246827  3.22522620  3.14535315  2.04146036
[193]  0.80112308  3.76386822  1.95881360  0.18137335

$PAR
  [1]  NA   1   1   2   2   4   5   6   6   6   6   7   8   8   8   8   8   8
 [19]   9  12  13  14  14  17  17  17  18  18  23  23  24  26  28  28  29  29
 [37]  30  30  30  32  34  34  34  34  34  34  34  34  35  36  36  37  37  37
 [55]  37  38  42  42  42  42  42  43  43  43  43  44  44  46  46  50  51  51
 [73]  51  52  53  53  54  57  57  57  57  57  57  58  58  58  58  59  59  61
 [91]  62  62  62  62  63  63  63  63  66  69  69  71  72  74  74  74  75  77
[109]  78  78  78  79  79  79  80  81  84  85  92  92  92  96  97  97  97  97
[127]  98 102 105 106 109 109 110 110 110 110 111 111 112 113 113 113 116 116
[145] 119 120 120 120 123 123 124 124 125 134 134 136 137 137 138 139 139 139
[163] 139 140 140 140 140 141 141 142 144 144 145 145 145 149 150 157 157 159
[181] 159 161 162 164 168 168 168 170 174 176 176 176 177 178 190 193

$EXTANT
  [1] FALSE FALSE FALSE FALSE FALSE FALSE FALSE FALSE FALSE FALSE FALSE FALSE
 [13] FALSE FALSE FALSE FALSE FALSE FALSE FALSE FALSE FALSE FALSE FALSE FALSE
 [25] FALSE FALSE FALSE FALSE FALSE FALSE FALSE FALSE FALSE  TRUE FALSE FALSE
 [37] FALSE FALSE FALSE FALSE FALSE  TRUE  TRUE FALSE FALSE FALSE FALSE  TRUE
 [49] FALSE FALSE FALSE FALSE FALSE FALSE FALSE FALSE  TRUE  TRUE  TRUE FALSE
 [61]  TRUE  TRUE FALSE  TRUE FALSE FALSE FALSE FALSE  TRUE FALSE FALSE FALSE
 [73] FALSE FALSE FALSE FALSE FALSE FALSE FALSE  TRUE FALSE FALSE  TRUE  TRUE
 [85] FALSE  TRUE  TRUE FALSE FALSE FALSE FALSE  TRUE  TRUE  TRUE FALSE FALSE
 [97]  TRUE FALSE  TRUE  TRUE  TRUE FALSE FALSE FALSE FALSE FALSE  TRUE FALSE
[109]  TRUE  TRUE FALSE  TRUE  TRUE FALSE  TRUE FALSE  TRUE  TRUE FALSE  TRUE
[121] FALSE FALSE  TRUE FALSE FALSE  TRUE  TRUE FALSE FALSE FALSE  TRUE  TRUE
[133]  TRUE  TRUE FALSE  TRUE  TRUE  TRUE FALSE FALSE  TRUE  TRUE  TRUE  TRUE
[145]  TRUE  TRUE  TRUE  TRUE FALSE  TRUE  TRUE FALSE  TRUE  TRUE  TRUE  TRUE
[157]  TRUE  TRUE  TRUE FALSE  TRUE  TRUE  TRUE FALSE FALSE FALSE  TRUE  TRUE
[169] FALSE  TRUE FALSE  TRUE  TRUE  TRUE  TRUE  TRUE  TRUE  TRUE FALSE  TRUE
[181]  TRUE  TRUE  TRUE FALSE FALSE  TRUE  TRUE  TRUE  TRUE  TRUE  TRUE  TRUE
[193]  TRUE  TRUE FALSE  TRUE

