
Birth-death simulation object with 202 species and 111 extant species

Details for some species:

Extinction times (NA means extant)
[1] 30.81423 38.50127 31.01727 29.91909 32.05007 25.76513


Speciation times 
[1] 48.65279 45.29292 37.35105 35.60961 33.85786 34.85049


Species parents (NA for initial)
[1] NA  1  1  1  1  3


Species status (extinct or extant)
[1] "extinct" "extinct" "extinct" "extinct" "extinct" "extinct"


For more details on vector y, try sim$y, with y one of
TE TS PAR EXTANT



$TE
  [1] 30.814230702 38.501274964 31.017267864 29.919093744 32.050066743
  [6] 25.765130725 30.146950852 22.960957394 15.498593868 29.184446802
 [11] 28.368630059 23.082080017 29.398986885 22.377635872 13.958236206
 [16] 11.376087401 14.494135698 19.818978158 12.344091739 11.013213260
 [21] 13.795833049  8.943344982 12.916599253 11.918351701  9.076119743
 [26] 20.224391684 20.607885152 16.876400780 13.998800262 14.234719243
 [31] 18.352593337 14.599502030 11.971445579 19.273065103 11.339095098
 [36] 12.490310788 11.834993137  8.893286104 17.850355851  3.111053175
 [41] 12.984704005 14.771799063 12.425357539 12.814738696           NA
 [46]           NA  5.472316567           NA           NA           NA
 [51]           NA 13.828179499 12.828727707  2.170480409           NA
 [56]  5.731191015  6.592915678           NA  2.691364579           NA
 [61]  5.663411631           NA  1.391512233  6.952032695           NA
 [66]           NA           NA           NA           NA           NA
 [71]  3.885387616           NA  3.140517724  0.568183081           NA
 [76]           NA  1.720975248           NA           NA           NA
 [81]           NA           NA           NA  4.376517164           NA
 [86]           NA           NA  4.383694358           NA  4.113163557
 [91]           NA  1.983538284  1.600768892  0.130241708           NA
 [96]           NA           NA  2.375924286  6.243475891  6.421777400
[101]  0.935561449           NA  1.392246267           NA  6.297385150
[106]           NA           NA           NA           NA           NA
[111]           NA           NA  3.569603893           NA           NA
[116]           NA           NA           NA           NA           NA
[121]  1.450669770           NA           NA  1.079351529           NA
[126]           NA           NA           NA           NA  1.585180978
[131]  2.328195205           NA           NA           NA           NA
[136]  2.049786795  6.628922325  1.897963107           NA           NA
[141]           NA           NA  1.334645566           NA           NA
[146]           NA           NA           NA           NA           NA
[151]  0.620539400           NA           NA  0.471619710           NA
[156]           NA  6.571984768           NA           NA  5.284221928
[161]  2.375267760           NA           NA           NA           NA
[166]           NA           NA  7.142863663           NA           NA
[171]           NA           NA           NA           NA           NA
[176]           NA           NA           NA  2.079503082           NA
[181]           NA  5.514720425           NA           NA           NA
[186]           NA           NA           NA  0.207521805           NA
[191]           NA           NA           NA           NA  1.651633609
[196]           NA           NA           NA           NA           NA
[201]  0.005121718  0.342216621

$TS
  [1] 48.652788073 45.292924693 37.351047262 35.609614538 33.857864413
  [6] 34.850492654 34.015273254 30.269514442 33.909209356 29.343328581
 [11] 28.928931103 26.173405187 29.864491530 27.457064251 22.520026470
 [16] 18.086933662 25.168868406 26.570897734 24.143492741 17.192513137
 [21] 16.359297097 15.709847549 13.705677472 12.895423506 12.203202372
 [26] 22.306917981 20.875580576 20.192266028 20.113877256 25.777533483
 [31] 23.920970800 18.805723573 13.203561692 20.061208970 17.735072700
 [36] 17.649544017 17.392412943 20.873594379 20.651240485 12.270680380
 [41] 17.135186703 16.905879900 13.562982561 14.423896244  9.653893460
 [46] 11.955129685  9.538417056  9.192048937  6.418292925  3.475118535
 [51]  3.433548691 14.992873083 12.995759039  6.280867388  4.112864034
 [56]  9.498906980  7.183752574  6.924370242  6.826194102  8.064436850
 [61]  7.531173244  7.310112289  8.356353056  8.042774992  7.342215210
 [66]  5.749185319  5.862317494  4.992928711  1.203148167  1.824963040
 [71]  5.914195885  5.014374088  9.483542536  8.536359849  7.200883157
 [76]  6.867329086  7.057421830  5.549653451  3.911519231  3.082253748
 [81]  5.474903053  3.074486855  0.422449708  5.426566241  4.958244400
 [86]  2.162060148  0.611780916  4.896293808  4.680965359  6.814291028
 [91]  4.262424568  5.350039986  2.680556170  0.437161475  5.074465670
 [96]  0.476468360  4.497075829  4.279069182  8.782080405  8.636442389
[101]  5.097885231  3.831433381  8.090156466  6.964917316  6.367886105
[106]  2.797890385  6.677010176  4.515303965  1.921889512  6.343549511
[111]  3.138880254  2.187887308  5.425241831  4.252512541  2.577629338
[116]  2.690100010  5.349422549  2.534758496  1.718864362  1.570362807
[121]  4.924201717  0.948786643  0.486186467  3.772451322  3.313979454
[126]  0.319477650  3.904712567  2.465108231  8.745245343  7.133577362
[131]  7.991246815  2.235376075  1.714769355  1.418320386  8.044019581
[136]  7.768420525  7.535910941  4.882617836  6.537545984  3.257816581
[141]  0.681560368  1.837638925  2.973647515  4.528133372  1.043032405
[146]  0.025228323  2.018463913  1.824826540  1.599857022  2.301615549
[151]  1.009530429  0.129518886  2.531443428  1.175418669  0.818266292
[156]  0.827174787  6.712356232  1.375976470  1.195096678  6.492575565
[161]  6.234662073  4.995256837  0.527407889  7.586987394  6.604281263
[166]  0.741729105  4.730817090  7.191676756  3.712591627  2.111570888
[171]  0.930702287  3.967799166  2.642275709  1.264645658  0.221863278
[176]  0.460927303  0.449590036  1.243338718  5.806365090  5.026782819
[181]  3.158383815  6.793657554  4.032345806  1.357827681  3.595089816
[186]  0.295420829  3.694621874  1.501853927  1.551868622  0.005543223
[191]  5.719555696  5.378275742  6.042029106  0.632253996  3.057790381
[196]  5.550249024  4.481590595  3.654034078  1.067097849  4.800936729
[201]  0.860355462  3.492628078

$PAR
  [1]  NA   1   1   1   1   3   4   4   7   8   8   8   9   9   9   9  12  14
 [19]  14  16  16  16  16  16  16  17  17  17  17  18  19  19  23  28  28  29
 [37]  29  31  31  33  35  35  35  38  38  40  40  40  40  40  40  42  43  45
 [55]  45  46  46  46  46  47  47  47  48  48  48  48  49  49  50  51  54  54
 [73]  56  56  56  56  57  58  59  59  60  60  60  62  62  62  62  63  63  65
 [91]  65  66  66  66  67  69  71  72  73  73  73  73  74  74  74  74  75  75
[109]  75  76  77  77  78  78  79  80  81  81  82  82  85  89  89  92  92  95
[127]  98  98  99  99 100 101 101 101 103 103 103 103 104 104 106 107 108 110
[145] 111 111 112 112 116 117 119 123 124 124 125 128 129 129 129 130 130 131
[163] 134 135 135 135 136 137 138 139 142 144 144 144 147 153 155 158 160 161
[181] 162 164 164 165 167 167 169 169 170 171 179 179 182 183 185 193 193 193
[199] 193 196 196 197

$EXTANT
  [1] FALSE FALSE FALSE FALSE FALSE FALSE FALSE FALSE FALSE FALSE FALSE FALSE
 [13] FALSE FALSE FALSE FALSE FALSE FALSE FALSE FALSE FALSE FALSE FALSE FALSE
 [25] FALSE FALSE FALSE FALSE FALSE FALSE FALSE FALSE FALSE FALSE FALSE FALSE
 [37] FALSE FALSE FALSE FALSE FALSE FALSE FALSE FALSE  TRUE  TRUE FALSE  TRUE
 [49]  TRUE  TRUE  TRUE FALSE FALSE FALSE  TRUE FALSE FALSE  TRUE FALSE  TRUE
 [61] FALSE  TRUE FALSE FALSE  TRUE  TRUE  TRUE  TRUE  TRUE  TRUE FALSE  TRUE
 [73] FALSE FALSE  TRUE  TRUE FALSE  TRUE  TRUE  TRUE  TRUE  TRUE  TRUE FALSE
 [85]  TRUE  TRUE  TRUE FALSE  TRUE FALSE  TRUE FALSE FALSE FALSE  TRUE  TRUE
 [97]  TRUE FALSE FALSE FALSE FALSE  TRUE FALSE  TRUE FALSE  TRUE  TRUE  TRUE
[109]  TRUE  TRUE  TRUE  TRUE FALSE  TRUE  TRUE  TRUE  TRUE  TRUE  TRUE  TRUE
[121] FALSE  TRUE  TRUE FALSE  TRUE  TRUE  TRUE  TRUE  TRUE FALSE FALSE  TRUE
[133]  TRUE  TRUE  TRUE FALSE FALSE FALSE  TRUE  TRUE  TRUE  TRUE FALSE  TRUE
[145]  TRUE  TRUE  TRUE  TRUE  TRUE  TRUE FALSE  TRUE  TRUE FALSE  TRUE  TRUE
[157] FALSE  TRUE  TRUE FALSE FALSE  TRUE  TRUE  TRUE  TRUE  TRUE  TRUE FALSE
[169]  TRUE  TRUE  TRUE  TRUE  TRUE  TRUE  TRUE  TRUE  TRUE  TRUE FALSE  TRUE
[181]  TRUE FALSE  TRUE  TRUE  TRUE  TRUE  TRUE  TRUE FALSE  TRUE  TRUE  TRUE
[193]  TRUE  TRUE FALSE  TRUE  TRUE  TRUE  TRUE  TRUE FALSE FALSE

