
Birth-death simulation object with 188 species and 66 extant species

Details for some species:

Extinction times (NA means extant)
[1] 35.95864 35.80526 35.15220 42.49101 33.65498 36.69893


Speciation times 
[1] 48.65279 44.90646 41.81014 42.71574 37.99857 39.11654


Species parents (NA for initial)
[1] NA  1  1  2  2  3


Species status (extinct or extant)
[1] "extinct" "extinct" "extinct" "extinct" "extinct" "extinct"


For more details on vector y, try sim$y, with y one of
TE TS PAR EXTANT



$TE
  [1] 35.9586439 35.8052569 35.1521996 42.4910086 33.6549809 36.6989302
  [7] 28.3279612 29.2399713 18.4191259 29.5602337 11.4776657 34.8664642
 [13] 29.7644307 25.1510573 27.4560989 32.5241466 24.9553923 27.7108261
 [19] 20.1706865 18.6079837 15.8054425 12.7790650 28.3131057 13.1249008
 [25] 20.8334827 30.3274333 18.2178804 27.3863679 23.9263574 25.4897826
 [31] 19.2069650 14.4791790 22.0680875 14.5528838 11.5186862 14.5425626
 [37] 17.8525015 22.2281245 14.1689831  9.4665723 16.8889069 19.0457884
 [43] 13.9304700 11.9290628 17.3890649 16.0441776 12.1693651 14.0924688
 [49]         NA  5.4301188 12.7189206 14.5828700 19.1720872 14.5047319
 [55] 14.5051420 12.0758891 12.0615294 18.6941159 13.8895049  4.0373064
 [61] 11.5259572 11.6973111 13.4435543 11.0468758  0.5871686  7.2771229
 [67]  4.8057196 11.3348435  2.2241078         NA         NA 13.6474439
 [73] 14.1922325 14.3113400 14.0159252  0.4003414 14.4327161  9.8135457
 [79] 12.4523259 10.2967866 15.3948511 13.5458498 13.2700805  9.9896645
 [85] 13.5506320 13.8339486         NA  2.4993482  4.2557737         NA
 [91]         NA         NA  5.5584514         NA  0.8230477         NA
 [97]  5.3214057  0.4489355         NA         NA  1.3892211  4.7162162
[103]         NA 13.2303860  2.0837357         NA         NA         NA
[109] 10.5296809 10.8170186 11.7932400         NA         NA  1.1753599
[115]         NA         NA  6.9216393         NA  4.0514485  5.1959807
[121]  0.8243280  4.9721613         NA         NA         NA         NA
[127]         NA         NA         NA  4.7901341         NA         NA
[133]         NA 13.1632951         NA         NA         NA         NA
[139]         NA         NA         NA  2.6055656         NA  6.8691955
[145]         NA  5.1239361         NA  2.0841854  0.4419624         NA
[151]  0.5034904         NA         NA 13.6328948         NA         NA
[157]         NA         NA         NA         NA  5.9228501  5.7179645
[163]  5.3828144         NA         NA         NA         NA         NA
[169]         NA  5.7784707         NA  5.5072954  1.7239873         NA
[175]         NA  1.5645348  3.3087409         NA         NA         NA
[181]         NA         NA         NA         NA  5.3373755  0.9299941
[187]         NA  1.3071587

$TS
  [1] 48.65278807 44.90645853 41.81014300 42.71573658 37.99857206 39.11653655
  [7] 37.29015112 37.51360990 35.14207786 31.23194491 37.45424258 36.69301637
 [13] 32.08739030 30.99423278 34.77306607 32.88650599 29.81309891 28.17808973
 [19] 24.25152090 23.62368257 16.68857043 13.73805593 30.06049838 27.91674133
 [25] 25.16265815 31.20151973 27.97257532 29.64822242 28.83814637 27.52515264
 [31] 23.79497475 23.48912283 23.40767604 22.37148793 20.06087739 22.74748527
 [37] 19.90310628 27.49295660 19.83816224 19.73973308 19.69294012 23.10848538
 [43] 16.80713240 15.85658216 22.92625034 16.61602152 16.12783843 14.43489763
 [49] 12.56668567 12.00674044 20.50629630 15.93538311 19.65199181 18.15369817
 [55] 18.29056512 17.49166574 18.55512710 21.01816628 19.71164241 15.81792410
 [61] 12.86911636 19.69491709 13.88727137 11.36965556  8.91863877  7.52183596
 [67]  6.23809056 11.71739109 10.64502640  7.96713612  6.84197453 16.75341560
 [73] 16.42806133 15.70894231 15.75325914 14.94725569 14.84013721 12.15747889
 [79] 12.72561273 12.15829957 19.04494142 14.30821448 13.55693562 11.10497664
 [85] 16.54721332 13.99114865  6.67030745  6.25637694  5.79341857  4.55845170
 [91]  1.73875450  5.01486723  8.55919471  7.71868456  7.57061075  6.41403379
 [97]  5.44390049  4.69457221  5.75395310  4.89540519  2.79893139  6.62698280
[103]  5.77713381 15.66052292  5.37551301  2.86350717  1.67186262  0.85311896
[109] 10.79028553 13.48171746 13.39642599  5.79071200  0.76326221  3.18887573
[115]  2.49915903  1.00645278  8.22013467  7.82978991  7.78641104  7.59309761
[121]  2.31457662  5.30897985  3.30353187  3.70350676  0.95600123  4.11581479
[127]  3.95214790  1.99361302  2.56038069  5.26819813  5.16264418  4.44877440
[133]  2.34315540 14.82939774  2.77568538  0.32412732  0.81943286  0.24385039
[139]  5.15290609  1.72140280  0.35353185  8.12318676  7.92223016  7.35953585
[145]  0.97933813  5.95594994  5.26619516  6.07216594  5.25025392  1.45964754
[151]  1.96755446  0.69801226  1.07777413 14.53663159 13.92030074  0.51757103
[157]  4.44020620  4.15988804  7.74537067  6.57176278  6.05345617  7.03130025
[163]  6.57869296  2.07087764  5.54675026  5.22256343  2.75173116  4.90937472
[169]  1.09430610  6.03234565  5.31706178  6.09273513  2.98382283  1.56210274
[175]  5.95419834  5.57520911  4.92279520  3.66850991  3.10049428  1.99955332
[181]  1.32328987  2.71072871  2.42672107  2.30668700  5.55132769  5.31269495
[187]  0.03055525  4.69610277

$PAR
  [1]  NA   1   1   2   2   3   5   6   7   7   8   8   9   9  11  11  11  11
 [19]  11  11  11  11  13  14  14  15  15  23  23  24  24  24  24  24  24  27
 [37]  27  28  31  31  31  32  32  32  33  34  35  35  35  35  36  36  39  39
 [55]  40  40  41  42  42  44  44  45  47  49  49  49  49  50  50  50  50  51
 [73]  51  51  52  52  55  56  57  57  59  59  60  60  62  62  65  65  65  65
 [91]  65  67  69  69  69  69  69  69  70  70  70  71  71  74  76  76  76  76
[109]  78  83  83  87  90  92  92  92  93  93  93  94  94  96  96  98  98  99
[127]  99 100 101 103 103 103 103 104 106 106 108 108 112 115 116 117 117 117
[145] 118 119 119 120 120 121 126 128 133 134 134 135 139 139 142 142 142 143
[163] 143 143 146 148 148 149 149 159 159 160 160 160 163 163 165 165 166 166
[181] 166 167 167 173 176 176 181 186

$EXTANT
  [1] FALSE FALSE FALSE FALSE FALSE FALSE FALSE FALSE FALSE FALSE FALSE FALSE
 [13] FALSE FALSE FALSE FALSE FALSE FALSE FALSE FALSE FALSE FALSE FALSE FALSE
 [25] FALSE FALSE FALSE FALSE FALSE FALSE FALSE FALSE FALSE FALSE FALSE FALSE
 [37] FALSE FALSE FALSE FALSE FALSE FALSE FALSE FALSE FALSE FALSE FALSE FALSE
 [49]  TRUE FALSE FALSE FALSE FALSE FALSE FALSE FALSE FALSE FALSE FALSE FALSE
 [61] FALSE FALSE FALSE FALSE FALSE FALSE FALSE FALSE FALSE  TRUE  TRUE FALSE
 [73] FALSE FALSE FALSE FALSE FALSE FALSE FALSE FALSE FALSE FALSE FALSE FALSE
 [85] FALSE FALSE  TRUE FALSE FALSE  TRUE  TRUE  TRUE FALSE  TRUE FALSE  TRUE
 [97] FALSE FALSE  TRUE  TRUE FALSE FALSE  TRUE FALSE FALSE  TRUE  TRUE  TRUE
[109] FALSE FALSE FALSE  TRUE  TRUE FALSE  TRUE  TRUE FALSE  TRUE FALSE FALSE
[121] FALSE FALSE  TRUE  TRUE  TRUE  TRUE  TRUE  TRUE  TRUE FALSE  TRUE  TRUE
[133]  TRUE FALSE  TRUE  TRUE  TRUE  TRUE  TRUE  TRUE  TRUE FALSE  TRUE FALSE
[145]  TRUE FALSE  TRUE FALSE FALSE  TRUE FALSE  TRUE  TRUE FALSE  TRUE  TRUE
[157]  TRUE  TRUE  TRUE  TRUE FALSE FALSE FALSE  TRUE  TRUE  TRUE  TRUE  TRUE
[169]  TRUE FALSE  TRUE FALSE FALSE  TRUE  TRUE FALSE FALSE  TRUE  TRUE  TRUE
[181]  TRUE  TRUE  TRUE  TRUE FALSE FALSE  TRUE FALSE

