
Birth-death simulation object with 399 species and 152 extant species

Details for some species:

Extinction times (NA means extant)
[1] 12.96910 36.90074 39.93886 27.89022 24.03039 14.54434


Speciation times 
[1] 46.31901 44.77867 40.22824 39.18994 27.65556 26.04784


Species parents (NA for initial)
[1] NA  1  1  1  1  1


Species status (extinct or extant)
[1] "extinct" "extinct" "extinct" "extinct" "extinct" "extinct"


For more details on vector y, try sim$y, with y one of
TE TS PAR EXTANT



$TE
  [1] 12.969099886 36.900742221 39.938859955 27.890222628 24.030385164
  [6] 14.544336103 18.079936523 17.498047606 11.700184335 34.784018706
 [11] 26.652010436 25.861746130 21.149784104 12.357663758 17.793593770
 [16] 25.021846674 17.978525304 15.855504455 12.981180529 11.910496635
 [21] 15.757587729 15.646024331 19.554613630 11.019509173 17.076825771
 [26] 11.226052773 10.363190905 33.279452958 18.750322121 27.398680351
 [31] 37.201078217 14.492156226 21.660423124 10.981177968 19.419251826
 [36] 23.016162502 19.957204411 14.023557056 12.149681065 12.254465129
 [41]  9.342693258 18.248127053 10.124816776 30.615156873 30.677257137
 [46] 24.940962590 27.225968589 19.057753686 27.976550693 22.161512957
 [51] 28.006406082 24.378812116 10.934526505           NA 11.989887700
 [56] 10.240340756 13.754035652 12.311213513 21.461524667 14.758539659
 [61] 12.265471010  9.155359597 12.380394211           NA  3.424257057
 [66] 14.546827727  9.291527613 13.471941842  6.000411940 10.991271452
 [71] 32.008344100 10.837564400 24.439990969 19.136067572 26.779078134
 [76] 14.905800307 13.044846369 13.137194921  9.930117115  0.793132165
 [81]           NA           NA           NA 13.551381796 14.225352606
 [86] 12.338884234           NA 16.685802599 12.183030601  9.821436928
 [91] 10.677370570  3.608742592           NA  8.921449151           NA
 [96] 18.883672709  7.864581703 12.648971677  4.116847533 15.162940353
[101] 18.753638377 10.316558763 15.205640194  8.672706277 12.271441521
[106]  9.251464762  8.930217849  7.759990984           NA  5.500234271
[111]           NA  3.169239390           NA 29.548843797 17.955641679
[116] 20.580426295           NA 11.056655343 11.860218565  8.861183803
[121] 18.825660268 24.460370326 19.830755713 12.162164392 10.354647106
[126] 11.921708159 12.247423774  0.055231074           NA           NA
[131]  1.718463229           NA  3.524988401 12.231134665 12.451799498
[136] 10.026484106 10.533061083  8.270113825           NA  8.070417041
[141]  4.672666326 10.357909748 16.105850655 11.129425482           NA
[146]  4.173186910  2.373965728           NA           NA  0.757438672
[151] 10.017227927           NA           NA  8.447374946           NA
[156]           NA  0.476921691 16.662880414 14.134752243 11.438834014
[161]  9.225150439  8.671079577           NA           NA           NA
[166]           NA           NA  3.627535209           NA  3.724334796
[171]           NA  0.210388894 11.155992991  8.568414470  5.968847209
[176] 11.570972642 13.795601975 12.398017055 12.204301202 11.044053448
[181]  7.528580257           NA  1.663503249  4.602508495           NA
[186]           NA  8.991057000 11.979082505 13.770637880 11.981180766
[191] 14.050636606           NA  1.614101243  4.157780843           NA
[196]  0.787282924           NA  2.775390278           NA 10.474746995
[201]           NA           NA 11.270839979           NA  1.150742931
[206]  9.607185900           NA  4.800318497           NA           NA
[211]  0.499103529           NA           NA           NA           NA
[216]           NA           NA           NA 11.643121595 15.405893515
[221] 10.575290443  9.450060417           NA           NA           NA
[226]  1.071339936           NA           NA           NA  0.712294775
[231]           NA 15.680637491 11.148600453 11.567654679 10.975731651
[236] 14.489091037  9.481142379 12.045684067  0.059358550           NA
[241]           NA 10.449458246  7.921540342 14.623660555  6.562275322
[246]  2.824405213           NA           NA           NA  2.916924639
[251]           NA           NA 20.982290946  9.788166614 16.456853147
[256] 15.847719145 10.851221587           NA           NA           NA
[261]           NA  5.665727265  1.316520828  2.208654331           NA
[266]           NA  2.524704597           NA           NA  7.476237864
[271]           NA           NA           NA           NA           NA
[276]           NA  0.622768826           NA           NA           NA
[281]           NA           NA           NA 11.193665697 10.275536711
[286] 11.857531605 10.681844094 11.524928875  0.475679855  4.588119827
[291]           NA  5.221469362           NA           NA  3.091960708
[296]           NA           NA           NA           NA 11.499870854
[301] 15.681150626 11.003120075 13.297943579 12.326715826  5.127859945
[306] 12.702702366  7.782024899  7.663178801  3.453384020  2.903174972
[311]           NA           NA           NA           NA  9.008698638
[316]  7.846841266           NA           NA           NA           NA
[321] 10.324908381 10.162722462  9.255415111           NA  0.006238656
[326]  3.505734969           NA           NA           NA           NA
[331]           NA  4.046185129           NA  3.071580153  2.674881356
[336]           NA  0.428695739           NA           NA           NA
[341]           NA           NA 11.537770602  4.575575514  4.327863746
[346]           NA           NA           NA           NA           NA
[351]           NA 10.505721070 11.139761421 11.789726250  7.839529830
[356] 11.195146947           NA           NA  0.378418957           NA
[361]           NA           NA 10.011174964           NA           NA
[366]  0.968111258           NA           NA           NA           NA
[371]  0.118181235           NA           NA           NA  8.647330743
[376]  1.042264679           NA  0.522529091           NA           NA
[381]           NA           NA           NA  2.257013370           NA
[386]           NA  0.102268473           NA           NA           NA
[391]           NA           NA           NA           NA           NA
[396]           NA           NA           NA           NA

$TS
  [1] 46.31901109 44.77866751 40.22824359 39.18993956 27.65556481 26.04783755
  [7] 25.76846904 21.47462732 16.75491770 41.14120177 37.92706695 38.30178578
 [13] 27.27623324 26.24236547 25.43264477 25.98998485 23.46991162 23.27421459
 [19] 19.12647390 16.40100052 15.80931308 15.66457129 22.24774289 21.07863987
 [25] 18.48085600 15.80342664 14.52499267 40.07124073 35.14558909 35.62758460
 [31] 38.15907224 30.97085481 24.48517670 13.55681094 21.16302584 25.65594786
 [37] 22.94249367 19.99511143 21.09372903 17.14381306 20.63654305 19.78098710
 [43] 37.07334890 33.97503158 33.45181376 31.77076230 27.76423174 20.43818753
 [49] 30.70382127 28.62094550 30.69144291 24.39616757 20.58033111 18.23086668
 [55] 16.96390433 16.43462301 16.06454740 13.52662753 24.46829316 16.39219942
 [61] 14.78433515 20.95725328 15.21739055 13.63043485 12.69262442 28.03653158
 [67] 21.73774688 20.87516545 14.02787574 11.04768868 33.09117399 32.19630923
 [73] 26.06985147 29.70310834 28.94601911 26.64905581 20.48450582 20.04830474
 [79] 10.70869898  8.84655438  6.87502091  4.27276123  3.88247873 15.71212167
 [85] 14.65976557 13.25975185 14.62671092 19.58328085 18.90587232 18.43950787
 [91] 10.68681895  6.67364835  3.55510292  9.59310771  4.94026164 20.34096796
 [97] 16.44550192 15.43132779 14.60785688 20.66176787 20.08937993 17.57135231
[103] 15.74402667 15.41636930 13.84275020 12.20038872 11.52343864  8.05385080
[109]  7.40041566  6.89923146  6.64296156  6.26782645  6.05096610 31.31430081
[115] 27.94887769 21.02756240 20.08957435 15.07619413 14.00154862 12.74537765
[121] 26.04073185 25.52182907 21.96187213 20.99809381 13.70314518 14.86297690
[127] 14.70625350  7.54012975  6.89860024  2.46270405  6.44513125  1.10308069
[133]  3.57223515 12.82352022 13.18748958 11.82195727 11.00261082  8.50105211
[139]  1.52095437 14.41159058 12.47169278 12.26566162 17.61860015 13.76444057
[145]  3.75450500  4.87530686  4.72088529  1.91522091  1.20950744  0.83184407
[151] 12.82723271 10.31583973  9.31299224  9.06275219  8.90938323  5.15852568
[157]  4.78100075 19.75899547 18.10244358 13.43663934  9.74977507  9.85305491
[163]  6.90314668  6.22182401  4.52228230  4.09446528  3.57487437  4.21676982
[169]  0.53159221  4.40019567  3.58946779  3.34512676 23.05728644 19.71224378
[175] 19.87662925 18.37330027 18.36414189 14.59209881 13.52882932 11.83877807
[181] 11.09193004  9.73672857  6.02264807  5.89978304  5.76730449  3.03132829
[187]  9.99929892 23.66098780 18.16814664 17.18946772 14.14302770  0.30507549
[193]  6.39738957  5.01013728  4.15835387  4.03626381  3.68522084  3.51844100
[199]  3.55904821 10.58352154  8.78155770  5.73014638 12.05566026  0.09215148
[205]  4.77020234 11.46114322 10.53289786  5.46415903  5.33659752  0.90830162
[211]  3.88981746  5.79528125  5.43653520  4.17042731  3.07701570  0.74326570
[217]  3.99717626  3.48017092 16.35129387 16.13686004 14.82357939  9.72930382
[223]  9.40336275  8.85341574  4.41980293  2.57848927  2.47608504  2.09497270
[229]  3.67779280  3.11879031  2.22024536 20.18651355 19.41233419 16.45010821
[235] 16.43464771 15.60663540 12.32908309 15.37524827 14.32025728  6.95202266
[241]  6.16105264 14.89276111 12.04086020 15.04162789  7.03573607  5.31808039
[247]  4.25318993  3.04483777  5.75761738  5.05708181  3.13523358  2.47871597
[253] 21.44587925 15.98704625 17.18865845 16.61796307 16.01763717  5.11992723
[259]  3.81068994  0.34666302  3.07292513  7.73999439  4.35662969  2.94651493
[265]  1.76517036  5.56396777  5.44535714  4.29797737  1.84536698 10.11187931
[271]  6.07722078  0.90951620  0.78467606  5.39944299  5.01579011  1.31711624
[277]  4.94305983  4.33829578  4.05905558  3.69418453  1.82920882  3.44783355
[283]  2.61146528 13.75007467 14.14941398 12.45830123 12.27415614 11.95587800
[289]  7.73266388  5.26303356  3.67214589  6.67654153  4.35458195  3.96426740
[295]  3.75358207  3.92394480  1.10482638  2.52040730  2.30894694 19.37188659
[301] 16.29127911 12.56904990 15.99736563 14.35457407 11.85283985 14.77691296
[307] 14.63295354  8.02209414  6.30734565  6.00381673  1.09777556  1.97123707
[313]  1.33883237  0.16062861 10.84522889 10.20885478  3.69540634  0.97939016
[319]  3.43193494  2.51819122 12.74179067 12.05003036 11.14039801  2.79672481
[325]  1.42476677  7.00909119  1.75602138  4.28047139  2.79053593  0.03639793
[331]  0.11840844  4.48082516  4.28687375  3.17172179  3.24554775  0.43993129
[337]  0.66905259  3.13092569  2.51548761  1.59497142  1.23520718  0.59357640
[343] 12.81894502  5.62945095  4.45151892  4.10973239  3.85120162  3.34092162
[349]  3.17372479  1.59928023  0.40246881 11.79527574 11.52288797 14.34818632
[355] 13.17696285 11.83061091  6.14128392  3.25683089  3.16966293  1.85534432
[361]  2.98573665  1.18709073 12.06936660  0.65775984  0.13862056  3.93771841
[367]  3.43513910  0.02986402  2.02450199  3.18311711  1.31280984  1.20660367
[373]  0.61304343  0.89118478 11.11519232  5.35791942  4.31225612  1.49953318
[379]  2.91310965  0.05472505  0.03517313  0.97253286  3.40062698  2.25933465
[385]  1.00176919  3.27676585  0.79669572  0.53927635  0.77250865  4.34229938
[391]  2.98014518  2.72761818  0.73088193  1.72381758  2.61600895  0.47641521
[397]  1.29300064  0.66061406  0.23185372

$PAR
  [1]  NA   1   1   1   1   1   1   1   1   2   2   4   5   5   5   6   6   6
 [19]   6   6   6   6   7   8   8   9   9  10  10  11  12  12  14  14  15  16
 [37]  17  17  18  18  23  23  28  29  29  29  29  29  30  30  32  32  32  32
 [55]  32  32  32  34  36  38  38  39  39  40  41  43  43  43  43  43  44  44
 [73]  46  49  49  50  53  53  54  54  54  54  54  56  56  58  61  62  62  62
 [91]  64  64  64  65  65  67  67  67  67  68  68  68  68  68  69  69  69  69
[109]  69  69  69  69  69  72  72  72  72  72  72  72  73  76  76  76  77  78
[127]  78  80  80  80  81  81  82  86  87  87  87  87  87  89  89  89  90  90
[145]  92  95  95  95  95  95  97  99  99  99  99  99  99 100 100 104 104 106
[163] 109 109 109 109 109 111 111 112 113 113 115 115 117 117 117 117 117 117
[181] 117 117 117 117 117 117 120 121 124 124 127 130 131 131 131 131 131 131
[199] 133 137 140 141 144 145 146 151 151 152 152 152 153 155 155 155 156 156
[217] 157 157 159 159 159 161 162 162 164 164 166 166 168 172 172 173 173 173
[235] 173 174 174 175 175 175 175 176 176 177 182 182 183 183 184 184 185 185
[253] 188 188 189 189 189 193 195 195 198 201 201 201 201 202 202 202 205 206
[271] 207 207 211 212 212 212 213 213 213 213 213 214 215 219 221 221 221 221
[289] 223 223 223 224 224 224 224 225 225 226 229 232 232 233 235 235 235 236
[307] 236 239 239 239 239 241 241 241 243 243 247 248 249 251 254 257 257 258
[325] 258 262 266 267 268 272 273 274 274 274 275 275 277 278 279 282 282 283
[343] 284 289 289 293 293 295 295 296 299 300 302 303 307 307 309 310 310 312
[361] 317 319 321 325 325 333 333 341 346 347 347 347 348 350 352 357 357 359
[379] 361 361 361 362 366 366 366 367 367 371 372 376 376 383 385 390 391 391
[397] 392 394 398

$EXTANT
  [1] FALSE FALSE FALSE FALSE FALSE FALSE FALSE FALSE FALSE FALSE FALSE FALSE
 [13] FALSE FALSE FALSE FALSE FALSE FALSE FALSE FALSE FALSE FALSE FALSE FALSE
 [25] FALSE FALSE FALSE FALSE FALSE FALSE FALSE FALSE FALSE FALSE FALSE FALSE
 [37] FALSE FALSE FALSE FALSE FALSE FALSE FALSE FALSE FALSE FALSE FALSE FALSE
 [49] FALSE FALSE FALSE FALSE FALSE  TRUE FALSE FALSE FALSE FALSE FALSE FALSE
 [61] FALSE FALSE FALSE  TRUE FALSE FALSE FALSE FALSE FALSE FALSE FALSE FALSE
 [73] FALSE FALSE FALSE FALSE FALSE FALSE FALSE FALSE  TRUE  TRUE  TRUE FALSE
 [85] FALSE FALSE  TRUE FALSE FALSE FALSE FALSE FALSE  TRUE FALSE  TRUE FALSE
 [97] FALSE FALSE FALSE FALSE FALSE FALSE FALSE FALSE FALSE FALSE FALSE FALSE
[109]  TRUE FALSE  TRUE FALSE  TRUE FALSE FALSE FALSE  TRUE FALSE FALSE FALSE
[121] FALSE FALSE FALSE FALSE FALSE FALSE FALSE FALSE  TRUE  TRUE FALSE  TRUE
[133] FALSE FALSE FALSE FALSE FALSE FALSE  TRUE FALSE FALSE FALSE FALSE FALSE
[145]  TRUE FALSE FALSE  TRUE  TRUE FALSE FALSE  TRUE  TRUE FALSE  TRUE  TRUE
[157] FALSE FALSE FALSE FALSE FALSE FALSE  TRUE  TRUE  TRUE  TRUE  TRUE FALSE
[169]  TRUE FALSE  TRUE FALSE FALSE FALSE FALSE FALSE FALSE FALSE FALSE FALSE
[181] FALSE  TRUE FALSE FALSE  TRUE  TRUE FALSE FALSE FALSE FALSE FALSE  TRUE
[193] FALSE FALSE  TRUE FALSE  TRUE FALSE  TRUE FALSE  TRUE  TRUE FALSE  TRUE
[205] FALSE FALSE  TRUE FALSE  TRUE  TRUE FALSE  TRUE  TRUE  TRUE  TRUE  TRUE
[217]  TRUE  TRUE FALSE FALSE FALSE FALSE  TRUE  TRUE  TRUE FALSE  TRUE  TRUE
[229]  TRUE FALSE  TRUE FALSE FALSE FALSE FALSE FALSE FALSE FALSE FALSE  TRUE
[241]  TRUE FALSE FALSE FALSE FALSE FALSE  TRUE  TRUE  TRUE FALSE  TRUE  TRUE
[253] FALSE FALSE FALSE FALSE FALSE  TRUE  TRUE  TRUE  TRUE FALSE FALSE FALSE
[265]  TRUE  TRUE FALSE  TRUE  TRUE FALSE  TRUE  TRUE  TRUE  TRUE  TRUE  TRUE
[277] FALSE  TRUE  TRUE  TRUE  TRUE  TRUE  TRUE FALSE FALSE FALSE FALSE FALSE
[289] FALSE FALSE  TRUE FALSE  TRUE  TRUE FALSE  TRUE  TRUE  TRUE  TRUE FALSE
[301] FALSE FALSE FALSE FALSE FALSE FALSE FALSE FALSE FALSE FALSE  TRUE  TRUE
[313]  TRUE  TRUE FALSE FALSE  TRUE  TRUE  TRUE  TRUE FALSE FALSE FALSE  TRUE
[325] FALSE FALSE  TRUE  TRUE  TRUE  TRUE  TRUE FALSE  TRUE FALSE FALSE  TRUE
[337] FALSE  TRUE  TRUE  TRUE  TRUE  TRUE FALSE FALSE FALSE  TRUE  TRUE  TRUE
[349]  TRUE  TRUE  TRUE FALSE FALSE FALSE FALSE FALSE  TRUE  TRUE FALSE  TRUE
[361]  TRUE  TRUE FALSE  TRUE  TRUE FALSE  TRUE  TRUE  TRUE  TRUE FALSE  TRUE
[373]  TRUE  TRUE FALSE FALSE  TRUE FALSE  TRUE  TRUE  TRUE  TRUE  TRUE FALSE
[385]  TRUE  TRUE FALSE  TRUE  TRUE  TRUE  TRUE  TRUE  TRUE  TRUE  TRUE  TRUE
[397]  TRUE  TRUE  TRUE

