
Birth-death simulation object with 93 species and 16 extant species

Details for some species:

Extinction times (NA means extant)
[1] 37.44287 37.06721 33.04946 22.83634       NA 17.84580


Speciation times 
[1] 46.31901 38.76980 38.44286 34.67368 33.08113 32.59426


Species parents (NA for initial)
[1] NA  1  1  3  4  4


Species status (extinct or extant)
[1] "extinct" "extinct" "extinct" "extinct" "extant"  "extinct"


For more details on vector y, try sim$y, with y one of
TE TS PAR EXTANT



$TE
 [1] 37.44287393 37.06720948 33.04945682 22.83634234          NA 17.84580123
 [7] 28.85699021 10.51578067 20.62872324 21.74688415 12.39495407 12.69467356
[13]  5.58246744          NA 29.56378711 11.17058721 13.56141434 11.32624612
[19] 10.41323646 18.97161741 12.17492444 11.44657020 21.30873686 11.61797944
[25]  9.06162141 12.24112243  9.67120487 11.73841843 14.55899155  3.61115485
[31] 13.42479655 11.81887476 27.31999039 18.63022520 19.30756583 12.38147904
[37] 12.38328622 14.04160673 12.46676366 13.18038335 10.10829012  7.95893838
[43] 10.42030727 12.12647451 22.34393511 11.78840273  9.78363450  9.47861823
[49] 17.46738566 12.01279846 12.42341814          NA  3.83583762 11.11043564
[55] 12.34843465 17.36098843 11.96428762 10.87102788 10.81448003 13.41884760
[61]  1.99308302          NA          NA 11.75007591 10.71023056          NA
[67]  0.03570331 12.43169425 12.44959852 15.68316604 12.30678512  9.48236948
[73] 14.21195267          NA          NA          NA  9.56737053  8.36638781
[79]  9.29555239  7.95639782  8.99892396 10.97449992          NA  1.76914434
[85]          NA          NA 10.99034056 10.74943189          NA          NA
[91] 10.06858157          NA          NA

$TS
 [1] 46.3190111 38.7697975 38.4428592 34.6736826 33.0811261 32.5942638
 [7] 30.2673670 23.8774461 21.9618634 21.9511083 17.2368614 16.1227504
[13]  8.4362575  0.9717202 31.9237134 28.2351379 27.2354681 20.7723182
[19] 18.7658512 30.1122927 14.2977871 12.5420277 21.5009200 19.7391349
[25] 14.9476966 14.1879892 24.4162202 19.3817527 16.4699839 13.2686565
[31] 16.9017800 13.4140315 28.0551681 27.9112513 27.7361912 12.7525057
[37] 12.4008082 18.9050814 18.7351531 13.9352601 12.2124128 13.7737800
[43] 12.5770135 12.4759854 23.9447355 13.7357828 12.3576509 11.3553513
[49] 19.1919749 18.9672229 12.7059462  5.0982635 15.3278653 12.9973685
[55] 25.5274895 21.6810634 12.3869943 11.9968748 18.1576760 17.5401738
[61]  4.8973943  4.1696444  3.0476878 14.1456638 12.1166772  6.2239558
[67]  4.2743441 19.4887942 16.5794570 16.1847054 18.2036722 11.9727468
[73] 18.1502404  4.6330804  1.5957627  0.2909201 13.3286618 12.7995258
[79] 13.8546712 13.8917322 12.5959944 11.5516842  3.9016841  2.9513086
[85]  1.7345090  1.1204607 12.2112470 12.7968546  1.9644209  2.6015064
[91] 12.7544179  0.8660535  1.0379618

$PAR
 [1] NA  1  1  3  4  4  5  5  5  5  5  5  5  5  6  6  6  6  6  7 11 11 16 16 16
[26] 16 17 18 18 18 19 19 20 20 20 21 21 24 24 24 25 26 26 26 27 27 27 27 28 28
[51] 28 30 31 32 34 34 36 46 49 50 52 52 52 53 53 53 53 55 55 55 56 58 59 66 66
[76] 66 68 68 69 71 71 72 74 74 74 75 79 80 83 84 88 89 90

$EXTANT
 [1] FALSE FALSE FALSE FALSE  TRUE FALSE FALSE FALSE FALSE FALSE FALSE FALSE
[13] FALSE  TRUE FALSE FALSE FALSE FALSE FALSE FALSE FALSE FALSE FALSE FALSE
[25] FALSE FALSE FALSE FALSE FALSE FALSE FALSE FALSE FALSE FALSE FALSE FALSE
[37] FALSE FALSE FALSE FALSE FALSE FALSE FALSE FALSE FALSE FALSE FALSE FALSE
[49] FALSE FALSE FALSE  TRUE FALSE FALSE FALSE FALSE FALSE FALSE FALSE FALSE
[61] FALSE  TRUE  TRUE FALSE FALSE  TRUE FALSE FALSE FALSE FALSE FALSE FALSE
[73] FALSE  TRUE  TRUE  TRUE FALSE FALSE FALSE FALSE FALSE FALSE  TRUE FALSE
[85]  TRUE  TRUE FALSE FALSE  TRUE  TRUE FALSE  TRUE  TRUE

