
Birth-death simulation object with 185 species and 39 extant species

Details for some species:

Extinction times (NA means extant)
[1] 46.03996 36.80550 43.42611 33.27214 26.23331 23.83407


Speciation times 
[1] 46.31901 46.29566 44.24401 36.94524 43.83144 34.39692


Species parents (NA for initial)
[1] NA  1  2  2  3  4


Species status (extinct or extant)
[1] "extinct" "extinct" "extinct" "extinct" "extinct" "extinct"


For more details on vector y, try sim$y, with y one of
TE TS PAR EXTANT



$TE
  [1] 46.0399645 36.8055027 43.4261139 33.2721355 26.2333070 23.8340704
  [7] 29.9828682 30.4484400  9.9197742 27.2883138 27.4352341 11.2927390
 [13] 19.4767792 17.6646114 31.0115051 22.3211499 15.7045283 39.1853262
 [19] 23.9697530 15.4237049 11.7952847 15.1883185 14.4863528 12.0211199
 [25] 23.8799602 10.8035481 22.2711457 11.0900937 13.8640602 25.4288986
 [31] 12.2603415 19.2911907 19.4160974  9.2690747 24.6894948 21.4017739
 [37] 11.8228286 19.3081072 17.2673992 12.3527224         NA 12.4017994
 [43]  9.9724096 16.0845192 18.4753272 11.8315658 11.1064853 11.3558811
 [49] 22.8912807 15.1715334 10.7970136 13.1556183 11.4643763  9.6095136
 [55] 13.0736241 15.3400472 16.3812973 16.0598522 14.6860674 17.9023388
 [61] 13.9323035 10.5839882         NA  6.4830314  2.9123409  1.9167438
 [67]         NA         NA 17.6599595 11.5758873 14.0207539  9.1431634
 [73] 11.2230583 11.4702364 12.0878708 13.7060294  9.5674733 11.0267794
 [79] 14.1052322  9.5053179 13.2527427 13.7966307 11.8352882         NA
 [85]         NA         NA  2.5244473         NA         NA         NA
 [91]         NA         NA 11.2556613 13.0665484 11.4039283 12.2341502
 [97] 10.4789918 10.1458186         NA  9.5359012  8.9737458  9.9937221
[103] 10.4376318 10.9510998 11.4592367 12.3738978 16.1102347 12.0231366
[109]  9.6029928 10.9324530 10.3678349 12.0612157 10.5088420 11.1529186
[115]         NA         NA         NA         NA 14.3895720 15.0243768
[121] 12.4475062 12.3851585  8.1209565  7.7134190 10.1605745  4.5575128
[127]  3.7642085  5.4845551  4.6432445  9.4404700 14.4845756         NA
[133] 11.1924547 11.9086406 12.4408045  8.4198362 11.8966163 13.6353764
[139] 10.6790574 11.0861080 12.4333929 10.5242398  7.8396804 11.3159025
[145] 14.4155802 11.9492639  9.4295876         NA         NA         NA
[151] 12.1271789 11.0898060  8.6416689         NA  4.8890258  3.1446404
[157]  2.7219088 16.3429517  8.8842184 10.4319379 12.1335044 10.1347397
[163] 11.7873406 11.6440935  0.5635257         NA         NA         NA
[169]         NA 12.3507727         NA         NA         NA         NA
[175]         NA         NA         NA         NA         NA  1.1691391
[181]         NA         NA  2.0405964         NA         NA

$TS
  [1] 46.31901109 46.29566499 44.24401168 36.94523869 43.83144482 34.39692424
  [7] 33.46512813 41.88508963 35.89952413 31.43285835 30.41710943 28.12389336
 [13] 27.60975691 26.32466617 32.46090361 27.71364619 27.00779449 40.28095507
 [19] 27.59874741 22.16537517 22.00270609 17.49984565 14.57901426 14.54587873
 [25] 24.12936857 23.53196451 23.43317292 23.41216183 20.78200588 25.93423062
 [31] 20.76492975 26.70826967 19.66624304 18.58568536 25.26403994 24.71734765
 [37] 21.09000137 20.34860527 17.29798717 14.60416840 13.77629915 21.24956608
 [43] 20.01920692 19.85442924 19.12624501 16.73946663 15.80020202 14.56157963
 [49] 23.28155950 16.66638532 16.43174337 14.17673166 12.26970768 11.52917173
 [55] 19.85662067 22.41982227 24.23506248 21.82975430 18.50114366 20.07951804
 [61] 19.59534511 11.39262349  7.06415764  6.53822344  5.74290839  4.47901837
 [67]  3.66875582  1.18821252 20.52887845 11.59376857 18.56732525 12.47954311
 [73] 12.03236599 15.57901602 13.87068630 16.65438652 16.17595134 22.72279485
 [79] 19.02989939 17.83665288 14.80661296 18.22496030 17.97988859  4.03597915
 [85]  0.95752325  4.41603170  3.49447145  2.77616854  1.06233636  0.82473371
 [91]  0.67857568  0.67927176 18.29155293 17.38479069 17.10821128 16.14766954
 [97] 11.82389092 11.26978519  9.40171357 10.63303822 10.36083596 10.02471910
[103] 18.34049242 17.67121603 15.09160191 13.04520127 17.33820401 15.37164715
[109] 10.26747288 17.08518584 16.31985341 14.30366274 13.02878150 12.48405692
[115]  3.39765960  2.52629957  0.22593232  0.28169233 17.68086234 16.29390861
[121] 16.85615365 16.04195877 12.32267225 11.15387713 10.33352924  6.87665056
[127]  6.36847857  6.11054806 13.97151064 13.52776012 14.88368838 12.77452392
[133] 12.68530522 14.70501503 13.41230689 16.79780535 15.62125837 14.71015469
[139] 11.90746649 12.42287477 15.59188435 15.32487737 13.68513574 12.54055705
[145] 15.45680879 14.15614325  9.77973668  6.55450102  6.16045998  5.25587923
[151] 13.51186058 11.77474500 11.45621663  8.47289607  6.92731782  6.35900083
[157]  2.90076782 16.50273554 10.77539605 14.26058582 14.08318834 12.07379366
[163] 11.95478065 12.74103876  2.88011069  0.09127914  3.37108078  2.58217716
[169]  0.31715797 12.38800045  5.83166060  4.42274962  1.69864591  0.84783631
[175]  6.19288137  3.46449225  1.93839642  2.88874652  0.25176528  1.23540145
[181]  5.35762629  0.69752977  2.49392602  1.89085159  0.52142977

$PAR
  [1]  NA   1   2   2   3   4   4   5   5   5   5   5   5   5   6   6   6   8
 [19]   9   9   9   9   9  12  13  13  13  13  13  14  14  16  17  17  19  19
 [37]  21  21  21  21  24  26  26  26  26  26  26  26  28  28  28  28  28  28
 [55]  29  32  36  36  37  38  38  41  41  41  41  41  41  41  42  43  45  46
 [73]  46  50  51  55  55  57  57  59  59  60  61  63  63  65  65  67  67  67
 [91]  67  68  71  71  71  71  72  72  72  77  77  77  78  78  78  78  79  80
[109]  80  82  82  83  83  83  84  87  90  91  93  93  94  94  95  98  98  99
[127]  99  99 103 104 105 106 106 108 108 110 110 110 113 114 119 121 121 121
[145] 122 122 124 126 126 126 129 129 129 129 132 132 132 136 136 137 137 142
[163] 142 143 148 148 149 149 150 151 154 154 154 154 155 156 165 167 167 171
[181] 175 176 178 178 181

$EXTANT
  [1] FALSE FALSE FALSE FALSE FALSE FALSE FALSE FALSE FALSE FALSE FALSE FALSE
 [13] FALSE FALSE FALSE FALSE FALSE FALSE FALSE FALSE FALSE FALSE FALSE FALSE
 [25] FALSE FALSE FALSE FALSE FALSE FALSE FALSE FALSE FALSE FALSE FALSE FALSE
 [37] FALSE FALSE FALSE FALSE  TRUE FALSE FALSE FALSE FALSE FALSE FALSE FALSE
 [49] FALSE FALSE FALSE FALSE FALSE FALSE FALSE FALSE FALSE FALSE FALSE FALSE
 [61] FALSE FALSE  TRUE FALSE FALSE FALSE  TRUE  TRUE FALSE FALSE FALSE FALSE
 [73] FALSE FALSE FALSE FALSE FALSE FALSE FALSE FALSE FALSE FALSE FALSE  TRUE
 [85]  TRUE  TRUE FALSE  TRUE  TRUE  TRUE  TRUE  TRUE FALSE FALSE FALSE FALSE
 [97] FALSE FALSE  TRUE FALSE FALSE FALSE FALSE FALSE FALSE FALSE FALSE FALSE
[109] FALSE FALSE FALSE FALSE FALSE FALSE  TRUE  TRUE  TRUE  TRUE FALSE FALSE
[121] FALSE FALSE FALSE FALSE FALSE FALSE FALSE FALSE FALSE FALSE FALSE  TRUE
[133] FALSE FALSE FALSE FALSE FALSE FALSE FALSE FALSE FALSE FALSE FALSE FALSE
[145] FALSE FALSE FALSE  TRUE  TRUE  TRUE FALSE FALSE FALSE  TRUE FALSE FALSE
[157] FALSE FALSE FALSE FALSE FALSE FALSE FALSE FALSE FALSE  TRUE  TRUE  TRUE
[169]  TRUE FALSE  TRUE  TRUE  TRUE  TRUE  TRUE  TRUE  TRUE  TRUE  TRUE FALSE
[181]  TRUE  TRUE FALSE  TRUE  TRUE

