
Birth-death simulation object with 95 species and 15 extant species

Details for some species:

Extinction times (NA means extant)
[1] 44.37386 44.38944 38.23891 17.30697 37.67376 31.60212


Speciation times 
[1] 46.31901 45.70924 44.78730 41.55700 40.32786 40.03161


Species parents (NA for initial)
[1] NA  1  2  3  3  4


Species status (extinct or extant)
[1] "extinct" "extinct" "extinct" "extinct" "extinct" "extinct"


For more details on vector y, try sim$y, with y one of
TE TS PAR EXTANT



$TE
 [1] 44.3738592 44.3894435 38.2389060 17.3069700 37.6737630 31.6021245
 [7] 30.9893210 11.5087821 28.3421115 18.7165626 31.0117913 34.9757285
[13] 31.6153732 11.7437286 17.7663188 33.6128869 21.2883240 26.9420619
[19] 22.8903819 21.9599859 14.0851943 18.3973518 29.9305612 23.4360984
[25] 25.6046858 13.9534996 19.8051697 10.1041724 18.0993232 19.6047272
[31] 12.0458632 12.7879373  9.5019441 10.6165269  1.9861936 11.8232480
[37]  9.4641073  4.9879078 15.7306347 11.0732858 16.3828971 12.1016285
[43] 14.7299692 15.6417551 12.1174229  9.0224723  7.9906442         NA
[49] 12.0758954         NA  8.7602027 15.3421334 11.4888123 11.7704386
[55] 15.9730792 10.9944554 16.8244892 10.9319213 12.1710631  8.8865153
[61]         NA         NA  0.1471311         NA 12.6174954 11.0534809
[67] 14.5234104 12.4235713  8.8576351 11.4515238 11.3539280 11.0040895
[73]  7.8870605  1.8917875         NA         NA         NA  4.8121500
[79] 10.2065623 15.6475769 11.6730656 11.2606633  9.2764783         NA
[85]         NA  7.1541643 10.6902093         NA  4.3983686         NA
[91]  8.6056264  2.7189227         NA         NA         NA

$TS
 [1] 46.31901109 45.70924312 44.78729818 41.55700372 40.32786484 40.03161500
 [7] 34.56930856 34.04730305 31.47418745 18.78675180 38.36643070 37.26797554
[13] 33.20706635 33.55360706 32.42360592 33.92047940 32.63904749 32.55882589
[19] 23.97895576 31.07425873 23.23784210 19.82053354 31.42708645 31.11725378
[25] 28.33244076 28.32280070 22.02881416 15.35893239 28.07654414 27.50787872
[31] 17.26786418 14.24034914 20.48136260 20.75149326 19.94694381 16.43530744
[37] 14.06214589 14.01913383 20.29653873 19.40881254 17.96308483 13.44637693
[43] 17.27434353 16.37513330 12.19986836 11.92101302 12.32637229  5.74905223
[49] 13.80720290 11.21144817 10.36718690 19.60475754 18.98512513 18.11936812
[55] 17.98894071 12.37557481 17.07994429 15.89929871 14.78156686 10.08689364
[61]  4.35212091  4.79254024  2.17151612  0.43397503 19.12735589 18.62139837
[67] 16.51077891 14.17589912 12.95303726 11.50815357 14.15965664 13.89094039
[73]  9.22647261  4.50564106  4.28757597  1.98799506  0.01747807 17.44548061
[79] 15.98574084 17.79439901 12.80872454 11.69570008 10.32450606  8.79944107
[85]  7.22378736 12.57462166 12.03584654  5.46205075  4.63776278  0.90962320
[91]  9.18675276  4.13686815  0.40387862  3.95344229  3.24771809

$PAR
 [1] NA  1  2  3  3  4  4  4  4  4  6  6  6  7  7 11 14 14 14 15 15 15 17 17 17
[26] 17 20 21 24 25 26 26 29 30 30 31 32 32 33 33 33 33 34 34 34 34 35 35 38 38
[51] 38 39 39 39 40 40 41 43 43 47 48 50 50 50 52 52 52 53 53 53 58 59 60 62 62
[76] 62 64 65 65 66 66 69 69 73 78 79 79 84 84 85 86 88 90 92 94

$EXTANT
 [1] FALSE FALSE FALSE FALSE FALSE FALSE FALSE FALSE FALSE FALSE FALSE FALSE
[13] FALSE FALSE FALSE FALSE FALSE FALSE FALSE FALSE FALSE FALSE FALSE FALSE
[25] FALSE FALSE FALSE FALSE FALSE FALSE FALSE FALSE FALSE FALSE FALSE FALSE
[37] FALSE FALSE FALSE FALSE FALSE FALSE FALSE FALSE FALSE FALSE FALSE  TRUE
[49] FALSE  TRUE FALSE FALSE FALSE FALSE FALSE FALSE FALSE FALSE FALSE FALSE
[61]  TRUE  TRUE FALSE  TRUE FALSE FALSE FALSE FALSE FALSE FALSE FALSE FALSE
[73] FALSE FALSE  TRUE  TRUE  TRUE FALSE FALSE FALSE FALSE FALSE FALSE  TRUE
[85]  TRUE FALSE FALSE  TRUE FALSE  TRUE FALSE FALSE  TRUE  TRUE  TRUE

