
Birth-death simulation object with 226 species and 59 extant species

Details for some species:

Extinction times (NA means extant)
[1] 27.80329 29.30338 34.17151 36.93686 32.81722 36.64092


Speciation times 
[1] 46.31901 43.54564 43.44338 42.33630 40.14151 39.31711


Species parents (NA for initial)
[1] NA  1  1  1  1  1


Species status (extinct or extant)
[1] "extinct" "extinct" "extinct" "extinct" "extinct" "extinct"


For more details on vector y, try sim$y, with y one of
TE TS PAR EXTANT



$TE
  [1] 27.8032915 29.3033795 34.1715108 36.9368587 32.8172197 36.6409219
  [7] 14.3438521 39.2166316 26.3908484 37.6696588 24.9881046 39.5471505
 [13] 37.7782413 37.0385022 21.3633044 37.8454487 36.1258628 29.7833792
 [19] 14.1084641 40.8028306 20.0205166 21.0622410 35.8117952 28.4094172
 [25] 25.3302341 34.8296321 30.3130586 35.2171873 24.9219266 18.5785478
 [31] 31.7084404 11.3519312 40.4829205 17.7184300 35.4631912 37.8341551
 [37] 24.3425942 16.6098834 22.8974644 26.4935745 19.7602745 21.9254738
 [43] 11.8237936 11.9642496 34.4278076 35.0654618 16.6145913  8.7452254
 [49] 10.9705643 16.3593505 19.7349814 21.0904622 10.7072456 12.1082877
 [55]  9.7555662 19.7122442 10.7026573  6.5384453  8.6331782 15.3172393
 [61] 15.1613237 16.6542708 11.0787271 18.1545340 12.2470532 16.5850404
 [67] 14.8097084 19.2644958 12.5367067 11.6001527 11.7204155 11.0349455
 [73] 11.7304078 14.0784206  7.8475411  9.4562868         NA 13.2137846
 [79] 14.7696797 14.7479992 14.2707457 12.0532851 14.7475413 18.6476975
 [85]  9.5799447  9.8363284 10.2078241 16.0681351 18.4787099 17.0005104
 [91] 12.9903306 13.1103253  6.6340635 16.5993812 15.6876016  9.5626718
 [97] 12.2346437 12.8946094         NA 12.2791505 12.3390316         NA
[103]         NA         NA  9.2965309 13.4255757 10.6998767  9.8559966
[109]  8.9482583  1.7961407 11.0629437  9.2741550 10.6880182  7.8300969
[115] 11.6623669 10.7235822  8.6763569  9.9845357 11.0010512 12.0735097
[121]  8.3979718 12.2726834 10.4138060 13.1778426 10.6626539  9.1921777
[127] 10.9944806         NA  1.7134457         NA         NA         NA
[133] 10.1317768 11.4529424  8.0113103  1.3974743         NA  2.8853377
[139]         NA  9.7866163 15.2276081  9.1407699  0.5090432         NA
[145]         NA  9.0769599  7.5719123 17.3912292  9.8906829 17.5821759
[151]  9.2721686 12.2690202  2.0541935 12.0361846  8.9047818  2.1736745
[157]  5.8435796         NA         NA  2.5104877         NA         NA
[163]         NA         NA         NA         NA 11.2111459  9.2816466
[169]         NA         NA 12.1241245 11.9420029         NA         NA
[175]         NA         NA         NA         NA  7.6212324  8.5065679
[181]  9.9098445         NA  9.7617514  4.5770339  3.0607281  0.2835579
[187]         NA         NA         NA         NA         NA         NA
[193]         NA 11.3416512  7.4806714  4.5945127         NA         NA
[199]         NA  1.2444220  2.4747108         NA  7.9315859         NA
[205] 11.8903584  5.4190937  1.7069182         NA         NA  0.6797233
[211]         NA         NA         NA         NA         NA         NA
[217]         NA         NA         NA         NA         NA  1.5036781
[223]         NA         NA         NA         NA

$TS
  [1] 46.31901109 43.54564242 43.44338429 42.33629688 40.14150563 39.31711313
  [7] 43.50100069 40.71807891 39.92510003 38.99439068 33.24315448 42.63067711
 [13] 41.26594957 37.03989527 41.45586569 40.11771810 40.02158488 35.19909413
 [19] 32.92247927 41.93754148 24.20976638 23.81777303 39.29382359 33.23483325
 [25] 29.62244670 38.10100286 41.31879848 35.93854673 39.21123754 30.06801277
 [31] 32.72986765 19.70584804 41.73258327 23.41828689 38.80294944 38.40495408
 [37] 28.34561680 28.05306007 27.74889564 32.80809251 29.57977634 25.25398373
 [43] 23.52111037 12.85720822 37.69224307 35.59051279 25.78269577 25.90349777
 [49] 21.96916896 18.12018753 27.60139033 23.77664739 24.72488624 16.84114307
 [55] 12.28746289 22.04537036 15.35527487 20.87919524 20.52817570 16.67426724
 [61] 15.18463345 23.04840090 22.55167743 21.59871626 20.83097876 22.35359611
 [67] 21.44746438 19.31009708 13.74445030 13.73715497 13.13160729 12.56459984
 [73] 20.22730054 18.59556098 15.36914482 11.08179385  8.66624066 21.05574807
 [79] 18.89983253 17.39724787 14.93275039 12.17600595 18.58540084 18.76340916
 [85] 16.77670824 13.53368587 21.26261053 21.15871537 20.90596998 19.17530608
 [91] 15.93404456 13.30670249 12.25455774 19.97748200 15.93652840 11.76714609
 [97] 17.06728131 17.01831524 14.45612340 14.43877810 14.29112362  5.78850079
[103]  4.24988705  3.23750368 13.52053992 17.33983390 16.16424417 14.64986353
[109] 10.13169306  9.73223121 12.05155023 11.76740259 10.96006351 10.06529328
[115] 13.57046349 11.32300526 10.81249395 10.30302108 19.92367670 19.45090168
[121] 18.89944809 18.02450640 11.63174907 14.36355930 14.17273118 13.25361488
[127] 11.53480121  7.64987850  6.74803453  3.69402374  3.33889899  3.30586381
[133] 13.64826213 13.41153892 13.11063668  3.12471854  2.96229446  4.11399424
[139]  0.28761134 14.00105931 15.33994524  9.19813290  7.20711215  2.94691239
[145]  1.91527674  9.54370826  9.71707864 19.74080424 16.32860757 18.76409980
[151] 16.06930530 14.83629305 14.29061234 12.50349772 12.08586185  7.33332142
[157]  7.20943195  4.44272348  4.39532216  2.66631126  2.48870626  0.13369642
[163]  2.92376961  2.53830891  1.36620926  0.46629559 12.65800175 11.07366375
[169]  8.03929336  2.80682997 13.91396437 12.46030053  5.02966108  3.84812994
[175]  0.85420385  0.79000448  0.53434029  0.10069590  9.40682114 10.11775854
[181]  9.97421389  9.75281331 14.73281343  4.69103937  3.74342650  2.90895676
[187]  2.25145999  1.95964216  0.14889453  3.29331440  0.01407692  0.94575233
[193]  0.53047121 11.38071081  7.59830282  6.95293154  5.10240545  2.48667359
[199]  4.41809434  3.83016537  2.54168676  0.44839277  9.48698205  6.51357072
[205] 13.68391984  6.43039956  4.18350879  3.76719417  1.25587634  2.95913993
[211]  0.78858885  2.17268912  3.97262596  3.66026898  2.81756865  0.74771730
[217]  0.92777010  2.32861653  1.83786957  2.93946555  1.76280841  1.75381662
[223]  0.96355460  0.53115806  1.00962924  0.38176166

$PAR
  [1]  NA   1   1   1   1   1   2   2   2   2   2   3   3   3   4   4   4   5
 [19]   5   7   7   7   9   9  11  13  15  15  16  18  19  19  20  22  23  23
 [37]  25  25  25  29  29  29  30  32  35  35  37  38  38  38  39  39  42  43
 [55]  43  47  48  49  49  49  49  51  51  51  51  53  53  53  57  57  57  57
 [73]  58  58  58  59  59  63  63  63  63  63  64  65  65  65  66  66  66  66
 [91]  67  70  70  73  73  73  74  74  74  75  75  77  77  77  78  80  80  81
[109]  85  85  86  86  86  86  91  93  93  93  94  94  94  94  96  98  98  99
[127]  99  99  99  99  99  99 100 101 101 102 102 103 104 106 107 109 110 110
[145] 110 112 114 119 119 120 120 120 122 126 126 128 128 129 129 130 130 131
[163] 132 132 132 132 135 135 135 137 140 140 143 143 143 143 145 145 146 149
[181] 149 151 152 153 156 156 158 158 158 159 162 164 165 167 169 169 169 169
[199] 173 173 173 177 180 182 183 196 197 197 198 199 199 204 207 207 207 208
[217] 209 210 212 213 213 213 214 214 215 219

$EXTANT
  [1] FALSE FALSE FALSE FALSE FALSE FALSE FALSE FALSE FALSE FALSE FALSE FALSE
 [13] FALSE FALSE FALSE FALSE FALSE FALSE FALSE FALSE FALSE FALSE FALSE FALSE
 [25] FALSE FALSE FALSE FALSE FALSE FALSE FALSE FALSE FALSE FALSE FALSE FALSE
 [37] FALSE FALSE FALSE FALSE FALSE FALSE FALSE FALSE FALSE FALSE FALSE FALSE
 [49] FALSE FALSE FALSE FALSE FALSE FALSE FALSE FALSE FALSE FALSE FALSE FALSE
 [61] FALSE FALSE FALSE FALSE FALSE FALSE FALSE FALSE FALSE FALSE FALSE FALSE
 [73] FALSE FALSE FALSE FALSE  TRUE FALSE FALSE FALSE FALSE FALSE FALSE FALSE
 [85] FALSE FALSE FALSE FALSE FALSE FALSE FALSE FALSE FALSE FALSE FALSE FALSE
 [97] FALSE FALSE  TRUE FALSE FALSE  TRUE  TRUE  TRUE FALSE FALSE FALSE FALSE
[109] FALSE FALSE FALSE FALSE FALSE FALSE FALSE FALSE FALSE FALSE FALSE FALSE
[121] FALSE FALSE FALSE FALSE FALSE FALSE FALSE  TRUE FALSE  TRUE  TRUE  TRUE
[133] FALSE FALSE FALSE FALSE  TRUE FALSE  TRUE FALSE FALSE FALSE FALSE  TRUE
[145]  TRUE FALSE FALSE FALSE FALSE FALSE FALSE FALSE FALSE FALSE FALSE FALSE
[157] FALSE  TRUE  TRUE FALSE  TRUE  TRUE  TRUE  TRUE  TRUE  TRUE FALSE FALSE
[169]  TRUE  TRUE FALSE FALSE  TRUE  TRUE  TRUE  TRUE  TRUE  TRUE FALSE FALSE
[181] FALSE  TRUE FALSE FALSE FALSE FALSE  TRUE  TRUE  TRUE  TRUE  TRUE  TRUE
[193]  TRUE FALSE FALSE FALSE  TRUE  TRUE  TRUE FALSE FALSE  TRUE FALSE  TRUE
[205] FALSE FALSE FALSE  TRUE  TRUE FALSE  TRUE  TRUE  TRUE  TRUE  TRUE  TRUE
[217]  TRUE  TRUE  TRUE  TRUE  TRUE FALSE  TRUE  TRUE  TRUE  TRUE

