
Birth-death simulation object with 273 species and 69 extant species

Details for some species:

Extinction times (NA means extant)
[1] 17.26562 37.90005 41.32476 38.59423 33.83952 18.30850


Speciation times 
[1] 46.31901 43.95118 42.78282 41.92755 35.93616 28.06685


Species parents (NA for initial)
[1] NA  1  1  1  1  1


Species status (extinct or extant)
[1] "extinct" "extinct" "extinct" "extinct" "extinct" "extinct"


For more details on vector y, try sim$y, with y one of
TE TS PAR EXTANT



$TE
  [1] 17.26561667 37.90004854 41.32475941 38.59423237 33.83952253 18.30849580
  [7] 22.86430053 18.25201460 12.32716166 13.21238130 13.92914132 12.16548766
 [13] 31.46203156 27.59201094 26.82346024 21.87047261 22.56953678 20.36162720
 [19] 16.50459608  8.74150458 13.07536029 22.37024297  9.38461835 17.28538091
 [25] 12.32798939 12.27707404 10.33122303 10.73543393 12.36551897 17.32118913
 [31] 16.36902128 13.07899321  9.11422143 13.06953060  4.91608466 28.97707147
 [37] 15.71478628 11.11726626 19.34713064  9.42420160 10.78863221 11.53335673
 [43] 10.33912609 14.86961039 12.33966821 11.01142678  8.76603967  8.70403261
 [49]          NA 13.20390633 11.55359574 11.48865636 13.67110132  8.63770815
 [55]  9.15069634 10.93991729 18.93422602 15.62161055 13.49494595 12.32603189
 [61] 10.33111212  9.29887347 11.11431749  9.35400772 11.19520624          NA
 [67]          NA          NA 28.96568736 14.79813071 17.29143885  9.80181126
 [73] 10.76107772 10.91917575 17.90974514 13.36495781  4.41749026 11.90512206
 [79] 17.66070260          NA 10.29646202 10.70978942 13.12304775 12.26959542
 [85]  8.45128460  9.85559368          NA  2.58905220          NA          NA
 [91]          NA          NA  3.00313598 16.99709175  8.40948177 17.67048978
 [97] 17.02066831  7.75818981 16.21912434 10.96770050 11.52185958  9.58226616
[103]  5.24101525 12.32783939 11.18493072  7.95637173          NA  0.50940955
[109]  5.16663866  2.06549179          NA 26.94359460 11.83022167 11.15470573
[115] 12.36151285  8.82878846 15.50561467 16.33336589  5.48860708 11.64971002
[121]  6.70546391          NA 11.25241546 10.03000352  7.61018669          NA
[127] 11.61409491 12.37608800 10.57513306 11.02019198  5.80528422  2.87092910
[133]  5.28595673          NA  3.32639802          NA  0.19367452          NA
[139]          NA          NA 13.69903416 11.78579630  8.54624945  9.70514565
[145] 18.00287979 13.36737868          NA  9.66164378  8.56877192  9.46524631
[151]  7.58717248  6.68660732          NA          NA          NA 15.63556463
[157] 13.23595139 14.50644953 11.76069848 12.27640337          NA  1.97024590
[163]  0.99003718  9.39951848          NA          NA          NA 10.98029572
[169] 11.21819354  7.84664303 12.31648546 10.53488652  7.61469804  9.42851381
[175]  0.40700973          NA  9.86175228  8.90121720  3.38522483  0.82533916
[181]          NA          NA  8.66263243 15.33043638 12.43595416 14.97088494
[187] 10.50384790          NA          NA  0.46877578  1.38510909  3.68636086
[193]  8.94983444          NA 11.69116274 11.33003462 10.80928783  9.33581859
[199]  9.63398358 10.57665844          NA          NA          NA  5.95742207
[205]  1.06726620  1.99616160          NA          NA  3.51337791          NA
[211]          NA 18.90425295 11.94974106 16.50848560          NA          NA
[217]          NA          NA          NA          NA  8.88114669  3.55381835
[223] 11.34878559 12.44984398 11.25599219  9.22029036  8.06425739 11.83138799
[229]  1.33357222          NA          NA  2.47552211          NA  1.85964024
[235]  0.03856012          NA          NA 16.98844242 15.50678091  8.97140338
[241] 14.78979109 11.81580610 11.44780827  2.13860467          NA          NA
[247]          NA          NA          NA          NA          NA 11.92371588
[253]  9.07608834 10.66952391 10.85714186  1.11749690          NA          NA
[259] 10.08642294 11.13700702 11.70513448          NA          NA          NA
[265]          NA          NA          NA          NA  8.20680845          NA
[271]          NA  9.97852748  8.03988145

$TS
  [1] 46.3190111 43.9511799 42.7828203 41.9275495 35.9361590 28.0668487
  [7] 26.0130000 24.5885269 24.1778655 21.5644041 21.0996433 17.6033462
 [13] 41.4348178 35.0941299 27.5614079 26.1815556 24.6801832 24.4728428
 [19] 22.2788801 22.2025147 20.7476499 24.2082025 23.6605159 23.0333134
 [25] 22.9982869 20.5824720 15.4233606 13.0836223 14.2052099 19.0899133
 [31] 16.4954192 14.6646036 14.4631361 13.7727906 13.5770496 35.3638610
 [37] 25.3172430 25.1641125 22.4834598 21.7617157 18.4179759 17.7532684
 [43] 21.1487585 17.5769485 16.4573828 16.0703421 10.7709862 10.0703236
 [49]  8.8429806 13.7455291 13.7386161 13.3376705 24.0366011 21.5145174
 [55] 14.9739726 12.4917061 19.8774741 15.9873173 14.4121280 14.3369175
 [61] 13.9679967 10.7989015 11.2773014 11.9126071 11.6834661  8.1253208
 [67]  7.1477221  6.9190818 31.3856130 24.2344592 20.0958599 19.9013959
 [73] 13.3238612 12.8839602 20.1070552 20.0493781 18.9869298 15.9101318
 [79] 18.3788443 18.3785093 17.9517267 12.0978554 13.7731506 14.4308402
 [85] 12.5355006  9.9694944  8.3172722  5.1871406  4.9041587  3.8523023
 [91]  2.7565539  2.4583616 13.1696485 21.5723008 19.7290493 17.9399967
 [97] 17.6267093 14.7117972 21.4042205 13.2931777 12.8232101 10.1216069
[103]  8.8146318 14.2426009 11.7586058 11.2146825  6.5752425  3.6334788
[109]  5.2639819  3.8941497  0.3839526 29.1119077 12.1014267 11.6689751
[115] 20.0168961 18.5011095 18.0834291 19.7333594 16.9248984 14.3124555
[121]  8.5700195  5.7726848 11.9266146 10.4060980  9.1553647  0.1148277
[127] 13.4391392 13.1421221 10.9353577 11.9674644  6.0171311  5.6718871
[133]  5.5329358  4.0506671  3.7779948  3.9975471  0.3703713  0.9280252
[139]  0.7177888  5.8206554 19.0283712 18.3707872 15.0555388  9.8492628
[145] 20.2837557 17.7480799  5.9522652 13.7239905 10.7826010  9.5903020
[151]  9.1222297  7.9790380  4.2225498  3.2005031  3.5869747 27.0377984
[157] 17.0305163 16.6407194 15.8171441 14.5613303  7.4713216  4.3647428
[163]  2.3392639 12.9719770  3.1847952  0.9751320  0.2023839 14.0608801
[169] 17.0919815 16.7198202 14.6217387 13.7078932 12.4995911 14.8535800
[175]  3.6227072  3.5416969 11.8860233 10.5505499  6.9955626  2.2262756
[181]  1.9511505  1.6922215 24.1616501 21.1244363 19.2030729 15.7530690
[187] 12.8157617  6.5176814  5.9985672  5.4341014  2.6321945 10.4974444
[193] 10.0450243  0.8774393 12.6327562 11.6768559 12.7721339 16.7062193
[199] 12.8005570 13.2354056  0.7160161  3.4992005  2.8037166  5.9921779
[205]  5.0274684  4.9919352  4.8811723  4.4272495  3.8582156  3.6551187
[211]  0.8064967 23.3934073 17.4705083 17.5938634  5.9616318  4.3783169
[217]  1.3259032  1.2492131  4.7068036  1.9525556  9.1795606  4.5006056
[223] 11.8383367 16.4659248 12.6874041  9.7210535 11.3684096 12.7021228
[229]  2.8995369  2.2181535  0.2823893  3.8222308  4.4640467  2.9376798
[235]  0.7064219  2.4597628  0.7171941 22.7134828 21.5724482 21.1480518
[241] 15.1757707 12.0678813 12.0065248  4.2187430  1.4171707  0.6026394
[247]  0.9054199  0.5124027  0.6111505  1.5118477  4.0481346 12.0240770
[253] 11.3273060 10.6696339 12.1389445  2.4906641  3.9112764  2.1331593
[259] 13.0553550 12.3853457 11.9166253  2.9902332  2.8658329  0.1762158
[265]  0.4640432  1.2493370  0.3906120  0.2369847 10.4452238  2.8163048
[271]  0.4727631 10.2243845  8.9643719

$PAR
  [1]  NA   1   1   1   1   1   1   1   1   1   1   1   2   5   6   6   6   6
 [19]   6   6   6   7   7   7   8   8   9   9  10  11  12  12  12  12  12  13
 [37]  16  16  16  18  19  19  20  20  20  20  20  20  20  21  21  21  22  23
 [55]  25  25  26  26  26  26  27  27  33  35  35  35  35  35  36  38  38  38
 [73]  38  38  39  40  40  40  41  41  41  41  43  46  46  48  49  49  49  49
 [91]  49  49  51  53  53  53  53  53  54  54  54  54  54  55  55  63  66  66
[109]  67  67  68  69  72  74  75  75  75  76  76  76  77  77  80  80  80  80
[127]  81  81  82  85  87  87  87  87  87  89  91  92  92  93  94  95  95  98
[145]  99  99 103 104 106 106 106 106 107 108 110 112 116 116 116 116 119 122
[163] 122 127 132 134 137 141 142 142 142 143 143 146 147 147 148 148 152 153
[181] 154 155 156 156 156 156 160 161 161 161 161 164 164 165 168 168 169 170
[199] 170 172 175 176 176 179 179 179 179 179 179 179 182 183 183 184 188 188
[217] 188 188 189 190 192 192 195 198 198 198 199 200 202 202 202 205 207 207
[235] 207 210 210 212 212 212 213 213 213 216 216 216 217 217 218 219 222 225
[253] 225 227 228 229 233 234 240 240 243 244 244 246 248 250 251 258 259 262
[271] 263 269 269

$EXTANT
  [1] FALSE FALSE FALSE FALSE FALSE FALSE FALSE FALSE FALSE FALSE FALSE FALSE
 [13] FALSE FALSE FALSE FALSE FALSE FALSE FALSE FALSE FALSE FALSE FALSE FALSE
 [25] FALSE FALSE FALSE FALSE FALSE FALSE FALSE FALSE FALSE FALSE FALSE FALSE
 [37] FALSE FALSE FALSE FALSE FALSE FALSE FALSE FALSE FALSE FALSE FALSE FALSE
 [49]  TRUE FALSE FALSE FALSE FALSE FALSE FALSE FALSE FALSE FALSE FALSE FALSE
 [61] FALSE FALSE FALSE FALSE FALSE  TRUE  TRUE  TRUE FALSE FALSE FALSE FALSE
 [73] FALSE FALSE FALSE FALSE FALSE FALSE FALSE  TRUE FALSE FALSE FALSE FALSE
 [85] FALSE FALSE  TRUE FALSE  TRUE  TRUE  TRUE  TRUE FALSE FALSE FALSE FALSE
 [97] FALSE FALSE FALSE FALSE FALSE FALSE FALSE FALSE FALSE FALSE  TRUE FALSE
[109] FALSE FALSE  TRUE FALSE FALSE FALSE FALSE FALSE FALSE FALSE FALSE FALSE
[121] FALSE  TRUE FALSE FALSE FALSE  TRUE FALSE FALSE FALSE FALSE FALSE FALSE
[133] FALSE  TRUE FALSE  TRUE FALSE  TRUE  TRUE  TRUE FALSE FALSE FALSE FALSE
[145] FALSE FALSE  TRUE FALSE FALSE FALSE FALSE FALSE  TRUE  TRUE  TRUE FALSE
[157] FALSE FALSE FALSE FALSE  TRUE FALSE FALSE FALSE  TRUE  TRUE  TRUE FALSE
[169] FALSE FALSE FALSE FALSE FALSE FALSE FALSE  TRUE FALSE FALSE FALSE FALSE
[181]  TRUE  TRUE FALSE FALSE FALSE FALSE FALSE  TRUE  TRUE FALSE FALSE FALSE
[193] FALSE  TRUE FALSE FALSE FALSE FALSE FALSE FALSE  TRUE  TRUE  TRUE FALSE
[205] FALSE FALSE  TRUE  TRUE FALSE  TRUE  TRUE FALSE FALSE FALSE  TRUE  TRUE
[217]  TRUE  TRUE  TRUE  TRUE FALSE FALSE FALSE FALSE FALSE FALSE FALSE FALSE
[229] FALSE  TRUE  TRUE FALSE  TRUE FALSE FALSE  TRUE  TRUE FALSE FALSE FALSE
[241] FALSE FALSE FALSE FALSE  TRUE  TRUE  TRUE  TRUE  TRUE  TRUE  TRUE FALSE
[253] FALSE FALSE FALSE FALSE  TRUE  TRUE FALSE FALSE FALSE  TRUE  TRUE  TRUE
[265]  TRUE  TRUE  TRUE  TRUE FALSE  TRUE  TRUE FALSE FALSE

