
Birth-death simulation object with 90 species and 35 extant species

Details for some species:

Extinction times (NA means extant)
[1] 42.75620 13.47517 40.19423 25.73615 25.63760 12.26905


Speciation times 
[1] 46.31901 45.48056 45.37487 31.46816 27.34541 25.25332


Species parents (NA for initial)
[1] NA  1  1  2  2  2


Species status (extinct or extant)
[1] "extinct" "extinct" "extinct" "extinct" "extinct" "extinct"


For more details on vector y, try sim$y, with y one of
TE TS PAR EXTANT



$TE
 [1] 42.756205 13.475168 40.194226 25.736151 25.637599 12.269050 10.491866
 [8] 10.559670 11.701461 21.135921 15.330544 11.338288 10.560480 11.757471
[15]  9.814986 11.412901 10.246625 12.076958 27.562620 19.200744  7.648389
[22] 12.159475 13.992123 12.089245  9.728766  7.717095 10.716146 13.929702
[29] 12.332128 11.581687  9.539390  3.631262 14.316988 10.087856  9.914226
[36]  8.326611        NA  8.819075 17.768801 11.628975  8.656542        NA
[43]  2.214149        NA        NA 10.865778  8.395544 15.416532        NA
[50]  4.381907        NA        NA        NA  7.694536  1.208572        NA
[57]        NA        NA        NA        NA        NA  2.160912        NA
[64]        NA  3.051585        NA  2.881762  2.891734        NA  3.029763
[71]        NA  1.717914        NA        NA  4.461656        NA        NA
[78]  3.634894        NA        NA        NA        NA        NA        NA
[85]        NA        NA        NA        NA        NA        NA

$TS
 [1] 46.31901109 45.48055815 45.37486904 31.46815529 27.34541150 25.25332344
 [7] 19.87258709 18.40517786 17.77144546 28.40975287 19.94483335 13.40967047
[13] 18.94608491 15.42182329 12.53429858 12.48480983 15.33566127 14.21153157
[19] 27.93471871 23.26564233 15.81840957 16.12739666 15.22266143 12.52607111
[25] 11.82715522 10.95168626 12.89345361 23.05448409 13.56988901 12.47429376
[31]  9.68841261  9.05242272 15.04548537 10.91043624 10.80550055 10.04189791
[37]  8.71169177 12.24666449 22.50391038 17.13174823  9.28613104  8.52025040
[43]  6.69141023  1.33203395  0.65665241 11.49852844  9.07849749 21.50119544
[49] 14.72818377  7.81114509  5.09834088  1.21614585  4.06230457  8.22194785
[55]  6.13184137  1.80786941  7.80703796  3.66649385  0.04282956  2.87852298
[61]  0.44560334  6.09683109  6.06879922  4.54649746  3.56921652  6.29811593
[67]  5.84252705  5.38342240  0.85099580  3.59102928  3.41100911  2.18320410
[73]  0.92192157  2.70121198  5.32160181  3.38812722  3.44820255  4.42225334
[79]  4.30602020  3.26302255  1.10995569  1.01479190  0.45584235  0.22662535
[85]  2.48360841  0.07209280  0.11598450  1.99026600  1.72907559  0.54109126

$PAR
 [1] NA  1  1  2  2  2  2  2  2  4  6  6  7  7  7  7  9  9 10 10 11 13 13 14 15
[26] 15 17 20 21 21 21 21 22 26 26 26 26 27 28 28 36 36 37 37 37 38 38 39 40 42
[51] 42 42 43 49 49 49 50 51 52 53 53 55 55 55 55 57 57 57 57 58 58 58 58 60 62
[76] 62 64 66 66 71 71 74 76 76 77 83 84 85 85 85

$EXTANT
 [1] FALSE FALSE FALSE FALSE FALSE FALSE FALSE FALSE FALSE FALSE FALSE FALSE
[13] FALSE FALSE FALSE FALSE FALSE FALSE FALSE FALSE FALSE FALSE FALSE FALSE
[25] FALSE FALSE FALSE FALSE FALSE FALSE FALSE FALSE FALSE FALSE FALSE FALSE
[37]  TRUE FALSE FALSE FALSE FALSE  TRUE FALSE  TRUE  TRUE FALSE FALSE FALSE
[49]  TRUE FALSE  TRUE  TRUE  TRUE FALSE FALSE  TRUE  TRUE  TRUE  TRUE  TRUE
[61]  TRUE FALSE  TRUE  TRUE FALSE  TRUE FALSE FALSE  TRUE FALSE  TRUE FALSE
[73]  TRUE  TRUE FALSE  TRUE  TRUE FALSE  TRUE  TRUE  TRUE  TRUE  TRUE  TRUE
[85]  TRUE  TRUE  TRUE  TRUE  TRUE  TRUE

