
Birth-death simulation object with 94 species and 25 extant species

Details for some species:

Extinction times (NA means extant)
[1] 21.54751 26.10340 11.86135 24.81338 11.26122 22.61870


Speciation times 
[1] 46.31901 29.01031 28.42176 26.48320 26.19278 25.26001


Species parents (NA for initial)
[1] NA  1  1  1  1  1


Species status (extinct or extant)
[1] "extinct" "extinct" "extinct" "extinct" "extinct" "extinct"


For more details on vector y, try sim$y, with y one of
TE TS PAR EXTANT



$TE
 [1] 21.5475075 26.1033983 11.8613485 24.8133827 11.2612246 22.6187019
 [7] 10.6965682 13.0293374 17.4841253  9.7304651 12.1863572 13.0455622
[13] 11.8939916  7.6526616 19.4023152 11.9767869 15.9799163 10.6156158
[19] 10.1115665 13.9248693  8.7029908 12.3482641 16.0609649  8.1058744
[25]  7.6296999 11.7362851  9.1670357 10.6547451 11.5188092 12.3386641
[31]  9.8478391  8.5945539 10.9962589 18.6770997 14.2871104 11.7013242
[37]  7.2668951 11.8756379  7.6604893 10.8170394 11.2042722  8.0114544
[43]  9.3998573         NA 10.3871493 11.6850078 11.5225559 11.9249334
[49]  9.5214554 12.2944011 13.9080248  9.5518006         NA  2.8947664
[55]         NA  1.8053328         NA 10.2431165 13.6533902 11.4439342
[61]  9.1673960  3.7979913         NA  2.6450397         NA 10.8213654
[67]         NA         NA         NA         NA  0.6262445         NA
[73]         NA  0.6359665  2.2713417         NA         NA  0.3045951
[79]  4.4347240         NA         NA         NA         NA  0.2474997
[85]         NA         NA  0.8697157         NA         NA  2.0702548
[91]         NA         NA         NA  0.9301097

$TS
 [1] 46.31901109 29.01030839 28.42175600 26.48319628 26.19277516 25.26000815
 [7] 27.32244539 27.31267412 25.36461580 17.99846777 20.91893379 15.71026609
[13] 12.60404571 11.38655291 24.49048264 23.19712289 19.86872958 14.16177666
[19] 18.23219887 16.27976511 10.95979637 21.58534037 21.47791360 18.80363398
[25] 12.04064109 14.97537906 10.54842365 18.39791829 17.51990778 15.42524546
[31] 15.02716381 14.92948511 14.20146795 19.77907172 17.49902887 16.90921902
[37]  9.42627264 16.64114127 16.35422160 13.94970173 13.52437297 10.66001838
[43] 15.44736762  7.53503773 15.38955182 15.19444807 15.14951465 12.42639414
[49] 10.55070374 15.14802964 14.75330516 14.08943908  6.52015876  5.63711787
[55]  3.55804821  2.74616415  1.63848247 13.07165951 15.03911621 15.12604891
[61]  9.58786089  5.26990304  0.25099334  4.54527205  1.89423580 12.70044210
[67] 13.84976695  0.06847123  1.31829146  7.48317446  5.54098699  4.36302385
[73]  3.21555234  2.77615699  2.39537151  0.76781066  0.05717410  4.29289176
[79]  4.68869939  3.71174317  2.72469905  4.23734086  1.74098459  1.59494815
[85]  0.62829858  3.13800040  3.04894864  0.53249618  2.59581652  2.94411444
[91]  2.57526066  2.69921878  2.20375550  1.60528634

$PAR
 [1] NA  1  1  1  1  1  3  3  3  3  5  5  5  5  7  7  8  8  9 11 14 15 15 17 18
[26] 19 21 22 22 22 22 22 22 23 23 23 27 29 29 30 30 32 35 37 38 39 39 40 42 43
[51] 43 43 44 44 44 44 44 45 46 47 52 53 53 54 56 58 60 63 65 67 67 67 67 67 67
[76] 69 69 70 71 71 71 78 78 78 80 82 82 83 86 87 87 90 90 91

$EXTANT
 [1] FALSE FALSE FALSE FALSE FALSE FALSE FALSE FALSE FALSE FALSE FALSE FALSE
[13] FALSE FALSE FALSE FALSE FALSE FALSE FALSE FALSE FALSE FALSE FALSE FALSE
[25] FALSE FALSE FALSE FALSE FALSE FALSE FALSE FALSE FALSE FALSE FALSE FALSE
[37] FALSE FALSE FALSE FALSE FALSE FALSE FALSE  TRUE FALSE FALSE FALSE FALSE
[49] FALSE FALSE FALSE FALSE  TRUE FALSE  TRUE FALSE  TRUE FALSE FALSE FALSE
[61] FALSE FALSE  TRUE FALSE  TRUE FALSE  TRUE  TRUE  TRUE  TRUE FALSE  TRUE
[73]  TRUE FALSE FALSE  TRUE  TRUE FALSE FALSE  TRUE  TRUE  TRUE  TRUE FALSE
[85]  TRUE  TRUE FALSE  TRUE  TRUE FALSE  TRUE  TRUE  TRUE FALSE

