
Birth-death simulation object with 118 species and 28 extant species

Details for some species:

Extinction times (NA means extant)
[1] 27.58929 43.74526 34.28733 29.31740 29.31152 26.97437


Speciation times 
[1] 46.31901 44.97332 41.40368 34.15722 31.20975 37.25793


Species parents (NA for initial)
[1] NA  1  1  1  1  3


Species status (extinct or extant)
[1] "extinct" "extinct" "extinct" "extinct" "extinct" "extinct"


For more details on vector y, try sim$y, with y one of
TE TS PAR EXTANT



$TE
  [1] 27.5892890 43.7452630 34.2873283 29.3174039 29.3115172 26.9743702
  [7] 11.4483600 30.6032496 18.7947883 24.3096838 15.4081511  9.7764649
 [13]         NA 12.4519492 23.2383031 22.5173610 19.7650111 13.8231547
 [19]  6.3335628 10.3220072  9.6354308  8.7536197 12.1015353 13.9450923
 [25] 12.4416709  7.6145595  2.4239272         NA 27.5810359 10.9690613
 [31]         NA 11.1671885         NA  3.3978683         NA  4.9250239
 [37]  0.4531897  1.0242196         NA 14.2310807 11.6284201         NA
 [43]         NA         NA         NA  2.9978660  1.3973574 23.4449207
 [49] 11.0190368 15.0453459 19.5626185         NA         NA         NA
 [55]         NA         NA         NA 12.9653604 12.3190006 24.2358039
 [61] 12.2045132 18.9987612 18.6435866 14.8729738 11.8747143 12.4654227
 [67]         NA         NA         NA 14.6034079 10.2979791  9.7742076
 [73] 12.0711439 11.0006060 15.7348314         NA 12.6709109 11.8169015
 [79] 20.5797742 10.7715493 11.7806892 10.9481195 11.6421338  9.9812463
 [85] 12.3457587 10.2292533  9.9184424         NA  2.8703722  1.9370252
 [91]  0.7596270 10.9973055 15.8578707  7.5929795 11.6693031 12.1839045
 [97] 11.7925412 10.6830419  8.6791986         NA  1.7172420         NA
[103]  5.9055577         NA  0.5696530 14.5129227  9.0730448  4.8354186
[109]         NA         NA  8.3933595  4.2690081         NA  1.7129893
[115]         NA  1.7869622  8.5882478  0.5780428

$TS
  [1] 46.3190111 44.9733198 41.4036791 34.1572179 31.2097480 37.2579283
  [7] 33.2476894 31.5186599 25.0478700 24.7578350 24.6414089 23.0537391
 [13] 16.7140523 15.4812194 31.4841683 30.8933006 21.0582635 14.9787704
 [19] 14.8927053 13.6961082 10.2622238  9.8638528 15.7489076 15.2370343
 [25] 13.4462729  9.6650551  6.1562751 13.2822381 28.9353821 26.0611254
 [31]  9.4106383 13.5570527  5.8212948  5.4443757  7.1208812  5.8157507
 [37]  3.7306223  3.5345332  1.9632540 27.9171523 11.9477345  4.8083625
 [43]  3.7578823  3.5539345  4.6849202  5.6937924  2.7983493 25.8495757
 [49] 25.3186903 23.6549913 20.3300441  3.6696280  3.5727585  2.9404661
 [55]  3.2822146  1.9507985  4.6590585 23.6237986 25.1118515 24.5736432
 [61] 12.2974758 23.4987004 21.5169544 20.0534173 19.5298723 17.9528355
 [67]  2.5373478  2.1969339  0.5288279 15.7809472 22.3840843 14.4904245
 [73] 12.4635042 19.1200430 20.1205537 17.9214683 14.9314147 17.6273066
 [79] 22.0242918 15.7730261 13.5897198 11.7514933 13.4949496 10.9626642
 [85] 15.2252323 12.9649256 12.2402065 11.8743349 10.1627831  9.5428027
 [91]  3.1903901 14.2344466 21.2155632 10.8137163 13.5841248 13.6982140
 [97] 12.4581107 11.3213790  9.0099191  4.8920032  4.5051960  3.3316233
[103]  9.1398430  2.3632327  2.7136621 16.3340386 10.7139108 10.4978471
[109]  3.5255268  2.7727156 10.0908320  6.5187499  5.2144899  2.5447107
[115]  1.1289374  2.0153719  8.9637939  1.1234783

$PAR
  [1]  NA   1   1   1   1   3   4   4   7   7   7   7   7   7   8   8  12  12
 [19]  12  12  12  12  13  13  13  13  13  14  15  15  19  20  27  27  28  28
 [37]  28  28  28  29  32  33  33  34  35  36  38  40  40  40  40  42  43  43
 [55]  44  45  46  48  49  49  49  50  50  50  50  50  52  53  55  58  59  59
 [73]  59  62  63  64  64  65  71  71  71  71  72  72  74  76  76  76  76  76
 [91]  76  78  79  80  81  85  85  86  88  88  89  89  90  90  91  93  94  94
[109] 101 101 107 108 108 109 109 110 111 115

$EXTANT
  [1] FALSE FALSE FALSE FALSE FALSE FALSE FALSE FALSE FALSE FALSE FALSE FALSE
 [13]  TRUE FALSE FALSE FALSE FALSE FALSE FALSE FALSE FALSE FALSE FALSE FALSE
 [25] FALSE FALSE FALSE  TRUE FALSE FALSE  TRUE FALSE  TRUE FALSE  TRUE FALSE
 [37] FALSE FALSE  TRUE FALSE FALSE  TRUE  TRUE  TRUE  TRUE FALSE FALSE FALSE
 [49] FALSE FALSE FALSE  TRUE  TRUE  TRUE  TRUE  TRUE  TRUE FALSE FALSE FALSE
 [61] FALSE FALSE FALSE FALSE FALSE FALSE  TRUE  TRUE  TRUE FALSE FALSE FALSE
 [73] FALSE FALSE FALSE  TRUE FALSE FALSE FALSE FALSE FALSE FALSE FALSE FALSE
 [85] FALSE FALSE FALSE  TRUE FALSE FALSE FALSE FALSE FALSE FALSE FALSE FALSE
 [97] FALSE FALSE FALSE  TRUE FALSE  TRUE FALSE  TRUE FALSE FALSE FALSE FALSE
[109]  TRUE  TRUE FALSE FALSE  TRUE FALSE  TRUE FALSE FALSE FALSE

