
Birth-death simulation object with 201 species and 65 extant species

Details for some species:

Extinction times (NA means extant)
[1] 26.24866 42.37490 28.91814 20.66358 13.26121 24.68338


Speciation times 
[1] 46.31901 42.55708 34.79016 32.33810 27.16458 33.66600


Species parents (NA for initial)
[1] NA  1  1  1  1  3


Species status (extinct or extant)
[1] "extinct" "extinct" "extinct" "extinct" "extinct" "extinct"


For more details on vector y, try sim$y, with y one of
TE TS PAR EXTANT



$TE
  [1] 26.24866415 42.37489568 28.91814346 20.66357614 13.26121296 24.68338469
  [7] 17.35632488 30.04198486  9.83040963 15.53225340 23.70907062 20.78492916
 [13] 16.41013439 17.59539079 15.08364172 13.31812718 22.93903919 27.99766686
 [19] 12.84649842 25.80788330 17.81663362 11.07497456 19.08165687  9.83451535
 [25] 18.12122872 20.10540944  9.09157400 16.83580881  1.79751188 10.92891198
 [31] 11.75245283 19.24619635  9.30124377 15.47975924 10.96333709 11.82926522
 [37] 17.33708605 15.28026217 23.76255889 13.93006762  9.84372405 14.30072163
 [43] 23.74036627 12.43804860 19.66863069 18.00155697 14.15336996 11.08245187
 [49] 23.26354598 18.77932311 20.35559886 11.93724749 11.97088705 11.79254109
 [55] 12.43122119  9.24456163          NA 14.11965491 11.83565577 10.37029806
 [61] 18.15056259 11.96245290 13.63829935 15.07104409 11.26474253 11.40011990
 [67] 11.15126503 11.64277493  7.73810957 12.44291842 15.90178368  8.02781634
 [73] 21.52549256 18.05999897 16.04543522  8.99726309  8.58582645 10.82243725
 [79] 10.11753648 16.83064516 12.37516544          NA          NA 10.63118427
 [85] 11.85100096 12.12375195 21.53738351 13.44253790 10.72714029 17.34358704
 [91]          NA 13.77604662 12.50937578 12.44846600 10.36100740  9.40330093
 [97] 16.40171868  5.77299869  9.97311131          NA 18.79990642 14.68003395
[103] 10.21768885  5.33540570  7.76298285  5.08326149          NA          NA
[109]  0.32138367  0.05676044          NA          NA 11.71546876  9.50393723
[115] 11.94340867 12.08245513 10.52039236  2.18630212  7.64644049          NA
[121]          NA          NA          NA 13.55335255 14.68707272 12.35072735
[127] 14.39279964          NA  4.27603279          NA          NA          NA
[133]          NA  0.86336123          NA          NA          NA  3.00121411
[139]          NA  4.17687666          NA  8.76110721          NA          NA
[145]  4.88501486          NA  0.87988940          NA          NA  9.79933992
[151] 14.41688523          NA  1.93886042  5.30540512          NA  2.86122450
[157]          NA          NA          NA  1.17207409          NA 11.54374974
[163]          NA          NA          NA          NA  4.41124491          NA
[169]          NA          NA  1.78515619          NA          NA          NA
[175]          NA  1.70206022          NA          NA  3.06146026          NA
[181]  1.78171960          NA          NA          NA  0.52536803  3.91629956
[187]          NA          NA          NA          NA          NA          NA
[193]          NA          NA          NA  0.77094754          NA          NA
[199]          NA          NA          NA

$TS
  [1] 46.3190111 42.5570755 34.7901625 32.3381029 27.1645816 33.6660003
  [7] 31.4893417 30.7177139 30.6204193 24.5413298 24.3076935 24.1041759
 [13] 22.0121731 24.4158638 15.7114950 13.4903787 31.7704297 28.7881654
 [19] 28.7698739 26.4693589 24.9411147 24.8058964 26.0005809 22.8500589
 [25] 22.3404429 21.6514170 19.8112393 17.6454779 12.8354181 11.7198943
 [31] 24.0377323 23.2230035 21.5813070 17.8440401 15.8184471 23.6627775
 [37] 18.9501884 18.4075315 25.8247045 28.6583715 16.0422251 24.7494383
 [43] 24.1453025 21.8511484 24.2547836 23.0326281 14.5865374 11.5916967
 [49] 25.8028687 21.1127766 20.6907824 19.5135540 21.0592051 20.5064338
 [55] 15.0856225 12.5562744  3.1807268 15.6423887 14.9921394 12.6007521
 [61] 23.3566890 18.7406224 16.2214160 21.2177794 20.5288569 16.2584770
 [67] 15.9750696 13.0615289 18.6395966 17.5799692 15.9822253 14.8881166
 [73] 22.5531211 21.7232883 20.5626221 25.5922841 16.4509603 19.5631997
 [79] 14.0539376 17.1809650 12.4024416  2.5620308 15.5050183 15.2024343
 [85] 13.8756483 12.4179853 23.2517241 15.3530832 18.3241473 17.8924983
 [91] 15.6133326 13.9163584 13.1630227 14.6112904 11.1978016 10.2534535
 [97] 16.5019974 15.8767363 13.3193986 11.6044071 21.7028962 18.6444929
[103] 13.8674069  9.3822348 13.9220314  8.0416542  3.9368784  3.9332636
[109]  3.7056443  2.0595414  6.4072612  4.5837644 12.9640785  9.9257993
[115] 15.3888848 13.0670341 10.7893774 10.9123519  8.2466431  7.2092506
[121]  4.0619056  2.6142997  2.3383878 20.1831357 18.2999784 17.5967062
[127] 16.8239636  7.5115273  6.3958877  7.0875369  5.6517748  3.9193850
[133]  2.8188981  2.1872722  3.5967593  3.1619986  0.9292451  3.0364548
[139]  0.7996217  4.6227751  0.5022676 14.0807908  5.3268816  4.6298250
[145]  5.3154561  4.8905728  1.2060448  0.3030880  2.4819208 14.1591148
[151] 14.6188492  5.5150748  4.9037497  5.6220900  6.7088773  4.2077246
[157]  0.5579903  2.8492160  0.5508764  1.7196293  2.9873275 12.4442450
[163]  1.9886016  4.3475835  3.7943968  3.4729914  4.7385677  3.7099054
[169]  1.6637600  0.4173320  4.1303905  5.3733415  5.6211426  4.0365619
[175]  3.6353051  3.0988289  3.6929306  3.3181941  3.7505177  2.4858363
[181]  2.4449307  0.5288130  0.4643232  3.6103279  4.7049558  4.4952724
[187]  2.5754636  5.0853547  0.3936707  2.4240149  1.9202401  2.7922114
[193]  0.1837927  1.7040518  4.2721878  3.4653490  0.4994354  1.2135023
[199]  0.3478143  0.4031961  0.1651017

$PAR
  [1]  NA   1   1   1   1   3   3   3   3   4   4   4   4   5   5   5   6   6
 [19]   6   7   7   7   9   9   9   9   9   9   9   9  10  10  10  10  10  12
 [37]  13  13  17  18  19  21  21  21  22  22  22  22  23  24  24  24  25  25
 [55]  27  29  29  31  33  33  36  36  38  40  40  40  40  41  42  42  42  42
 [73]  45  45  46  49  52  53  53  54  54  57  58  58  59  59  61  62  64  64
 [91]  64  66  66  67  69  69  70  70  70  72  76  76  77  77  78  83  83  83
[109]  83  83  91  91  94  96  98  98  99 100 100 100 100 100 100 101 102 102
[127] 102 104 104 106 106 107 107 107 108 108 108 109 109 111 112 115 118 118
[145] 120 120 120 120 122 124 126 128 128 129 130 130 130 132 132 133 135 142
[163] 143 144 144 144 146 146 146 152 153 154 155 155 155 155 164 164 165 165
[181] 166 166 166 171 172 172 172 173 173 176 176 177 178 184 185 188 188 192
[199] 192 195 195

$EXTANT
  [1] FALSE FALSE FALSE FALSE FALSE FALSE FALSE FALSE FALSE FALSE FALSE FALSE
 [13] FALSE FALSE FALSE FALSE FALSE FALSE FALSE FALSE FALSE FALSE FALSE FALSE
 [25] FALSE FALSE FALSE FALSE FALSE FALSE FALSE FALSE FALSE FALSE FALSE FALSE
 [37] FALSE FALSE FALSE FALSE FALSE FALSE FALSE FALSE FALSE FALSE FALSE FALSE
 [49] FALSE FALSE FALSE FALSE FALSE FALSE FALSE FALSE  TRUE FALSE FALSE FALSE
 [61] FALSE FALSE FALSE FALSE FALSE FALSE FALSE FALSE FALSE FALSE FALSE FALSE
 [73] FALSE FALSE FALSE FALSE FALSE FALSE FALSE FALSE FALSE  TRUE  TRUE FALSE
 [85] FALSE FALSE FALSE FALSE FALSE FALSE  TRUE FALSE FALSE FALSE FALSE FALSE
 [97] FALSE FALSE FALSE  TRUE FALSE FALSE FALSE FALSE FALSE FALSE  TRUE  TRUE
[109] FALSE FALSE  TRUE  TRUE FALSE FALSE FALSE FALSE FALSE FALSE FALSE  TRUE
[121]  TRUE  TRUE  TRUE FALSE FALSE FALSE FALSE  TRUE FALSE  TRUE  TRUE  TRUE
[133]  TRUE FALSE  TRUE  TRUE  TRUE FALSE  TRUE FALSE  TRUE FALSE  TRUE  TRUE
[145] FALSE  TRUE FALSE  TRUE  TRUE FALSE FALSE  TRUE FALSE FALSE  TRUE FALSE
[157]  TRUE  TRUE  TRUE FALSE  TRUE FALSE  TRUE  TRUE  TRUE  TRUE FALSE  TRUE
[169]  TRUE  TRUE FALSE  TRUE  TRUE  TRUE  TRUE FALSE  TRUE  TRUE FALSE  TRUE
[181] FALSE  TRUE  TRUE  TRUE FALSE FALSE  TRUE  TRUE  TRUE  TRUE  TRUE  TRUE
[193]  TRUE  TRUE  TRUE FALSE  TRUE  TRUE  TRUE  TRUE  TRUE

