
Birth-death simulation object with 191 species and 46 extant species

Details for some species:

Extinction times (NA means extant)
[1] 41.01126 33.56216 13.73399 30.83551 34.93504 33.76855


Speciation times 
[1] 46.31901 43.53634 39.16313 38.79851 36.46970 35.39062


Species parents (NA for initial)
[1] NA  1  2  2  3  3


Species status (extinct or extant)
[1] "extinct" "extinct" "extinct" "extinct" "extinct" "extinct"


For more details on vector y, try sim$y, with y one of
TE TS PAR EXTANT



$TE
  [1] 41.0112574 33.5621577 13.7339863 30.8355125 34.9350432 33.7685548
  [7] 12.2738124 31.2266467 31.1491366 11.7493792 31.8734550 20.1794456
 [13] 17.8754884 25.1221297  7.6079245 18.5315257 20.3451680 19.3519040
 [19] 21.0013732 17.7326599  0.4358317 10.3236355 12.1139240  7.7223775
 [25] 11.2827636 10.8513209 14.7927179 20.3907847 25.5606813 14.1887694
 [31]  9.9357199  9.6805047  8.8630335  6.2341989  3.7220868         NA
 [37]         NA 21.1484497 23.5277161 19.8206518 22.4986558 19.9130276
 [43] 15.1762429         NA  8.5024757  4.2859452 13.8458901  7.4950048
 [49] 17.3988514 12.2654584  9.7376470 11.9190582 21.1901110 16.3658253
 [55]         NA 20.2572354 12.3606759 19.3938280  9.2889513         NA
 [61] 14.7276504 12.4975122 12.0696613  9.2748207 13.2391842 18.9975291
 [67] 18.0077398 10.4547482         NA 14.6220185 19.2318250  9.3143551
 [73] 11.4391216  7.2610977  9.3485744         NA         NA         NA
 [79] 11.4763737 11.8122221 13.5651187 11.4958602 12.1848070 20.8637794
 [85] 12.0635139 13.3391046 12.2926956 16.6488774 10.6630403 11.8389737
 [91] 15.5552872 11.9761151  1.8134173  9.1589313         NA         NA
 [97]  0.4261969 12.4529464 10.9947595 11.8835846 11.5075522 12.0793465
[103] 10.5906150 16.0545035 12.2223934 11.2648203 12.2473140 14.2533507
[109] 12.2891881 10.8864985 16.9309323 12.4509875  9.8586216 12.8311889
[115]         NA  5.8658362         NA         NA  9.4630715 14.8065311
[121] 10.8184016 12.4291551  8.1074906  9.5628042 11.4130679 11.0725537
[127] 10.2855946 10.8776763  3.3191861  7.8754558         NA  1.7208561
[133]         NA  2.5923606         NA         NA 11.8574316  8.4237649
[139] 11.3718361 10.0960623 12.2827004  8.3682910 10.4216526  8.9031584
[145]  8.2520128  1.4984393         NA         NA         NA         NA
[151] 13.6492441 12.3059270 13.5939487 12.6458065  9.4114626  7.6097189
[157]         NA         NA 11.8886742  8.9308394         NA  6.4851413
[163]  0.1858024         NA  0.8131168         NA         NA 11.5975883
[169]  7.5821693  9.8527705         NA         NA         NA         NA
[175]         NA         NA  3.3581721         NA         NA         NA
[181]         NA         NA         NA  0.5396208         NA  1.6817323
[187]         NA         NA         NA         NA         NA

$TS
  [1] 46.3190111 43.5363399 39.1631262 38.7985055 36.4697027 35.3906205
  [7] 17.9998959 37.8050255 34.6040260 16.4203404 35.3687901 32.5391547
 [13] 30.3528882 28.6919390 25.6652701 20.6151473 29.8546419 24.5700669
 [19] 28.2790030 20.8926415 19.0374157 16.1299007 20.1073201 26.1864708
 [25] 25.2195838 21.0514522 24.1368906 22.4634617 26.5982592 15.5203867
 [31] 13.2161651 10.4906607  9.6970506  6.9369635  6.6695991  2.9202260
 [37]  1.9006022 24.5660970 24.0858979 23.9938778 23.3289560 21.0647745
 [43] 15.8742807 14.4907104 11.1199492  8.2321616 17.9357251 12.6567684
 [49] 17.5093551 17.0387683 14.7072961 12.9152795 21.5589714 26.5578464
 [55]  1.3541186 23.2116281 22.0182669 20.7290561  9.6102409  5.3741571
 [61] 16.9348334 16.1886130 12.4818431 10.2988940 23.9694939 22.2317053
 [67] 20.2181684 17.0987146  1.0916579 23.1698191 20.7628047 18.5285195
 [73] 16.0433969  9.5497471  9.5439727  4.9684703  3.0988286  1.8147044
 [79] 15.2272805 14.8908376 14.3505115 13.3528313 12.7219645 23.5929519
 [85] 15.8772979 19.7292391 14.2383525 21.2386315 19.1234832 18.1123408
 [91] 17.5594867 16.9348455 10.5086503 13.0750503  0.4966323  0.5086954
 [97]  0.5003992 12.8163098 15.6658065 12.7019752 13.8060334 12.7445758
[103] 21.0348457 16.7769009 19.0051783 15.6296549 15.1874640 14.7884976
[109] 13.3017324 11.4418727 16.9776582 13.1479024 16.3118972 13.9055979
[115] 12.4762874  6.8541787  6.2628786  4.4741728 11.4415532 17.3567508
[121] 14.9731046 18.0999888 13.4498045 12.6941637 11.4619769 14.7049261
[127] 12.0267517 11.9714876 11.6871497 10.8258001 10.7740863  6.3001918
[133]  2.9358351  3.3207192  1.2326684  1.1268655 12.3899881 17.1982219
[139] 16.9626030 15.3333638 12.5676553 14.2991612 11.1660352 10.7769164
[145]  8.2951004  3.8255902  4.8309792  3.1834350  0.7245409  2.7665009
[151] 16.9024303 16.4609057 13.9820504 12.7830715 11.9532863 13.3724987
[157]  8.8599879  2.1692178 14.2015897 11.1169772  6.9583805  6.6503035
[163]  6.1872904  5.3845428  5.3699322  2.0868636  1.6073627 13.1123938
[169] 12.1834910 10.0772241  2.8331527  2.6678046  1.2609859  5.7754852
[175]  1.2134857  3.8774442  4.5324348  3.2998552  1.0795808  0.4684777
[181]  2.8033087  2.6123875  2.2613504  4.7501267  3.0714147  3.2673139
[187]  0.6172013  2.9464589  2.6761109  0.5168745  2.5709879

$PAR
  [1]  NA   1   2   2   3   3   3   4   4   7   8   9  12  12  12  12  13  13
 [19]  14  15  15  15  16  17  17  17  18  18  19  21  21  21  21  21  21  21
 [37]  21  24  24  24  24  24  24  24  24  24  25  25  26  26  26  26  28  29
 [55]  36  40  40  42  45  46  47  50  51  51  54  54  54  54  55  56  57  57
 [73]  57  59  59  60  60  60  61  61  62  62  62  65  65  66  68  70  70  72
 [91]  72  72  72  73  77  78  78  79  85  85  87  87  88  88  89  89  89  89
[109]  89  89  90  90  91  92  92  93  93  93  99 103 103 105 105 105 106 113
[127] 113 113 115 115 115 115 115 117 117 118 121 122 122 122 124 126 127 127
[145] 129 129 131 131 131 133 139 139 139 139 139 140 142 146 152 155 157 157
[163] 157 157 157 157 158 159 159 160 161 161 161 163 163 164 165 165 167 167
[181] 171 172 172 174 174 184 185 186 186 187 189

$EXTANT
  [1] FALSE FALSE FALSE FALSE FALSE FALSE FALSE FALSE FALSE FALSE FALSE FALSE
 [13] FALSE FALSE FALSE FALSE FALSE FALSE FALSE FALSE FALSE FALSE FALSE FALSE
 [25] FALSE FALSE FALSE FALSE FALSE FALSE FALSE FALSE FALSE FALSE FALSE  TRUE
 [37]  TRUE FALSE FALSE FALSE FALSE FALSE FALSE  TRUE FALSE FALSE FALSE FALSE
 [49] FALSE FALSE FALSE FALSE FALSE FALSE  TRUE FALSE FALSE FALSE FALSE  TRUE
 [61] FALSE FALSE FALSE FALSE FALSE FALSE FALSE FALSE  TRUE FALSE FALSE FALSE
 [73] FALSE FALSE FALSE  TRUE  TRUE  TRUE FALSE FALSE FALSE FALSE FALSE FALSE
 [85] FALSE FALSE FALSE FALSE FALSE FALSE FALSE FALSE FALSE FALSE  TRUE  TRUE
 [97] FALSE FALSE FALSE FALSE FALSE FALSE FALSE FALSE FALSE FALSE FALSE FALSE
[109] FALSE FALSE FALSE FALSE FALSE FALSE  TRUE FALSE  TRUE  TRUE FALSE FALSE
[121] FALSE FALSE FALSE FALSE FALSE FALSE FALSE FALSE FALSE FALSE  TRUE FALSE
[133]  TRUE FALSE  TRUE  TRUE FALSE FALSE FALSE FALSE FALSE FALSE FALSE FALSE
[145] FALSE FALSE  TRUE  TRUE  TRUE  TRUE FALSE FALSE FALSE FALSE FALSE FALSE
[157]  TRUE  TRUE FALSE FALSE  TRUE FALSE FALSE  TRUE FALSE  TRUE  TRUE FALSE
[169] FALSE FALSE  TRUE  TRUE  TRUE  TRUE  TRUE  TRUE FALSE  TRUE  TRUE  TRUE
[181]  TRUE  TRUE  TRUE FALSE  TRUE FALSE  TRUE  TRUE  TRUE  TRUE  TRUE

