
Birth-death simulation object with 386 species and 121 extant species

Details for some species:

Extinction times (NA means extant)
[1] 40.03385 29.38387 28.63749 12.62538 37.90514 31.74351


Speciation times 
[1] 46.31901 45.53856 42.99195 42.24688 39.26727 38.17007


Species parents (NA for initial)
[1] NA  1  1  1  2  2


Species status (extinct or extant)
[1] "extinct" "extinct" "extinct" "extinct" "extinct" "extinct"


For more details on vector y, try sim$y, with y one of
TE TS PAR EXTANT



$TE
  [1] 40.03384887 29.38386978 28.63748752 12.62537963 37.90513936 31.74350905
  [7] 31.48625712 16.08286505 27.17571889 31.95475423 37.16790454 33.54065398
 [13] 39.92056659 19.23887225 30.92393350 30.79026936 23.18137379 12.25579892
 [19] 10.82685018 16.32658457 12.81823388 17.75438501 12.33859216 16.41018239
 [25] 12.18355079 21.83270720 10.13318968 34.31424146 34.04053694 28.83479054
 [31] 37.40653959 35.97140425 18.39861779 23.86496310 14.64867187 21.27276314
 [37] 34.84815885 23.95277671 25.99306623 17.46585312 11.64267431 10.15499106
 [43] 23.97379136 23.14536805 18.49394419 18.53600402 14.16417677 16.33526093
 [49] 22.47605164 24.72017044 10.81855559 12.06114367 11.16670919 21.22398017
 [55] 18.06269899 10.44034016 13.48730443          NA 36.61790326 31.61771153
 [61] 36.23655744 32.81193873 36.09915626 28.07833785 17.75690219 22.11890971
 [67] 21.69782165 21.59942162 16.10669040 12.12106788 18.33145384 12.40374454
 [73] 13.57342950 10.43327478 25.58870241 17.96720427 25.30629911 19.26824102
 [79] 13.26262766          NA 12.05240135 11.37997075 17.70255235  9.83300631
 [85] 10.92212679 21.89413623 19.78393645 11.91322618 17.68840579 11.45825519
 [91] 12.19926959 22.87533121 22.77530371 10.49415676          NA 11.60647752
 [97]  9.45739350  9.16867309  9.93377596          NA 18.22679300 12.36176644
[103] 20.11579950 18.99177612 21.70265069 12.23111529 12.84779288 11.99914233
[109] 13.93190465 13.74834950 24.59704087  8.79174689 18.51149041  6.32781689
[115]          NA  8.52781381          NA          NA          NA          NA
[121]  8.00632667 11.67087192 13.07823976 11.97737132  9.73493583 11.47470559
[127]  9.78973160 12.42176253 11.11287995 11.85807705 11.18295839 14.76023756
[133]  9.58424282 10.06511697 11.71201322 10.30430020 18.69463573 12.82146238
[139] 11.08296058 12.02646742          NA  9.52628386  8.84592634  1.45876353
[145] 12.86042889  9.39062393 11.52185763 21.05985695 12.14640228 16.05742634
[151] 10.73334948  9.48354297 11.42984305 10.55324223  9.25821655  0.45712425
[157] 10.03888485  7.73894921  8.18085950  3.27764154          NA          NA
[163]  4.06765475  3.85739040          NA          NA          NA 10.08258306
[169] 11.21737503 10.19334470  9.50323360  8.97298420 11.97014696 10.98813513
[175]  8.89429205 10.94282351 16.72308770 14.78499136 11.86019293 11.30854955
[181]  0.32236166  8.84907094 16.90488201 10.23025822  9.23700017 11.23070115
[187] 10.23447007  2.34701291          NA          NA  7.39172674  6.10640696
[193]          NA          NA          NA          NA          NA  4.55091548
[199]  4.31033475          NA          NA          NA 10.60047724  9.16422328
[205]          NA  2.61126369  1.53677417  0.96170674          NA          NA
[211] 13.42393284  8.54573435 11.35433243 15.58298850 10.88713354 10.95363093
[217] 11.33754754 11.31529681          NA 10.31589314 17.09256194 13.65896005
[223]  8.87013415 10.89015621          NA          NA          NA  6.17295722
[229]          NA          NA  3.04729640          NA          NA          NA
[235]          NA  0.50791409          NA  3.51101884          NA          NA
[241]          NA          NA          NA          NA  7.62447099 12.93538055
[247] 12.07059574 10.55811668 11.86834792  8.68333811  1.30965768          NA
[253]          NA          NA 13.18277113 10.86551101          NA          NA
[259]          NA          NA  0.08858876          NA          NA          NA
[265]          NA          NA          NA  1.57098871          NA  1.15165299
[271]  1.48382409 10.36046512  8.43957219  2.18442216  6.92253240 10.44978782
[277]  9.48480363 10.22645574 12.13930691 10.50807675  1.34164880  0.24735657
[283]  0.86091945          NA          NA          NA 16.01911377 11.93867382
[289] 11.24720385 11.01053388  9.72339960  1.47659717          NA          NA
[295]          NA  2.66550845          NA          NA          NA          NA
[301]          NA          NA          NA          NA  3.42089836  4.23947393
[307] 10.60784949  5.82393518  8.65136840          NA          NA  1.85433509
[313]          NA  0.21962525          NA  0.94164365          NA 13.59772414
[319] 11.64420822 11.71991305 14.19490413  7.54219137          NA          NA
[325]          NA          NA  2.29920690  4.50942761          NA          NA
[331]          NA  0.11697825          NA          NA  2.55490067  2.12717872
[337]  0.59431622  9.35610165          NA  1.50694567          NA  4.34833586
[343]          NA          NA  2.54511790          NA  3.40107656          NA
[349]          NA          NA          NA  1.59895562  7.25200915  0.47551796
[355]          NA          NA          NA          NA  7.51410230          NA
[361]          NA  9.33209064  8.42670462  7.69391935          NA          NA
[367]          NA          NA          NA          NA  3.65239070          NA
[373]          NA          NA          NA  3.09540478          NA          NA
[379]          NA          NA          NA          NA  0.78041903          NA
[385]          NA          NA

$TS
  [1] 46.319011088 45.538559030 42.991950782 42.246883106 39.267268263
  [6] 38.170072332 35.942915134 35.401087752 31.329737226 41.680375407
 [11] 42.099785326 40.541527974 40.146030530 36.017749242 35.476099995
 [16] 34.807159570 28.740734543 20.734801997 19.061520092 17.017781590
 [21] 14.584742239 32.985612905 29.070387560 19.783346281 17.762829400
 [26] 29.842402811 28.548151405 37.748761263 36.575633726 41.369121528
 [31] 39.500886333 39.180350515 35.688940457 28.582369123 23.830412889
 [36] 22.614265408 35.327498114 34.387285732 28.519969365 20.167165197
 [41] 15.671090504 15.632545657 30.476136220 29.848490600 23.497462411
 [46] 21.822788948 17.208812674 16.734614565 26.381278124 25.842305465
 [51] 22.290875880 22.148042256 25.649260255 24.273225610 23.988633953
 [56] 23.367922225 14.501044065 13.310470415 37.099991668 36.551172370
 [61] 37.834117783 36.726453818 37.117430294 28.098676494 24.539200234
 [66] 25.542402283 24.376134057 24.363708431 18.715122693 17.420266121
 [71] 25.845726164 17.678681514 14.611370324 11.635782644 25.663484529
 [76] 25.650230318 27.991168179 20.444377225 18.576202494 14.310739746
 [81] 14.306285544 25.025194063 20.221668130 22.119209086 15.961670977
 [86] 24.954391403 23.935493988 23.362989222 20.545194826 18.696333066
 [91] 15.168014106 23.554078279 23.714949978 20.354868941 13.327382165
 [96] 13.182799242 11.437979202 11.544608061 10.277950420  6.208341944
[101] 22.585451550 19.502064840 23.786404806 22.768472760 22.272444521
[106] 16.729309919 15.567649615 13.208443864 14.562142176 14.198812300
[111] 24.833273434 23.944924399 18.735375345 13.797187444 12.443025196
[116]  9.403599119  7.515075347  3.881613552  3.765272845  2.431662085
[121] 12.870178491 12.396736181 17.795417528 14.561469454 14.237381248
[126] 13.580193737 12.672155118 12.532842534 11.686757174 13.397936636
[131] 13.342926665 22.897503287 16.757011569 17.680759429 17.343631709
[136] 15.843177696 23.172441041 16.163883821 11.759256611 13.323713274
[141]  2.471110632 11.208356578  9.787178907  3.727137907 17.238386826
[146] 15.153489551 14.207692224 21.362786608 21.853784125 16.299852853
[151] 15.084963114 14.122411685 11.576570875 11.789612290 11.495165400
[156]  6.758532760 10.661923932  9.600090570  8.706471446  6.909096254
[161]  4.927765728  3.201772732  7.089483812  4.002421669  2.360796488
[166]  2.685726856 11.457685003 11.648951912 11.611276624 12.942597319
[171] 11.592121783 10.135162310 15.489812623 12.149581470 14.126326344
[176] 11.727666441 20.697837151 20.035318385 14.113846808 13.844870509
[181]  9.035496640 12.581240795 20.989300962 13.498424332 12.270369073
[186] 13.363045891 11.037625571  5.695433727  4.956214643  3.688275799
[191]  9.511774062  8.961444642  2.953811481  2.114749153  0.697134666
[196]  2.842525686  5.979124147  5.060009928  4.406052162  4.175342594
[201]  0.145740685  0.347601722 10.646419180  9.948962005  6.943160987
[206]  5.658692364  4.628291922  3.629224689  2.882188239  1.603536162
[211] 13.933409462 13.462961807 12.761627384 19.804760921 19.273878191
[216] 16.758412662 13.681092456 12.663100248  7.179188034 10.571344910
[221] 18.305144642 17.908920375 12.853831592 11.901724368  3.200800632
[226]  3.127982678  1.002932058  6.254523146  0.483637546  5.180842301
[231]  3.351388531  3.090230016  2.937986443  0.473310627  2.743027021
[236]  2.975567887  2.803389053  5.325045479  4.830752167  4.501615046
[241]  3.744449943  2.831223643  1.936340518 10.937229056  8.790410466
[246] 18.653523331 16.461324595 14.313384302 15.556446366 12.246665420
[251]  6.351433287  4.698456828  4.210820573  4.052070203 18.266609391
[256] 12.217840856 11.138804163  1.003461272  0.953613095  1.654119958
[261]  0.270374545  1.128881687  0.438252900  4.214126265  3.272728381
[266]  1.450624596  1.360728678  3.851888804  2.982804896  2.516309548
[271]  3.482290624 10.402077573  8.693284905  7.565484819  7.062995427
[276] 15.069162807 13.124492778 12.094218643 13.697236248 11.135793849
[281]  3.672205805  2.784529379  3.673589310  2.975242597  2.582601321
[286]  2.475429649 17.162962583 16.033689773 15.084254160 11.581391111
[291] 10.258898534  9.100422585  4.843469819  2.940194204  2.790951509
[296]  2.785149531  2.780008799  2.575038071  0.291283005  0.006354199
[301]  0.159327758  2.735893138  2.839041285  6.312000428  6.305540890
[306]  5.338708231 14.379829457 13.617489622 10.668465358  2.454004385
[311]  1.894134405  2.296479274  1.208064843  0.868830343  2.205431804
[316]  2.077921077  2.462799827 15.954568482 15.362490507 12.335738059
[321] 14.282068041  7.821239857  2.598673776  1.959440395  3.244202546
[326]  2.164725639  6.097839498  4.509645531  3.573351379  3.024307424
[331]  1.311349140  0.597440160  0.100476779  5.294646521  3.612312038
[336]  9.216082060  6.187454011 10.466221190  1.637526675  1.714810580
[341]  0.829420497 12.165718044  2.423857530  0.575793541  2.991480601
[346]  1.945825877  4.032150516  3.948416280  1.928621999  0.153797475
[351]  0.921749438  3.151351595  7.403313532  6.587658166  5.681845180
[356]  4.008569414  3.854140256  1.617764410 10.325705361  1.032752971
[361]  1.657150632  9.874822641  9.357324069  8.484550848  5.633035922
[366]  1.799482244  0.342913421  3.364708278  0.159253597  0.880179542
[371]  3.728603211  0.227647092  0.926115653  2.202516840  2.136234332
[376]  3.447860260  1.199399444  2.801610130  0.190390545  1.347259033
[381]  0.466482646  3.295929243  3.177982941  0.320114824  0.772997501
[386]  3.011164666

$PAR
  [1]  NA   1   1   1   2   2   2   2   2   3   4   4   4   4   4   4   4   4
 [19]   4   4   4   6   8   8   8   9   9  10  10  11  11  12  14  14  14  14
 [37]  15  15  17  18  19  19  22  22  22  23  24  24  26  26  26  26  27  27
 [55]  27  27  27  27  28  29  30  30  32  33  33  34  34  34  35  35  38  40
 [73]  42  42  43  43  44  45  46  47  47  49  51  52  52  53  53  53  53  53
 [91]  53  54  55  55  56  56  56  58  58  58  65  65  68  68  68  70  70  70
[109]  72  72  76  76  76  79  80  80  80  80  80  80  81  81  82  82  82  82
[127]  82  82  82  85  85  87  88  90  90  90  92  94  94  95  95  98  98 100
[145] 102 102 102 103 104 112 112 112 112 114 114 114 115 115 115 115 115 115
[163] 117 117 118 119 125 126 129 131 133 133 134 134 136 136 137 137 138 138
[181] 143 146 149 151 151 152 154 156 156 156 158 158 161 161 161 162 163 163
[199] 163 163 165 166 167 167 167 167 167 167 167 167 175 175 175 177 177 178
[217] 179 180 181 182 183 183 184 185 188 189 189 192 193 197 197 197 197 197
[235] 200 205 205 206 206 206 207 208 209 212 212 214 214 215 216 217 219 219
[253] 219 219 221 223 223 225 225 226 226 230 237 238 239 239 239 240 240 240
[271] 241 244 244 244 244 247 247 248 249 250 251 251 252 252 252 254 255 255
[289] 255 256 257 257 257 257 265 265 265 265 265 265 267 269 271 274 274 274
[307] 276 279 280 281 281 282 282 282 284 284 285 288 288 288 289 292 292 292
[325] 293 297 304 304 304 304 304 304 304 305 305 308 308 309 315 317 317 320
[343] 323 324 325 326 327 327 330 330 331 334 336 336 336 337 337 337 338 339
[361] 340 342 342 342 342 346 346 348 348 349 354 355 356 357 357 365 365 368
[379] 373 374 374 376 376 377 378 383

$EXTANT
  [1] FALSE FALSE FALSE FALSE FALSE FALSE FALSE FALSE FALSE FALSE FALSE FALSE
 [13] FALSE FALSE FALSE FALSE FALSE FALSE FALSE FALSE FALSE FALSE FALSE FALSE
 [25] FALSE FALSE FALSE FALSE FALSE FALSE FALSE FALSE FALSE FALSE FALSE FALSE
 [37] FALSE FALSE FALSE FALSE FALSE FALSE FALSE FALSE FALSE FALSE FALSE FALSE
 [49] FALSE FALSE FALSE FALSE FALSE FALSE FALSE FALSE FALSE  TRUE FALSE FALSE
 [61] FALSE FALSE FALSE FALSE FALSE FALSE FALSE FALSE FALSE FALSE FALSE FALSE
 [73] FALSE FALSE FALSE FALSE FALSE FALSE FALSE  TRUE FALSE FALSE FALSE FALSE
 [85] FALSE FALSE FALSE FALSE FALSE FALSE FALSE FALSE FALSE FALSE  TRUE FALSE
 [97] FALSE FALSE FALSE  TRUE FALSE FALSE FALSE FALSE FALSE FALSE FALSE FALSE
[109] FALSE FALSE FALSE FALSE FALSE FALSE  TRUE FALSE  TRUE  TRUE  TRUE  TRUE
[121] FALSE FALSE FALSE FALSE FALSE FALSE FALSE FALSE FALSE FALSE FALSE FALSE
[133] FALSE FALSE FALSE FALSE FALSE FALSE FALSE FALSE  TRUE FALSE FALSE FALSE
[145] FALSE FALSE FALSE FALSE FALSE FALSE FALSE FALSE FALSE FALSE FALSE FALSE
[157] FALSE FALSE FALSE FALSE  TRUE  TRUE FALSE FALSE  TRUE  TRUE  TRUE FALSE
[169] FALSE FALSE FALSE FALSE FALSE FALSE FALSE FALSE FALSE FALSE FALSE FALSE
[181] FALSE FALSE FALSE FALSE FALSE FALSE FALSE FALSE  TRUE  TRUE FALSE FALSE
[193]  TRUE  TRUE  TRUE  TRUE  TRUE FALSE FALSE  TRUE  TRUE  TRUE FALSE FALSE
[205]  TRUE FALSE FALSE FALSE  TRUE  TRUE FALSE FALSE FALSE FALSE FALSE FALSE
[217] FALSE FALSE  TRUE FALSE FALSE FALSE FALSE FALSE  TRUE  TRUE  TRUE FALSE
[229]  TRUE  TRUE FALSE  TRUE  TRUE  TRUE  TRUE FALSE  TRUE FALSE  TRUE  TRUE
[241]  TRUE  TRUE  TRUE  TRUE FALSE FALSE FALSE FALSE FALSE FALSE FALSE  TRUE
[253]  TRUE  TRUE FALSE FALSE  TRUE  TRUE  TRUE  TRUE FALSE  TRUE  TRUE  TRUE
[265]  TRUE  TRUE  TRUE FALSE  TRUE FALSE FALSE FALSE FALSE FALSE FALSE FALSE
[277] FALSE FALSE FALSE FALSE FALSE FALSE FALSE  TRUE  TRUE  TRUE FALSE FALSE
[289] FALSE FALSE FALSE FALSE  TRUE  TRUE  TRUE FALSE  TRUE  TRUE  TRUE  TRUE
[301]  TRUE  TRUE  TRUE  TRUE FALSE FALSE FALSE FALSE FALSE  TRUE  TRUE FALSE
[313]  TRUE FALSE  TRUE FALSE  TRUE FALSE FALSE FALSE FALSE FALSE  TRUE  TRUE
[325]  TRUE  TRUE FALSE FALSE  TRUE  TRUE  TRUE FALSE  TRUE  TRUE FALSE FALSE
[337] FALSE FALSE  TRUE FALSE  TRUE FALSE  TRUE  TRUE FALSE  TRUE FALSE  TRUE
[349]  TRUE  TRUE  TRUE FALSE FALSE FALSE  TRUE  TRUE  TRUE  TRUE FALSE  TRUE
[361]  TRUE FALSE FALSE FALSE  TRUE  TRUE  TRUE  TRUE  TRUE  TRUE FALSE  TRUE
[373]  TRUE  TRUE  TRUE FALSE  TRUE  TRUE  TRUE  TRUE  TRUE  TRUE FALSE  TRUE
[385]  TRUE  TRUE

