
Birth-death simulation object with 159 species and 76 extant species

Details for some species:

Extinction times (NA means extant)
[1] 41.51234 42.83650 34.45249 39.04908 32.77102 32.24923


Speciation times 
[1] 46.31901 44.23542 41.80684 39.19161 38.56638 35.73631


Species parents (NA for initial)
[1] NA  1  1  3  3  3


Species status (extinct or extant)
[1] "extinct" "extinct" "extinct" "extinct" "extinct" "extinct"


For more details on vector y, try sim$y, with y one of
TE TS PAR EXTANT



$TE
  [1] 41.51233865 42.83649854 34.45248902 39.04907585 32.77102223 32.24922509
  [7] 19.39946758 27.89864409 24.40774600 21.86130026          NA 11.53676155
 [13] 10.49131717 11.10019581 30.41884804 12.34409899 18.78674750 11.06257355
 [19] 15.94903500 12.60442251  1.10022533          NA          NA 20.39307804
 [25] 11.36507735  9.15717023 11.44468976 11.18002792 12.13691554 16.89101927
 [31] 26.54814381 12.34202444 13.25317950 15.28835607 11.74745984 12.25148715
 [37]          NA  1.19710812          NA          NA 10.75742441 11.22695507
 [43]  5.99005355 12.44894347 11.89852585 10.53382651 10.21895601  7.68922078
 [49] 12.41416196 15.02381685 10.82761815  9.36550525  8.86915119  9.68116975
 [55]          NA 12.05365727  8.51809898  9.69480045  3.67884458 12.45256289
 [61]  8.45044076  1.71332571 10.26159726  8.96320475 10.12857158  6.45078148
 [67] 11.50572524          NA          NA  3.88597490          NA          NA
 [73]          NA          NA          NA          NA          NA  3.80077053
 [79]  4.85186142  0.83492835          NA          NA          NA          NA
 [85]  0.58883663  2.73917571  1.63280079          NA          NA          NA
 [91]          NA          NA          NA          NA          NA          NA
 [97]          NA          NA          NA          NA          NA          NA
[103]          NA          NA  0.43381429          NA          NA          NA
[109]  0.38996448  2.47914633          NA          NA          NA          NA
[115]  3.10972767          NA  0.06243415  0.76543309          NA          NA
[121]          NA  1.03336836          NA          NA          NA          NA
[127]          NA  0.60520261          NA          NA          NA          NA
[133]          NA          NA          NA          NA          NA          NA
[139]          NA          NA  3.44766741          NA          NA          NA
[145]  4.22843288          NA  0.57210230          NA          NA  2.35280781
[151]          NA          NA          NA  2.86895218          NA  4.11336083
[157]          NA  3.75533738  2.39220902

$TS
  [1] 46.31901109 44.23542304 41.80683613 39.19160709 38.56638144 35.73630917
  [7] 33.89457140 32.26446897 27.12120852 26.44230539 25.52242751 25.01505790
 [13] 22.86142395 19.55192757 30.94870328 30.07829082 26.34795560 23.91156369
 [19] 16.12014558 15.62353791  4.46313088  3.72163884  1.28417155 23.35012532
 [25] 16.98506596 16.33687734 15.29021016 11.55298101 13.88877662 19.09503576
 [31] 29.25089274 21.57738341 16.72046769 24.46799233 19.55648907 14.47683177
 [37]  3.25248055  1.58965847  3.56625467  0.48749854 15.92952313 13.24584233
 [43] 12.96725749 12.49186727 14.77260654 14.30031326 11.18114350 18.39401093
 [49] 16.60990606 16.52202397 12.96726209 11.95344142 13.87627584 12.11457907
 [55]  6.40550470 14.11058800 11.17318897 12.02560434  8.69403258 15.18323172
 [61] 10.42389725  1.73891986 10.28342149 10.16465883 11.98249065  7.28034399
 [67] 12.71513319  8.81126550  6.86739934  6.67895443  8.44622009  7.97001249
 [73]  7.62510850  1.66862283  0.99581869  2.49390947  2.38492523  7.32523539
 [79]  6.53614909  6.24350135  5.58940738  5.52828843  5.32171979  4.53736520
 [85]  3.82739165  7.33252684  6.97199683  5.61593250  4.31565151  1.01145278
 [91]  0.95085069  0.34454258  0.68507143  1.11148803  7.29347487  7.18315784
 [97]  5.92127263  3.34309819  3.01559461  1.94413761  2.47270455  2.14202869
[103]  2.01458630  1.88995700  4.34783735  2.42082462  1.99153035  1.12265081
[109]  4.27548280  2.93506076  4.80294963  4.31083342  4.11579270  3.86122945
[115]  5.03012731  4.22750913  0.88128298  2.47642942  6.54780744  4.40318815
[121]  4.54431346  3.60776502  4.34281143  3.60678296  1.09613592  4.10209471
[127]  1.57226958  1.34248312  0.54914490  0.00810319  1.02453668  4.15073119
[133]  2.16692793  2.75422177  1.54686648  0.45571068  1.17031053  0.99298926
[139]  0.06445406  2.01575975  6.35448854  4.95930685  4.93525539  4.64024616
[145]  4.50720076  4.09384400  3.47463560  0.77891532  3.48396395  2.47404394
[151]  1.66473246  0.31125465  0.45593402  2.91710029  2.79217330  4.76811582
[157]  2.46962792  3.91070006  3.08062878

$PAR
  [1]  NA   1   1   3   3   3   5   6   7   7   7   7   7   7   8   8   9  11
 [19]  11  11  11  11  11  12  12  12  12  12  13  14  16  16  16  17  17  18
 [37]  21  21  22  23  25  25  26  26  27  27  28  32  35  35  35  35  36  42
 [55]  43  46  47  48  48  50  53  55  57  57  58  59  60  61  66  66  68  68
 [73]  68  69  69  71  71  72  72  72  72  72  72  72  72  73  73  73  73  74
 [91]  74  75  76  77  78  78  78  80  80  80  81  81  81  82  83  83  83  83
[109]  86  86  87  87  87  87  88  88  88  89  95  95  96  96  97  97 102 105
[127] 107 107 107 107 109 111 111 113 113 113 114 114 116 118 119 119 119 119
[145] 119 121 121 121 122 123 126 131 133 142 142 143 143 144 147

$EXTANT
  [1] FALSE FALSE FALSE FALSE FALSE FALSE FALSE FALSE FALSE FALSE  TRUE FALSE
 [13] FALSE FALSE FALSE FALSE FALSE FALSE FALSE FALSE FALSE  TRUE  TRUE FALSE
 [25] FALSE FALSE FALSE FALSE FALSE FALSE FALSE FALSE FALSE FALSE FALSE FALSE
 [37]  TRUE FALSE  TRUE  TRUE FALSE FALSE FALSE FALSE FALSE FALSE FALSE FALSE
 [49] FALSE FALSE FALSE FALSE FALSE FALSE  TRUE FALSE FALSE FALSE FALSE FALSE
 [61] FALSE FALSE FALSE FALSE FALSE FALSE FALSE  TRUE  TRUE FALSE  TRUE  TRUE
 [73]  TRUE  TRUE  TRUE  TRUE  TRUE FALSE FALSE FALSE  TRUE  TRUE  TRUE  TRUE
 [85] FALSE FALSE FALSE  TRUE  TRUE  TRUE  TRUE  TRUE  TRUE  TRUE  TRUE  TRUE
 [97]  TRUE  TRUE  TRUE  TRUE  TRUE  TRUE  TRUE  TRUE FALSE  TRUE  TRUE  TRUE
[109] FALSE FALSE  TRUE  TRUE  TRUE  TRUE FALSE  TRUE FALSE FALSE  TRUE  TRUE
[121]  TRUE FALSE  TRUE  TRUE  TRUE  TRUE  TRUE FALSE  TRUE  TRUE  TRUE  TRUE
[133]  TRUE  TRUE  TRUE  TRUE  TRUE  TRUE  TRUE  TRUE FALSE  TRUE  TRUE  TRUE
[145] FALSE  TRUE FALSE  TRUE  TRUE FALSE  TRUE  TRUE  TRUE FALSE  TRUE FALSE
[157]  TRUE FALSE FALSE

