
Birth-death simulation object with 277 species and 66 extant species

Details for some species:

Extinction times (NA means extant)
[1] 21.79217 40.04436 42.05821 17.80757 31.01353 23.57635


Speciation times 
[1] 46.31901 44.90822 43.84568 41.60191 38.83399 35.72313


Species parents (NA for initial)
[1] NA  1  1  1  1  1


Species status (extinct or extant)
[1] "extinct" "extinct" "extinct" "extinct" "extinct" "extinct"


For more details on vector y, try sim$y, with y one of
TE TS PAR EXTANT



$TE
  [1] 21.79217198 40.04435678 42.05821056 17.80757210 31.01352911 23.57635469
  [7] 34.76858512 20.85072231 11.17179102 16.78835420  9.10982455 21.23494770
 [13] 41.22304966 38.14260581 28.14333337 14.43663230 30.31400467 35.95904506
 [19] 31.02495893 20.69314701 21.89153736 29.08461099 13.94681543 11.85321987
 [25] 10.14274257 13.19874103 19.42608897 15.31720391 26.51061267 24.85876513
 [31] 11.80150203 25.67509461 16.90128331 16.04102546 28.55929764 30.45568597
 [37] 28.48664310 23.71945605 11.39460531  2.04404296 37.09575699 29.50474431
 [43] 11.18124282 17.09722185 11.27362507 12.07911925 15.25988479 15.73277027
 [49] 12.61203123 13.30051066 12.62000321          NA  7.63896501  2.78731224
 [55]          NA  3.24189351          NA 11.62402511 15.84711326          NA
 [61]  7.98542641 11.88518325  8.77969826 13.67603120 14.73544420 19.13089163
 [67] 12.39191779 15.43554072  5.20082977  3.69072164          NA  0.66532081
 [73]  0.59287627          NA          NA          NA          NA          NA
 [79]          NA  0.07182565 12.93088373 16.51956222 12.25895347  4.96943463
 [85]  3.56901623          NA  8.99040750 10.85736400  8.08138751  9.39878123
 [91] 11.65991596  9.48602410 11.39175882  9.91732555 13.15449168 20.68614084
 [97] 15.39333629 13.56460402          NA          NA  0.54501794  2.34060391
[103]          NA  1.68976976          NA  2.40463852 15.28651542  9.27286752
[109] 25.59179097 18.99787181 11.48519970 12.27255010 11.46452673 13.29268510
[115]  6.78619192 10.83186333 15.15467447 20.69966421  9.92775829 12.09414431
[121]  8.17846799 12.28199059          NA          NA          NA          NA
[127]  2.08125262  0.55327740          NA  5.51771502 12.14677611  2.45594772
[133] 13.83745602  7.71256079  8.71124159 12.21016913 13.12820662 11.03477638
[139]  8.60169205 14.11114362 14.49803626 10.34663021  8.76230542  7.46650862
[145] 12.23396866 12.66327733 12.96596740  5.89487769 12.45897086  2.77324861
[151]          NA          NA 12.32036588 14.11114738 13.34362934  9.12800799
[157]          NA 11.85874819 10.01651534  9.75779894          NA  8.87502310
[163]  9.38387945 11.49347540  8.38681736  9.07816139  8.82642019  7.43119111
[169]          NA  2.23681350  3.02407981 11.33698142 16.36911308          NA
[175] 16.31106991 10.37370045 15.25042722  8.98887533 11.27198664 10.30234129
[181]  8.73980666          NA  3.13936244          NA          NA 12.33007850
[187]  0.67439820  1.37075252  9.53703248          NA  1.96229281  0.04612594
[193] 17.79470994 11.47573583  9.37597479  5.56287760  3.84483280 11.57985311
[199] 10.22572974  8.36164948  9.73595758          NA 11.88254098 13.24467630
[205]  9.39676446  7.80249064  9.68934451  4.12784371  1.57402683  5.28444963
[211] 10.90746911  7.66492104  4.17044769 11.50328241 11.62286605          NA
[217]          NA  0.50368812          NA  3.19234204 10.43380250 12.08579417
[223]  8.21513406  0.32869019          NA          NA          NA  2.38780229
[229]          NA          NA          NA          NA          NA  2.21629875
[235]          NA 11.72099759  9.10690888  9.25133394  9.42628559  0.85098763
[241]  8.46730842  0.07797671          NA          NA          NA          NA
[247]  1.51897904          NA          NA  0.85558183          NA  2.45598065
[253]          NA  6.04883283  5.58864749          NA 11.72284831 10.04952440
[259]  9.22611663          NA  1.47369469          NA          NA          NA
[265]          NA          NA  0.61166856  1.15807517          NA  0.82656391
[271]  9.80072041          NA          NA          NA          NA          NA
[277]          NA

$TS
  [1] 46.31901109 44.90822412 43.84567511 41.60190816 38.83399227 35.72312853
  [7] 35.32593348 31.60813243 28.26173878 27.97911387 25.95961241 24.58209907
 [13] 42.29376418 40.10435005 36.56961672 36.10465494 31.97316710 36.02098193
 [19] 35.46584207 33.42778726 32.29175731 33.03724407 19.37609592 17.40922489
 [25] 17.30786090 15.20286907 22.77484136 21.94141471 39.30863721 25.38714054
 [31] 15.22557778 26.17874131 22.66598028 21.96903975 32.24942303 30.77845134
 [37] 29.35285243 29.28980756 16.31299001 16.43499217 38.10234049 35.62616602
 [43] 14.74871823 20.66012353 19.06591645 18.68354859 17.38521768 17.10876858
 [49] 29.34334151 14.18761258 13.31719335 10.09423214  7.92573668  5.23427637
 [55]  4.69051649  3.34246417  2.10105463 17.57024509 15.90577552 14.70569092
 [61] 14.33969870 13.29706377 15.77051728 28.54507316 27.16353418 23.36878118
 [67] 19.84563550 15.72826157  5.69227657  5.11378873  0.89992174  5.16793140
 [73]  4.00384645  3.32785911  3.03247958  2.71963068  1.90805432  0.18030754
 [79]  0.03261131  0.37695582 17.34765293 17.15182938 12.96463692  6.68067459
 [85]  3.70297715  1.40904114 11.85609462 11.97748664  9.80533869 27.14998082
 [91] 26.57711188 20.59069492 14.50620283 13.80532232 25.10548757 21.72671642
 [97] 16.85298831 15.82307175  4.92831357  4.02962864  1.88961747  3.79078369
[103]  3.65370212  3.29325897  2.09024759  2.74670339 17.01320372  9.65639307
[109] 26.22583807 21.80840904 11.74614691 21.23457779 13.65553358 16.90207686
[115] 11.94848452 11.86772950 23.06213763 21.74552239 18.96437828 16.53289993
[121] 13.76608622 14.58649680  0.05876932  2.88665896  1.50341604  3.12863232
[127]  2.88210154  2.79569600  3.06061213 19.25713758 14.44567950  6.99594686
[133] 21.68937744 20.37397451 18.69570835 17.18216475 17.01265548 15.23329744
[139] 12.85350417 14.84528504 14.60941935 13.19705002  9.53128849  8.55223170
[145] 12.65497592 18.00309925 15.69203053 12.73402091 13.33041422  6.15839169
[151]  3.38548348  2.97966980 20.24910860 17.33221654 15.45302752 14.57898358
[157]  7.76246416 17.35740899 13.32808287 10.16541046 14.61874387 13.18262284
[163] 11.80995927 12.39971433 10.71611510 12.05544232 10.91118074 10.00469524
[169]  7.18343030  5.22054038  4.06406070 19.70896965 18.61169111 17.41736087
[175] 17.22255560 14.91910542 16.89188500 16.58649611 13.62042166 13.72733559
[181]  9.33098834  6.13553521  4.72681174  2.57723548  0.40722731 14.18436437
[187]  2.98883776  1.54828197 10.89380558  5.50004928  4.96912072  3.00779535
[193] 18.49288770 13.05474101 12.93323754  6.82199451 10.52242804 13.76147816
[199] 11.78655969  9.69265246 10.87085005  0.67739930 18.38904133 18.09051116
[205] 12.60899922  9.91474604  9.80265821  8.43802503  7.01552095  6.29689244
[211] 11.57873706  9.40588754 17.64760696 16.65365396 12.17728209  7.65343324
[217]  7.21714219  4.02168698  5.83028729  8.20232560 16.94771807 14.28648713
[223] 12.37378894  6.16112673  4.91710512  4.73300484  3.76640750  3.44655260
[229]  3.08249208  0.85848315  5.23923921  4.10413947  3.87585550  3.61700642
[235] 12.86409398 12.86133532 11.95249365 13.84642700  9.43073631  8.93820247
[241]  8.89746704  5.13502317  2.26797930  2.16990457  3.84169376  1.93876490
[247]  1.92807226  2.77595038  4.60027302  3.41736172  0.94594218  2.96466170
[253]  9.67918596  6.94949908  5.93098032  3.05246742 12.18373888 11.48307649
[259] 11.42424298  6.50550674  1.73614593  0.61488164  2.61849942  1.66497930
[265]  2.70001010  2.52337844  1.36775532  2.98648358  0.33903624  2.51265159
[271]  9.94533866  0.79737357  0.28998704  1.09808197  0.40364875  1.84413177
[277]  1.86206193

$PAR
  [1]  NA   1   1   1   1   1   1   1   1   1   1   1   2   2   4   4   4   5
 [19]   5   5   5   6   9   9  11  11  12  12  14  16  16  20  20  20  21  22
 [37]  22  22  23  28  29  29  31  33  33  34  34  34  37  39  40  40  40  40
 [55]  40  40  40  44  45  45  45  45  46  49  49  49  49  49  52  52  52  54
 [73]  54  55  55  55  55  55  55  57  58  58  60  60  60  60  61  62  63  64
 [91]  64  64  64  64  65  65  65  67  70  70  72  73  73  73  73  74  82  87
[109]  90  90  90  91  91  92  92  93  95  95  95  95  95  98  99 100 101 102
[127] 102 102 104 110 114 115 117 117 117 117 117 119 119 120 120 121 121 121
[145] 122 130 130 130 131 132 132 132 133 134 134 134 134 135 135 135 137 138
[163] 138 139 139 148 148 148 148 150 150 153 153 153 153 153 154 154 155 156
[181] 156 157 157 157 157 161 161 161 162 169 170 170 172 172 172 174 176 178
[199] 178 178 189 190 193 193 194 197 197 197 197 197 199 200 203 204 205 208
[217] 208 209 210 212 213 213 214 216 216 216 216 216 216 216 217 217 220 220
[235] 221 221 221 222 223 223 223 224 225 225 226 226 227 229 231 231 233 234
[253] 235 235 235 235 238 238 238 240 242 242 245 245 248 249 249 250 251 253
[271] 259 260 260 263 264 265 268

$EXTANT
  [1] FALSE FALSE FALSE FALSE FALSE FALSE FALSE FALSE FALSE FALSE FALSE FALSE
 [13] FALSE FALSE FALSE FALSE FALSE FALSE FALSE FALSE FALSE FALSE FALSE FALSE
 [25] FALSE FALSE FALSE FALSE FALSE FALSE FALSE FALSE FALSE FALSE FALSE FALSE
 [37] FALSE FALSE FALSE FALSE FALSE FALSE FALSE FALSE FALSE FALSE FALSE FALSE
 [49] FALSE FALSE FALSE  TRUE FALSE FALSE  TRUE FALSE  TRUE FALSE FALSE  TRUE
 [61] FALSE FALSE FALSE FALSE FALSE FALSE FALSE FALSE FALSE FALSE  TRUE FALSE
 [73] FALSE  TRUE  TRUE  TRUE  TRUE  TRUE  TRUE FALSE FALSE FALSE FALSE FALSE
 [85] FALSE  TRUE FALSE FALSE FALSE FALSE FALSE FALSE FALSE FALSE FALSE FALSE
 [97] FALSE FALSE  TRUE  TRUE FALSE FALSE  TRUE FALSE  TRUE FALSE FALSE FALSE
[109] FALSE FALSE FALSE FALSE FALSE FALSE FALSE FALSE FALSE FALSE FALSE FALSE
[121] FALSE FALSE  TRUE  TRUE  TRUE  TRUE FALSE FALSE  TRUE FALSE FALSE FALSE
[133] FALSE FALSE FALSE FALSE FALSE FALSE FALSE FALSE FALSE FALSE FALSE FALSE
[145] FALSE FALSE FALSE FALSE FALSE FALSE  TRUE  TRUE FALSE FALSE FALSE FALSE
[157]  TRUE FALSE FALSE FALSE  TRUE FALSE FALSE FALSE FALSE FALSE FALSE FALSE
[169]  TRUE FALSE FALSE FALSE FALSE  TRUE FALSE FALSE FALSE FALSE FALSE FALSE
[181] FALSE  TRUE FALSE  TRUE  TRUE FALSE FALSE FALSE FALSE  TRUE FALSE FALSE
[193] FALSE FALSE FALSE FALSE FALSE FALSE FALSE FALSE FALSE  TRUE FALSE FALSE
[205] FALSE FALSE FALSE FALSE FALSE FALSE FALSE FALSE FALSE FALSE FALSE  TRUE
[217]  TRUE FALSE  TRUE FALSE FALSE FALSE FALSE FALSE  TRUE  TRUE  TRUE FALSE
[229]  TRUE  TRUE  TRUE  TRUE  TRUE FALSE  TRUE FALSE FALSE FALSE FALSE FALSE
[241] FALSE FALSE  TRUE  TRUE  TRUE  TRUE FALSE  TRUE  TRUE FALSE  TRUE FALSE
[253]  TRUE FALSE FALSE  TRUE FALSE FALSE FALSE  TRUE FALSE  TRUE  TRUE  TRUE
[265]  TRUE  TRUE FALSE FALSE  TRUE FALSE FALSE  TRUE  TRUE  TRUE  TRUE  TRUE
[277]  TRUE

