
Birth-death simulation object with 297 species and 118 extant species

Details for some species:

Extinction times (NA means extant)
[1] 46.30394 48.99584 44.60236 43.59724 40.88869 33.90594


Speciation times 
[1] 49.26651 49.15145 47.96249 47.55034 44.18698 43.78717


Species parents (NA for initial)
[1] NA  1  1  3  4  5


Species status (extinct or extant)
[1] "extinct" "extinct" "extinct" "extinct" "extinct" "extinct"


For more details on vector y, try sim$y, with y one of
TE TS PAR EXTANT



$TE
  [1] 46.30393830 48.99584211 44.60236063 43.59724321 40.88868655 33.90594296
  [7] 40.78404523 27.61718799 23.54316740 31.28333862 34.03669332 30.21665804
 [13] 32.51901352 30.79031615 31.38760933 23.83005599 11.62811230 32.08999394
 [19] 24.28925193 32.81399631 28.86726528 24.35031006 25.54819526 26.14375886
 [25] 23.79047816 25.94831942 18.68613397 14.07261140 15.64480260 13.62065427
 [31] 24.72397385 15.01892996 29.37270481 12.12354247 22.10730530 14.32150208
 [37] 22.65213916 27.24721917 16.47269207 18.50276826 14.59876261 19.10991892
 [43] 18.39934732 19.89449007 13.79231573 15.08965537  3.91721570 12.93447258
 [49] 25.59628755 29.25638774 17.81350998 13.09148634 15.20658953 12.21127202
 [55] 23.32691962 22.04817166 15.24098217 13.48144280 11.16548170 13.18515767
 [61] 21.71704581 25.49380045 25.14023451 13.66874626 17.38950103 17.47720175
 [67] 19.00735050 20.00304913 14.62413848 14.39397072 14.60908813 14.63100089
 [73] 15.29844903          NA  6.56980676 24.76424671 22.36715055 12.09065565
 [79] 14.11477614          NA 10.72648803 14.87738524 14.69052336 15.37446583
 [85] 15.29011329 13.91613112 19.09080520 16.91608235 14.65311811 18.37085760
 [91] 15.80558948 14.63736523 12.12429345  9.80746735  5.27643120  6.58084018
 [97]  4.63540427          NA          NA 24.10454448 14.05419556 13.43355337
[103] 12.68211856  9.67784528          NA          NA          NA          NA
[109] 10.80641684          NA 14.34533452 15.28882927  2.47345436 16.81618468
[115]  9.16458924  5.58078439  1.33335646 14.41177591 12.70899440  1.73124988
[121]          NA  4.14531155  3.08943835          NA  1.44660290  5.22990899
[127]          NA          NA          NA          NA          NA  6.58771384
[133]  6.39134163          NA  5.21602062          NA          NA          NA
[139] 14.69037666  5.83925348  4.64823803  2.63970483          NA  2.97873154
[145]          NA  3.46889585 15.02058429 16.64858091 12.33093070 12.21322788
[151] 14.45034617  3.47540579  3.35580100  2.57801516          NA          NA
[157]          NA  3.24925132          NA          NA          NA          NA
[163]          NA          NA          NA  0.05457629  0.33524690  6.84631835
[169]  0.13867881          NA          NA          NA  0.07096519  6.79589506
[175]  4.06858296  7.45351531          NA          NA  2.10348354          NA
[181]          NA  2.04855640          NA          NA          NA          NA
[187] 12.35522559 12.44344693 14.48639444          NA          NA          NA
[193]          NA          NA          NA  0.12483157          NA          NA
[199]          NA  3.32029539          NA          NA          NA  1.49715875
[205]  4.84084764  3.42970012          NA  2.76858528  0.74269354          NA
[211]  1.58970902          NA 11.67859896  8.90859694  6.49492971  2.35214329
[217]          NA  4.82464805  3.55784903          NA          NA          NA
[223]          NA          NA          NA          NA          NA          NA
[229]          NA          NA          NA          NA  1.97216611          NA
[235]          NA 10.59294935 11.78676310          NA  9.48669772  9.12965822
[241]  0.90438036          NA          NA          NA          NA          NA
[247]          NA          NA          NA          NA          NA          NA
[253]          NA 11.89789052 11.25810862  4.77345233  5.13921387  0.91342749
[259]          NA          NA          NA          NA          NA          NA
[265]          NA          NA          NA          NA          NA          NA
[271]  6.62283260          NA          NA          NA          NA          NA
[277]          NA          NA  2.58969055          NA          NA  5.09840547
[283]          NA          NA  1.36714214  0.36680051          NA          NA
[289]  4.55455525          NA  1.90694335          NA  1.65653408          NA
[295]          NA          NA          NA

$TS
  [1] 49.26651148 49.15145015 47.96248973 47.55034116 44.18698285 43.78717274
  [7] 42.96418174 42.09632363 38.25140278 35.50780651 34.38788899 34.31039324
 [13] 40.71098846 34.21058129 33.41506819 32.59326460 30.81213131 33.40754213
 [19] 31.31018943 36.77354292 34.05494913 33.74840189 33.87162666 32.32688398
 [25] 27.02331901 29.08479254 25.47969515 18.44996679 15.74012048 15.72513104
 [31] 30.11125378 32.81316302 29.65411845 28.04747709 25.49539774 32.15792137
 [37] 31.54903262 28.61181433 26.48498625 25.73955551 24.04537394 24.83585432
 [43] 24.01404441 20.43361210 18.76431326 18.00049945 15.35939436 14.65489174
 [49] 27.45142838 29.41476700 26.47183081 22.08011463 17.66326890 12.78513231
 [55] 23.80052246 22.56731443 21.40166100 17.95528029 16.34033213 14.97066997
 [61] 26.57953587 28.21159706 25.85735622 18.11869394 18.00152962 19.45942909
 [67] 23.47642116 22.50496352 18.42793374 17.96602029 16.48409102 15.67076027
 [73] 17.37660969 10.17934561  9.95407720 25.80443139 25.68227962 20.47303872
 [79] 16.76681904 15.32239970 12.26026743 19.90322984 17.31490679 23.57061060
 [85] 25.58867487 16.31380836 23.16138999 21.84385670 19.90742911 18.39331870
 [91] 17.79593542 16.26268462 15.89049704 14.91147873  7.79772285  7.74021997
 [97]  5.88812235  2.08138736  6.96355530 25.20893309 16.69032260 13.67421648
[103] 13.51998856 11.08414607 10.27287915  9.83294894  8.24195448  1.62769370
[109] 11.01450877 21.49091468 16.11816677 16.06160204 16.02670051 22.57188949
[115] 18.97109948  7.12140886  5.15860421 15.67906697 12.72939582 10.19699742
[121]  8.22140071  7.63495951  6.52684158  6.50833048  5.87877918  5.39977571
[127]  2.62596472  0.99783284  0.24333127  4.59307842  1.20983397  6.95596771
[133]  6.50729328  0.11880495 10.97079810  9.85504122  7.75086968  6.14665785
[139] 15.77643051 12.62603318  9.77068480  7.25914747  7.20373852  7.11138158
[145]  5.33903567  4.01929932 17.35030629 16.98648943 14.79294396 12.85281938
[151] 15.46957606  9.26050622  8.06689695  7.05757628  5.48164800  4.82352418
[157]  1.37490917  5.99371573  3.14633356  2.65086460  1.00020101  1.72972849
[163]  0.91243723  3.04548075  1.34283465  0.16545123  7.73220081  7.65301453
[169]  5.96240550  1.40504101  3.11775617  0.91087283  9.09289093  7.12176764
[175]  9.67618145  7.49802331  7.23964259  6.49140388  5.01031648  4.75551647
[181]  3.47044576  6.07075313  4.82120114  4.35202622  4.32297688  1.61267073
[187] 15.99663971 13.02190958 14.65791091  8.10768283  7.29252422  5.87020563
[193]  4.83560930  6.34526255  4.69702060  2.29984055  4.81080605  0.84881925
[199]  7.27805773  3.84051088  6.89579182  5.56746130  0.30459603  2.40164619
[205]  6.69279353  6.43148059  3.57447832  5.12847607  4.15405811  1.89942282
[211]  2.05588117  0.80768901 15.03440122 13.32550663  7.81968831  2.90929652
[217]  2.57240058  6.29793858  6.28989419  0.01805250  0.40746560  5.44462367
[223]  4.47309830  4.34965288  2.83340362  1.90242757  3.47305044  0.33772519
[229]  2.90836868  2.65156560  2.04625679  3.45388981  3.16747680  1.07923493
[235]  0.90812796 12.55148863 12.23631641 12.97001399  9.62932590  9.45886443
[241]  1.61784529  5.72225464  3.78552222  3.19857927  1.78172555  0.82414748
[247]  2.33943497  1.28838531  1.29658082  0.42283338  0.07548884  2.66194509
[253]  0.02542982 12.15954026 11.36011987  7.30051653  9.28417295  2.29323198
[259]  1.14896699  0.94903932  0.16768798  1.23698957  2.39361594  0.57589779
[265]  0.16855584  0.65770398  0.55586804  8.92719729  7.77714840  7.69676691
[271]  7.49767369  0.43166861  1.22057615  0.09258732  0.81097704  0.22455263
[277]  0.09806614  7.19599943  5.45862434  6.36907648  5.48300938  7.38425996
[283]  0.18940303  6.31003109  6.00359236  1.52357489  0.75647505  0.73227296
[289]  5.45558804  5.07291832  2.58033872  5.99090413  3.56759271  2.27809516
[295]  1.10119016  0.77345534  0.30867955

$PAR
  [1]  NA   1   1   3   4   5   5   5   6   6   6   6   8   8   9   9   9  10
 [19]  12  13  13  13  14  16  16  17  17  17  17  17  21  22  22  22  22  23
 [37]  23  23  23  25  25  27  27  27  27  28  30  30  31  32  32  32  32  34
 [55]  35  35  36  36  36  36  37  38  39  39  39  41  43  43  45  45  45  45
 [73]  46  47  47  49  51  52  52  52  54  57  57  61  63  64  67  67  67  69
 [91]  69  70  70  72  74  74  74  74  75  76  78  78  78  80  80  80  80  80
[109]  81  85  85  85  85  87  88  96  99 101 103 105 105 105 105 105 105 105
[127] 105 105 105 106 106 107 107 107 109 110 110 110 112 113 113 113 113 113
[145] 113 113 114 115 115 115 118 120 120 120 120 120 121 122 123 124 124 127
[163] 127 130 130 130 136 136 137 137 138 138 140 140 141 141 141 142 142 143
[181] 143 144 144 144 145 145 147 149 151 152 153 153 153 154 156 156 158 161
[199] 167 167 168 169 170 171 177 177 177 178 180 183 184 184 187 187 190 190
[217] 190 191 191 192 193 194 194 194 194 194 195 196 199 199 204 207 207 210
[235] 210 213 213 214 214 214 217 218 224 224 225 225 227 227 230 230 231 232
[253] 235 236 238 238 240 242 242 242 242 243 244 245 246 249 249 257 257 257
[271] 257 259 262 262 263 263 265 269 269 270 270 271 273 278 278 278 278 278
[289] 280 280 280 284 284 284 290 292 294

$EXTANT
  [1] FALSE FALSE FALSE FALSE FALSE FALSE FALSE FALSE FALSE FALSE FALSE FALSE
 [13] FALSE FALSE FALSE FALSE FALSE FALSE FALSE FALSE FALSE FALSE FALSE FALSE
 [25] FALSE FALSE FALSE FALSE FALSE FALSE FALSE FALSE FALSE FALSE FALSE FALSE
 [37] FALSE FALSE FALSE FALSE FALSE FALSE FALSE FALSE FALSE FALSE FALSE FALSE
 [49] FALSE FALSE FALSE FALSE FALSE FALSE FALSE FALSE FALSE FALSE FALSE FALSE
 [61] FALSE FALSE FALSE FALSE FALSE FALSE FALSE FALSE FALSE FALSE FALSE FALSE
 [73] FALSE  TRUE FALSE FALSE FALSE FALSE FALSE  TRUE FALSE FALSE FALSE FALSE
 [85] FALSE FALSE FALSE FALSE FALSE FALSE FALSE FALSE FALSE FALSE FALSE FALSE
 [97] FALSE  TRUE  TRUE FALSE FALSE FALSE FALSE FALSE  TRUE  TRUE  TRUE  TRUE
[109] FALSE  TRUE FALSE FALSE FALSE FALSE FALSE FALSE FALSE FALSE FALSE FALSE
[121]  TRUE FALSE FALSE  TRUE FALSE FALSE  TRUE  TRUE  TRUE  TRUE  TRUE FALSE
[133] FALSE  TRUE FALSE  TRUE  TRUE  TRUE FALSE FALSE FALSE FALSE  TRUE FALSE
[145]  TRUE FALSE FALSE FALSE FALSE FALSE FALSE FALSE FALSE FALSE  TRUE  TRUE
[157]  TRUE FALSE  TRUE  TRUE  TRUE  TRUE  TRUE  TRUE  TRUE FALSE FALSE FALSE
[169] FALSE  TRUE  TRUE  TRUE FALSE FALSE FALSE FALSE  TRUE  TRUE FALSE  TRUE
[181]  TRUE FALSE  TRUE  TRUE  TRUE  TRUE FALSE FALSE FALSE  TRUE  TRUE  TRUE
[193]  TRUE  TRUE  TRUE FALSE  TRUE  TRUE  TRUE FALSE  TRUE  TRUE  TRUE FALSE
[205] FALSE FALSE  TRUE FALSE FALSE  TRUE FALSE  TRUE FALSE FALSE FALSE FALSE
[217]  TRUE FALSE FALSE  TRUE  TRUE  TRUE  TRUE  TRUE  TRUE  TRUE  TRUE  TRUE
[229]  TRUE  TRUE  TRUE  TRUE FALSE  TRUE  TRUE FALSE FALSE  TRUE FALSE FALSE
[241] FALSE  TRUE  TRUE  TRUE  TRUE  TRUE  TRUE  TRUE  TRUE  TRUE  TRUE  TRUE
[253]  TRUE FALSE FALSE FALSE FALSE FALSE  TRUE  TRUE  TRUE  TRUE  TRUE  TRUE
[265]  TRUE  TRUE  TRUE  TRUE  TRUE  TRUE FALSE  TRUE  TRUE  TRUE  TRUE  TRUE
[277]  TRUE  TRUE FALSE  TRUE  TRUE FALSE  TRUE  TRUE FALSE FALSE  TRUE  TRUE
[289] FALSE  TRUE FALSE  TRUE FALSE  TRUE  TRUE  TRUE  TRUE

