
Birth-death simulation object with 325 species and 147 extant species

Details for some species:

Extinction times (NA means extant)
[1] 43.72809 45.05387 39.42292 33.10080 39.96796 11.93515


Speciation times 
[1] 49.26651 48.12168 45.19730 41.39939 40.71587 35.79738


Species parents (NA for initial)
[1] NA  1  1  3  4  4


Species status (extinct or extant)
[1] "extinct" "extinct" "extinct" "extinct" "extinct" "extinct"


For more details on vector y, try sim$y, with y one of
TE TS PAR EXTANT



$TE
  [1] 43.7280917 45.0538703 39.4229225 33.1007994 39.9679643 11.9351533
  [7] 26.8967283 18.8820894 25.1050771 13.6826558 17.2713499 13.6493923
 [13] 22.5932611 17.6477777 21.2900238 18.8715159 14.8943142  6.1395681
 [19] 13.9909309 26.3194686 12.2506444 20.3809778 15.2981240 15.3201519
 [25] 25.5351464 15.8194829 20.6400461  7.8931023 14.1290603 19.6155919
 [31] 13.1880484         NA 15.9115142 11.7007618  7.1807169 17.5857978
 [37] 17.9613837 14.4383502 11.9824739 15.2483131 12.0287094  9.6952867
 [43] 20.9113259 24.0611148 20.8960825 15.5144376 14.9129609 15.1722960
 [49] 15.9372377 13.7499076 19.0811639  7.8057331 12.0200525  9.9806679
 [55]  2.3362556 17.8671589  9.7762056 15.0891351 13.8399757 11.7684099
 [61]         NA         NA         NA  3.5708221         NA 12.5478970
 [67] 14.4081412 15.3979235 13.5078265 11.1045448 18.6949599 12.5140864
 [73] 11.7690793 18.4577533 14.3113862 13.2395762 15.6071315 13.9154604
 [79] 22.3993752 17.9542388 11.1047461 14.7695743 14.8757602 10.5466629
 [85]  4.6217079  1.5923089 11.1851562 11.2155022  8.8800382  8.2923448
 [91]         NA         NA         NA  3.2996632  6.5788480  1.1287229
 [97]  3.9276539         NA 13.7158472 14.2954283 14.0268901 10.7596474
[103] 11.4171473 17.4816948 15.4436987 13.9920767 14.6235422 17.6816084
[109] 14.8642128 12.1922657 13.7002521         NA  3.4039113 11.6703287
[115]         NA 10.7845925  3.7664430  3.6889754         NA  1.2071961
[121]         NA  0.2230569         NA 14.6554771 14.7943692 16.6867449
[127] 14.3072706         NA  5.1910511         NA  3.4021414  2.4462350
[133]         NA 11.2873570         NA  2.1431115  4.4966613         NA
[139]         NA  0.6977936  0.5659268  1.1311659  6.5789124  3.8075980
[145]  9.3191656  0.6595765  0.2971717  6.3276686  4.3272065         NA
[151]         NA         NA  4.9231658         NA         NA         NA
[157]  3.8018480         NA         NA         NA  1.4425427  1.2606941
[163]         NA         NA         NA  6.5989055  2.7774807         NA
[169]         NA  1.2148775  1.5213041         NA  3.8546703  5.0555802
[175]         NA         NA         NA  0.9541055         NA         NA
[181]         NA  0.8375730         NA  5.0178061         NA         NA
[187]         NA  3.7251040  4.3683409  5.4882254         NA         NA
[193]         NA         NA         NA         NA  1.0079819  6.2096081
[199]         NA  4.7015896         NA         NA  1.5126324         NA
[205]         NA         NA         NA  3.0704030  2.4345139         NA
[211]  5.7257327         NA         NA         NA  1.5238767         NA
[217]         NA         NA         NA  1.2035463         NA         NA
[223]  3.3681364         NA         NA         NA         NA         NA
[229]         NA         NA         NA         NA  2.3815885  2.0980752
[235]         NA         NA         NA         NA         NA         NA
[241]         NA         NA         NA  1.2976378         NA         NA
[247]         NA         NA         NA  0.3500519         NA         NA
[253]         NA  2.0956541         NA         NA         NA  3.2196996
[259]         NA         NA         NA         NA  3.3944304         NA
[265]         NA         NA  1.9623564         NA         NA  0.5537118
[271]         NA         NA  5.4305257         NA  0.4318920         NA
[277]         NA         NA         NA         NA         NA         NA
[283]         NA         NA         NA         NA         NA  2.1219977
[289]  1.5169946         NA         NA         NA         NA         NA
[295]         NA  1.4468787  1.9133567         NA         NA  2.4823876
[301]         NA  4.1634569         NA         NA         NA  1.5961874
[307]         NA         NA         NA         NA         NA         NA
[313]  1.0319643  3.3062930  1.4530840         NA         NA  2.9551022
[319]         NA         NA  1.0239327         NA         NA         NA
[325]         NA

$TS
  [1] 49.26651148 48.12167798 45.19729874 41.39938788 40.71587304 35.79738168
  [7] 32.49759088 28.70235586 25.97689683 25.31339111 18.35268536 15.79218021
 [13] 29.73250395 29.00691547 28.39416615 23.77532855 22.44404995 19.15315752
 [19] 15.11830159 28.22166976 24.83132802 23.29561223 27.74789207 18.98021269
 [25] 27.25111500 25.78000547 21.48877772 22.21321599 21.84754499 20.57775104
 [31] 18.12091688 16.58386027 16.38269588 14.72643388 14.06141420 20.79332833
 [37] 19.02115153 18.81228144 16.94122479 16.91163883 13.58604940 27.67466529
 [43] 25.54830118 24.15579312 21.14660636 20.25163259 19.49016155 17.17969318
 [49] 24.10747038 20.65956981 21.16348090 15.39131900 14.20729113 11.85069057
 [55]  9.00267544 21.17806267 14.89271252 15.61160188 14.84780709 12.55185243
 [61]  9.03890331  7.46257148  5.13497454  9.06473269  7.84306070 19.44768318
 [67] 19.03779428 18.83541127 17.97560926 13.26046615 21.18961680 13.80637407
 [73] 12.88970008 22.39529324 21.86818556 19.64806482 19.03781999 18.02177002
 [79] 22.62800842 19.80486152 14.52003072 20.28094045 15.07307067 11.86154477
 [85]  8.69574124  4.45107722 18.38761342 12.67434076 11.43057706 10.81437037
 [91]  5.67448023  4.46003670  0.38310947  4.41777768  7.51287958  6.43892186
 [97]  7.35076337  2.77379058 17.46034836 15.48033087 14.95555477 14.73960997
[103] 12.20651668 22.21417114 20.54259811 19.18599560 15.36302846 19.73777628
[109] 19.14513425 18.26443188 15.06257593 14.94986579  6.26072091 12.61900048
[115] 12.34779785 12.29967382 10.98449239  8.53590322  0.17375069  6.04570617
[121]  1.96904803  1.87792546 11.47263693 17.45227915 17.37028566 16.75771034
[127] 15.25828265 10.43560022 10.20221043  7.52111987  6.69466606  6.18183830
[133]  0.41606068 12.29545550 11.24181249 10.15031483  5.89846750  2.72480356
[139]  2.19280183  5.40644221  0.77888219 10.39438339  7.00247503  5.32767065
[145]  9.38992675  7.24882212  7.11309295  7.11890233  6.56500058  2.60317469
[151]  9.63016422  7.64377384  5.69139514  4.09151654  0.53432113  7.98172215
[157]  6.73536288  1.93746132  3.60581298  2.20130009  1.92893042 10.04861924
[163]  9.81557125  9.27767087  7.52113812  6.64976808  3.91596182  5.60837184
[169]  1.97034751  6.63732678  6.39229184  5.79189594  4.47476426  5.57656913
[175]  1.39237327  7.28213751  6.44739569  1.70761675  6.39899833  5.91685214
[181]  2.62991682  2.41340795  1.78656002  6.19326481  0.83450245  2.93524789
[187]  9.79791945  7.52365901  7.24508263  5.92185654  1.52125458  6.12606162
[193]  5.53873484  2.10822115  0.52371386  0.26505470  8.23923993  7.22233738
[199]  3.37773440  6.36702355  3.61633697  1.61770869  5.48233733  6.42139455
[205]  6.07012264  2.92209768  5.39877231  4.39832182  6.65508875  5.45868865
[211]  6.08598697  2.97364546  5.43536762  3.81148204  1.64367829  1.05721395
[217]  7.29439893  7.22984575  5.06642145  6.28027185  7.03116151  5.79966294
[223]  3.70021407  4.85403095  3.18938430  2.31806040  2.14168812  6.88102719
[229]  3.02557102  1.87240936  0.48010987  0.41864785  5.05588292  3.70876132
[235]  1.55850623  5.72201367  4.00179230  0.58614792  6.46939228  6.09028528
[241]  4.26565286  4.54074912  3.52833310  1.49301911  4.71724978  2.82528371
[247]  0.36341870  6.08797258  7.09656548  5.87910062  5.43301020  4.48550705
[253]  6.20748161  3.96103424  3.28381887  2.25842036  5.55016794  4.87412648
[259]  1.83608367  1.21494470  0.48162965  1.07485258  5.94453393  0.15841907
[265]  2.66921572  0.32977078  3.99876765  2.88383080  2.71815837  0.63011216
[271]  0.98865789  0.18714690  6.03477219  5.79931277  2.23823339  2.19012550
[277]  1.10875990  0.56941907  5.01052871  0.17272136  0.55689737  0.02998369
[283]  1.98514843  2.26165998  0.52964622  5.84781008  3.51254927  2.56382875
[289]  1.63112805  4.76379612  1.10355822  0.65624394  2.19884965  0.17900774
[295]  0.07488765  3.78396395  2.93476024  1.18630273  4.30519736  2.51392095
[301]  1.29078272  4.73462673  4.35176063  3.63554600  0.97365404  4.82712292
[307]  4.14492595  1.62098848  0.88758547  3.03358471  1.12652630  2.93695655
[313]  1.06253645  4.28083100  3.67253291  2.46637581  1.59503667  3.56215480
[319]  0.23775682  3.89530553  1.12745216  1.96134034  3.39589339  1.82867961
[325]  1.72946867

$PAR
  [1]  NA   1   1   3   4   4   6   6   6   6   6   6   7   7   7  10  10  10
 [19]  10  13  13  13  14  14  15  15  15  16  16  17  17  17  17  19  19  21
 [37]  21  21  21  21  21  23  23  23  23  23  23  24  26  26  28  28  28  28
 [55]  28  29  29  32  32  32  32  32  32  35  35  36  36  37  38  39  42  42
 [73]  42  43  43  46  46  46  49  49  50  51  52  52  52  55  56  57  57  57
 [91]  61  61  61  62  64  64  65  65  66  69  69  69  73  74  75  75  78  80
[109]  82  82  82  82  85  87  87  87  89  90  92  96  98  98 103 105 106 109
[127] 110 112 112 112 112 112 112 115 115 115 115 115 115 120 121 128 128 128
[145] 129 129 129 130 130 130 135 135 135 135 135 136 136 138 140 140 140 142
[163] 142 142 142 142 142 146 146 147 147 147 147 149 150 151 151 151 152 152
[181] 152 152 156 157 158 159 162 162 162 162 162 163 163 163 163 163 164 164
[199] 164 165 165 165 168 170 170 171 172 173 176 176 179 179 180 180 181 183
[217] 187 187 187 188 189 190 192 197 197 197 197 198 199 199 201 202 203 204
[235] 204 205 205 207 209 209 209 210 210 210 213 213 214 217 218 218 218 219
[253] 220 220 221 221 222 222 222 222 222 227 228 228 229 231 233 233 233 235
[271] 236 237 239 239 239 239 239 239 240 240 241 241 242 246 246 248 248 249
[289] 249 250 250 250 251 251 251 252 252 252 253 255 256 257 257 257 260 274
[307] 274 274 276 287 287 290 291 299 299 299 299 304 304 307 312 316 318 323
[325] 323

$EXTANT
  [1] FALSE FALSE FALSE FALSE FALSE FALSE FALSE FALSE FALSE FALSE FALSE FALSE
 [13] FALSE FALSE FALSE FALSE FALSE FALSE FALSE FALSE FALSE FALSE FALSE FALSE
 [25] FALSE FALSE FALSE FALSE FALSE FALSE FALSE  TRUE FALSE FALSE FALSE FALSE
 [37] FALSE FALSE FALSE FALSE FALSE FALSE FALSE FALSE FALSE FALSE FALSE FALSE
 [49] FALSE FALSE FALSE FALSE FALSE FALSE FALSE FALSE FALSE FALSE FALSE FALSE
 [61]  TRUE  TRUE  TRUE FALSE  TRUE FALSE FALSE FALSE FALSE FALSE FALSE FALSE
 [73] FALSE FALSE FALSE FALSE FALSE FALSE FALSE FALSE FALSE FALSE FALSE FALSE
 [85] FALSE FALSE FALSE FALSE FALSE FALSE  TRUE  TRUE  TRUE FALSE FALSE FALSE
 [97] FALSE  TRUE FALSE FALSE FALSE FALSE FALSE FALSE FALSE FALSE FALSE FALSE
[109] FALSE FALSE FALSE  TRUE FALSE FALSE  TRUE FALSE FALSE FALSE  TRUE FALSE
[121]  TRUE FALSE  TRUE FALSE FALSE FALSE FALSE  TRUE FALSE  TRUE FALSE FALSE
[133]  TRUE FALSE  TRUE FALSE FALSE  TRUE  TRUE FALSE FALSE FALSE FALSE FALSE
[145] FALSE FALSE FALSE FALSE FALSE  TRUE  TRUE  TRUE FALSE  TRUE  TRUE  TRUE
[157] FALSE  TRUE  TRUE  TRUE FALSE FALSE  TRUE  TRUE  TRUE FALSE FALSE  TRUE
[169]  TRUE FALSE FALSE  TRUE FALSE FALSE  TRUE  TRUE  TRUE FALSE  TRUE  TRUE
[181]  TRUE FALSE  TRUE FALSE  TRUE  TRUE  TRUE FALSE FALSE FALSE  TRUE  TRUE
[193]  TRUE  TRUE  TRUE  TRUE FALSE FALSE  TRUE FALSE  TRUE  TRUE FALSE  TRUE
[205]  TRUE  TRUE  TRUE FALSE FALSE  TRUE FALSE  TRUE  TRUE  TRUE FALSE  TRUE
[217]  TRUE  TRUE  TRUE FALSE  TRUE  TRUE FALSE  TRUE  TRUE  TRUE  TRUE  TRUE
[229]  TRUE  TRUE  TRUE  TRUE FALSE FALSE  TRUE  TRUE  TRUE  TRUE  TRUE  TRUE
[241]  TRUE  TRUE  TRUE FALSE  TRUE  TRUE  TRUE  TRUE  TRUE FALSE  TRUE  TRUE
[253]  TRUE FALSE  TRUE  TRUE  TRUE FALSE  TRUE  TRUE  TRUE  TRUE FALSE  TRUE
[265]  TRUE  TRUE FALSE  TRUE  TRUE FALSE  TRUE  TRUE FALSE  TRUE FALSE  TRUE
[277]  TRUE  TRUE  TRUE  TRUE  TRUE  TRUE  TRUE  TRUE  TRUE  TRUE  TRUE FALSE
[289] FALSE  TRUE  TRUE  TRUE  TRUE  TRUE  TRUE FALSE FALSE  TRUE  TRUE FALSE
[301]  TRUE FALSE  TRUE  TRUE  TRUE FALSE  TRUE  TRUE  TRUE  TRUE  TRUE  TRUE
[313] FALSE FALSE FALSE  TRUE  TRUE FALSE  TRUE  TRUE FALSE  TRUE  TRUE  TRUE
[325]  TRUE

