
Birth-death simulation object with 105 species and 38 extant species

Details for some species:

Extinction times (NA means extant)
[1] 40.71726 15.53427 37.33311 12.14485 13.90374 26.54374


Speciation times 
[1] 49.26651 42.70835 41.07754 33.30807 30.59703 28.81159


Species parents (NA for initial)
[1] NA  1  2  2  2  2


Species status (extinct or extant)
[1] "extinct" "extinct" "extinct" "extinct" "extinct" "extinct"


For more details on vector y, try sim$y, with y one of
TE TS PAR EXTANT



$TE
  [1] 40.7172561 15.5342686 37.3331111 12.1448472 13.9037356 26.5437436
  [7] 27.4992219 13.0219579 17.8425323 14.8148618 39.3385861 29.2646921
 [13] 18.3318390 10.4214997 15.3623323 20.1308207 13.6529165 12.2319210
 [19] 20.5620836 11.2314416 14.4174683 15.1255140 31.1200303         NA
 [25] 19.9032976 14.2631549 14.1048617 11.3603285 20.4710855 15.1170264
 [31] 12.6210587 11.1988750         NA         NA  5.2303243         NA
 [37] 16.8339376 14.0203370  0.7333198 13.2201465  0.3797667         NA
 [43]         NA         NA  0.3186599         NA  1.6316843  5.2975265
 [49] 11.7375249 13.2137459  3.4003620 11.8955430         NA         NA
 [55]         NA         NA  4.7127268  3.1888770         NA         NA
 [61]  2.1687357 11.7789251 12.6558810 11.4581458 11.1283200 12.4541469
 [67]         NA  0.4435805         NA         NA         NA         NA
 [73]         NA  9.6505558  6.3352975         NA         NA  7.3269512
 [79]  6.0063124  1.8336897         NA         NA         NA         NA
 [85]  4.5248363  1.1685504         NA  1.7774736         NA  5.9750207
 [91]         NA  5.0858370  5.2176244  6.0896675         NA         NA
 [97]         NA         NA  4.1618423         NA  0.4489424         NA
[103]         NA         NA         NA

$TS
  [1] 49.26651148 42.70835420 41.07753990 33.30807483 30.59703339 28.81158930
  [7] 28.06732167 24.44618493 22.11148245 18.87375495 39.63023567 31.19852021
 [13] 29.79768265 20.05258245 16.38035171 25.84543906 14.90736774 14.03008221
 [19] 27.19633955 22.78905928 22.19322346 18.30242904 39.37352529 20.63336169
 [25] 21.79705439 20.86220294 18.48261573 13.10952112 32.40231927 15.52331158
 [31] 13.35332268 11.79643710  8.98399551  8.65082818  6.54823906  0.33028096
 [37] 17.48869504 17.32269710 15.39588149 15.44972697  7.13070037  1.98590255
 [43]  0.69555059  0.25777642  8.25773552  6.62755015  3.97895404  5.62410527
 [49] 14.38544608 14.07696156 15.17473689 13.93513275  6.20999435  5.02977926
 [55]  1.22006923  0.05093089  8.20630966  6.37626579  1.62138125  0.50797992
 [61]  2.31769536 13.63559687 13.07625902 13.02549021 13.49434687 13.00573392
 [67] 10.17804001  6.40674759  5.53362457  4.80072061  0.90951967  3.43449336
 [73]  0.32078311 11.94881541  8.72990695  7.27223745  4.18467546  9.69153802
 [79]  8.33119490  6.68788814  6.45553065  5.39679557  1.33361283  2.22283952
 [85]  8.16082303  7.04522512  5.06424833  2.73265905  1.46806771  8.03350697
 [91]  7.98670308  6.95755920  6.01424322  6.77138683  6.75814295  4.04910325
 [97]  4.24643688  0.06536046  4.40492243  6.46935799  1.93482276  2.38038449
[103]  0.74172532  0.87844675  1.84480312

$PAR
  [1]  NA   1   2   2   2   2   2   2   2   2   3   4   4   4   4   5   5   5
 [19]   6   8   8   8  11  16  20  20  20  20  23  24  24  24  24  24  24  24
 [37]  26  26  26  30  33  33  33  33  34  34  34  35  38  38  39  40  41  41
 [55]  41  43  45  45  46  46  47  49  49  49  50  51  51  51  51  51  55  58
 [73]  59  62  67  67  68  74  75  75  76  76  76  77  79  79  80  82  84  85
 [91]  85  85  85  86  86  86  87  89  91  92  96  97  97 100 101

$EXTANT
  [1] FALSE FALSE FALSE FALSE FALSE FALSE FALSE FALSE FALSE FALSE FALSE FALSE
 [13] FALSE FALSE FALSE FALSE FALSE FALSE FALSE FALSE FALSE FALSE FALSE  TRUE
 [25] FALSE FALSE FALSE FALSE FALSE FALSE FALSE FALSE  TRUE  TRUE FALSE  TRUE
 [37] FALSE FALSE FALSE FALSE FALSE  TRUE  TRUE  TRUE FALSE  TRUE FALSE FALSE
 [49] FALSE FALSE FALSE FALSE  TRUE  TRUE  TRUE  TRUE FALSE FALSE  TRUE  TRUE
 [61] FALSE FALSE FALSE FALSE FALSE FALSE  TRUE FALSE  TRUE  TRUE  TRUE  TRUE
 [73]  TRUE FALSE FALSE  TRUE  TRUE FALSE FALSE FALSE  TRUE  TRUE  TRUE  TRUE
 [85] FALSE FALSE  TRUE FALSE  TRUE FALSE  TRUE FALSE FALSE FALSE  TRUE  TRUE
 [97]  TRUE  TRUE FALSE  TRUE FALSE  TRUE  TRUE  TRUE  TRUE

