
Birth-death simulation object with 180 species and 47 extant species

Details for some species:

Extinction times (NA means extant)
[1] 15.12474 38.81904 19.67794 20.84542 31.87811 28.77794


Speciation times 
[1] 49.26651 44.04013 37.20523 33.31882 32.22374 31.43319


Species parents (NA for initial)
[1] NA  1  1  1  1  1


Species status (extinct or extant)
[1] "extinct" "extinct" "extinct" "extinct" "extinct" "extinct"


For more details on vector y, try sim$y, with y one of
TE TS PAR EXTANT



$TE
  [1] 15.1247372 38.8190436 19.6779403 20.8454160 31.8781126 28.7779373
  [7] 29.2446855 20.5979214 19.2529705 11.8477316 35.8257555 23.7344816
 [13] 28.5288977 15.0128886 11.9794153 25.3060501 20.4310654 23.7326967
 [19] 11.0361433 24.0716429 27.8713496 25.0418860 19.2529078 28.2127310
 [25] 13.9828013 20.2891541 11.6251308 21.6886240 10.0029723 14.2846735
 [31] 12.3491938 14.4523884 12.9067168 11.1274875 21.5221497 20.2596878
 [37] 18.6723184 17.3997726 15.2841081 18.7439134 15.8772082 18.7876323
 [43] 16.7534064 14.2337881 14.2275926         NA 12.3269503 19.7548449
 [49] 14.2729897 13.4194508  3.0318103  1.2507545 14.0231055 12.6106968
 [55] 11.7691624         NA  7.8502604 12.7676014 23.2280338  9.4265603
 [61] 21.7651625 13.1646665  7.0575023 16.9204672 14.7997774 17.1533986
 [67] 15.2213683 15.2001374 11.5666033 12.9132380 14.4971878 13.2160935
 [73] 15.3646742 14.5668981 11.1846516 10.1967561 13.3248279 13.6504954
 [79] 10.6745287  0.8977702  4.9320749 12.6808565  1.7769283         NA
 [85]  9.1956667  8.6883157  5.8306343  6.8712932  5.5294822         NA
 [91]  3.5644379 14.1992547 15.0913429  9.5291204 14.7335417 14.3330621
 [97] 16.9979999 14.5710317 13.4449405 15.3690709 10.9076588  6.1301677
[103]         NA         NA         NA 11.8564384         NA         NA
[109]  3.3372085         NA         NA  5.0303517  3.0557495  9.2641141
[115] 13.5295250 12.1028821 13.0377889  0.4867980         NA         NA
[121]  7.3359690         NA  2.7589412         NA  2.6185767         NA
[127]         NA         NA  3.5206442  5.0501885         NA         NA
[133]  1.1608426  5.9764788  4.4923667  3.4097776 14.4060145 12.5807587
[139] 13.7229794 13.7269501         NA         NA  2.9186769  4.8214103
[145]  3.1812968         NA         NA         NA         NA  6.2420603
[151]         NA         NA  1.9061664         NA         NA  3.8779485
[157] 15.3939485         NA         NA  5.7382982  0.2779509         NA
[163]         NA         NA         NA  1.8840251  2.9416208  0.3148507
[169]         NA  2.8426805         NA         NA         NA         NA
[175]         NA         NA         NA         NA         NA         NA

$TS
  [1] 49.26651148 44.04012508 37.20523029 33.31882292 32.22374029 31.43318613
  [7] 29.40195383 21.17936138 20.98416533 17.11552790 36.89352904 34.03822597
 [13] 29.98721193 28.83685628 26.28792502 28.06687081 24.88738802 24.71138001
 [19] 13.56327789 33.38265638 28.23520696 27.48670035 24.13944323 29.54515693
 [25] 24.41100146 21.74010751 18.81513480 25.25610340 16.12730281 15.23455990
 [31] 15.09526721 14.58585811 13.94740939 12.01137944 23.76358577 22.76397658
 [37] 31.11642909 25.56174470 25.35961905 21.17937565 20.18766947 21.95236807
 [43] 18.88745052 18.07581129 17.34789868 15.97273516 14.88846274 24.71087735
 [49] 24.54561991 15.45640169 10.53356919 14.65953996 14.42286440 13.68767400
 [55] 13.15560453 13.68847959 11.35363077 22.22422190 27.27666014 21.05317402
 [61] 22.76649903 19.88143411 18.77547572 24.08112732 22.31889554 20.24062797
 [67] 19.46691540 17.78137863 17.58665331 15.41368759 17.10586107 16.58752367
 [73] 15.57390905 14.65559831 14.17287169 11.82462984 14.76376935 24.14153740
 [79] 14.78420192  7.82023796  7.42253572 12.71211092  8.70406782  2.76418766
 [85] 13.48945019 10.42316613  7.85950036  7.54345636  7.35441466  1.70149812
 [91] 12.85985602 15.05804652 15.31268235 18.68389497 18.81108519 19.76787648
 [97] 17.71453542 16.74079149 13.93271892 15.71458089 11.52061413  7.07628641
[103]  6.22611277  1.31494070  0.48894617 12.42986128  9.41271663  9.91026620
[109]  5.57433382  9.57984274  9.50427246  7.76289925  3.77575794 10.01131604
[115] 17.93528714 17.46712167 15.40939267  6.37506534  6.33173786  1.23676238
[121]  8.66003574  7.20018760  2.78002323  0.50552779  9.06634697  2.10234123
[127]  3.39437589  7.82933873  7.20083095  5.95340213  5.66712190  5.08593889
[133]  2.05931689  6.88679691  6.49896034  6.48609529 16.22307279 15.21397918
[139] 14.16779456 13.77754717  4.30951627  5.48014248  3.90665746  6.85006041
[145]  3.86683447  2.91655191  7.50010826  6.19840849  2.40938803  6.30322967
[151]  4.69969690  4.30211466  5.56862307  1.05668993  1.63958916  6.84623021
[157] 15.89031282  1.17521497  3.36530138  6.53773989  2.49307561  6.64740375
[163]  5.65355889  3.71756653  0.77085534  5.14862342  4.17585105  0.32878090
[169]  0.02249486  4.83293877  0.93246606  0.77657509  3.99495532  4.06642467
[175]  0.40155823  3.43858952  3.41362266  1.72605938  1.68601851  1.34287298

$PAR
  [1]  NA   1   1   1   1   1   1   1   1   1   3   3   3   3   3   4   4   4
 [19]  10  12  12  12  12  13  14  14  14  15  15  15  15  15  15  15  17  17
 [37]  20  22  22  23  23  25  25  25  25  25  27  28  28  29  29  30  30  31
 [55]  31  33  34  35  37  37  38  38  38  39  39  42  42  44  44  44  45  45
 [73]  45  45  46  46  47  49  49  51  51  52  52  52  54  56  56  56  56  56
 [91]  58  60  62  64  65  66  66  68  69  72  76  80  83  84  84  85  85  86
[109]  89  91  91  91  91  94  96  96 100 102 102 104 107 107 107 107 108 108
[127] 109 110 110 110 110 110 110 111 111 112 115 115 115 115 118 119 119 122
[145] 122 122 125 125 127 128 128 128 130 132 133 134 137 141 143 144 146 147
[163] 148 148 152 153 153 154 154 162 162 162 163 170 173 174 174 174 177 177

$EXTANT
  [1] FALSE FALSE FALSE FALSE FALSE FALSE FALSE FALSE FALSE FALSE FALSE FALSE
 [13] FALSE FALSE FALSE FALSE FALSE FALSE FALSE FALSE FALSE FALSE FALSE FALSE
 [25] FALSE FALSE FALSE FALSE FALSE FALSE FALSE FALSE FALSE FALSE FALSE FALSE
 [37] FALSE FALSE FALSE FALSE FALSE FALSE FALSE FALSE FALSE  TRUE FALSE FALSE
 [49] FALSE FALSE FALSE FALSE FALSE FALSE FALSE  TRUE FALSE FALSE FALSE FALSE
 [61] FALSE FALSE FALSE FALSE FALSE FALSE FALSE FALSE FALSE FALSE FALSE FALSE
 [73] FALSE FALSE FALSE FALSE FALSE FALSE FALSE FALSE FALSE FALSE FALSE  TRUE
 [85] FALSE FALSE FALSE FALSE FALSE  TRUE FALSE FALSE FALSE FALSE FALSE FALSE
 [97] FALSE FALSE FALSE FALSE FALSE FALSE  TRUE  TRUE  TRUE FALSE  TRUE  TRUE
[109] FALSE  TRUE  TRUE FALSE FALSE FALSE FALSE FALSE FALSE FALSE  TRUE  TRUE
[121] FALSE  TRUE FALSE  TRUE FALSE  TRUE  TRUE  TRUE FALSE FALSE  TRUE  TRUE
[133] FALSE FALSE FALSE FALSE FALSE FALSE FALSE FALSE  TRUE  TRUE FALSE FALSE
[145] FALSE  TRUE  TRUE  TRUE  TRUE FALSE  TRUE  TRUE FALSE  TRUE  TRUE FALSE
[157] FALSE  TRUE  TRUE FALSE FALSE  TRUE  TRUE  TRUE  TRUE FALSE FALSE FALSE
[169]  TRUE FALSE  TRUE  TRUE  TRUE  TRUE  TRUE  TRUE  TRUE  TRUE  TRUE  TRUE

