
Birth-death simulation object with 379 species and 169 extant species

Details for some species:

Extinction times (NA means extant)
[1] 25.93551 37.39414 14.25388 37.79160 31.63163 33.61114


Speciation times 
[1] 49.26651 45.80764 45.41723 38.95755 38.24482 36.45671


Species parents (NA for initial)
[1] NA  1  1  1  1  1


Species status (extinct or extant)
[1] "extinct" "extinct" "extinct" "extinct" "extinct" "extinct"


For more details on vector y, try sim$y, with y one of
TE TS PAR EXTANT



$TE
  [1] 25.93551432 37.39414463 14.25387604 37.79159933 31.63163468 33.61114284
  [7] 23.00191159 26.74904192 25.18594412 21.34621624 44.39948195 31.91817730
 [13] 27.54042475 26.02947983  9.44960758 27.94329096 16.52276958 33.39545741
 [19] 26.65592750 19.88922875 37.40074606 19.60113487 24.10148188 14.55776474
 [25] 14.88048663  8.04089862 26.26371192 28.80153620 25.86049436 14.63656928
 [31]  0.75742645 13.49832114 26.20077737 25.46052079 24.45918130 13.05332670
 [37] 17.45164662 21.22334595 14.92145037  6.21327517 19.72029965 23.03523112
 [43] 13.56218498 15.00933636 15.29610182  0.06079788 17.04081497 15.27058116
 [49]          NA          NA  1.91326656          NA 13.32999606 30.16284037
 [55] 27.73600207 21.50996897 26.26891178 21.23453962 13.19428368 11.30151452
 [61] 15.31822451  1.72170291 13.87903383 20.63924897  4.84123225 11.89565712
 [67] 11.63021753 12.80192615 15.39625058          NA  1.47013661          NA
 [73]          NA          NA  3.36474699          NA          NA          NA
 [79] 11.63983809 27.86243370 17.38214076 20.09714638 10.65308229 12.98485661
 [85] 13.09511122          NA 13.73934992 13.31451177 18.71395225 17.73464511
 [91] 11.18991574 15.08093011 20.30645245 12.26560502  7.32727075          NA
 [97]          NA          NA 10.62807552 13.46172605 13.90768771  1.78355158
[103]          NA  6.19986588  1.78516201          NA          NA  1.32555265
[109] 15.51502499 18.10990827 14.11738029 17.03575966 11.02924958          NA
[115] 14.97890321          NA          NA  2.71788395  7.48489018          NA
[121] 13.97090081 16.54483328 18.81806951 14.08637163 14.98868399 10.91974771
[127] 13.85970045 12.17986358  7.72788347  2.36832764          NA  4.48375245
[133]          NA          NA          NA          NA 12.82630965 16.78221092
[139]  7.34109619          NA 12.43533632  4.87560847  9.21019687  8.91563657
[145]  0.91183468          NA  3.49481034  8.90024552  8.27877351          NA
[151]          NA          NA 13.97367911 14.59474609 14.49658969 14.06021057
[157]          NA 14.29097158  4.65664066  5.57341752          NA  5.75575733
[163]  5.64305438          NA  0.76379481  0.26605180          NA 12.54530736
[169]          NA          NA  1.64120430  0.65344349  7.76387186  0.64653478
[175]          NA          NA          NA          NA          NA  2.21094886
[181]  1.82917910  7.17813258  2.60296637  1.48160645  1.77866511          NA
[187]          NA          NA  0.37809186          NA  1.25055656          NA
[193] 14.05596198 11.47389435 11.73891504          NA  5.45761921          NA
[199]  9.57423669          NA  8.22019037  7.84603684  6.68549740          NA
[205]  1.99350668  5.60058734          NA  0.29315484  2.86480696          NA
[211]  0.19064689  1.37125300          NA          NA          NA  2.49526619
[217]          NA  2.83203724          NA  1.37713629  0.12284615  1.84261393
[223]          NA          NA  2.83078631          NA  4.30374276          NA
[229]          NA          NA  9.36662476 10.78760040  3.45514443          NA
[235]          NA  6.37945622          NA          NA          NA          NA
[241]  3.02043855          NA  3.50669681          NA          NA          NA
[247]          NA  2.77538132          NA          NA          NA          NA
[253]  3.12127131          NA          NA          NA          NA  0.60088677
[259]  4.85311291          NA          NA  3.50125671          NA  7.98111673
[265]          NA  6.35479282          NA          NA  5.21751793          NA
[271]          NA          NA          NA          NA          NA          NA
[277]          NA          NA          NA          NA  7.55822433          NA
[283]          NA          NA          NA          NA          NA          NA
[289]  2.57258639          NA  0.09956948          NA  0.02942553  1.26913487
[295]          NA  5.23894755          NA          NA  1.66154154          NA
[301]          NA          NA          NA          NA          NA  4.39459474
[307]          NA  2.95227630          NA          NA  0.41088386  2.50190919
[313]          NA  4.54617739  1.49768742          NA          NA          NA
[319]          NA          NA  4.34120811          NA  2.00647443  0.82507636
[325]  2.59407803          NA  5.11240654          NA          NA          NA
[331]          NA          NA          NA  0.99534973          NA  0.77219988
[337]          NA  0.62018210  3.65814108          NA          NA  1.02357248
[343]          NA  2.76359810          NA          NA          NA          NA
[349]          NA          NA          NA          NA  5.23954161          NA
[355]          NA          NA  5.61792852          NA  0.46689654          NA
[361]          NA          NA  1.56244781          NA          NA          NA
[367]          NA          NA          NA          NA          NA          NA
[373]  4.50132647          NA  1.08952243          NA          NA          NA
[379]          NA

$TS
  [1] 49.26651148 45.80764447 45.41723436 38.95754913 38.24481833 36.45671225
  [7] 30.33649613 29.47231666 29.41090270 26.69265203 45.50740405 41.93943584
 [13] 28.15433874 27.84239112 19.93470249 36.85334057 36.02209073 34.40770776
 [19] 28.06503180 27.75538131 39.33029025 34.23198294 28.03516612 27.13365355
 [25] 19.01403079 11.09592176 32.75501681 29.65567401 27.75337522 25.00067175
 [31] 23.20561552 22.62633857 34.01806702 25.83982351 30.98934004 26.83027834
 [37] 24.76837604 21.55099543 16.36214969  8.82404805 24.40112908 24.16847311
 [43] 21.59720554 20.48650619 20.09249247 15.80316146 18.77628641 16.74477880
 [49] 11.41022609  6.15310225  6.12897425  4.63675730 19.72447566 32.83284659
 [55] 32.06203512 25.49884058 28.77471176 24.46419631 18.19012735 17.49750245
 [61] 16.34149133  7.14996043 22.83380370 21.70701448 17.22398667 14.93633830
 [67] 14.80265805 19.98913616 19.14159238  6.38204357  3.97027425  0.41145074
 [73]  9.44100575  6.51461423  5.61503502  5.48202229  2.50042935  2.26765132
 [79] 30.88088143 28.27186719 23.01016103 22.25866855 13.71682267 17.12167852
 [85] 15.75051688 14.41745026 16.20511187 21.41414486 20.58303207 18.13925142
 [91] 15.74713240 21.16851128 20.81367571 15.85663836  9.91936123  9.81688619
 [97]  8.59244678  8.35160406 12.24771157 15.78022432 14.16953189  2.99852523
[103]  0.36428026  6.70956691  5.43855953  4.34174817  0.54743442  4.79631694
[109] 19.70005686 19.78648960 18.12321522 20.32126721 12.52995579 10.83214391
[115] 15.10130990 12.99703635 11.08299068 10.07809959  8.03669851  8.00035751
[121] 16.10415981 21.14063604 19.48214610 18.99597559 21.03242501 19.80051944
[127] 15.33564837 13.99886347  8.57029385  4.90205078  0.96721796  7.92293459
[133]  0.06504854  2.68669337  4.65019670  4.61077475 17.59189301 18.24226037
[139] 11.23407602  7.46380805 12.49200176  5.82513326  9.55131724  9.49646647
[145]  9.34029196  7.14573274  6.87933527  9.35525033  8.95326249  8.47314933
[151]  4.63981708  6.28300585 19.87439973 19.61190745 18.07869742 17.13524351
[157] 14.28210417 19.17920141 12.40988757 14.28536048  4.22236592  6.47027115
[163]  6.02402942  5.77090566  1.59586411  0.54255624  4.30369531 13.58181939
[169] 10.55403474  7.01725732  4.71416238  5.76714307  8.41312244  5.43141908
[175]  4.21548587  1.95811724  1.84885583  5.46413396  4.58507094  3.92921339
[181]  8.73593990  7.23719899  6.78161786  3.78634922  2.81306309  2.53021444
[187]  0.89842595  0.84210890  2.45010225  1.45783530  6.05364286  4.39751905
[193] 17.48675096 16.10560189 15.24412870  9.85432473  6.72796682  5.65356652
[199] 10.01455138  9.94941595  9.51275592  8.59328346  8.13302769  7.99209410
[205]  6.50634453 12.01844080  8.52655997  5.74836699  5.78228332  0.85174493
[211]  3.02170813  1.39785165  7.19025639  5.84097418  0.70429340  3.92322076
[217]  3.43431878  4.46231632  2.22400109  1.59803738  2.69955126  4.04180876
[223]  3.62021643  6.33907465  6.00564383  3.40924620  5.91461288  0.27977751
[229]  1.98131932  0.57666377 12.41901462 12.83705678  7.43095875  1.27105108
[235]  5.88288035  8.83816436  8.29169399  2.74510112  8.48361279  6.87596491
[241]  3.49358563  2.51892127  7.44279830  6.09727790  2.10245547  5.47587815
[247]  3.17625549  3.05460638  0.41546244  2.92415115  0.25260008  7.04498686
[253]  6.08973066  1.95136957  2.35813620  2.72880036  2.42604783  0.85173080
[259]  5.66739866  3.01335233  5.83497917  5.22938243 10.89699264  9.69110962
[265]  7.35706546  6.80685473  6.35276252  6.23480331  6.07143710  5.21253448
[271]  5.01060662  1.26660950  0.31472450  4.08858244  1.71829663  0.84375615
[277]  6.60051479  5.62575455  0.52493950  0.82590519  8.02462184  4.33015622
[283]  3.18121944  7.07636230  6.72389136  3.86000088  5.73944542  3.56730219
[289]  3.48061969  0.90155548  0.15909198  0.11144054  2.96062918  4.41678082
[295]  6.01739447  5.24992245  2.48435605  2.47793274  1.71407077  0.77387293
[301]  6.25963715  4.47199810  3.30759753  2.72117309  1.37621199  6.66871299
[307]  6.09272318  5.52774947  2.76109952  2.57648116  3.33867737  3.24828783
[313]  0.10430919  4.56529315  3.17342856  0.80543191  3.04263377  1.64566105
[319]  1.31225953  4.81275248  5.29598286  1.67777900  6.26916026  5.82919629
[325]  5.29216529  2.46193700  6.62223129  3.96072518  2.79069525  3.47460670
[331]  2.21705906  1.59293823  0.06417537  2.47393035  1.75397882  3.22297218
[337]  1.81041841  2.28238670  5.29921283  0.35450640  3.54031044  3.24621893
[343]  0.73556164  5.85891459  5.36057480  1.55599011  1.84845030  1.71626153
[349]  2.76360745  2.19059583  0.55110313  0.52363565  5.50437829  5.49092489
[355]  4.02140939  0.70752636  6.31295872  6.07102011  0.51570609  2.46535964
[361]  0.78937673  0.58906442  4.14925883  1.15430910  1.10115854  0.83587947
[367]  0.78544450  0.52233234  5.13901499  4.07095477  2.17031483  6.03094233
[373]  5.01112888  2.51058485  1.53353740  0.48365529  0.10932590  1.08019083
[379]  0.07893423

$PAR
  [1]  NA   1   1   1   1   1   1   1   1   1   2   3   3   3   3   5   6   6
 [19]   8   9  12  12  13  14  15  15  16  17  17  17  17  17  18  20  22  23
 [37]  23  24  25  26  30  30  30  30  30  30  31  31  31  31  31  31  32  33
 [55]  33  34  35  35  36  37  39  40  41  41  43  43  43  44  45  46  46  46
 [73]  49  49  49  49  51  52  54  55  58  58  59  60  60  60  61  63  63  63
 [91]  63  64  64  65  65  65  65  65  66  68  68  70  72  73  73  73  73  76
[109]  79  81  81  82  83  83  84  86  86  86  86  86  87  88  88  88  92  92
[127]  94  94  96  96  96  98  98 106 108 108 111 112 113 114 116 116 117 117
[145] 117 117 117 118 118 118 118 120 122 122 122 122 124 126 126 127 130 132
[163] 132 132 134 135 136 137 139 140 140 142 145 145 145 145 145 146 146 146
[181] 149 150 150 150 150 150 150 150 151 151 152 152 155 156 156 157 157 157
[199] 159 159 159 159 159 159 159 160 160 160 163 164 167 167 169 169 169 171
[217] 171 172 172 174 175 179 179 181 181 181 183 188 189 192 194 195 196 196
[235] 197 200 200 200 201 204 205 205 207 207 208 209 209 209 210 211 211 213
[253] 213 213 214 217 217 221 225 225 227 227 231 231 233 233 233 233 233 233
[271] 233 234 234 235 235 235 236 237 237 238 239 239 240 243 243 243 244 244
[289] 244 244 245 245 246 252 253 253 260 260 260 261 263 263 263 263 265 266
[307] 267 267 267 267 268 268 268 270 271 271 274 275 275 277 278 278 284 284
[325] 284 284 285 285 285 286 287 287 287 288 293 295 295 298 301 301 302 303
[343] 305 307 307 307 310 311 315 315 317 319 323 323 324 326 327 327 328 336
[361] 337 337 339 341 345 346 346 351 354 354 355 358 358 358 358 367 371 372
[379] 377

$EXTANT
  [1] FALSE FALSE FALSE FALSE FALSE FALSE FALSE FALSE FALSE FALSE FALSE FALSE
 [13] FALSE FALSE FALSE FALSE FALSE FALSE FALSE FALSE FALSE FALSE FALSE FALSE
 [25] FALSE FALSE FALSE FALSE FALSE FALSE FALSE FALSE FALSE FALSE FALSE FALSE
 [37] FALSE FALSE FALSE FALSE FALSE FALSE FALSE FALSE FALSE FALSE FALSE FALSE
 [49]  TRUE  TRUE FALSE  TRUE FALSE FALSE FALSE FALSE FALSE FALSE FALSE FALSE
 [61] FALSE FALSE FALSE FALSE FALSE FALSE FALSE FALSE FALSE  TRUE FALSE  TRUE
 [73]  TRUE  TRUE FALSE  TRUE  TRUE  TRUE FALSE FALSE FALSE FALSE FALSE FALSE
 [85] FALSE  TRUE FALSE FALSE FALSE FALSE FALSE FALSE FALSE FALSE FALSE  TRUE
 [97]  TRUE  TRUE FALSE FALSE FALSE FALSE  TRUE FALSE FALSE  TRUE  TRUE FALSE
[109] FALSE FALSE FALSE FALSE FALSE  TRUE FALSE  TRUE  TRUE FALSE FALSE  TRUE
[121] FALSE FALSE FALSE FALSE FALSE FALSE FALSE FALSE FALSE FALSE  TRUE FALSE
[133]  TRUE  TRUE  TRUE  TRUE FALSE FALSE FALSE  TRUE FALSE FALSE FALSE FALSE
[145] FALSE  TRUE FALSE FALSE FALSE  TRUE  TRUE  TRUE FALSE FALSE FALSE FALSE
[157]  TRUE FALSE FALSE FALSE  TRUE FALSE FALSE  TRUE FALSE FALSE  TRUE FALSE
[169]  TRUE  TRUE FALSE FALSE FALSE FALSE  TRUE  TRUE  TRUE  TRUE  TRUE FALSE
[181] FALSE FALSE FALSE FALSE FALSE  TRUE  TRUE  TRUE FALSE  TRUE FALSE  TRUE
[193] FALSE FALSE FALSE  TRUE FALSE  TRUE FALSE  TRUE FALSE FALSE FALSE  TRUE
[205] FALSE FALSE  TRUE FALSE FALSE  TRUE FALSE FALSE  TRUE  TRUE  TRUE FALSE
[217]  TRUE FALSE  TRUE FALSE FALSE FALSE  TRUE  TRUE FALSE  TRUE FALSE  TRUE
[229]  TRUE  TRUE FALSE FALSE FALSE  TRUE  TRUE FALSE  TRUE  TRUE  TRUE  TRUE
[241] FALSE  TRUE FALSE  TRUE  TRUE  TRUE  TRUE FALSE  TRUE  TRUE  TRUE  TRUE
[253] FALSE  TRUE  TRUE  TRUE  TRUE FALSE FALSE  TRUE  TRUE FALSE  TRUE FALSE
[265]  TRUE FALSE  TRUE  TRUE FALSE  TRUE  TRUE  TRUE  TRUE  TRUE  TRUE  TRUE
[277]  TRUE  TRUE  TRUE  TRUE FALSE  TRUE  TRUE  TRUE  TRUE  TRUE  TRUE  TRUE
[289] FALSE  TRUE FALSE  TRUE FALSE FALSE  TRUE FALSE  TRUE  TRUE FALSE  TRUE
[301]  TRUE  TRUE  TRUE  TRUE  TRUE FALSE  TRUE FALSE  TRUE  TRUE FALSE FALSE
[313]  TRUE FALSE FALSE  TRUE  TRUE  TRUE  TRUE  TRUE FALSE  TRUE FALSE FALSE
[325] FALSE  TRUE FALSE  TRUE  TRUE  TRUE  TRUE  TRUE  TRUE FALSE  TRUE FALSE
[337]  TRUE FALSE FALSE  TRUE  TRUE FALSE  TRUE FALSE  TRUE  TRUE  TRUE  TRUE
[349]  TRUE  TRUE  TRUE  TRUE FALSE  TRUE  TRUE  TRUE FALSE  TRUE FALSE  TRUE
[361]  TRUE  TRUE FALSE  TRUE  TRUE  TRUE  TRUE  TRUE  TRUE  TRUE  TRUE  TRUE
[373] FALSE  TRUE FALSE  TRUE  TRUE  TRUE  TRUE

