
Birth-death simulation object with 286 species and 67 extant species

Details for some species:

Extinction times (NA means extant)
[1] 38.60285 40.92017 43.85022 15.10639 41.47679 21.06140


Speciation times 
[1] 49.26651 48.41559 46.87405 38.73238 45.45895 37.48112


Species parents (NA for initial)
[1] NA  1  1  1  3  4


Species status (extinct or extant)
[1] "extinct" "extinct" "extinct" "extinct" "extinct" "extinct"


For more details on vector y, try sim$y, with y one of
TE TS PAR EXTANT



$TE
  [1] 38.6028507 40.9201665 43.8502163 15.1063866 41.4767906 21.0613955
  [7] 18.3630828 17.3909173 17.6303751 21.5109534 14.1184363 12.2340405
 [13] 14.1419603 31.6306377 20.7789500 19.2085200 24.0914130 14.3164006
 [19] 14.2122858 13.0769641 20.9387419 14.7599244  9.7890591 38.9160331
 [25] 18.5103370 15.8070368 31.6651964 12.6842419 16.4112767 19.6420127
 [31] 19.7088801 20.2587621 18.8520487 12.5481854 19.4722598 20.5926320
 [37] 17.7866291 15.9751279  0.1983361 14.3687005 20.6451478 13.6237192
 [43] 11.1290029 30.0169745 16.5181227 21.5800405  3.2028688 18.0594056
 [49] 13.4160494 20.9217134 14.7605334 10.7810538 14.6980438 14.5821589
 [55] 19.3927567 21.9769924 14.3154560         NA  3.6627869  3.9439516
 [61]         NA  1.7569757 15.0075654 13.1592435 12.6544291 14.7279294
 [67] 20.3691044 20.3572924 22.4503192 15.4999152 14.4280668  9.8256823
 [73] 13.2355106 14.9587019 18.1562760 14.7123314 12.5688437 12.3328458
 [79]  5.3379382 14.2396112 16.7987506 11.4147456 16.2724377 17.5183254
 [85] 18.6864006 22.3689670 11.9566312 12.5331453         NA         NA
 [91]  1.4645763         NA  3.9383817  3.9424849         NA  7.4785386
 [97]  2.9837191         NA 12.6959502 10.9601399  8.5724320  5.2312366
[103]         NA         NA 15.4870038 13.7337889 27.0147320 23.9687263
[109] 22.4157829 23.2053762 17.7184552 12.2343330 14.3708956 16.7624201
[115] 13.3106359 14.3189469 13.1590561 13.2730807  6.9846194 19.5188192
[121]  7.5519927 14.2200410 15.8572624  7.0023772 14.5281590 15.2848867
[127] 14.1161124 14.1548490 14.4384626 15.2550885  7.3865373         NA
[133]         NA         NA         NA  5.0686844         NA  3.5821518
[139]         NA  2.9638092         NA         NA         NA         NA
[145] 18.2945473 18.9997405 20.2963169 13.9888970 21.2943005 15.1686844
[151] 14.4250543 18.5620141  2.3431827  0.5789545 14.8619627 17.6297190
[157] 14.3890417         NA  5.9062284 18.2426023  9.6452858 12.2036459
[163] 12.8058939 11.3532833 13.0725767 11.6460375 11.1010050         NA
[169]         NA         NA         NA         NA         NA         NA
[175] 13.6231111 14.5885430 13.5759105 14.3059928 21.9550553 13.6292644
[181]         NA 11.7015040 15.1847158 13.2602503         NA  3.7743343
[187]  1.4779781  1.8431983 11.5381906 13.9821341         NA         NA
[193]  1.2311288  4.0242474 13.3872610 12.4905677         NA         NA
[199] 13.7714189 11.2856011 14.9130653 18.6149969 11.0709788 13.0306382
[205] 12.5295443 12.5911316 13.3717468 14.4638560 11.0083011 14.6648900
[211] 14.6368977  9.6324793  7.7755470  5.4067356  6.7149483  2.8328726
[217] 14.3842813 11.9691452  2.4454584  3.8694952  3.6853957         NA
[223]  0.2867397 11.8460121         NA         NA         NA         NA
[229]  1.0691885         NA  4.8455110  7.3707254         NA         NA
[235]  6.4873090 14.8575214 13.2685217 11.9187076 14.3866254 14.9185146
[241] 14.5450562 13.5006144 11.7276855 11.0336579  5.9265050         NA
[247]  6.7067969  2.2955205         NA         NA         NA         NA
[253]  0.4966923  3.8746641         NA         NA         NA         NA
[259]         NA  7.5661994         NA 15.4851878 12.7414850         NA
[265]         NA         NA  3.3488109         NA         NA  1.9478288
[271]         NA         NA         NA  0.5198641  2.6823967  2.3839528
[277]  4.3581360 14.8428629         NA  5.6380841         NA         NA
[283]         NA         NA         NA         NA

$TS
  [1] 49.26651148 48.41558608 46.87404721 38.73238261 45.45894963 37.48112238
  [7] 31.91888152 29.33408525 23.97362255 23.18865958 22.13210292 18.01565987
 [13] 44.73575448 33.45641551 23.89333564 22.14137062 27.71614876 20.73086454
 [19] 23.21021827 23.01176116 21.13068470 16.69102863 14.96558884 41.49703669
 [25] 40.61731911 34.03023489 33.29304448 27.57111127 24.18948398 24.07032876
 [31] 22.85511903 21.37125209 21.35095630 20.73910136 27.18537936 26.20606138
 [37] 19.72260466 22.36126334 19.30582547 16.12604208 20.98391275 17.89518460
 [43] 15.01578991 32.95197584 28.49586696 24.45082946 24.23680858 21.18912906
 [49] 15.03609533 21.57396916 23.11788087 19.74984240 18.61125849 18.54951873
 [55] 22.83848090 25.79157145 16.14537004 10.16954230  8.83943605  8.58097933
 [61]  8.30478620 15.26208033 17.30753140 15.82186025 14.54524708 14.77733546
 [67] 30.69694774 27.23736302 25.82521337 23.67259392 23.49966841 22.69900271
 [73] 23.73228516 23.70554238 19.53136152 16.14330132 15.25473589 13.91691906
 [79]  9.32008818 20.54421253 21.39956551 17.75267983 19.59959794 17.68134007
 [85] 22.37305067 23.81070160 23.75671708 14.43208881  8.42272228  5.28551974
 [91]  5.21397307  0.84429150  6.94418987  7.07284474  6.91330134  7.57703625
 [97]  6.88050907  1.83614778 13.54149077 11.50129339  9.94549334  9.27839978
[103]  7.77209429  5.56327115 15.80611455 14.27935123 29.11790262 25.63490920
[109] 26.81638425 23.26956837 22.68008189 21.40021741 22.67018177 21.97232453
[115] 16.35105888 21.26083144 21.26541255 20.00093430 10.11834004 22.60723895
[121] 13.86750714 20.85357859 16.07786924  7.87984014 20.56508241 18.99143281
[127] 17.52098128 16.19746979 18.53047848 16.77971267 12.98069836  6.75305611
[133]  5.56310178  0.25122265  2.30512093  6.76969354  6.32197271  5.53201576
[139]  5.27766050  9.86076414  7.09668587  2.33904397  0.83106300  0.53305365
[145] 25.50379848 24.51763526 24.33686676 15.75618679 21.72852370 21.71190231
[151] 15.30786047 19.68964761 14.31323039 18.77161548 17.55327254 17.95726948
[157] 14.87667371  8.64952389  7.80441286 20.42493349 14.95824558 18.94111049
[163] 15.79665805 15.50525984 15.48906204 11.82693779 11.13897487  5.17355591
[169]  1.96688718  2.41595655  1.77960760  6.21934980  5.75859295  0.39862491
[175] 25.26454038 23.87391567 23.38405924 21.98437652 22.13355976 21.89416632
[181] 21.84342972 19.65113070 16.93813328 16.56740148  8.59245990  6.34218219
[187]  3.50537354  2.69347410 14.67870457 14.32079983  7.00946211  6.26396381
[193]  7.40192662 11.49250444 15.17346833 15.59175804  2.31474135  1.46409523
[199] 18.32501371 13.79793483 16.66532609 23.22116127 16.99202731 16.98895318
[205] 16.90643326 19.17211525 18.79192127 18.09609841 15.67885894 19.59478693
[211] 15.06510316 10.79926756  9.25566238  9.00894007  8.47274677  7.15937091
[217] 15.96761436 13.34629067  8.39962700  6.78840548  5.60788789  4.11355851
[223]  2.54847674 13.67724190  1.94608836  1.11884039  6.02285780  5.94064462
[229]  5.92632061  3.69034757  9.17977847  7.65276061  7.34363097  5.52372265
[235] 15.12191235 15.43885626 14.45088326 12.69199362 14.63791025 18.31628156
[241] 17.77057117 13.65387247 12.97798151 18.19572384  6.85083297  6.50747039
[247]  7.74386351  7.12868809  7.02917391  3.73957233  3.81702545  1.90800069
[253]  5.70979331  4.79695575  4.00211835  2.73447416  8.66577954  6.48208757
[259]  7.32626298  8.47606739  6.92325869 17.42889878 13.54520302  2.91671717
[265]  0.49207638  0.30484783  3.71790180  6.22638047  6.05861394  3.30708750
[271]  1.61328053  0.58192223  1.90407000  5.46566547  4.02372174  2.41684934
[277]  6.61966116 16.28525389  2.05237880  5.83607869  3.82087567  0.13308499
[283]  1.50266678  0.71594173  5.54412814  0.08761572

$PAR
  [1]  NA   1   1   1   3   4   4   4   4   4   4   4   5   6   6   6   8   8
 [19]   9  10  11  12  12  13  13  13  13  13  13  13  13  13  16  16  17  17
 [37]  18  19  19  19  20  20  22  25  26  26  26  26  28  29  30  33  34  34
 [55]  35  36  38  39  39  39  39  40  42  42  42  43  44  45  45  45  45  45
 [73]  47  47  47  47  47  47  47  48  51  51  52  53  55  56  56  57  58  58
 [91]  58  58  59  60  60  61  61  61  62  62  62  62  62  62  64  64  67  67
[109]  68  68  68  68  70  70  70  71  72  72  72  73  73  74  76  79  81  81
[127]  81  82  83  83  87  89  89  89  90  93  93  95  95 101 102 103 103 104
[145] 108 108 109 112 113 113 113 114 115 117 117 118 118 119 119 122 122 125
[163] 127 127 130 131 131 132 132 133 135 140 140 142 145 146 146 146 147 147
[181] 147 150 150 150 153 153 153 153 154 154 154 154 159 161 162 163 172 173
[199] 175 175 176 177 177 177 177 178 178 178 178 180 180 181 181 181 181 181
[217] 184 184 185 185 185 185 187 189 191 191 192 192 192 193 194 194 194 194
[235] 195 199 199 203 204 206 206 206 206 207 214 214 215 215 219 221 227 227
[253] 228 228 228 230 231 231 233 235 235 240 244 246 246 246 248 249 249 251
[271] 251 252 253 257 257 257 259 262 264 268 268 268 269 271 277 282

$EXTANT
  [1] FALSE FALSE FALSE FALSE FALSE FALSE FALSE FALSE FALSE FALSE FALSE FALSE
 [13] FALSE FALSE FALSE FALSE FALSE FALSE FALSE FALSE FALSE FALSE FALSE FALSE
 [25] FALSE FALSE FALSE FALSE FALSE FALSE FALSE FALSE FALSE FALSE FALSE FALSE
 [37] FALSE FALSE FALSE FALSE FALSE FALSE FALSE FALSE FALSE FALSE FALSE FALSE
 [49] FALSE FALSE FALSE FALSE FALSE FALSE FALSE FALSE FALSE  TRUE FALSE FALSE
 [61]  TRUE FALSE FALSE FALSE FALSE FALSE FALSE FALSE FALSE FALSE FALSE FALSE
 [73] FALSE FALSE FALSE FALSE FALSE FALSE FALSE FALSE FALSE FALSE FALSE FALSE
 [85] FALSE FALSE FALSE FALSE  TRUE  TRUE FALSE  TRUE FALSE FALSE  TRUE FALSE
 [97] FALSE  TRUE FALSE FALSE FALSE FALSE  TRUE  TRUE FALSE FALSE FALSE FALSE
[109] FALSE FALSE FALSE FALSE FALSE FALSE FALSE FALSE FALSE FALSE FALSE FALSE
[121] FALSE FALSE FALSE FALSE FALSE FALSE FALSE FALSE FALSE FALSE FALSE  TRUE
[133]  TRUE  TRUE  TRUE FALSE  TRUE FALSE  TRUE FALSE  TRUE  TRUE  TRUE  TRUE
[145] FALSE FALSE FALSE FALSE FALSE FALSE FALSE FALSE FALSE FALSE FALSE FALSE
[157] FALSE  TRUE FALSE FALSE FALSE FALSE FALSE FALSE FALSE FALSE FALSE  TRUE
[169]  TRUE  TRUE  TRUE  TRUE  TRUE  TRUE FALSE FALSE FALSE FALSE FALSE FALSE
[181]  TRUE FALSE FALSE FALSE  TRUE FALSE FALSE FALSE FALSE FALSE  TRUE  TRUE
[193] FALSE FALSE FALSE FALSE  TRUE  TRUE FALSE FALSE FALSE FALSE FALSE FALSE
[205] FALSE FALSE FALSE FALSE FALSE FALSE FALSE FALSE FALSE FALSE FALSE FALSE
[217] FALSE FALSE FALSE FALSE FALSE  TRUE FALSE FALSE  TRUE  TRUE  TRUE  TRUE
[229] FALSE  TRUE FALSE FALSE  TRUE  TRUE FALSE FALSE FALSE FALSE FALSE FALSE
[241] FALSE FALSE FALSE FALSE FALSE  TRUE FALSE FALSE  TRUE  TRUE  TRUE  TRUE
[253] FALSE FALSE  TRUE  TRUE  TRUE  TRUE  TRUE FALSE  TRUE FALSE FALSE  TRUE
[265]  TRUE  TRUE FALSE  TRUE  TRUE FALSE  TRUE  TRUE  TRUE FALSE FALSE FALSE
[277] FALSE FALSE  TRUE FALSE  TRUE  TRUE  TRUE  TRUE  TRUE  TRUE

