
Birth-death simulation object with 231 species and 90 extant species

Details for some species:

Extinction times (NA means extant)
[1] 14.31664 32.29943 34.39268 30.04868 34.18693 28.54517


Speciation times 
[1] 49.26651 45.57358 40.67882 37.81301 37.33108 35.31620


Species parents (NA for initial)
[1] NA  1  1  1  1  1


Species status (extinct or extant)
[1] "extinct" "extinct" "extinct" "extinct" "extinct" "extinct"


For more details on vector y, try sim$y, with y one of
TE TS PAR EXTANT



$TE
  [1] 14.31663810 32.29943032 34.39268382 30.04868057 34.18693002 28.54517437
  [7] 11.99722490 14.95257034 15.24432387 13.75731290 12.10805288 40.56097936
 [13] 32.40932121 18.71137025 33.56701881 32.68062365 23.11651536 27.34432532
 [19] 24.81335129 23.27132341 23.44118849 11.72272109 13.00740980 12.45516541
 [25] 42.14875083 25.75266974 14.21627450 23.30627354 17.66492496 30.76615814
 [31] 16.05951281 15.69563342  1.71526685 14.85296972 11.94122037 18.83531080
 [37] 25.77170330 22.64713236 24.67831046 11.88057087 13.91839928  3.19772239
 [43] 22.63698409 26.18407632 30.79949752 13.75636580 15.07417192 13.02115556
 [49] 30.97924229 24.94782166 16.20381679 22.17166242 14.58456759 13.72469167
 [55]  5.99397254          NA          NA          NA          NA          NA
 [61] 21.84632011 20.20544679  9.09811979 21.43730747 13.55233919 20.42814257
 [67] 23.85977599 14.33736874 24.71197025 15.80822461  7.22195896 10.46480265
 [73] 11.04010226          NA          NA 29.08430437 17.53621666 15.80043324
 [79]  8.16842946 15.40116322 15.06795073          NA          NA          NA
 [85]  1.20475644  3.06883439          NA          NA          NA  0.37531303
 [91]          NA          NA          NA 16.23309484 12.67153366 13.00858132
 [97]          NA 20.48724161 18.55535917 13.57943126 17.88732238 14.44019825
[103] 17.49053326 14.99262213 11.68390566          NA  8.21000444          NA
[109]  4.20043628  6.36060595 13.13793983 12.83693585  6.96990189  8.99135653
[115]          NA 15.77193148 16.69519249 12.75274392          NA          NA
[121]  1.19122155          NA  1.85237282          NA          NA  0.87738708
[127]          NA          NA          NA          NA          NA          NA
[133]  8.43790534  7.33169840          NA          NA          NA          NA
[139] 13.36901147  9.68767728  2.23934192          NA          NA 13.78144987
[145]          NA 14.79288409          NA          NA          NA          NA
[151]          NA  0.99740349          NA          NA  0.57104817          NA
[157]  0.07875534  1.62982009  1.31241795          NA          NA          NA
[163] 13.31680350 11.51134079 11.21626655  4.01728241          NA  8.51976781
[169]  1.82811164          NA  4.44687900          NA          NA          NA
[175]          NA          NA          NA          NA  5.83598478          NA
[181]  2.46918031          NA 12.13176342  0.83766700  1.72595348  3.78233073
[187]          NA  0.02266375          NA          NA          NA  0.43081460
[193] 11.26875048  9.12391768          NA  1.57182525          NA          NA
[199]  3.89673326          NA          NA          NA          NA          NA
[205]          NA  0.16327615  3.98552307          NA          NA  2.77760909
[211]          NA          NA          NA          NA  0.19241730  2.62099513
[217]          NA  0.85898519          NA          NA  2.89077315  0.36053763
[223]          NA          NA  1.27502155          NA          NA          NA
[229]          NA          NA          NA

$TS
  [1] 49.2665115 45.5735845 40.6788216 37.8130135 37.3310819 35.3162030
  [7] 21.9048391 21.1802854 20.2035172 15.8560061 14.4643430 44.6880512
 [13] 40.6089612 38.8089950 37.8508299 37.2841867 37.7370850 32.3121185
 [19] 31.1314516 31.1811618 29.0824983 20.1351201 14.3516086 14.0614652
 [25] 42.7747770 33.9244491 34.4044614 25.5698016 19.5360384 33.5437712
 [31] 28.4180296 24.3628733 23.9907440 25.3971058 28.1086179 24.9799609
 [37] 28.3491030 26.0185383 25.7410518 19.2363376 18.1142773 12.2156140
 [43] 32.1872381 26.8035101 32.6586571 24.7559145 15.1086041 25.0335240
 [49] 31.8341148 25.1343961 17.4116144 22.3886935 16.0950595 19.0702614
 [55] 11.9452107  8.7229298  7.9230297  6.9214679  5.3404214  5.0174724
 [61] 25.0391708 21.9401485 21.5553016 21.5001834 14.7609332 21.2130669
 [67] 25.5188944 25.2881827 24.9137202 23.9919394 15.7979023 15.4674904
 [73] 17.0598803  4.8077761  4.4478232 31.5650007 23.7220387 23.4892827
 [79] 15.7969007 16.2772047 16.9990439  9.2043401  8.2352282  8.2087062
 [85]  5.7110517  3.2093906  0.7252323  2.0384252  4.4801553  2.9385731
 [91]  1.0133936  2.7088137  1.4274623 17.1788907 13.7447560 13.6848046
 [97] 12.3382645 21.2854808 19.6574596 15.9399545 23.4724979 22.8304243
[103] 18.6807185 15.7041067 11.9832557  8.9944651  8.7412426  8.6623784
[109]  8.4364939  8.1274896 15.3193640 15.0253748 13.6943017 12.5617728
[115]  1.7170431 22.3682481 20.1574827 15.5580962  8.2867164  7.6370065
[121]  7.5461971  7.1587771  6.2772532  2.3160086  2.7229640  5.7103851
[127]  1.3621933  3.0959377  2.6053601  1.6488640  0.3551202  0.1239532
[133]  9.5858200  8.2090814  6.0974300  4.8683937  3.3331694 20.9198609
[139] 15.6216005 14.4982624  8.9602641  7.3384090  3.4081480 14.1422685
[145] 10.4069474 18.3558614  3.6247547  1.2378886  6.7156415  6.4733390
[151]  5.4743877  2.1360188  2.4328088  2.1494647  0.5922141  1.0885975
[157]  0.4150573  3.7932953  2.3841628  1.4215072  1.5014599  0.9646784
[163] 16.9658928 12.6785544 11.3851606  5.9915760  4.3600444 11.1085000
[169]  7.9441907  5.4076813  5.1566156  4.4661817  4.2623993  7.0767746
[175]  6.9494111  6.2643875  5.6376809  4.4081539  8.6001846  6.2709575
[181]  6.0228963  2.1989686 16.6111741  6.6931509  2.3641746  6.4725513
[187]  4.5605737  3.7340530  0.1253564  5.0611067  4.1743894  1.0404272
[193] 13.9403465 10.3961386  7.5954614  3.6684487  3.3168972  2.9408848
[199]  4.2286504  2.8235091  2.3201274  3.5335589  2.8199188  5.5353133
[205]  4.3909348  3.7124402  6.7878873  0.8311350  0.4470882  4.9833960
[211]  4.3626741  3.5073754  1.0917105  0.1568322  5.6505547  3.5755065
[217]  4.8882737  2.0913853  0.9041235  0.6762553  3.2825485  1.9805120
[223]  0.7913334  1.0417272  4.2210756  4.0658821  2.2960530  0.2478769
[229]  1.6981611  1.4895759  2.2337616

$PAR
  [1]  NA   1   1   1   1   1   1   1   1   1   1   2   3   3   3   3   4   4
 [19]   4   6   6   8  11  11  12  13  14  14  14  16  17  17  17  19  20  20
 [37]  21  21  21  22  22  22  26  26  27  27  27  28  30  31  31  32  32  33
 [55]  33  33  33  33  33  33  34  34  34  34  35  36  38  38  38  38  40  40
 [73]  41  42  42  43  43  46  46  51  54  55  56  56  56  56  56  57  59  59
 [91]  59  60  60  63  63  63  63  68  68  68  70  70  70  71  71  71  71  71
[109]  71  71  72  72  73  73  75  77  78  81  82  82  82  82  82  83  84  85
[127]  88  89  92  92  92  93  97  97  97  97  97  98 100 102 106 106 108 111
[145] 113 117 119 121 122 122 123 123 125 125 125 126 129 135 135 135 136 136
[163] 138 138 138 138 138 140 141 141 141 141 141 142 142 142 142 142 145 145
[181] 145 145 146 149 149 150 150 150 150 151 151 152 163 168 169 169 169 170
[199] 172 172 172 173 173 175 175 176 179 180 180 181 181 181 182 182 184 184
[217] 186 190 190 201 202 203 205 206 211 215 215 215 218 218 226

$EXTANT
  [1] FALSE FALSE FALSE FALSE FALSE FALSE FALSE FALSE FALSE FALSE FALSE FALSE
 [13] FALSE FALSE FALSE FALSE FALSE FALSE FALSE FALSE FALSE FALSE FALSE FALSE
 [25] FALSE FALSE FALSE FALSE FALSE FALSE FALSE FALSE FALSE FALSE FALSE FALSE
 [37] FALSE FALSE FALSE FALSE FALSE FALSE FALSE FALSE FALSE FALSE FALSE FALSE
 [49] FALSE FALSE FALSE FALSE FALSE FALSE FALSE  TRUE  TRUE  TRUE  TRUE  TRUE
 [61] FALSE FALSE FALSE FALSE FALSE FALSE FALSE FALSE FALSE FALSE FALSE FALSE
 [73] FALSE  TRUE  TRUE FALSE FALSE FALSE FALSE FALSE FALSE  TRUE  TRUE  TRUE
 [85] FALSE FALSE  TRUE  TRUE  TRUE FALSE  TRUE  TRUE  TRUE FALSE FALSE FALSE
 [97]  TRUE FALSE FALSE FALSE FALSE FALSE FALSE FALSE FALSE  TRUE FALSE  TRUE
[109] FALSE FALSE FALSE FALSE FALSE FALSE  TRUE FALSE FALSE FALSE  TRUE  TRUE
[121] FALSE  TRUE FALSE  TRUE  TRUE FALSE  TRUE  TRUE  TRUE  TRUE  TRUE  TRUE
[133] FALSE FALSE  TRUE  TRUE  TRUE  TRUE FALSE FALSE FALSE  TRUE  TRUE FALSE
[145]  TRUE FALSE  TRUE  TRUE  TRUE  TRUE  TRUE FALSE  TRUE  TRUE FALSE  TRUE
[157] FALSE FALSE FALSE  TRUE  TRUE  TRUE FALSE FALSE FALSE FALSE  TRUE FALSE
[169] FALSE  TRUE FALSE  TRUE  TRUE  TRUE  TRUE  TRUE  TRUE  TRUE FALSE  TRUE
[181] FALSE  TRUE FALSE FALSE FALSE FALSE  TRUE FALSE  TRUE  TRUE  TRUE FALSE
[193] FALSE FALSE  TRUE FALSE  TRUE  TRUE FALSE  TRUE  TRUE  TRUE  TRUE  TRUE
[205]  TRUE FALSE FALSE  TRUE  TRUE FALSE  TRUE  TRUE  TRUE  TRUE FALSE FALSE
[217]  TRUE FALSE  TRUE  TRUE FALSE FALSE  TRUE  TRUE FALSE  TRUE  TRUE  TRUE
[229]  TRUE  TRUE  TRUE

