
Birth-death simulation object with 337 species and 119 extant species

Details for some species:

Extinction times (NA means extant)
[1] 16.21743 47.42675 31.94958 42.94435 36.58540 26.05644


Speciation times 
[1] 49.26651 48.42464 45.57743 43.80667 43.16673 36.27854


Species parents (NA for initial)
[1] NA  1  1  1  1  1


Species status (extinct or extant)
[1] "extinct" "extinct" "extinct" "extinct" "extinct" "extinct"


For more details on vector y, try sim$y, with y one of
TE TS PAR EXTANT



$TE
  [1] 16.2174303 47.4267456 31.9495809 42.9443512 36.5854050 26.0564426
  [7] 34.6786994 32.9862894 34.4110432 29.1209639 15.0172785 14.8277238
 [13] 40.6878525 32.7504690 38.3585941 31.4414741 36.5083675 33.0455959
 [19] 39.7196496 33.3896571 34.0651572 25.3789291 26.3935000 26.5154404
 [25] 17.7451810 13.2633803 18.9232856 10.8562769 34.4389992 23.3842662
 [31] 31.3048976 18.1055013 28.6108238 28.2474021 10.6467999 15.3706277
 [37] 14.2711021 14.6217237  8.5593131 11.2362212 14.1619191 13.6381118
 [43]  9.0717576 15.0781460 10.6972900         NA 16.7398395 25.1237185
 [49] 23.4645057 21.8030972 14.2658112 13.5615277 15.2716345 14.9487251
 [55] 12.8385412 15.3887363 10.0049199 10.8546872 13.9432102 13.2140587
 [61] 18.5980507 14.3454660  9.5068577         NA         NA 14.6903142
 [67] 21.4746958 18.6361249 23.6775993 16.7915442 16.0972517         NA
 [73]  7.1907953  0.5372971 19.6880587 18.3945717 23.9712980 12.9458404
 [79]  8.8507626 12.5971239 14.8948046 13.8293790  5.9914517 10.9299149
 [85] 14.9692030 12.1699101  0.2781409  2.6893512  5.7133125         NA
 [91]         NA         NA 21.3218666 14.9578062  5.3309689 17.3606414
 [97] 15.3883818 19.7017074 13.5113652 12.2419042  5.7321834         NA
[103]  3.2771678 19.1828820 26.4484724 12.9033430 14.5608780 15.1906767
[109] 19.9929499         NA 13.9640464         NA  3.7829392  6.0022886
[115]         NA  0.9101633 10.5797964  5.7349617  8.0767256  4.9063815
[121]         NA         NA         NA 16.8656011 18.8962904 12.3044766
[127] 18.0726071 17.6239158 13.5995817         NA  7.7171731         NA
[133]         NA 12.8301087 13.1321186  2.9267465  2.3556581         NA
[139]         NA  2.6397252 16.9211478 24.9667250 17.6135348 15.1652513
[145] 13.8297939 15.9273512 21.5275829 15.5739166 20.3267162 16.0189865
[151] 16.1528842 13.1295171  9.2640141  5.8069154  3.1579858         NA
[157]  2.1978375         NA  8.6098605         NA         NA  5.4496214
[163]         NA  7.3430573         NA  4.8034309  2.8629290  3.1986718
[169]  5.0616378  1.8414130  1.0111863  4.9176835  1.5650916  0.9930578
[175]  7.9652798  4.1474895         NA  2.5939597  2.8867229  1.8655248
[181]         NA 18.4134303 15.2601590 12.1809699         NA  4.6727320
[187]         NA         NA  1.4193142  0.7187868         NA 10.5969450
[193] 15.0167470 16.4076738         NA  2.9587223         NA         NA
[199]         NA 14.0871113 14.8955291  8.2661719  3.5678602         NA
[205]  1.5026046         NA  4.0319883  4.8038347  1.1350908  2.4006822
[211]         NA         NA         NA  3.9048761         NA         NA
[217]         NA  2.5668266         NA         NA  1.4436100  2.5499458
[223]  0.7864275         NA         NA  0.7259154 13.5199202 10.6889246
[229]         NA         NA         NA         NA 13.6139087         NA
[235] 11.8650949 15.1733722 17.6438922 13.5884187         NA  1.7744819
[241]         NA         NA  0.1781961 19.2037977         NA  7.3683724
[247]  6.7019348         NA  2.6786157         NA         NA  6.2164146
[253]         NA  0.2481627  4.9588998  1.4404902         NA 15.0058285
[259]  3.9818348 10.0542196         NA         NA 11.0744910         NA
[265]         NA         NA 15.1437940         NA         NA 20.7098271
[271]         NA  4.9422900         NA         NA         NA  1.8709617
[277]         NA  6.3678647         NA         NA         NA         NA
[283]  9.5135670         NA         NA  6.7095377         NA  6.6977442
[289]         NA         NA         NA         NA         NA  1.2267293
[295]  5.1642178         NA         NA  3.5918150         NA         NA
[301]         NA         NA         NA  1.0276645         NA  0.7591851
[307]  1.2548776         NA  0.2660663         NA         NA         NA
[313]         NA  0.9015890  6.3910370         NA         NA         NA
[319]         NA         NA         NA         NA         NA         NA
[325]         NA         NA         NA         NA  0.1366701         NA
[331]         NA         NA         NA         NA         NA         NA
[337]         NA

$TS
  [1] 49.26651148 48.42464495 45.57742612 43.80667084 43.16673301 36.27854460
  [7] 34.93798599 34.92472349 34.90952132 34.03913447 28.86937703 18.16747736
 [13] 45.13111025 42.89236335 39.80175941 39.40767716 38.04020279 33.12816840
 [19] 43.03015977 41.49521587 37.99687219 32.03247786 28.28398522 27.05198875
 [25] 33.29481085 25.10062261 20.20708756 18.18095032 36.37624049 31.88610702
 [31] 37.18673421 27.23206306 31.79000583 28.92455523 25.35500613 20.11013015
 [37] 18.55060238 20.68704618 20.26012455 20.16103051 19.54528248 16.92837911
 [43] 14.11316013 17.50585714 11.36733596 28.00451977 34.35636044 33.04396392
 [49] 31.58600331 23.60947248 21.81029584 17.58489080 15.74001320 15.44405046
 [55] 14.34875434 18.50390238 12.47898416 11.96419930 19.50299667 18.89149285
 [61] 18.71113184 14.42528055 10.01363396  9.53584411  9.21000484 26.65629800
 [67] 25.30831175 24.99650523 24.20443818 22.22847515 20.59418885 15.51187003
 [73]  8.11711320  0.68878423 33.37487867 29.75334289 25.72400586 15.27253341
 [79] 14.44404320 17.96254413 15.83452865 15.48547336 10.79871447 10.93854191
 [85] 15.61278968 16.48925160  9.27282059  8.93007364  6.19695351  5.39381629
 [91]  4.43482256  0.97357051 24.50395199 24.01557607 22.71439572 18.53621170
 [97] 23.68578631 23.56502866 13.80394758 12.96554435  8.90946066  8.89058090
[103]  3.45126611 29.54448793 27.60552064 25.38283480 26.30290610 22.61894636
[109] 20.54581629 12.35245197 16.15556704 10.53519853  9.64473572  9.30811847
[115]  8.44234990  7.58696088 12.30123505  8.97789863  8.28499538  7.44821969
[121]  4.33120481  7.13962976  0.58585466 22.95545189 22.06940016 23.08624277
[127] 18.49590618 18.30952356 14.82090500  9.34114431  8.02669731  7.10818404
[133]  5.87623150 17.51400363 23.27902768  6.24198965  7.86855939  6.53793135
[139]  4.81317596  3.15159295 27.34345869 27.31664745 27.18912576 24.34777716
[145] 16.88424718 16.19433893 21.60362753 17.84466143 21.25895046 19.85797236
[151] 19.76728730 19.56497741 10.36490114  6.83648730  5.17078294  3.60955443
[157]  2.96662166  0.07890284 10.30828705  8.53039103  6.97304763  6.67815118
[163]  8.23701174  7.78621818  7.10336919  5.02195136  6.26617812  6.92164454
[169]  6.51876588  6.34306882  5.57113916  6.31022170  5.80150045  2.68471936
[175]  8.50957662  7.52550004  6.82364988  6.76117165  6.18726182  3.53438077
[181]  1.21083678 18.60307952 17.07083592 19.24678895  7.24399673  5.61369176
[187]  4.25612823  6.51395955  4.04195194  2.37561040  0.86189251 14.59102515
[193] 19.44660450 19.14068177  3.07612050  3.03705013  5.22547325  2.62391653
[199]  0.31424714 26.44627635 16.80308424 14.02745832  5.13309060  0.41774614
[205]  1.83787879  6.86422856  6.62661660  6.60284177  5.57019037  5.14671306
[211]  4.99159182  5.58626740  2.79817902  6.23294104  4.58860469  4.10969822
[217]  6.13152322  3.13405076  1.91596245  8.31382076  6.80242044  6.75572993
[223]  5.44363339  4.19123290  4.37672240  3.47488042 18.65439833 15.57012449
[229]  5.94484991  4.41327215  0.64052919  3.37628734 14.35918935 13.07929525
[235] 12.17029641 17.55385532 18.59366007 17.43952567  2.52002543  3.88925407
[241]  0.99710466  0.57557354  0.70889413 26.17445437 10.36513911  8.61961382
[247]  8.26688894  6.34591745  3.67134318  4.82307884  1.62630975  7.69665391
[253]  5.36685481  3.32941975  5.37823830  3.65161745  2.06990725 15.68358515
[259] 15.04661914 11.73717264  5.32697004  2.09999847 12.43312757  7.93869294
[265]  7.93828469  2.62564343 17.82702919  3.05171849  0.03682635 23.86632336
[271]  9.04551739  7.47809782  6.81505151  2.20880998  7.87151706  3.69813579
[277]  0.88613992  7.45357087  6.73487287  0.85036059  0.17672461  4.98653828
[283] 10.00293742  4.00645410  3.26361843  7.47544259  6.62483434  7.14276663
[289]  5.45051977  5.43380024  1.69325029  1.65566133  8.15458167  6.04735853
[295]  7.45630795  6.08255234  6.34700682  6.01900757  2.39537198  2.33359440
[301]  0.11383300  0.40772248  0.54008145  3.82846562  2.74327573  1.37829343
[307]  2.01894700  1.63472717  5.19461434  4.77533614  4.33000298  1.11224273
[313]  4.77884199  4.41823874  6.41827494  2.16652297  1.15255621  5.78311203
[319]  3.35339599  0.85798162  0.44678164  1.51707256  4.66050391  1.00376334
[325]  3.36953596  2.40842385  3.78959115  1.49422905  3.71946439  3.66162836
[331]  1.39101332  0.62602428  0.30835155  2.04213551  0.59935560  0.02131066
[337]  0.29707013

$PAR
  [1]  NA   1   1   1   1   1   1   1   1   1   1   1   3   3   3   3   3   3
 [19]   4   5   5   6   6   6  10  11  11  11  16  16  17  22  25  25  25  25
 [37]  25  26  26  26  26  26  26  28  28  30  31  31  31  32  35  36  36  36
 [55]  37  38  39  39  40  40  40  40  43  43  43  46  46  46  46  46  46  46
 [73]  46  46  47  47  49  51  51  56  56  56  57  58  59  60  64  64  64  64
 [91]  64  65  66  66  66  66  67  68  72  72  72  72  72  75  75  75  76  76
[109]  76  79  80  83  83  83  83  83  86  87  87  87  87  88  91  93  93  94
[127]  95  95  95  95  95  95  95  96  97 101 102 102 102 102 104 104 105 106
[145] 106 106 107 107 108 108 108 108 110 110 110 110 110 110 112 112 112 112
[163] 113 113 113 113 114 115 115 115 115 116 116 116 118 118 120 120 122 122
[181] 122 124 124 126 130 130 130 132 133 133 133 134 135 135 136 137 138 139
[199] 139 142 151 152 155 156 160 161 161 161 161 161 161 163 163 167 167 170
[217] 172 173 174 175 176 176 177 177 179 179 184 184 185 185 185 189 192 192
[235] 192 193 194 194 195 197 197 197 198 200 202 202 202 207 211 217 217 220
[253] 220 220 221 222 225 227 228 228 229 229 234 234 234 234 237 240 242 244
[271] 245 245 245 245 247 250 251 252 252 253 253 255 259 261 261 264 264 265
[289] 265 265 266 266 271 271 272 273 275 275 276 276 277 279 280 282 284 284
[307] 285 285 287 287 287 287 289 290 295 296 296 297 297 297 303 308 309 309
[325] 313 313 314 316 318 323 323 324 326 327 327 327 334

$EXTANT
  [1] FALSE FALSE FALSE FALSE FALSE FALSE FALSE FALSE FALSE FALSE FALSE FALSE
 [13] FALSE FALSE FALSE FALSE FALSE FALSE FALSE FALSE FALSE FALSE FALSE FALSE
 [25] FALSE FALSE FALSE FALSE FALSE FALSE FALSE FALSE FALSE FALSE FALSE FALSE
 [37] FALSE FALSE FALSE FALSE FALSE FALSE FALSE FALSE FALSE  TRUE FALSE FALSE
 [49] FALSE FALSE FALSE FALSE FALSE FALSE FALSE FALSE FALSE FALSE FALSE FALSE
 [61] FALSE FALSE FALSE  TRUE  TRUE FALSE FALSE FALSE FALSE FALSE FALSE  TRUE
 [73] FALSE FALSE FALSE FALSE FALSE FALSE FALSE FALSE FALSE FALSE FALSE FALSE
 [85] FALSE FALSE FALSE FALSE FALSE  TRUE  TRUE  TRUE FALSE FALSE FALSE FALSE
 [97] FALSE FALSE FALSE FALSE FALSE  TRUE FALSE FALSE FALSE FALSE FALSE FALSE
[109] FALSE  TRUE FALSE  TRUE FALSE FALSE  TRUE FALSE FALSE FALSE FALSE FALSE
[121]  TRUE  TRUE  TRUE FALSE FALSE FALSE FALSE FALSE FALSE  TRUE FALSE  TRUE
[133]  TRUE FALSE FALSE FALSE FALSE  TRUE  TRUE FALSE FALSE FALSE FALSE FALSE
[145] FALSE FALSE FALSE FALSE FALSE FALSE FALSE FALSE FALSE FALSE FALSE  TRUE
[157] FALSE  TRUE FALSE  TRUE  TRUE FALSE  TRUE FALSE  TRUE FALSE FALSE FALSE
[169] FALSE FALSE FALSE FALSE FALSE FALSE FALSE FALSE  TRUE FALSE FALSE FALSE
[181]  TRUE FALSE FALSE FALSE  TRUE FALSE  TRUE  TRUE FALSE FALSE  TRUE FALSE
[193] FALSE FALSE  TRUE FALSE  TRUE  TRUE  TRUE FALSE FALSE FALSE FALSE  TRUE
[205] FALSE  TRUE FALSE FALSE FALSE FALSE  TRUE  TRUE  TRUE FALSE  TRUE  TRUE
[217]  TRUE FALSE  TRUE  TRUE FALSE FALSE FALSE  TRUE  TRUE FALSE FALSE FALSE
[229]  TRUE  TRUE  TRUE  TRUE FALSE  TRUE FALSE FALSE FALSE FALSE  TRUE FALSE
[241]  TRUE  TRUE FALSE FALSE  TRUE FALSE FALSE  TRUE FALSE  TRUE  TRUE FALSE
[253]  TRUE FALSE FALSE FALSE  TRUE FALSE FALSE FALSE  TRUE  TRUE FALSE  TRUE
[265]  TRUE  TRUE FALSE  TRUE  TRUE FALSE  TRUE FALSE  TRUE  TRUE  TRUE FALSE
[277]  TRUE FALSE  TRUE  TRUE  TRUE  TRUE FALSE  TRUE  TRUE FALSE  TRUE FALSE
[289]  TRUE  TRUE  TRUE  TRUE  TRUE FALSE FALSE  TRUE  TRUE FALSE  TRUE  TRUE
[301]  TRUE  TRUE  TRUE FALSE  TRUE FALSE FALSE  TRUE FALSE  TRUE  TRUE  TRUE
[313]  TRUE FALSE FALSE  TRUE  TRUE  TRUE  TRUE  TRUE  TRUE  TRUE  TRUE  TRUE
[325]  TRUE  TRUE  TRUE  TRUE FALSE  TRUE  TRUE  TRUE  TRUE  TRUE  TRUE  TRUE
[337]  TRUE

