
Birth-death simulation object with 341 species and 119 extant species

Details for some species:

Extinction times (NA means extant)
[1]       NA 40.97574 26.52206 22.82774 13.84521 12.73226


Speciation times 
[1] 49.26651 48.44418 27.79521 25.73426 17.14303 15.31512


Species parents (NA for initial)
[1] NA  1  1  1  1  1


Species status (extinct or extant)
[1] "extant"  "extinct" "extinct" "extinct" "extinct" "extinct"


For more details on vector y, try sim$y, with y one of
TE TS PAR EXTANT



$TE
  [1]          NA 40.97574112 26.52206429 22.82773872 13.84521482 12.73225525
  [7]          NA 38.56092576 47.12707135 39.26576408 21.07042886 14.60698362
 [13] 14.95288784          NA 30.18487380 24.48832171 13.29693135 15.39588826
 [19] 24.62828077 22.16248939 25.10471414  0.14261867 22.26735941 30.39012493
 [25] 16.39086137 16.76265689 18.69262282 10.99634523 28.49599484 20.74569143
 [31] 23.77269690  1.12334661 15.12706764 14.96804278 10.65591933 20.03384243
 [37]          NA  6.46752778          NA 14.88807328 14.92130030 33.18699958
 [43] 22.78533790 24.95214595 19.58445648  7.29767632 24.33088776 18.69091200
 [49] 14.75231306 21.93742201 24.69473704 15.33355706          NA  8.87162784
 [55]  1.50413996  4.06172751          NA          NA 17.12747189 12.67825419
 [61] 10.79643316  0.15857615  8.65157764  6.13649157  1.16652824          NA
 [67]          NA          NA          NA          NA  0.95712572 11.61697354
 [73] 24.10373165 22.58831669 15.22416901 17.55578995 13.14626833 15.92674744
 [79]  0.33524442 22.42110198 20.53443454 21.27968167 25.32710451          NA
 [85] 15.20178849  3.72582142  4.22321132  1.54609261  6.31292621  2.89906948
 [91]          NA          NA 20.07618099  1.79489043 16.08302592 16.07110921
 [97]          NA  3.48511551 12.94327442 10.82209049  5.96910970  2.01970845
[103]  1.16626540          NA  6.09259692          NA  1.52686302          NA
[109]          NA          NA          NA 22.73167550 17.01007695 14.47245071
[115] 12.31812318          NA          NA  1.11979398 14.51678761 19.16268108
[121] 14.17888641  8.05849279 11.20555205          NA          NA          NA
[127]  3.80180547  1.84832765  4.39765934  2.02899628  1.87501667 17.47207533
[133] 13.27356306 11.47167865 13.66974229 12.93774036 11.23255805 13.92122828
[139]  8.23893607 12.21614007  8.07846490  5.66016042          NA  4.93049146
[145]          NA          NA          NA          NA          NA          NA
[151]          NA          NA 13.21595058          NA 18.59029186 18.88455979
[157] 14.16357934 10.53049348          NA  0.38277307          NA          NA
[163]          NA          NA  0.87519800  3.12331186  1.53282494          NA
[169]          NA          NA          NA 16.02926423 12.87777458 12.78075456
[175]  7.13615014 13.69722183 13.09365279 14.20122251 13.42285247  5.32749951
[181]  8.76625330  2.32687258  3.15935850          NA  4.82795630  2.97807626
[187]          NA  0.24790610          NA          NA 16.68791376 12.44643305
[193]          NA          NA  1.08808947  0.31321108  5.10938260  1.99373690
[199]  2.57638848          NA  5.97503103          NA          NA          NA
[205]  1.02489842          NA 12.30643005 17.02314974 16.45691069 14.46709460
[211] 11.08405932 16.67421452  4.35316484          NA  3.68046828          NA
[217]  8.53349721  8.93311105          NA 13.99447721          NA          NA
[223]          NA          NA  6.17362772          NA          NA  0.01605616
[229]          NA          NA          NA          NA          NA  3.23644159
[235]  4.90306014          NA  3.57423742  3.53917983  1.22698221  3.12818808
[241]  1.08942542  6.32730022          NA  8.62607944  4.69054668  1.63932093
[247]          NA  6.21688997          NA  0.74762783  1.29789847  1.77373389
[253]          NA          NA          NA          NA  0.66690494  0.96031757
[259]          NA  4.42559946  1.50537451  1.42394720          NA  7.40795722
[265]  5.69525521          NA  4.80791460  2.71480904  0.82301378  5.79453364
[271]  6.88212314          NA  2.72015929  2.04223664          NA          NA
[277]          NA  4.45862030  2.69369365          NA  3.22940118          NA
[283]          NA  1.22628554  0.25820548          NA  0.78817094          NA
[289]  5.51543087  4.94407832          NA          NA  4.67128973  0.93063174
[295]          NA  5.30410159  5.28375653          NA          NA  2.27789049
[301]          NA  3.38459853  0.36920606  1.77593193  3.58988055  0.91997737
[307]  6.05660911          NA          NA  5.69423581          NA          NA
[313]          NA  1.00963197          NA          NA          NA  4.73417343
[319]          NA          NA          NA  5.25296026  1.27223062  1.25817746
[325]  6.12287758  2.75316437          NA          NA  1.10226639  2.61994283
[331]          NA          NA          NA          NA          NA  5.16829218
[337]          NA  2.63508694  2.71406760          NA          NA

$TS
  [1] 49.26651148 48.44417821 27.79521395 25.73426191 17.14302897 15.31511546
  [7]  2.94210839 48.03373628 47.40037151 42.09249077 41.44409604 16.17552389
 [13] 15.05359368  0.83801623 40.03117749 36.50500313 31.77573955 31.22859796
 [19] 29.57264003 27.89357882 27.86512621 23.73405027 23.68444323 35.85510638
 [25] 31.00008046 21.40956083 18.74177931 13.87601625 30.98786438 26.87985431
 [31] 26.07147896 22.59548038 15.42805260 15.41700027 29.50829254 25.88103701
 [37] 15.85558683  8.98654623  4.22200642 23.48667785 22.73729644 33.37298120
 [43] 30.19715177 27.14163578 27.04935329 26.76833963 25.73952496 20.12666450
 [49] 16.92571353 28.66835845 25.54261003 18.00230392 11.23217411 10.01452282
 [55]  6.09584640  5.75463190  3.30664290 23.20587134 18.63619041 14.63406002
 [61] 13.45673461 11.17406897  9.59151456  8.22338780  7.91528437  5.43517505
 [67]  3.25338431  0.96302728  7.29002222  4.11691947  1.84641757 16.57558523
 [73] 25.15488802 23.57875478 23.58963055 20.38741428 19.33031896 19.24245701
 [79]  9.10324332 25.39531162 27.18624708 26.68273063 26.50370835 16.72757356
 [85] 16.22120242  6.71758538  6.06849454  9.70102598  9.01175281  5.63220844
 [91]  2.30315292  2.15580117 22.57101564 21.36267224 19.93258350 18.52498749
 [97]  7.05847337  3.55565981 18.11612491 14.32619785 10.49020607  8.37239110
[103]  6.30334053  7.97812036  6.49496339  2.66085094  2.49749483  4.78437396
[109]  1.28501362  0.13647096  3.32550077 23.32219892 20.60610980 17.32929551
[115] 15.10748024  8.44527975  4.37113744  3.82648732 23.25385480 22.83022646
[121] 16.41901643 12.26475978 11.24055006  5.89836078  6.17461877  5.82469310
[127]  5.33770985  8.44982864  6.52960823  7.15997240  6.96590715 22.01122955
[133] 15.52036983 12.87930387 18.20255536 17.34877987 16.58657438 14.56053500
[139] 12.46316913 12.35584678  8.44237156  7.88222668  7.38086801  6.44779103
[145]  4.70070007  0.66190809  4.02863493  3.03182030  0.03882372  0.81833300
[151]  2.28018148  0.54252670 18.43100272  7.54076272 21.57479946 19.56072715
[157] 15.78293059 10.96864291  8.32717095  8.26588189  0.39857959  2.94252063
[163]  1.73270777  4.79436950  8.09518400  7.54876706  3.01952607  2.95848697
[169]  4.89553829  3.67105898  5.08666491 21.07619010 18.86068554 14.94495641
[175] 11.76705345 17.13513489 15.32459190 14.49288031 16.36854506 12.02087471
[181] 11.26118590  6.66253033  6.65366846  6.12662293  5.13381496  4.00293926
[187]  4.62129957  1.86272776  0.53378517  0.22142731 17.82729573 14.66619779
[193]  6.08883651  5.87195993  8.16097269  7.72988667  5.37685627  4.76717303
[199]  2.92034244  0.19606617  6.79811619  4.84054629  1.87563139  0.34494380
[205]  1.44895533  4.76747173 17.56007120 18.02262845 17.61960383 16.25943425
[211] 12.79088631 16.94092862  9.58396860  8.71694432  5.71713733 10.71847034
[217]  9.81895730  9.79571368  6.56631806 17.75006650  4.74045053  5.52972834
[223]  3.10709014  2.98368100  6.57678566  1.37852314  4.80674274  2.48356975
[229]  0.17136639  1.14519464  4.15170481  7.68053835  5.77918325  8.52858128
[235]  7.12221091  0.90666204  9.25894242  8.58211840  8.27905293  7.70994999
[241]  7.51628661  6.89945393  2.80300257  9.06326189  9.48408967  5.35327234
[247]  0.56645760  6.54750930  0.28002135  0.76490527  1.83868191  6.39582298
[253]  5.10223364  3.40029484  2.14319078  0.36456900  4.56534960  7.92213061
[259]  7.83194516  9.16891683  8.12339543  7.54122380  8.13405036  7.73088067
[265]  7.52737049  7.48082993  6.64154359  6.24775589  5.75787941  9.40715853
[271]  9.27917092  5.54731195  4.83358906  3.41860964  6.35991419  1.83867950
[277]  4.52500226  7.07726850  7.46583915  0.07254568  7.10585445  5.62912972
[283]  7.83171083  6.99925314  6.71802062  6.64728508  5.76739699  3.64698741
[289]  7.52379735  7.43938229  0.81941351  0.78062974  6.85267854  2.39293549
[295]  1.87781290  5.41880678  6.48746924  5.14418708  4.46851140  5.28372112
[301]  1.74092903  6.73953779  6.14615501  6.08331359  4.54639901  4.52429240
[307]  6.47380671  3.18554353  1.99183584  5.92092016  6.23768167  6.53816232
[313]  0.15646593  2.83415188  0.55115383  0.86741692  4.73917829  5.75949923
[319]  4.35038960  1.60015602  0.15112124  6.06792607  5.91065607  2.07080601
[325]  6.37439147  6.25769308  1.19912812  1.83217200  5.49395466  5.86716407
[331]  4.56662906  4.33712660  3.04099615  5.46386015  1.41952306  5.58454642
[337]  2.71949037  4.49908537  3.33939521  1.30077857  3.39141442

$PAR
  [1]  NA   1   1   1   1   1   1   2   2   2   2   5   5   7   8  11  11  11
 [19]  11  11  11  11  11  15  17  17  17  17  18  18  18  18  18  18  19  20
 [37]  22  22  22  23  23  24  25  25  25  25  25  25  25  29  30  32  32  32
 [55]  32  32  32  35  35  37  37  37  37  37  37  37  37  37  38  39  39  41
 [73]  45  45  46  46  46  46  46  47  50  50  50  52  52  53  53  54  54  56
 [91]  57  57  58  58  58  58  58  58  59  60  62  62  62  64  64  67  67  69
[109]  69  69  70  75  75  77  77  79  79  79  80  80  84  84  84  84  86  86
[127]  86  88  88  89  89  93  94  94  96  96  99  99 100 100 101 101 104 104
[145] 104 104 108 108 108 109 111 111 113 116 119 120 121 122 122 122 124 125
[163] 125 127 128 128 128 128 130 130 131 132 132 133 134 135 135 135 136 137
[181] 137 143 143 143 143 143 145 145 147 147 153 153 154 154 159 160 160 164
[199] 164 164 166 166 169 169 170 171 172 173 173 173 174 176 180 180 180 181
[217] 181 181 183 191 194 195 195 195 196 196 202 202 204 205 206 213 213 214
[235] 214 214 216 216 216 216 216 216 216 217 218 219 222 225 226 230 231 232
[253] 232 232 232 232 233 234 234 237 237 238 239 239 240 241 241 241 241 245
[271] 245 245 246 246 248 253 257 258 259 259 260 260 261 261 261 261 261 262
[289] 263 263 263 263 266 266 266 269 270 272 273 275 276 279 279 279 279 279
[307] 285 286 288 289 290 293 295 298 298 299 300 303 303 308 308 311 311 311
[325] 312 312 314 319 322 323 323 323 326 329 329 330 330 331 331 332 334

$EXTANT
  [1]  TRUE FALSE FALSE FALSE FALSE FALSE  TRUE FALSE FALSE FALSE FALSE FALSE
 [13] FALSE  TRUE FALSE FALSE FALSE FALSE FALSE FALSE FALSE FALSE FALSE FALSE
 [25] FALSE FALSE FALSE FALSE FALSE FALSE FALSE FALSE FALSE FALSE FALSE FALSE
 [37]  TRUE FALSE  TRUE FALSE FALSE FALSE FALSE FALSE FALSE FALSE FALSE FALSE
 [49] FALSE FALSE FALSE FALSE  TRUE FALSE FALSE FALSE  TRUE  TRUE FALSE FALSE
 [61] FALSE FALSE FALSE FALSE FALSE  TRUE  TRUE  TRUE  TRUE  TRUE FALSE FALSE
 [73] FALSE FALSE FALSE FALSE FALSE FALSE FALSE FALSE FALSE FALSE FALSE  TRUE
 [85] FALSE FALSE FALSE FALSE FALSE FALSE  TRUE  TRUE FALSE FALSE FALSE FALSE
 [97]  TRUE FALSE FALSE FALSE FALSE FALSE FALSE  TRUE FALSE  TRUE FALSE  TRUE
[109]  TRUE  TRUE  TRUE FALSE FALSE FALSE FALSE  TRUE  TRUE FALSE FALSE FALSE
[121] FALSE FALSE FALSE  TRUE  TRUE  TRUE FALSE FALSE FALSE FALSE FALSE FALSE
[133] FALSE FALSE FALSE FALSE FALSE FALSE FALSE FALSE FALSE FALSE  TRUE FALSE
[145]  TRUE  TRUE  TRUE  TRUE  TRUE  TRUE  TRUE  TRUE FALSE  TRUE FALSE FALSE
[157] FALSE FALSE  TRUE FALSE  TRUE  TRUE  TRUE  TRUE FALSE FALSE FALSE  TRUE
[169]  TRUE  TRUE  TRUE FALSE FALSE FALSE FALSE FALSE FALSE FALSE FALSE FALSE
[181] FALSE FALSE FALSE  TRUE FALSE FALSE  TRUE FALSE  TRUE  TRUE FALSE FALSE
[193]  TRUE  TRUE FALSE FALSE FALSE FALSE FALSE  TRUE FALSE  TRUE  TRUE  TRUE
[205] FALSE  TRUE FALSE FALSE FALSE FALSE FALSE FALSE FALSE  TRUE FALSE  TRUE
[217] FALSE FALSE  TRUE FALSE  TRUE  TRUE  TRUE  TRUE FALSE  TRUE  TRUE FALSE
[229]  TRUE  TRUE  TRUE  TRUE  TRUE FALSE FALSE  TRUE FALSE FALSE FALSE FALSE
[241] FALSE FALSE  TRUE FALSE FALSE FALSE  TRUE FALSE  TRUE FALSE FALSE FALSE
[253]  TRUE  TRUE  TRUE  TRUE FALSE FALSE  TRUE FALSE FALSE FALSE  TRUE FALSE
[265] FALSE  TRUE FALSE FALSE FALSE FALSE FALSE  TRUE FALSE FALSE  TRUE  TRUE
[277]  TRUE FALSE FALSE  TRUE FALSE  TRUE  TRUE FALSE FALSE  TRUE FALSE  TRUE
[289] FALSE FALSE  TRUE  TRUE FALSE FALSE  TRUE FALSE FALSE  TRUE  TRUE FALSE
[301]  TRUE FALSE FALSE FALSE FALSE FALSE FALSE  TRUE  TRUE FALSE  TRUE  TRUE
[313]  TRUE FALSE  TRUE  TRUE  TRUE FALSE  TRUE  TRUE  TRUE FALSE FALSE FALSE
[325] FALSE FALSE  TRUE  TRUE FALSE FALSE  TRUE  TRUE  TRUE  TRUE  TRUE FALSE
[337]  TRUE FALSE FALSE  TRUE  TRUE

