
Birth-death simulation object with 246 species and 87 extant species

Details for some species:

Extinction times (NA means extant)
[1] 43.20087 46.42128 42.96007 39.40566 43.45053 40.13984


Speciation times 
[1] 49.26651 48.21298 47.92107 47.16594 46.15061 46.38800


Species parents (NA for initial)
[1] NA  1  1  3  3  4


Species status (extinct or extant)
[1] "extinct" "extinct" "extinct" "extinct" "extinct" "extinct"


For more details on vector y, try sim$y, with y one of
TE TS PAR EXTANT



$TE
  [1] 43.20086838 46.42127542 42.96007347 39.40565712 43.45053062 40.13983934
  [7]  9.90493053 23.97882259 36.02997425 29.59239675 22.70746325 12.75334118
 [13] 23.55863614 23.76640051 22.98668062 11.04107335  8.10820567 36.97716114
 [19] 26.09637455 28.16766232 33.57065665 28.36552031 31.19252402 26.90614679
 [25] 16.50070053 24.94990126 20.85208120 19.36790882 14.21307657 17.09511022
 [31] 14.32158337          NA 15.36075142 17.51692090 10.99606285 15.19132514
 [37] 12.58702027 33.78835044 28.99929463 19.80493447 22.78225264 15.75750325
 [43] 14.09271176          NA          NA          NA 28.94767805 28.28714381
 [49] 30.17290788 13.59824854 11.28030570 14.07301672 32.62253530 16.37755691
 [55] 26.14718297 14.97061477 12.35870554 18.63896236 25.62861307 28.70761360
 [61] 19.82288070 14.56815199 14.77490969 10.66044021 25.90366818 21.06848960
 [67] 15.06292226 18.00975127 13.75147011 15.09006799 24.37963688 12.89353663
 [73] 15.50892580 12.97177978 28.99540107 14.99445671          NA          NA
 [79]          NA 32.60894886 31.48301940 26.22302301 21.85157981 25.95803994
 [85] 13.89817837 14.58901781 11.81322291 14.64589754 25.13371557 22.17533815
 [91] 24.14493043 16.97040315 16.19103732 10.79803598 21.55012360 14.35996542
 [97] 16.98119555 12.73205298 14.00970411 13.10063253 19.57802095 13.74057674
[103] 15.79331410          NA          NA          NA  7.54156019 12.46809121
[109] 25.89159297 13.74843235 13.97897782  3.31194034 19.97239483 14.84501820
[115] 13.45673471  2.79165491  6.30559160  8.49887895  5.06637277          NA
[121]          NA  5.15010373  3.60070560 26.15783764 14.94409185 15.44894239
[127] 13.11467294          NA 12.61760905  1.76494278  4.15965411          NA
[133]  2.48695939          NA          NA  5.41908778  3.55001173  6.29302261
[139]  3.60375815          NA          NA          NA          NA          NA
[145]          NA          NA          NA  5.12240588  6.37773799  1.31991110
[151]          NA  6.52125586  2.24228034          NA  1.12417325          NA
[157]  1.50909884          NA  0.85962503  0.03381007          NA  4.38740423
[163]  3.01925128  1.40706878  1.50435465  1.90574536          NA          NA
[169]          NA          NA          NA          NA  3.76634842  4.03424978
[175]          NA  3.80788177  5.10463593          NA          NA          NA
[181]          NA  2.57007735          NA          NA          NA          NA
[187]          NA          NA          NA  1.93379088          NA          NA
[193]  2.78162499          NA  1.84846748          NA          NA  0.18449041
[199]          NA  3.86071497          NA          NA          NA          NA
[205]          NA  3.35864547          NA          NA          NA          NA
[211]  2.24738718          NA          NA          NA          NA  2.72517768
[217]  2.44039241  0.96382791          NA  5.31004515  4.06122512          NA
[223]          NA  3.29316570          NA          NA          NA          NA
[229]          NA          NA          NA          NA          NA          NA
[235]          NA          NA          NA          NA  3.24734151  2.52401590
[241]  1.26020712          NA  0.49951433          NA          NA          NA

$TS
  [1] 49.26651148 48.21298341 47.92106539 47.16594003 46.15061265 46.38799633
  [7] 40.22459314 42.41460155 37.34020300 31.75798080 31.64989605 30.36128794
 [13] 25.17566045 24.54718337 24.10608494 22.41520670 14.66754737 39.04798235
 [19] 38.07143926 36.04884240 36.04456626 34.24794969 37.07127261 30.99389126
 [25] 26.74864926 27.65900843 22.29679582 22.04342712 14.53951123 24.85613383
 [31] 23.37321896  8.77425740 38.49082167 33.59912737 31.14157799 31.07105267
 [37] 35.96202263 34.90161949 34.37003929 30.50520292 24.56388941 16.22355351
 [43] 14.48196855  5.93252584  3.48615108  3.25674717 36.74013627 32.63223180
 [49] 31.93196699 29.88729310 28.79978913 20.57418212 33.15238947 30.68539144
 [55] 26.48166396 23.15086114 19.78441629 19.62015742 29.18101989 29.17391545
 [61] 24.10509514 16.56754607 15.09696606 11.95769395 29.01621458 23.75143594
 [67] 19.38820331 18.60620866 16.89381085 16.03378182 25.84732746 18.74934380
 [73] 18.05782700 17.08219880 29.75033216 27.88748287  2.64292119  1.06856215
 [79]  1.26984969 32.62675704 32.02508860 30.33388544 28.28676556 27.66445143
 [85] 24.69317789 15.51699197 14.97601563 28.40899504 27.33634858 26.18970355
 [91] 26.05162318 17.21943872 16.97557682 12.42496108 27.29935372 16.40609969
 [97] 17.24209200 17.67506792 15.96751322 15.42135247 21.95650022 20.40511984
[103] 16.48072410  1.91427573  0.52335757  0.98489850 24.46574926 13.02606965
[109] 25.97749373 18.59404883 16.44177144 11.47360896 26.93378262 22.17068928
[115] 14.89404154 12.19260542  8.42379836 15.35841642 11.16573045  9.84983004
[121]  8.70653004  6.38564597  4.14040303 26.53902966 18.69866865 16.19022389
[127] 14.88908060  5.66448101 13.11341095  9.07540502  9.62434015  6.24386175
[133]  5.91216596  8.61040270  8.11957862  7.82579509  8.52430022  7.91486558
[139]  4.53787023  4.90637383  3.74476891  0.64687139  0.57453114  6.99435767
[145]  6.21034000  5.06547324  9.46615930  9.18717558  7.85400760  3.55281887
[151]  0.04529807  8.49474641  8.02149722  3.88422192  1.75926118  5.84475265
[157]  2.00488032  0.12713046  7.34851804  6.73501822  5.78714253  5.78151080
[163]  6.33625992  5.94162902  5.65372935  6.56564552  3.38057847  1.33095221
[169]  0.78214719  0.42486552  3.24750610  5.70137445  8.83826128  8.64463142
[175]  7.54740514  5.75508664  6.68171776  2.70671780  7.49461341  2.83945281
[181]  2.78752453  5.78080177  4.49376256  6.61590679  4.63268762  0.89129051
[187]  1.46823580  0.73219927  0.14091195  5.79922113  3.39403252  4.46569053
[193]  6.08344313  2.96256074  2.81591218  2.56398402  6.84708749  4.49401808
[199]  7.50943295  7.39905845  0.18728850  4.66854150  2.11794709  1.70682166
[205]  5.51369581  4.29272837  2.77209552  3.27033887  1.94803920  0.90419294
[211]  5.96176834  2.29917139  0.43503923  0.59639833  2.47427129  4.30704583
[217]  3.84835489  2.96359610  2.90256279  6.08871380  5.66087194  5.22672442
[223]  6.62018927  4.24195771  4.04305442  2.03624864  1.48007184  2.48279481
[229]  0.79293374  1.14189267  1.49602435  0.61793380  0.30474020  4.35634546
[235]  4.27601308  2.61569628  1.49324246  3.03477522  6.13010280  3.62182238
[241]  2.25961326  2.11464475  1.09786098  1.05432899  0.38194796  1.09720099

$PAR
  [1]  NA   1   1   3   3   4   4   6   7   7   7   7   7   7   7   7   7   8
 [19]   8   8   8   8   9  10  11  12  12  12  12  13  15  17  18  19  19  22
 [37]  23  23  23  24  30  31  31  32  32  32  33  33  33  33  33  33  34  34
 [55]  34  34  34  34  35  35  35  35  35  35  36  36  36  36  36  36  37  37
 [73]  37  37  39  40  44  44  45  47  47  49  50  50  50  50  50  51  51  51
 [91]  51  51  57  57  59  69  72  73  74  74  76  76  76  77  77  78  83  87
[109]  88  88  93  94  95  95 107 107 107 111 112 112 112 112 112 113 114 114
[127] 115 116 118 118 119 119 119 120 120 120 121 121 121 128 128 128 128 130
[145] 130 130 131 131 131 132 132 134 134 134 134 135 135 135 136 136 136 136
[163] 137 137 137 144 144 144 144 144 145 147 148 148 148 148 149 150 152 153
[181] 156 159 159 160 160 160 161 161 161 163 164 165 166 167 167 172 174 174
[199] 175 175 175 176 180 181 182 182 182 183 183 183 184 184 185 187 191 193
[217] 193 198 198 199 199 199 200 200 200 202 204 207 207 208 209 210 210 211
[235] 211 211 212 217 223 225 225 236 237 237 238 242

$EXTANT
  [1] FALSE FALSE FALSE FALSE FALSE FALSE FALSE FALSE FALSE FALSE FALSE FALSE
 [13] FALSE FALSE FALSE FALSE FALSE FALSE FALSE FALSE FALSE FALSE FALSE FALSE
 [25] FALSE FALSE FALSE FALSE FALSE FALSE FALSE  TRUE FALSE FALSE FALSE FALSE
 [37] FALSE FALSE FALSE FALSE FALSE FALSE FALSE  TRUE  TRUE  TRUE FALSE FALSE
 [49] FALSE FALSE FALSE FALSE FALSE FALSE FALSE FALSE FALSE FALSE FALSE FALSE
 [61] FALSE FALSE FALSE FALSE FALSE FALSE FALSE FALSE FALSE FALSE FALSE FALSE
 [73] FALSE FALSE FALSE FALSE  TRUE  TRUE  TRUE FALSE FALSE FALSE FALSE FALSE
 [85] FALSE FALSE FALSE FALSE FALSE FALSE FALSE FALSE FALSE FALSE FALSE FALSE
 [97] FALSE FALSE FALSE FALSE FALSE FALSE FALSE  TRUE  TRUE  TRUE FALSE FALSE
[109] FALSE FALSE FALSE FALSE FALSE FALSE FALSE FALSE FALSE FALSE FALSE  TRUE
[121]  TRUE FALSE FALSE FALSE FALSE FALSE FALSE  TRUE FALSE FALSE FALSE  TRUE
[133] FALSE  TRUE  TRUE FALSE FALSE FALSE FALSE  TRUE  TRUE  TRUE  TRUE  TRUE
[145]  TRUE  TRUE  TRUE FALSE FALSE FALSE  TRUE FALSE FALSE  TRUE FALSE  TRUE
[157] FALSE  TRUE FALSE FALSE  TRUE FALSE FALSE FALSE FALSE FALSE  TRUE  TRUE
[169]  TRUE  TRUE  TRUE  TRUE FALSE FALSE  TRUE FALSE FALSE  TRUE  TRUE  TRUE
[181]  TRUE FALSE  TRUE  TRUE  TRUE  TRUE  TRUE  TRUE  TRUE FALSE  TRUE  TRUE
[193] FALSE  TRUE FALSE  TRUE  TRUE FALSE  TRUE FALSE  TRUE  TRUE  TRUE  TRUE
[205]  TRUE FALSE  TRUE  TRUE  TRUE  TRUE FALSE  TRUE  TRUE  TRUE  TRUE FALSE
[217] FALSE FALSE  TRUE FALSE FALSE  TRUE  TRUE FALSE  TRUE  TRUE  TRUE  TRUE
[229]  TRUE  TRUE  TRUE  TRUE  TRUE  TRUE  TRUE  TRUE  TRUE  TRUE FALSE FALSE
[241] FALSE  TRUE FALSE  TRUE  TRUE  TRUE

