
Birth-death simulation object with 159 species and 59 extant species

Details for some species:

Extinction times (NA means extant)
[1] 44.56327 34.53748 36.27174 32.45676 32.38872 26.47779


Speciation times 
[1] 49.26651 44.60732 43.26000 41.01690 38.78355 32.55768


Species parents (NA for initial)
[1] NA  1  2  3  4  4


Species status (extinct or extant)
[1] "extinct" "extinct" "extinct" "extinct" "extinct" "extinct"


For more details on vector y, try sim$y, with y one of
TE TS PAR EXTANT



$TE
  [1] 44.563273 34.537476 36.271738 32.456763 32.388717 26.477793 14.642205
  [8] 36.535774 31.705601 15.087787 35.364646 24.382069 12.435397 15.006664
 [15] 14.007359 15.758468 26.471580 25.370285 15.762938 30.617238 17.906816
 [22] 21.996368 12.714020 17.918117 13.183706 10.740170 14.602018 14.544768
 [29] 14.789911 11.865629 20.772569 20.695914 24.230075 17.665022 13.041027
 [36] 14.772855 13.596744 12.111021 17.403595        NA 14.704335 12.353783
 [43] 13.325476 10.963673 17.007343 14.542015 24.175582  8.819348 14.185666
 [50]  9.098108        NA        NA 11.967238 14.498054 13.614673 15.183031
 [57] 15.039713 19.009275 10.959277        NA 11.173425 10.855353 12.366606
 [64] 10.956698 13.837794        NA        NA 11.453922 10.796541 14.750073
 [71] 15.904339 14.031129 13.690041 12.558574        NA 10.960396        NA
 [78]  6.122369        NA  4.994429        NA        NA        NA 11.757797
 [85] 15.208742 12.568223        NA 11.607510        NA        NA        NA
 [92]        NA  9.604768  1.424607        NA        NA        NA  3.729227
 [99]        NA        NA        NA  5.475323  1.975619        NA  8.088691
[106]        NA 12.505285  4.818666        NA  3.269325  1.183305        NA
[113]        NA        NA        NA  1.772068  4.043022        NA        NA
[120]  2.432182        NA        NA  3.044989        NA        NA        NA
[127]  4.031823        NA 11.981905  6.502405  9.167164        NA  5.626446
[134] 13.933009        NA  2.153621        NA  1.853546        NA        NA
[141]        NA  2.250736  1.497610        NA        NA  1.651443        NA
[148]        NA        NA        NA        NA        NA        NA        NA
[155]        NA        NA        NA        NA        NA

$TS
  [1] 49.26651148 44.60731582 43.26000431 41.01689677 38.78355308 32.55767698
  [7] 38.27978809 36.58188356 34.72006118 30.12516629 35.38396915 32.62094497
 [13] 28.62222478 21.94084697 20.57610888 16.99445899 27.75125744 26.11906386
 [19] 16.85562810 31.50945656 30.64754670 26.60646479 21.64983239 19.44162238
 [25] 18.28631553 17.77203911 17.16780149 17.05449687 16.38314413 17.67127834
 [31] 25.60720354 26.86628901 25.36280352 21.48550814 16.22319669 18.81212510
 [37] 17.66417290 13.89077225 17.46210100 11.62834482 16.04537236 14.67630430
 [43] 16.28963007 14.18491227 24.82761570 23.96542688 26.09782361 14.85217640
 [49] 17.43351965 10.87325960  8.89231113  6.05501098 13.49123918 14.66532340
 [55] 23.72661808 23.29354749 22.23611502 21.20744113 17.25245026 25.28485470
 [61] 13.43322746 13.18102344 12.37535821 17.37054762 15.08403321  2.34783845
 [67]  1.86486972 13.30498348 12.81411737 21.71411516 20.57320147 18.70122463
 [73] 16.96465370 12.59348198 12.14010158 11.88509711  7.71966990  7.52507072
 [79]  5.67466870  5.63500515  5.26593260  3.98302094 11.08093272 14.57272810
 [85] 16.75510648 19.39865002 14.13372889 13.73187105 11.22707250  6.20223777
 [91]  5.88983341  0.53252865 11.09994609  6.08807944  1.27785567  0.91663413
 [97]  0.61473605  5.66452219  3.57522672  2.66669405  1.92696214  8.38113068
[103]  7.66024555  5.67221084 13.37016663 18.78379113 17.25163892  4.85464152
[109]  4.77168340  4.71136209  2.30710139  2.12944482  1.94391351  8.27643996
[115]  6.77757644  6.16029466  5.65658842  1.31769076  1.17487807  3.31310524
[121]  0.63814176  5.51386589  4.92518497  2.56135525  0.75162398  6.69223794
[127]  5.65914608  3.17944293 12.51245285 10.10196531  9.51770934  5.68029673
[133]  5.64181446 14.08292350  1.06022050  6.71064137  5.55817148  2.56070057
[139]  0.73050474  1.46460153  3.96948314  5.47486410  3.06425318  4.64060867
[145]  2.77365086  4.56156038  1.82608960  2.41755178  2.29118694  4.00423279
[151]  1.10505990  0.77072349  1.47660169  2.08213183  0.01165596  0.56991101
[157]  2.46712549  0.76006868  0.59117044

$PAR
  [1]  NA   1   2   3   4   4   5   5   5   6   7   7   7   7   7   7  10  10
 [19]  10  12  12  13  13  13  13  13  13  13  13  15  18  21  21  23  23  24
 [37]  25  25  26  26  27  27  28  30  31  31  32  36  37  40  40  40  42  43
 [55]  45  45  45  45  46  47  48  48  48  49  49  51  51  53  53  56  57  57
 [73]  59  60  60  60  60  60  60  60  60  60  64  65  70  71  72  73  75  75
 [91]  75  75  76  77  77  77  77  79  79  82  82  83  83  83  84  86  86  87
[109]  87  87  87  87  87  89  89  90  90  90  91  94  95  98  98  99 101 103
[127] 103 103 105 105 105 106 106 107 114 115 116 116 118 124 126 127 128 132
[145] 132 136 137 141 141 144 144 144 145 148 148 149 150 152 153

$EXTANT
  [1] FALSE FALSE FALSE FALSE FALSE FALSE FALSE FALSE FALSE FALSE FALSE FALSE
 [13] FALSE FALSE FALSE FALSE FALSE FALSE FALSE FALSE FALSE FALSE FALSE FALSE
 [25] FALSE FALSE FALSE FALSE FALSE FALSE FALSE FALSE FALSE FALSE FALSE FALSE
 [37] FALSE FALSE FALSE  TRUE FALSE FALSE FALSE FALSE FALSE FALSE FALSE FALSE
 [49] FALSE FALSE  TRUE  TRUE FALSE FALSE FALSE FALSE FALSE FALSE FALSE  TRUE
 [61] FALSE FALSE FALSE FALSE FALSE  TRUE  TRUE FALSE FALSE FALSE FALSE FALSE
 [73] FALSE FALSE  TRUE FALSE  TRUE FALSE  TRUE FALSE  TRUE  TRUE  TRUE FALSE
 [85] FALSE FALSE  TRUE FALSE  TRUE  TRUE  TRUE  TRUE FALSE FALSE  TRUE  TRUE
 [97]  TRUE FALSE  TRUE  TRUE  TRUE FALSE FALSE  TRUE FALSE  TRUE FALSE FALSE
[109]  TRUE FALSE FALSE  TRUE  TRUE  TRUE  TRUE FALSE FALSE  TRUE  TRUE FALSE
[121]  TRUE  TRUE FALSE  TRUE  TRUE  TRUE FALSE  TRUE FALSE FALSE FALSE  TRUE
[133] FALSE FALSE  TRUE FALSE  TRUE FALSE  TRUE  TRUE  TRUE FALSE FALSE  TRUE
[145]  TRUE FALSE  TRUE  TRUE  TRUE  TRUE  TRUE  TRUE  TRUE  TRUE  TRUE  TRUE
[157]  TRUE  TRUE  TRUE

