
Birth-death simulation object with 205 species and 109 extant species

Details for some species:

Extinction times (NA means extant)
[1] 34.26906 31.80703 33.46941 16.84853 39.32077 25.23405


Speciation times 
[1] 49.26651 41.39381 36.44012 34.94757 40.59239 37.00153


Species parents (NA for initial)
[1] NA  1  1  1  2  2


Species status (extinct or extant)
[1] "extinct" "extinct" "extinct" "extinct" "extinct" "extinct"


For more details on vector y, try sim$y, with y one of
TE TS PAR EXTANT



$TE
  [1] 34.2690559 31.8070330 33.4694131 16.8485341 39.3207737 25.2340510
  [7] 32.0122566 13.7981898 22.7056075 14.1516483  8.2754909 14.9677125
 [13] 14.3005034 14.0925444         NA  9.2831907  5.0894540         NA
 [19] 13.5763001 18.8366297 13.6228068  7.7030212  3.3777710         NA
 [25]  1.4266243  2.4380869         NA         NA  5.0861424  4.6549602
 [31] 19.4021847 17.3313882 18.9573328 14.1354184         NA         NA
 [37]  5.0729587         NA         NA         NA         NA  5.5975017
 [43]  2.2914862  1.6368066  8.0698317  1.2267074 18.7509203 16.5542909
 [49] 15.9581043  9.4801110         NA         NA  1.7872416         NA
 [55]         NA         NA  5.5315732  8.1067049  2.7339668  5.3116981
 [61]  2.6110262         NA         NA  2.8950889  0.3966325  5.8177814
 [67]  1.9590471  2.6461130  1.9681879         NA         NA  3.3173648
 [73]  9.8358556         NA  2.4231468  0.6397810         NA         NA
 [79]         NA         NA         NA  1.4816557         NA         NA
 [85]  7.8499871  1.7750974         NA         NA         NA         NA
 [91]         NA         NA         NA  0.6824414         NA         NA
 [97]         NA 10.5658504         NA         NA  7.0975071  7.4142883
[103]         NA         NA  4.5611035  7.6951174  3.4579379         NA
[109]  1.6722532         NA  5.2186918         NA  0.7492275         NA
[115]         NA         NA  2.9755359         NA         NA         NA
[121]         NA  1.6573520         NA         NA         NA  0.7181008
[127]  3.2310232  2.0718777         NA         NA         NA  4.8388295
[133]         NA         NA         NA  7.7139141  5.9591544  4.4676691
[139]  4.4604121  5.1220744         NA         NA  0.3979224  5.7409522
[145]         NA         NA         NA         NA         NA  3.7335923
[151]         NA         NA  1.4662086  1.3010946         NA  2.5260559
[157]         NA  1.6936451  3.6386508         NA         NA         NA
[163]         NA         NA         NA         NA         NA  3.0655528
[169]         NA  0.2560955         NA         NA         NA         NA
[175]  3.2589214         NA         NA         NA         NA  6.6707638
[181]         NA  2.1990317         NA         NA         NA         NA
[187]         NA         NA         NA  0.4867989         NA         NA
[193]         NA         NA         NA         NA  1.0910057  1.1601919
[199]         NA  0.4203620         NA         NA         NA         NA
[205]         NA

$TS
  [1] 49.2665115 41.3938130 36.4401176 34.9475700 40.5923948 37.0015297
  [7] 32.5089918 23.9410133 31.1034215 16.4962213 14.6824513 24.3868835
 [13] 15.5971118 14.6289597 13.5041204 12.3462135 10.1389706  8.4870919
 [19] 23.4266417 23.4110164 14.4006814  9.0305322  8.2622364  6.9432212
 [25]  4.7565279 10.5563857  9.6848874  7.5466912  6.2318983  6.2221732
 [31] 20.9774407 22.9892450 20.9237686 19.5094331 13.8677244  6.2296975
 [37]  5.8298065  5.4529569  2.8436548  7.7245433  6.1950851  5.7863755
 [43]  4.8932588  4.7828875  9.3926273  5.4264245 19.2551699 17.8692756
 [49] 15.9951283 15.1878693  9.8050044  0.3403596  3.7917627  0.5517333
 [55]  6.9423461  5.9061393  5.7074153  8.9024353 14.2280275  8.8590038
 [61]  8.5997107  8.3155588  7.6224429  7.3003154  6.5513992  6.2637387
 [67]  4.0234314  3.4010267  2.1843913  0.1675473  1.9112486  5.6607957
 [73] 12.5175388 11.9688426 10.4276208  9.3106918  8.7100226  8.4970122
 [79]  8.1097738  7.9947612  6.1616362  4.0109499  5.9602313  5.6026899
 [85]  8.0220955  7.3463070  5.8544138  5.5176389  3.6035534  0.6536796
 [91]  7.2228555  6.2098214  4.7073708  3.5309490  3.5124199  0.9298995
 [97]  2.8143856 11.8006603  9.6143203  1.3511302  8.0808640  8.0521405
[103]  7.3628386  6.6138164  8.2060630  8.3861041  5.2100664  6.8692264
[109]  6.7389777  6.6167930  5.3317037  4.1460339  4.0927067  2.4808761
[115]  2.1281386  1.1884180  5.6122175  3.6292412  1.8338339  3.0229812
[121]  2.3336888  4.4863952  3.9035196  0.6538488  1.8068631  0.9343495
[127]  9.1970821  8.7627764  7.3022134  4.8791205  0.5425546  5.6257443
[133]  5.7720974  1.1545415  0.5260944  7.7521014  7.4353093  7.3565654
[139]  7.0398948  5.9711102  5.0078811  4.0909869  6.5781017  6.3525001
[145]  5.9227934  0.9731439  0.1274524  1.2522583  1.0804166  4.4870678
[151]  0.9404695  0.6234935  1.5342989  7.8310172  6.1930331  8.0248640
[157]  6.8103316  6.5459366  6.0595327  4.5573619  3.4096922  1.7162866
[163]  1.0548407  1.5743998  5.0774014  3.6039460  0.4079223  6.4689451
[169]  6.3247967  6.6637453  5.8879110  5.7068107  3.3110806  4.3032594
[175]  6.1200025  5.0244660  4.3201151  0.1674073  0.8312737  7.7283335
[181]  3.4098980  3.8561370  4.0597976  3.1078302  1.9512274  0.7677986
[187]  5.6067906  6.1698517  5.5865689  3.8994212  1.1127554  3.2233972
[193]  0.7485800  0.5398150  1.8416661  3.4986504  2.3699550  4.4963881
[199]  2.7022727  0.4824712  0.4639359  2.5578728  1.7380252  2.9229083
[205]  1.1708663

$PAR
  [1]  NA   1   1   1   2   2   2   4   6   8   8   9  10  11  11  11  11  11
 [19]  12  12  14  15  15  15  15  16  17  17  17  18  19  20  20  20  21  23
 [37]  23  24  24  26  26  26  26  26  27  28  32  34  34  34  35  36  38  38
 [55]  40  41  42  45  50  51  51  51  51  51  51  51  51  51  51  54  56  57
 [73]  59  59  59  59  59  59  59  59  59  59  60  61  62  62  63  63  63  63
 [91]  64  65  65  65  65  65  67  74  74  74  75  75  75  75  76  77  77  78
[109]  79  79  79  79  80  80  80  80  81  81  84  87  87  91  91  92  93  95
[127]  99  99  99  99 100 103 104 104 104 105 105 105 105 105 107 109 110 110
[145] 110 110 110 112 112 117 118 118 119 127 127 128 128 128 129 129 129 129
[163] 129 130 133 133 133 137 138 139 140 140 141 143 144 145 145 149 155 156
[181] 158 159 160 160 160 162 169 170 170 170 171 172 172 172 173 174 174 175
[199] 184 184 184 188 189 192 197

$EXTANT
  [1] FALSE FALSE FALSE FALSE FALSE FALSE FALSE FALSE FALSE FALSE FALSE FALSE
 [13] FALSE FALSE  TRUE FALSE FALSE  TRUE FALSE FALSE FALSE FALSE FALSE  TRUE
 [25] FALSE FALSE  TRUE  TRUE FALSE FALSE FALSE FALSE FALSE FALSE  TRUE  TRUE
 [37] FALSE  TRUE  TRUE  TRUE  TRUE FALSE FALSE FALSE FALSE FALSE FALSE FALSE
 [49] FALSE FALSE  TRUE  TRUE FALSE  TRUE  TRUE  TRUE FALSE FALSE FALSE FALSE
 [61] FALSE  TRUE  TRUE FALSE FALSE FALSE FALSE FALSE FALSE  TRUE  TRUE FALSE
 [73] FALSE  TRUE FALSE FALSE  TRUE  TRUE  TRUE  TRUE  TRUE FALSE  TRUE  TRUE
 [85] FALSE FALSE  TRUE  TRUE  TRUE  TRUE  TRUE  TRUE  TRUE FALSE  TRUE  TRUE
 [97]  TRUE FALSE  TRUE  TRUE FALSE FALSE  TRUE  TRUE FALSE FALSE FALSE  TRUE
[109] FALSE  TRUE FALSE  TRUE FALSE  TRUE  TRUE  TRUE FALSE  TRUE  TRUE  TRUE
[121]  TRUE FALSE  TRUE  TRUE  TRUE FALSE FALSE FALSE  TRUE  TRUE  TRUE FALSE
[133]  TRUE  TRUE  TRUE FALSE FALSE FALSE FALSE FALSE  TRUE  TRUE FALSE FALSE
[145]  TRUE  TRUE  TRUE  TRUE  TRUE FALSE  TRUE  TRUE FALSE FALSE  TRUE FALSE
[157]  TRUE FALSE FALSE  TRUE  TRUE  TRUE  TRUE  TRUE  TRUE  TRUE  TRUE FALSE
[169]  TRUE FALSE  TRUE  TRUE  TRUE  TRUE FALSE  TRUE  TRUE  TRUE  TRUE FALSE
[181]  TRUE FALSE  TRUE  TRUE  TRUE  TRUE  TRUE  TRUE  TRUE FALSE  TRUE  TRUE
[193]  TRUE  TRUE  TRUE  TRUE FALSE FALSE  TRUE FALSE  TRUE  TRUE  TRUE  TRUE
[205]  TRUE

