
Birth-death simulation object with 336 species and 127 extant species

Details for some species:

Extinction times (NA means extant)
[1] 37.01309 44.79173 31.60285 36.59722 30.41049 15.05115


Speciation times 
[1] 49.26651 48.37487 41.06961 40.04428 37.63413 33.80405


Species parents (NA for initial)
[1] NA  1  1  1  1  3


Species status (extinct or extant)
[1] "extinct" "extinct" "extinct" "extinct" "extinct" "extinct"


For more details on vector y, try sim$y, with y one of
TE TS PAR EXTANT



$TE
  [1] 37.0130888 44.7917257 31.6028516 36.5972176 30.4104884 15.0511511
  [7] 13.8844168 17.3467719 25.5275864 25.5353392 18.4643073  6.0271725
 [13] 16.2470223 11.3770809 27.2976772 28.0721504 23.9834925 12.4262872
 [19] 27.0939784 13.6282856 21.2115960 26.1521899 16.1549587 17.1993851
 [25] 15.7948468         NA 11.0742443  0.3009552 13.4945719 12.8815985
 [31] 17.5184467 11.2119403 13.0882003 14.8321008 19.3449920 13.6457018
 [37]  8.8829911 13.3537091 14.7489001 12.7263556 22.5042938 18.3883634
 [43] 14.3282370 29.6175044 23.0092808 13.6360705 15.7491646 14.6063209
 [49] 14.4999867 11.0675609 12.8700839  7.9378449         NA         NA
 [55]         NA 14.5775619 12.4083921 14.6664517 14.5334399 20.0524813
 [61] 17.2702413 17.8044975 14.7206794  6.1265629 11.0094430 11.1091911
 [67] 15.1975498 15.9409925 12.8749274 12.4470482 17.5620267 14.2902550
 [73] 11.5597108         NA 19.2030377 11.6266020 12.8075501 13.5253334
 [79]  9.4318572 16.7684348 13.9455971 17.2755647 16.5785093 16.0023502
 [85] 13.6093345 20.1780624 14.6115665 14.7226625 11.7034037 11.4236942
 [91] 14.3443303  1.4078939 14.3224348 16.4620055  6.9583274 14.2628168
 [97] 20.8050644 16.9550143 14.3613624 14.6954476 10.5524717  6.9162226
[103]         NA         NA  5.6818075 11.2834466         NA 10.7281844
[109]  6.1908850         NA         NA         NA         NA  5.7496119
[115] 10.0101579 13.9240276 13.5036362 18.3478712 16.3435996 14.9058159
[121] 15.2649095 13.2583481  5.1959500 19.6593741 17.1643011 14.6735723
[127] 14.4914969 12.2605030 12.4811884         NA         NA 14.7019682
[133] 12.3856315  6.0182341 13.2781218 13.9095672  2.3158511  5.3605927
[139]  4.5141685         NA         NA  9.0270093  1.2271047  1.7960336
[145]  0.6257628 11.4284080 13.1345207         NA  5.4436275  5.7618680
[151]  4.1690985         NA         NA  0.1684563         NA         NA
[157]         NA  5.8328422         NA         NA         NA 12.4009290
[163] 14.1372003 10.2540398 12.0987757 16.4013998 12.7370185 14.6461573
[169] 12.8482953 14.3999277 15.4252951  9.3808835 11.3170797  1.0321887
[175]         NA         NA         NA         NA  5.4652129 14.7325760
[181] 13.0813340         NA         NA         NA         NA         NA
[187]         NA  0.1541041         NA  1.0683094         NA  3.2225394
[193]         NA         NA 12.7453632 10.8070690  3.5003711  4.4310239
[199]  5.1170181  3.5465687  1.3752426  6.0791498  1.2058159         NA
[205]  1.0225089         NA         NA         NA         NA         NA
[211] 15.7551135 13.2290392 11.6294855 14.3551760 15.1976685 14.6123136
[217]         NA  4.6610573 12.6319849         NA  1.5129396  4.1855328
[223]  4.3190680         NA         NA 12.9305489  0.2528952         NA
[229]         NA         NA  0.7775678  2.7416295         NA  0.1350810
[235] 12.0859605         NA         NA         NA         NA         NA
[241]  0.2324858         NA         NA         NA 17.1383085 13.7213287
[247]  9.4542784         NA         NA  0.6651253  1.6406593         NA
[253]         NA 13.0140292  6.3459300         NA         NA  5.0486883
[259]         NA         NA         NA  6.5746702         NA         NA
[265]         NA  0.1345872         NA         NA         NA  2.1521481
[271]         NA  3.2274358         NA         NA         NA         NA
[277]         NA         NA         NA  2.7822895  0.5382758         NA
[283]  4.1380947  1.6963351         NA  6.4269485  5.1940986  2.4361926
[289]         NA         NA         NA  0.5077652         NA         NA
[295]         NA         NA         NA         NA         NA         NA
[301]         NA         NA         NA         NA         NA         NA
[307]         NA         NA         NA         NA         NA         NA
[313]         NA  3.2985579         NA         NA         NA         NA
[319]         NA         NA         NA         NA         NA  5.5685322
[325]         NA         NA         NA         NA         NA  5.3609235
[331]  1.6160167         NA  1.2862692         NA  0.3117502         NA

$TS
  [1] 49.266511476 48.374867224 41.069607991 40.044282890 37.634130240
  [6] 33.804053127 32.858019752 37.472939356 33.372560121 32.883080460
 [11] 26.873975909 25.199441944 19.658199862 18.780674710 34.525678193
 [16] 31.784882678 27.820810554 22.791630052 28.654011220 27.819375557
 [21] 25.540388833 32.422783389 24.595458735 24.693743472 19.229321776
 [26] 17.769456742 11.292028471  6.583357420 16.485366805 12.944277397
 [31] 27.328792501 27.727960492 25.225413126 22.256246908 22.046822845
 [36] 18.179350411 14.923889008 20.980925550 15.693712879 14.773738058
 [41] 24.183697964 21.999699577 32.096979533 31.197243512 30.584494162
 [46] 19.717902804 21.597616847 18.309817534 17.533565660 16.542567444
 [51] 15.398185034  9.325511202  5.151505218  2.751957318  0.813257468
 [56] 15.070969082 13.619836231 23.556575425 21.431960338 22.196482816
 [61] 19.831812624 18.547211951 17.998294430 13.813744637 13.248793876
 [66] 11.546292934 17.875944199 17.143288646 13.520284902 18.785763854
 [71] 21.177335176 17.769758218 14.622006225  9.608755711 20.616921832
 [76] 16.434455733 14.183509459 13.747837228 13.412366388 20.599656897
 [81] 27.797853830 25.256145061 22.548853237 19.511053236 17.738649724
 [86] 26.511590986 23.927575091 15.907881685 15.686897819 17.307793063
 [91] 15.994351329  7.949856032 15.031781597 18.917985376 15.896048519
 [96] 14.766367553 20.825812781 20.658085724 19.533146583 17.613403594
[101] 11.604120798 10.125778952  7.747675067  6.550300668 11.433689159
[106] 16.350565637 16.034730522 14.673812268  7.512054445  4.146109533
[111]  1.983014998  1.336004968 10.306214499 10.103038436 18.960212396
[116] 22.492122826 18.580553519 25.004682746 23.949933647 19.019737827
[121] 21.039484459 16.611432537 13.676753353 24.594986402 17.989117091
[126] 15.650581115 15.307467464 13.079719498 14.675291573  4.442042829
[131]  3.077488243 17.081889328 12.817109357  9.634197260 17.875038229
[136] 14.664599371  7.249100858  6.928524493  6.615177937  2.748565392
[141]  1.731550246 10.265082196  9.047152030  7.255206399  5.892623266
[146] 15.175200736 14.344349171  9.570171716  7.878020048  5.975109671
[151]  5.888620276  1.631987978 11.861265213  2.630694138  1.960919811
[156]  0.297146718  0.009632146  9.357348328  6.270959998  5.853344823
[161]  9.238306103 16.341234114 14.488427142 13.076438806 14.531395160
[166] 16.621928992 19.929793526 21.787193790 20.426884432 17.716141724
[171] 17.067184750 16.931814585 16.457820157 10.344749119  5.989070863
[176] 12.660524270  2.471605585  1.496515213  8.724979898 16.761358930
[181] 15.959884934  2.511762868  6.699767209  2.474896319  5.822615803
[186]  4.449286239  3.623844619  3.587488791  3.546116508  2.773891806
[191]  2.306955148  4.201367756  1.865456148  4.635023899 13.442599111
[196] 12.615626219  8.772339161  4.804562205  5.982498185  4.662681079
[201]  4.661113054  8.466751006  6.124460785  8.358198599  2.684750867
[206]  0.047376674  4.809462054  4.773276787  2.751297344  1.425192996
[211] 15.922746377 15.096229436 12.939279295 15.453343618 20.400918490
[216] 18.327503557 17.044802832 16.536080873 15.254319732 11.099894472
[221]  9.400608274 10.244653333  6.141487493  0.262433130  0.104338908
[226] 15.156947709  0.389866858  0.839426074  3.422248974  0.837544066
[231]  1.205955351  4.032342606  2.490146404  2.088500417 12.381048560
[236]  4.186064406  2.522678188  3.306384406  1.891263781  3.358945275
[241]  3.104281968  2.573270959  2.266989738  1.140169498 19.673826079
[246] 16.993121648 10.940420427 10.199680790  7.321753976  6.085504807
[251]  6.028926839  4.525477678  0.243303215 13.705125901  6.853192082
[256]  6.547142642  6.271728722  5.841312846  5.690244658  9.352427825
[261]  7.692436696  6.626878452  3.454454531  8.258061071  2.823664605
[266]  0.850040137  0.771264164 10.899949500  6.598125365  7.246108615
[271]  3.385734741  3.367239163  2.939914818  1.841806769  1.384860045
[276]  0.709044791  5.910557763  5.856140158  3.124405965  3.117620050
[281]  2.304114148  1.855916140  5.223011781  5.160275039  1.421055832
[286]  7.652985569  6.122863675  6.060610554  9.144190044  2.386667304
[291]  2.056700344  6.890995297  2.631802852  1.027757515  0.825355485
[296]  5.567080664  4.593770070  2.508281684  2.132814327  1.899346446
[301]  3.987779595  0.449473559  9.046070341  0.619350390  1.458624797
[306]  3.359642946  3.498051139  2.191764282  1.832214440  1.984965218
[311]  1.502463601  1.850455617  0.443817851  7.549924925  6.425652494
[316]  3.504736389  2.904081154  0.911806798  2.090581876  0.278152118
[321]  0.110140272  6.125553429  6.198127192  5.812298459  3.159829729
[326]  2.381295562  1.329855023  5.644757056  5.627378953  5.547715078
[331]  5.468486520  1.304842758  1.936529335  2.842098247  2.328985383
[336]  2.781566801

$PAR
  [1]  NA   1   1   1   1   3   3   4   5   5   6   7   7   7   8   8   8   8
 [19]   9   9   9  10  11  12  12  12  12  12  13  14  15  17  17  18  18  18
 [37]  18  20  20  20  21  21  22  22  22  23  24  24  24  26  26  26  26  26
 [55]  28  29  29  31  31  32  32  32  32  32  32  32  33  33  33  34  35  36
 [73]  37  37  38  38  38  38  40  42  43  43  43  43  43  45  45  46  46  48
 [91]  48  52  56  58  58  58  59  59  59  59  64  64  64  64  66  67  70  72
[109]  74  74  74  74  79  79  80  81  81  82  82  82  83  83  85  86  87  87
[127]  89  89  91  92  92  94  95  95  99  99 103 103 103 103 103 105 105 105
[145] 105 107 107 107 107 107 107 107 108 110 110 110 110 113 113 113 114 115
[163] 115 115 116 117 118 119 119 119 120 120 122 123 123 129 131 131 134 135
[181] 135 137 138 140 143 143 143 143 143 143 143 144 144 145 146 146 148 148
[199] 149 151 151 153 153 158 159 159 160 160 160 161 162 162 164 167 169 169
[217] 170 170 170 172 174 176 176 176 176 181 183 185 187 187 188 192 194 194
[235] 196 201 201 203 203 204 204 204 208 209 215 215 217 217 217 217 217 217
[253] 217 218 218 218 218 218 218 221 221 221 221 222 240 240 242 247 248 249
[271] 249 249 250 250 250 250 251 251 252 256 256 256 259 260 261 264 264 264
[289] 268 269 269 270 273 274 275 277 278 278 279 279 284 285 289 289 293 296
[307] 297 297 297 299 300 301 301 303 303 303 303 305 306 308 308 314 315 315
[325] 315 317 322 323 323 323 323 323 326 329 331 334

$EXTANT
  [1] FALSE FALSE FALSE FALSE FALSE FALSE FALSE FALSE FALSE FALSE FALSE FALSE
 [13] FALSE FALSE FALSE FALSE FALSE FALSE FALSE FALSE FALSE FALSE FALSE FALSE
 [25] FALSE  TRUE FALSE FALSE FALSE FALSE FALSE FALSE FALSE FALSE FALSE FALSE
 [37] FALSE FALSE FALSE FALSE FALSE FALSE FALSE FALSE FALSE FALSE FALSE FALSE
 [49] FALSE FALSE FALSE FALSE  TRUE  TRUE  TRUE FALSE FALSE FALSE FALSE FALSE
 [61] FALSE FALSE FALSE FALSE FALSE FALSE FALSE FALSE FALSE FALSE FALSE FALSE
 [73] FALSE  TRUE FALSE FALSE FALSE FALSE FALSE FALSE FALSE FALSE FALSE FALSE
 [85] FALSE FALSE FALSE FALSE FALSE FALSE FALSE FALSE FALSE FALSE FALSE FALSE
 [97] FALSE FALSE FALSE FALSE FALSE FALSE  TRUE  TRUE FALSE FALSE  TRUE FALSE
[109] FALSE  TRUE  TRUE  TRUE  TRUE FALSE FALSE FALSE FALSE FALSE FALSE FALSE
[121] FALSE FALSE FALSE FALSE FALSE FALSE FALSE FALSE FALSE  TRUE  TRUE FALSE
[133] FALSE FALSE FALSE FALSE FALSE FALSE FALSE  TRUE  TRUE FALSE FALSE FALSE
[145] FALSE FALSE FALSE  TRUE FALSE FALSE FALSE  TRUE  TRUE FALSE  TRUE  TRUE
[157]  TRUE FALSE  TRUE  TRUE  TRUE FALSE FALSE FALSE FALSE FALSE FALSE FALSE
[169] FALSE FALSE FALSE FALSE FALSE FALSE  TRUE  TRUE  TRUE  TRUE FALSE FALSE
[181] FALSE  TRUE  TRUE  TRUE  TRUE  TRUE  TRUE FALSE  TRUE FALSE  TRUE FALSE
[193]  TRUE  TRUE FALSE FALSE FALSE FALSE FALSE FALSE FALSE FALSE FALSE  TRUE
[205] FALSE  TRUE  TRUE  TRUE  TRUE  TRUE FALSE FALSE FALSE FALSE FALSE FALSE
[217]  TRUE FALSE FALSE  TRUE FALSE FALSE FALSE  TRUE  TRUE FALSE FALSE  TRUE
[229]  TRUE  TRUE FALSE FALSE  TRUE FALSE FALSE  TRUE  TRUE  TRUE  TRUE  TRUE
[241] FALSE  TRUE  TRUE  TRUE FALSE FALSE FALSE  TRUE  TRUE FALSE FALSE  TRUE
[253]  TRUE FALSE FALSE  TRUE  TRUE FALSE  TRUE  TRUE  TRUE FALSE  TRUE  TRUE
[265]  TRUE FALSE  TRUE  TRUE  TRUE FALSE  TRUE FALSE  TRUE  TRUE  TRUE  TRUE
[277]  TRUE  TRUE  TRUE FALSE FALSE  TRUE FALSE FALSE  TRUE FALSE FALSE FALSE
[289]  TRUE  TRUE  TRUE FALSE  TRUE  TRUE  TRUE  TRUE  TRUE  TRUE  TRUE  TRUE
[301]  TRUE  TRUE  TRUE  TRUE  TRUE  TRUE  TRUE  TRUE  TRUE  TRUE  TRUE  TRUE
[313]  TRUE FALSE  TRUE  TRUE  TRUE  TRUE  TRUE  TRUE  TRUE  TRUE  TRUE FALSE
[325]  TRUE  TRUE  TRUE  TRUE  TRUE FALSE FALSE  TRUE FALSE  TRUE FALSE  TRUE

