
Birth-death simulation object with 174 species and 27 extant species

Details for some species:

Extinction times (NA means extant)
[1] 48.77011 44.52536 30.70422 31.94860 38.30585 41.63660


Speciation times 
[1] 49.26651 48.77319 48.18738 45.43699 45.40162 44.81575


Species parents (NA for initial)
[1] NA  1  2  3  3  3


Species status (extinct or extant)
[1] "extinct" "extinct" "extinct" "extinct" "extinct" "extinct"


For more details on vector y, try sim$y, with y one of
TE TS PAR EXTANT



$TE
  [1] 48.7701146 44.5253641 30.7042242 31.9486042 38.3058455 41.6366033
  [7] 42.1410233 36.2749461 37.6222886 27.0249552 37.2414980 29.8112865
 [13] 19.9974143 38.1440202 26.5189969 39.5395532 18.6970583 30.0485271
 [19] 27.0068869 36.8751889 29.8499100 21.9887150 22.9963856 13.4817279
 [25] 35.8838011 17.2262685 20.4887914 34.6117684 28.4979374 37.7760584
 [31] 28.9510710 21.1809360 28.9589140 22.7580852 25.0045813 12.8510504
 [37] 34.4592312 28.1839863 29.1090175 15.5210034 14.1214283 13.0672782
 [43] 14.1513536 34.7164525 27.7518348 20.9741702 19.1256408 22.2145478
 [49] 19.6701802 15.0761816 21.9562342 20.6119613 29.2562274 25.8193912
 [55] 26.7481901 22.8590799 21.8085741 17.8272883 22.6153822 22.8380631
 [61] 30.3879612 25.8106169 15.2905185 34.2115542 28.8833003 21.4865674
 [67] 14.5124040 19.3510113 13.4367967 12.6158801 11.7403090 15.2938332
 [73] 19.5858361 12.6972727 18.5037511 27.5865123 16.1382177 15.0176357
 [79] 11.2059916 15.1152425 13.9362549 10.7900275 18.3507310 14.3117397
 [85]         NA 11.0720881 12.2099576 21.0704440 11.6240603 14.9638851
 [91] 14.9083400         NA 14.4206958 16.3211728 14.5220220 14.2843188
 [97] 14.1624828 11.2202787 16.1553854         NA 14.5206638 15.1440448
[103] 11.2614698 14.8050920  8.6695638  7.1937994  5.1649465  5.9047503
[109]  4.5364400  7.3383598 13.8278477 17.8787115 13.9988692 14.9880833
[115] 13.9532272 15.3239154 12.7256056         NA 16.5517282 14.5951076
[121] 15.2643302 14.2987845  9.9568198         NA  5.5567501         NA
[127]  8.1616573  7.6941880         NA  5.2490332         NA 13.6508497
[133]         NA  4.5678830  4.6695891         NA         NA  0.6346550
[139]  0.3878303         NA  1.8588193         NA  1.7003723  3.3354016
[145]  2.6625492  2.7301255  3.2113993         NA  0.7276417         NA
[151]  4.5784981         NA         NA         NA         NA  2.2618330
[157]         NA         NA  0.7693870  0.4439461  5.2111710  1.7184647
[163]  8.0582383  0.1317637  3.0254465         NA         NA  2.0666209
[169]  4.5587570         NA  1.5691919         NA         NA         NA

$TS
  [1] 49.26651148 48.77318560 48.18738442 45.43698588 45.40162222 44.81575345
  [7] 42.84908675 39.15049591 44.21455386 43.75029240 42.56189495 33.50488154
 [13] 33.36568538 43.65541637 41.93307737 41.06819081 43.25927274 41.09644770
 [19] 30.43216995 38.17295817 31.03089742 25.86466846 23.38233776 22.54348282
 [25] 37.58010806 31.14612209 30.52094519 40.86740071 43.15703311 37.96350338
 [31] 37.85633086 35.76510112 33.29598384 32.00668070 31.85763777 21.39501065
 [37] 35.31920285 30.13765066 30.57773008 24.53147191 24.11661626 17.78962980
 [43] 14.90573702 36.92198641 28.96362714 28.21424595 25.46091211 25.14894540
 [49] 23.00595943 17.77922587 27.10113250 24.02756008 32.95272411 30.85334998
 [55] 30.56778985 34.37712133 25.10609522 24.77104768 24.06488692 31.62315701
 [61] 31.21236512 28.18573456 17.71724865 35.06327047 30.12146435 24.52145982
 [67] 16.48135861 23.47728703 21.59602364 16.95511460 16.81765601 27.93554971
 [73] 21.56041529 28.80223285 29.70484842 28.00166368 23.40665311 26.37947441
 [79] 15.47523631 22.98454601 22.31059396 19.63916013 19.89769841 18.63025045
 [85] 13.91430857 15.88459067 14.00660487 21.25354950 18.20089098 15.69358452
 [91] 15.61136460 14.06362246 23.05523148 19.70811271 23.29665771 18.58160299
 [97] 22.38820432 20.60942433 17.61813958 11.35611071 20.84313074 15.37174864
[103] 11.77183027 17.23185473 12.87181236 12.89436385 11.03088804  9.96164927
[109]  7.81650131  7.81247012 17.61884439 17.96919531 18.79659777 16.19138379
[115] 18.18660110 16.83692989 13.82293350  9.96288698 18.23898620 15.25554905
[121] 15.74772121 14.85481343 10.05818271 10.00833080  9.44399312  7.66153135
[127]  9.52221299  8.28831706  6.29215419  7.50490808  7.41826685 14.20083574
[133]  9.18618619  5.58852015  5.35537357  1.44644687  8.12407498  5.95650523
[139]  5.63880733  0.05534490  8.75332553  2.09483387  2.05763341  7.12570193
[145]  6.37499717  5.46451171  4.05540939  2.62436421  1.08691542  0.21268957
[151]  8.48040823  0.42482108  0.28818739  0.08771099  7.12087576  2.62424383
[157]  4.10508166  2.90459443  2.77082054  5.30943361  5.37518515  3.08990683
[163]  8.46168232  6.91357881  6.66055906  6.42933952  2.60973369  3.02195959
[169]  6.13558836  5.62759342  3.08855795  2.80390236  1.23114491  0.88030689

$PAR
  [1]  NA   1   2   3   3   3   3   3   4   4   4   4   4   5   9   9  10  10
 [19]  10  11  12  13  13  13  15  15  15  16  17  17  17  17  17  17  17  17
 [37]  18  18  21  22  22  24  24  25  26  26  26  26  26  26  27  27  29  31
 [55]  31  32  32  32  32  33  34  34  36  37  38  40  40  41  41  42  42  46
 [73]  47  54  56  56  58  62  63  68  68  68  69  69  69  71  71  72  72  74
 [91]  74  74  75  75  77  77  78  78  78  79  80  81  82  84  86  92  92  92
[109]  92  92  93  94  95  96  97  98  98 100 101 101 104 104 105 106 107 107
[127] 108 108 108 110 110 111 118 118 118 118 125 126 126 126 127 129 129 130
[145] 130 131 131 131 131 131 133 133 133 133 137 137 138 138 138 144 146 146
[163] 151 151 155 155 155 160 165 165 170 170 170 173

$EXTANT
  [1] FALSE FALSE FALSE FALSE FALSE FALSE FALSE FALSE FALSE FALSE FALSE FALSE
 [13] FALSE FALSE FALSE FALSE FALSE FALSE FALSE FALSE FALSE FALSE FALSE FALSE
 [25] FALSE FALSE FALSE FALSE FALSE FALSE FALSE FALSE FALSE FALSE FALSE FALSE
 [37] FALSE FALSE FALSE FALSE FALSE FALSE FALSE FALSE FALSE FALSE FALSE FALSE
 [49] FALSE FALSE FALSE FALSE FALSE FALSE FALSE FALSE FALSE FALSE FALSE FALSE
 [61] FALSE FALSE FALSE FALSE FALSE FALSE FALSE FALSE FALSE FALSE FALSE FALSE
 [73] FALSE FALSE FALSE FALSE FALSE FALSE FALSE FALSE FALSE FALSE FALSE FALSE
 [85]  TRUE FALSE FALSE FALSE FALSE FALSE FALSE  TRUE FALSE FALSE FALSE FALSE
 [97] FALSE FALSE FALSE  TRUE FALSE FALSE FALSE FALSE FALSE FALSE FALSE FALSE
[109] FALSE FALSE FALSE FALSE FALSE FALSE FALSE FALSE FALSE  TRUE FALSE FALSE
[121] FALSE FALSE FALSE  TRUE FALSE  TRUE FALSE FALSE  TRUE FALSE  TRUE FALSE
[133]  TRUE FALSE FALSE  TRUE  TRUE FALSE FALSE  TRUE FALSE  TRUE FALSE FALSE
[145] FALSE FALSE FALSE  TRUE FALSE  TRUE FALSE  TRUE  TRUE  TRUE  TRUE FALSE
[157]  TRUE  TRUE FALSE FALSE FALSE FALSE FALSE FALSE FALSE  TRUE  TRUE FALSE
[169] FALSE  TRUE FALSE  TRUE  TRUE  TRUE

