
Birth-death simulation object with 113 species and 33 extant species

Details for some species:

Extinction times (NA means extant)
[1] 29.585325 40.515131 43.949237 37.018296 27.415677  9.427516


Speciation times 
[1] 49.26651 45.15584 44.88386 43.10855 40.00885 32.49842


Species parents (NA for initial)
[1] NA  1  1  1  1  1


Species status (extinct or extant)
[1] "extinct" "extinct" "extinct" "extinct" "extinct" "extinct"


For more details on vector y, try sim$y, with y one of
TE TS PAR EXTANT



$TE
  [1] 29.58532463 40.51513146 43.94923731 37.01829643 27.41567742  9.42751577
  [7] 36.16532183 29.51347049 29.21935059 27.25942271 16.84213328 17.66772922
 [13] 11.02693057  2.69101813          NA  0.47641556 29.24236138 30.59251562
 [19] 18.50617335 30.90927080 25.84859636 14.96992193 15.86580474 15.20787322
 [25]  9.03174650          NA          NA  0.14943254          NA          NA
 [31]          NA          NA 27.11467669 15.16151758 27.00771687 13.48104500
 [37] 28.10639705 24.50112261 17.48634880 13.92670564 13.61756322 16.17170053
 [43] 14.18187431  9.70607957  8.32242502          NA          NA  2.12709067
 [49]          NA          NA 30.83019228 15.13737516 13.59640466 11.92968245
 [55] 12.96839737 28.40647504 17.00718436 11.17370219 12.95987501 14.13503400
 [61] 15.38310010 13.87583242 11.80973946 13.52442839          NA  0.78741359
 [67]          NA          NA 21.27162345 10.63467794 16.59734695 11.08444457
 [73] 28.11507165 13.88997188  1.59150798 13.36538880 18.06946855 14.46634585
 [79] 11.74716638          NA          NA 13.32101609  8.63813941 12.05310332
 [85]  8.64038249          NA  6.39096797  3.97336886  5.37777096          NA
 [91]          NA  0.07916235  4.01648837          NA          NA  6.71479406
 [97]          NA  5.30189509          NA          NA          NA  4.55499983
[103]  0.10976244          NA          NA          NA          NA          NA
[109]  3.96026328  0.87304174          NA          NA          NA

$TS
  [1] 49.26651148 45.15584204 44.88385905 43.10854561 40.00885195 32.49841950
  [7] 44.22387021 39.05139581 37.51798997 32.41694880 19.72239480 18.59367556
 [13] 16.70173300 14.93105082 10.45184597 10.22420836 37.06120473 35.94826851
 [19] 35.77608046 31.14287526 29.04803008 28.22159962 19.66470603 18.84283681
 [25] 12.54080359  9.19152618  7.53666193  4.45103797  6.54874567  4.65275450
 [31]  1.88062718  0.04766462 31.62205129 31.15659852 31.10689095 33.56206536
 [37] 30.03316133 28.54103184 26.09924555 18.64270984 18.19990605 16.39887571
 [43] 15.32930323 10.10598101  8.42657534  6.15871405  4.99998501  2.37779645
 [49]  0.20163833  2.93257708 31.12279565 27.43302620 25.11589779 21.14861040
 [55] 21.10608018 28.75045216 18.02575592 16.83739108 14.93506012 24.54412033
 [61] 21.11395429 14.49658385 14.19904246 13.98032888  0.05374896  2.38167129
 [67]  1.83405032  0.34869335 22.69821651 18.66811393 20.80500979 15.81902278
 [73] 28.51575444 14.43636366 11.64378377 14.24491540 19.23337225 16.23679616
 [79] 11.91577503  2.30866006  0.32033346 14.14812483 11.29548048 14.18474208
 [85] 10.45623485  9.07431296  8.05499938  5.81392637  5.78857679 10.29130202
 [91]  1.67386338  0.59483671  7.76625252  7.14746354  8.00630809  7.22783271
 [97]  2.05104665  5.97330381  7.05780946  6.15473895  0.92491179  7.29179767
[103]  2.70465615  0.72557438  6.83326480  0.37957715  0.24469055  0.89623200
[109]  5.10303986  1.66954887  1.41914942  0.25409684  0.30147356

$PAR
  [1]  NA   1   1   1   1   1   3   4   5   5   6   6   6   6   6   6   8   8
 [19]   8   8  10  10  11  11  14  14  14  14  15  15  15  15  17  17  17  18
 [37]  19  21  21  22  22  24  24  25  26  26  26  27  28  29  33  34  34  34
 [55]  34  35  36  36  36  38  39  41  41  41  46  47  47  47  53  54  55  55
 [73]  56  58  58  59  60  60  63  66  68  70  70  74  75  75  75  75  75  83
 [91]  86  86  87  87  90  90  90  93  94  94  94  95  95  97  99  99  99 100
[109] 102 105 105 105 108

$EXTANT
  [1] FALSE FALSE FALSE FALSE FALSE FALSE FALSE FALSE FALSE FALSE FALSE FALSE
 [13] FALSE FALSE  TRUE FALSE FALSE FALSE FALSE FALSE FALSE FALSE FALSE FALSE
 [25] FALSE  TRUE  TRUE FALSE  TRUE  TRUE  TRUE  TRUE FALSE FALSE FALSE FALSE
 [37] FALSE FALSE FALSE FALSE FALSE FALSE FALSE FALSE FALSE  TRUE  TRUE FALSE
 [49]  TRUE  TRUE FALSE FALSE FALSE FALSE FALSE FALSE FALSE FALSE FALSE FALSE
 [61] FALSE FALSE FALSE FALSE  TRUE FALSE  TRUE  TRUE FALSE FALSE FALSE FALSE
 [73] FALSE FALSE FALSE FALSE FALSE FALSE FALSE  TRUE  TRUE FALSE FALSE FALSE
 [85] FALSE  TRUE FALSE FALSE FALSE  TRUE  TRUE FALSE FALSE  TRUE  TRUE FALSE
 [97]  TRUE FALSE  TRUE  TRUE  TRUE FALSE FALSE  TRUE  TRUE  TRUE  TRUE  TRUE
[109] FALSE FALSE  TRUE  TRUE  TRUE

