
Birth-death simulation object with 98 species and 31 extant species

Details for some species:

Extinction times (NA means extant)
[1] 39.91341 47.91812 28.76947 38.88438 33.67504 34.86547


Speciation times 
[1] 49.26651 47.94791 43.75781 40.26106 37.42673 37.00651


Species parents (NA for initial)
[1] NA  1  1  1  3  3


Species status (extinct or extant)
[1] "extinct" "extinct" "extinct" "extinct" "extinct" "extinct"


For more details on vector y, try sim$y, with y one of
TE TS PAR EXTANT



$TE
 [1] 39.9134100 47.9181169 28.7694742 38.8843847 33.6750354 34.8654744
 [7] 24.7721650 34.9922774 27.7002669 15.2022531 19.4245143 15.1682398
[13] 14.6916533 14.9488706 15.3777447 26.5968787 10.8002723         NA
[19] 11.7812491 14.2237588 18.8445312 15.1801713 17.0232853 11.3735229
[25]  1.2353964         NA  3.1296323         NA 18.3375036 14.4127201
[31]  8.9174445         NA 19.4236586 17.2950782 12.7754123 13.8019087
[37] 13.9880078 13.2339048 13.9118620 13.4636176  8.8065596         NA
[43]         NA  0.7372978  8.0721247  7.5925749  6.2271954  6.5379981
[49]         NA 15.9000536 12.9361378 13.1839354 11.9750365 12.0078044
[55] 10.6088222  4.7453566         NA         NA  0.4204546  4.2461122
[61]  3.0513821         NA 15.9542846 14.5139864 14.0312758 13.4387426
[67]  7.4587308  7.1256698  4.4627684  0.3975077         NA 14.6197357
[73] 12.2722709         NA         NA  5.4857563         NA  4.3566159
[79]  6.4769482         NA         NA         NA         NA  1.5957913
[85]         NA         NA         NA  2.7113706         NA         NA
[91]         NA         NA         NA         NA         NA         NA
[97]         NA         NA

$TS
 [1] 49.2665115 47.9479057 43.7578091 40.2610607 37.4267273 37.0065078
 [7] 29.6805156 35.3063115 28.1491115 27.9701854 27.9091789 27.8781666
[13] 17.3109436 17.3060254 16.0308627 27.4362731 27.2065907 21.2885027
[19] 25.6076803 20.4894105 19.5583355 17.8194660 20.0243514 18.1093097
[25]  7.5768986  6.5435493  5.0850149  4.7999322 24.8152880 22.6718434
[31] 17.0709055 12.2191079 20.2627524 19.4546898 14.8383194 17.3706835
[37] 15.5070970 14.6477230 14.4837791 14.3713452 13.1224655  3.3923135
[43]  0.1694845  3.4813938 11.1948641  9.5668280  9.3825051  7.0632155
[49]  3.5010715 17.8609351 17.6355004 14.7740232 14.1061889 13.9282194
[55] 12.8738460  9.9066214  0.2565303  2.0581704  9.0905256  7.9989178
[61]  3.4220015  0.4414538 17.7473049 16.4609243 15.8710586 14.0530249
[67] 13.2486970  8.5663964  9.0026264  5.1955333  3.1060703 16.3711360
[73] 13.1459703 10.0996173  3.2474861  7.6014727  6.5957991  4.7036679
[79]  7.0197518  5.6530013  5.5167937  5.8200681  0.8717103  2.9721309
[85]  2.6817594  4.7364730  4.4437399  3.4376259  2.8176563  1.7972724
[91]  1.4928550  1.3086180  3.9782736  2.5393062  0.5990378  0.5736344
[97]  0.2864465  3.0043848

$PAR
 [1] NA  1  1  1  3  3  3  6  7  7  7  7 10 10 10 11 11 11 12 12 12 12 17 17 18
[26] 18 18 18 19 19 19 19 20 20 20 23 24 24 24 24 24 26 26 27 31 32 32 32 32 34
[51] 34 35 36 36 41 41 42 44 45 47 49 49 50 50 51 52 53 56 59 60 61 64 67 67 70
[76] 74 74 74 76 76 76 77 77 80 80 82 82 82 84 84 86 86 87 89 89 91 92 93

$EXTANT
 [1] FALSE FALSE FALSE FALSE FALSE FALSE FALSE FALSE FALSE FALSE FALSE FALSE
[13] FALSE FALSE FALSE FALSE FALSE  TRUE FALSE FALSE FALSE FALSE FALSE FALSE
[25] FALSE  TRUE FALSE  TRUE FALSE FALSE FALSE  TRUE FALSE FALSE FALSE FALSE
[37] FALSE FALSE FALSE FALSE FALSE  TRUE  TRUE FALSE FALSE FALSE FALSE FALSE
[49]  TRUE FALSE FALSE FALSE FALSE FALSE FALSE FALSE  TRUE  TRUE FALSE FALSE
[61] FALSE  TRUE FALSE FALSE FALSE FALSE FALSE FALSE FALSE FALSE  TRUE FALSE
[73] FALSE  TRUE  TRUE FALSE  TRUE FALSE FALSE  TRUE  TRUE  TRUE  TRUE FALSE
[85]  TRUE  TRUE  TRUE FALSE  TRUE  TRUE  TRUE  TRUE  TRUE  TRUE  TRUE  TRUE
[97]  TRUE  TRUE

