
Birth-death simulation object with 263 species and 99 extant species

Details for some species:

Extinction times (NA means extant)
[1] 37.12243 44.23681 36.97543 45.24127 18.96868 23.61295


Speciation times 
[1] 49.26651 49.19693 49.06227 47.71806 38.54705 37.13058


Species parents (NA for initial)
[1] NA  1  1  1  1  1


Species status (extinct or extant)
[1] "extinct" "extinct" "extinct" "extinct" "extinct" "extinct"


For more details on vector y, try sim$y, with y one of
TE TS PAR EXTANT



$TE
  [1] 37.12242997 44.23680895 36.97542555 45.24127326 18.96868327 23.61295157
  [7] 40.51399464 37.59787177 18.84314363 24.19640019 11.66805355 13.83485060
 [13] 16.77409016 29.18048683 19.59071061 35.69028463 21.56320755 36.06040885
 [19] 23.58154873 14.44677659 16.15260765 21.34063922 12.55448595 13.45602062
 [25]          NA 20.13474295 29.24583473 17.44649842 27.20362066 14.82406268
 [31] 34.51744717 10.21654092 28.03010747 20.03125926 13.26695244 19.83967558
 [37] 12.20291770 10.06990977          NA          NA          NA 21.48894584
 [43] 16.68234048 15.63092436 20.42700423 15.21201019 14.40307449 22.50532698
 [49]  4.99953164 17.30880371          NA 32.64048187 13.46822485 19.58613217
 [55] 27.43090733  9.96498719          NA 27.80709380 27.16031195 20.85545183
 [61] 22.79643232 26.66446474 25.30157242 21.55150088 18.53670350 25.63126789
 [67] 21.92417266          NA 11.49747715 11.82406892 10.87910955  5.66023902
 [73]  8.93882818  6.51705380 10.52342841  1.00370902          NA  5.31737944
 [79]  4.59515316          NA          NA 34.41529428 13.27008917 14.19385688
 [85] 13.12199092  2.23010255 16.58103190 24.93325539 13.14507906 25.07779599
 [91] 24.23695522 26.86201453 24.79243540 15.17186814 16.69416235 10.65076682
 [97] 11.12698696          NA  6.05381307          NA 14.84500575          NA
[103]  1.30229693  0.02978737          NA          NA          NA          NA
[109]  0.64944551  4.79545903          NA          NA 16.95340744 14.34283600
[115]  6.46817141 12.05276649 12.18448481  1.21972932  4.73895173  0.99582687
[121] 28.49634410 13.15684596 16.47687067 17.27605358 11.63001042 28.49760136
[127] 15.70646481 16.96562827 10.05395687 10.96567451  0.30932784  6.28018797
[133]  6.22951586          NA          NA          NA          NA          NA
[139] 16.09398446  0.81146847          NA  3.21619421          NA  0.53084431
[145]  4.94999423          NA 15.39904023          NA  0.77240011  5.39997706
[151]  6.51909939  5.74820680  3.17810800          NA  8.70258807 13.89485702
[157] 12.72459017 14.28718101 14.89089416 11.22156979          NA  6.72211215
[163]  1.56649553          NA          NA  2.26541172          NA          NA
[169]          NA          NA          NA          NA          NA          NA
[175]  1.45466173          NA          NA          NA  1.56030442          NA
[181]          NA  0.96103786 12.12070964 10.50280135  4.74077146  1.99440008
[187]  2.67276037  2.24098756          NA          NA          NA  5.36097858
[193]  2.62133961  1.49645616          NA          NA          NA          NA
[199]          NA  2.21347278          NA          NA  1.43860774          NA
[205]          NA          NA          NA          NA          NA          NA
[211]          NA  3.45572355          NA  3.67670991          NA  1.53072374
[217]  5.14700322          NA  3.25913460          NA          NA          NA
[223]          NA          NA  2.66110700          NA          NA          NA
[229]          NA  0.34632264          NA  1.28249146          NA  1.91039230
[235]          NA          NA  5.61464022          NA  3.30224480          NA
[241]          NA  0.54881200          NA          NA          NA          NA
[247]          NA          NA          NA  0.13511190          NA          NA
[253]  0.97073022          NA          NA          NA  0.28165920  1.67566989
[259]          NA          NA          NA          NA          NA

$TS
  [1] 49.266511476 49.196931424 49.062268375 47.718063974 38.547053933
  [6] 37.130582222 45.425567823 39.660800711 30.795296761 26.510846884
 [11] 20.774046888 20.223924409 35.276583104 33.893914514 28.770987808
 [16] 42.849353279 39.306090131 38.828507880 26.599930739 22.530586094
 [21] 20.815632858 24.958444244 14.936588690 15.680027409 14.830773559
 [26] 25.460670991 30.029958973 25.384247254 41.143794570 38.493435809
 [31] 34.986033610 28.106738495 37.400464986 24.786109628 15.562410497
 [36] 20.376143584 14.000841582 10.964367420  6.144202251  2.340042690
 [41]  0.035213736 23.632929436 20.494278837 18.697304244 37.722787990
 [46] 31.918831916 31.297789019 27.781311416 18.352042566 18.909149414
 [51] 13.774586594 36.833682669 35.250707760 32.532192164 31.014655284
 [56] 10.684004610  2.100111873 37.157370634 36.089735426 33.134485438
 [61] 27.789124158 27.603923002 25.532627924 22.779809334 20.543335713
 [66] 30.779989990 23.990014036 15.744281999 22.678428753 12.375844724
 [71] 10.891760594  9.585022383  9.494443730  8.700964562 18.447498738
 [76]  9.570978641  8.173410526  7.759558144  7.217613824  6.389062148
 [81]  3.385923877 35.564489246 29.417297344 18.525243730 14.914943241
 [86] 13.898976644 29.632466697 25.401417914 20.992515146 27.572319743
 [91] 36.901818577 29.987924779 32.653859716 25.403726465 19.480993252
 [96] 23.358267715 12.269511195  9.614921185  8.979499754  6.588055608
[101] 21.293468402  6.830711883  8.421183326  1.826868730  6.294607836
[106]  3.492825081  1.954247706  1.671780745  6.903487110  6.119059032
[111]  5.873374148  2.037746999 20.833278012 17.431108777 16.401352550
[116] 13.757469988 13.610123724  9.275099446  7.864675939  5.690523060
[121] 28.666029857 25.897001636 22.852669018 18.347476407 14.986549743
[126] 32.830292818 18.203403009 19.749888790 16.408811308 12.531443156
[131] 12.078737079  7.285151624  7.183128887  2.811861796  1.764201615
[136]  7.190106397  6.172691629  5.766684033 17.352622951  6.065206569
[141]  5.795535423  5.611483904  2.780305177  6.235320989  5.032418220
[146]  5.502048886 17.006340421  9.820337709  9.291801140  6.877684059
[151]  8.561738490  6.647955207  7.348135171  3.261963697 14.817150566
[156] 14.518186038 12.889527123 18.007589931 16.034238485 11.610321799
[161]  8.616752676  8.329698590  5.316397763  6.947269758  6.651166221
[166]  7.096049089  0.003909915  6.659691720  5.780074496  5.387251732
[171]  5.771818516  0.383581997  5.407592388  5.477932774  1.952323855
[176]  6.444296292  6.130372079  5.850798374  4.696504563  4.204098099
[181]  7.396360467  5.813814122 12.126857318 11.372254787  7.498250311
[186]  3.932393056  3.308807343  2.964114211  0.227614220  0.196775497
[191]  6.712843793  6.321254620  6.256155900  5.981854314  2.393460622
[196]  4.927006557  1.750901059  4.703805542  3.811812157  4.687614077
[201]  4.084590896  3.115286137  4.845895763  5.454152581  3.472949283
[206]  1.584609304  1.330951851  3.204338794  1.970082560  0.005442936
[211]  7.245303299  5.821449237  3.350144128  4.659389530  1.262793967
[216]  7.410463943  6.492919322  6.605778535  6.019200349  5.289650505
[221]  3.234741013  2.335391768  1.250066925  0.448574991  3.709419668
[226]  3.505288938  2.618789333  2.568118209  2.009768519  0.370942132
[231]  2.599157502  2.567400136  0.120600926  2.481807638  3.820141772
[236]  1.079281150  5.963315800  5.619434648  6.215169934  5.771394146
[241]  3.488802135  1.146722406  5.559752698  4.494904717  3.460202439
[246]  1.757735584  2.056479188  1.652790393  5.032632806  3.588793777
[251]  2.536136880  2.488919451  2.759913909  1.132155993  0.401458279
[256]  1.747037544  3.918709436  2.410808950  2.255295137  1.643132367
[261]  0.799653499  0.474988324  0.048398804

$PAR
  [1]  NA   1   1   1   1   1   3   3   5   5   5   5   6   6   6   7   8   8
 [19]   9   9   9  10  11  12  12  13  14  15  16  17  17  17  18  19  20  21
 [37]  24  25  25  25  25  28  28  28  29  29  30  30  30  32  32  33  33  33
 [55]  33  38  40  45  45  45  45  45  45  45  45  46  46  46  48  49  49  49
 [73]  49  49  50  51  51  51  51  51  51  52  53  53  53  53  54  54  54  55
 [91]  58  58  60  61  65  67  68  68  68  68  69  72  76  76  77  77  77  77
[109]  78  78  78  80  83  83  83  86  86  86  86  86  87  87  87  89  89  91
[127]  95  96  96  96  97  98  98  98  98  99 100 100 101 103 103 103 103 109
[145] 109 110 114 115 115 115 118 118 119 120 122 122 125 127 127 129 131 131
[163] 131 132 132 133 134 136 136 138 141 141 144 146 148 149 149 149 149 149
[181] 151 152 155 155 161 161 163 165 165 165 166 166 166 166 168 169 169 170
[199] 170 171 171 173 174 177 177 177 177 180 180 180 181 181 181 182 182 185
[217] 185 191 191 191 194 194 197 197 198 198 198 198 199 199 200 202 204 205
[235] 211 215 216 217 218 218 218 218 219 219 219 220 231 232 238 240 240 241
[253] 243 243 243 245 249 249 253 253 257 257 260

$EXTANT
  [1] FALSE FALSE FALSE FALSE FALSE FALSE FALSE FALSE FALSE FALSE FALSE FALSE
 [13] FALSE FALSE FALSE FALSE FALSE FALSE FALSE FALSE FALSE FALSE FALSE FALSE
 [25]  TRUE FALSE FALSE FALSE FALSE FALSE FALSE FALSE FALSE FALSE FALSE FALSE
 [37] FALSE FALSE  TRUE  TRUE  TRUE FALSE FALSE FALSE FALSE FALSE FALSE FALSE
 [49] FALSE FALSE  TRUE FALSE FALSE FALSE FALSE FALSE  TRUE FALSE FALSE FALSE
 [61] FALSE FALSE FALSE FALSE FALSE FALSE FALSE  TRUE FALSE FALSE FALSE FALSE
 [73] FALSE FALSE FALSE FALSE  TRUE FALSE FALSE  TRUE  TRUE FALSE FALSE FALSE
 [85] FALSE FALSE FALSE FALSE FALSE FALSE FALSE FALSE FALSE FALSE FALSE FALSE
 [97] FALSE  TRUE FALSE  TRUE FALSE  TRUE FALSE FALSE  TRUE  TRUE  TRUE  TRUE
[109] FALSE FALSE  TRUE  TRUE FALSE FALSE FALSE FALSE FALSE FALSE FALSE FALSE
[121] FALSE FALSE FALSE FALSE FALSE FALSE FALSE FALSE FALSE FALSE FALSE FALSE
[133] FALSE  TRUE  TRUE  TRUE  TRUE  TRUE FALSE FALSE  TRUE FALSE  TRUE FALSE
[145] FALSE  TRUE FALSE  TRUE FALSE FALSE FALSE FALSE FALSE  TRUE FALSE FALSE
[157] FALSE FALSE FALSE FALSE  TRUE FALSE FALSE  TRUE  TRUE FALSE  TRUE  TRUE
[169]  TRUE  TRUE  TRUE  TRUE  TRUE  TRUE FALSE  TRUE  TRUE  TRUE FALSE  TRUE
[181]  TRUE FALSE FALSE FALSE FALSE FALSE FALSE FALSE  TRUE  TRUE  TRUE FALSE
[193] FALSE FALSE  TRUE  TRUE  TRUE  TRUE  TRUE FALSE  TRUE  TRUE FALSE  TRUE
[205]  TRUE  TRUE  TRUE  TRUE  TRUE  TRUE  TRUE FALSE  TRUE FALSE  TRUE FALSE
[217] FALSE  TRUE FALSE  TRUE  TRUE  TRUE  TRUE  TRUE FALSE  TRUE  TRUE  TRUE
[229]  TRUE FALSE  TRUE FALSE  TRUE FALSE  TRUE  TRUE FALSE  TRUE FALSE  TRUE
[241]  TRUE FALSE  TRUE  TRUE  TRUE  TRUE  TRUE  TRUE  TRUE FALSE  TRUE  TRUE
[253] FALSE  TRUE  TRUE  TRUE FALSE FALSE  TRUE  TRUE  TRUE  TRUE  TRUE

