
Birth-death simulation object with 138 species and 51 extant species

Details for some species:

Extinction times (NA means extant)
[1] 46.79357 39.40841 31.55196 29.45834 30.50413 40.31617


Speciation times 
[1] 49.26651 48.34967 44.13626 42.66309 42.63112 42.36703


Species parents (NA for initial)
[1] NA  1  2  2  2  2


Species status (extinct or extant)
[1] "extinct" "extinct" "extinct" "extinct" "extinct" "extinct"


For more details on vector y, try sim$y, with y one of
TE TS PAR EXTANT



$TE
  [1] 46.79356945 39.40841428 31.55196362 29.45834000 30.50412538 40.31616898
  [7] 38.59549188 23.77543305  3.37949640 35.35578280 10.49097572 17.11904455
 [13] 13.50444192 13.79180450 21.02160666 17.39980839  0.75213592  6.89480499
 [19] 18.35165480          NA  7.05910884 23.09567001  9.16786384 19.82096125
 [25] 14.80246435 14.21392599 14.62259988 12.90429845 14.12995942 15.61436475
 [31] 12.95642026          NA          NA          NA 10.41466931  5.53580276
 [37]          NA          NA  0.28366012 13.40320313 11.99323141          NA
 [43] 19.16736554 15.14198425  9.58446812 13.87498280 16.32319827 13.53410287
 [49] 13.85910607          NA          NA  4.24946906  3.16119024          NA
 [55]          NA  5.24011918 11.04128408  7.45582820  3.42662042  6.26645287
 [61]  2.77721215          NA  4.41941781          NA  0.13530607 11.89275137
 [67]          NA  0.53479858  9.69716115  8.32838803  9.22625438 11.90831562
 [73]  6.30411186          NA  1.56887242  5.27430121          NA          NA
 [79]          NA          NA          NA  8.50292676  7.40998075  9.19520189
 [85]  1.63205997          NA          NA          NA          NA  1.11002827
 [91]          NA          NA          NA          NA          NA  3.22501863
 [97]          NA          NA          NA  7.26993378  5.63603311  4.03184804
[103]  5.49632789  4.57647465          NA          NA          NA          NA
[109]          NA          NA          NA  0.37606336  3.55776050  4.29785557
[115]          NA  0.07300261  5.07948695          NA  0.34918192  1.92755037
[121]  7.92348542  4.90037934  1.08286636          NA          NA  4.50710039
[127]  3.81683769          NA  3.38033158  6.50606703  1.99546758          NA
[133]          NA          NA          NA          NA          NA          NA

$TS
  [1] 49.2665115 48.3496655 44.1362561 42.6630927 42.6311168 42.3670301
  [7] 39.7898094 32.8136128 30.9382092 42.1385229 33.6965216 24.9437614
 [13] 24.3255235 26.5067452 23.7569674 21.9419522  7.9887313  7.6676627
 [19] 24.2904912 11.4887618 10.8447741 23.4003296 18.0298994 23.2757534
 [25] 18.5270417 15.0665229 14.7318014 14.3029830 21.9230205 19.1801677
 [31] 18.5242380  6.0333871  4.8703554  0.8454659 10.7341283  9.9522856
 [37]  7.9476040  3.5139387  2.6772541 15.7564049 14.0615368 10.1538685
 [43] 19.8508678 17.6829960 15.0564854 14.2897095 18.3099450 17.3226072
 [49] 13.9280622  1.2408673  0.4616195  7.9288772  5.2561187  1.7917506
 [55]  2.7958294 13.7420671 13.6728417  9.8803449  3.7908404 14.3913087
 [61]  7.6968874  7.5173734  6.8987653  6.3319650  3.2762139 12.3644323
 [67]  7.4496456  7.4402875 12.9782429 11.6616880  9.3532868 12.6582391
 [73] 10.7296653  6.0947570  7.1242553  7.0268276  2.3132596  5.5011936
 [79]  6.2282345  3.8816234  1.2439833 10.8856349  8.6243747 10.6284147
 [85] 10.6046420  3.0155593  1.9391873  1.3969352  1.0153496  3.4053367
 [91]  6.8452866  5.8129547  3.2464258  1.5563775  0.6285050  3.2467675
 [97]  2.5480225  0.8820312  0.0171535 10.2411578  7.8492290 10.2494502
[103]  9.5211148  5.9963975  2.3534576  0.7978561  1.2809735  3.2688985
[109]  0.5324815  0.7535401 10.1339807  9.7728715  9.3161505  5.9969758
[115]  0.1608148  0.1571489  9.6992332  8.3356973  8.2489421  5.2275822
[121]  9.3075530  7.9890885  5.5420339  4.7554348  7.2411803  5.0897745
[127]  6.5756350  7.7702723  4.2841901  7.6065350  7.3192112  2.0663012
[133]  0.5301283  5.6359797  6.8850320  2.9452207  1.1872042  0.2019879

$PAR
  [1]  NA   1   2   2   2   2   2   4   4   5   5   8   8   9   9   9   9   9
 [19]  11  11  11  12  12  13  13  14  14  14  16  16  16  17  17  17  20  20
 [37]  20  20  20  23  23  23  24  25  26  28  30  30  31  32  33  36  37  37
 [55]  38  40  41  42  42  45  52  52  52  52  53  56  56  56  57  57  58  60
 [73]  60  61  62  62  62  64  67  67  68  70  70  73  73  74  74  74  74  75
 [91]  76  76  78  78  78  79  80  81  81  82  83  85  85  85  85  86  90  91
[109]  93  98 102 102 102 103 105 109 111 111 111 111 112 112 113 114 117 117
[127] 118 119 119 122 122 125 125 128 131 131 136 137

$EXTANT
  [1] FALSE FALSE FALSE FALSE FALSE FALSE FALSE FALSE FALSE FALSE FALSE FALSE
 [13] FALSE FALSE FALSE FALSE FALSE FALSE FALSE  TRUE FALSE FALSE FALSE FALSE
 [25] FALSE FALSE FALSE FALSE FALSE FALSE FALSE  TRUE  TRUE  TRUE FALSE FALSE
 [37]  TRUE  TRUE FALSE FALSE FALSE  TRUE FALSE FALSE FALSE FALSE FALSE FALSE
 [49] FALSE  TRUE  TRUE FALSE FALSE  TRUE  TRUE FALSE FALSE FALSE FALSE FALSE
 [61] FALSE  TRUE FALSE  TRUE FALSE FALSE  TRUE FALSE FALSE FALSE FALSE FALSE
 [73] FALSE  TRUE FALSE FALSE  TRUE  TRUE  TRUE  TRUE  TRUE FALSE FALSE FALSE
 [85] FALSE  TRUE  TRUE  TRUE  TRUE FALSE  TRUE  TRUE  TRUE  TRUE  TRUE FALSE
 [97]  TRUE  TRUE  TRUE FALSE FALSE FALSE FALSE FALSE  TRUE  TRUE  TRUE  TRUE
[109]  TRUE  TRUE  TRUE FALSE FALSE FALSE  TRUE FALSE FALSE  TRUE FALSE FALSE
[121] FALSE FALSE FALSE  TRUE  TRUE FALSE FALSE  TRUE FALSE FALSE FALSE  TRUE
[133]  TRUE  TRUE  TRUE  TRUE  TRUE  TRUE

