
Birth-death simulation object with 189 species and 60 extant species

Details for some species:

Extinction times (NA means extant)
[1] 43.82349 16.66978 40.75748 43.68644 45.23190 40.41403


Speciation times 
[1] 49.26651 45.94407 44.48369 45.89768 45.26419 41.10830


Species parents (NA for initial)
[1] NA  1  1  2  2  2


Species status (extinct or extant)
[1] "extinct" "extinct" "extinct" "extinct" "extinct" "extinct"


For more details on vector y, try sim$y, with y one of
TE TS PAR EXTANT



$TE
  [1] 43.8234904 16.6697793 40.7574848 43.6864390 45.2318967 40.4140289
  [7] 38.9135352 33.0067353 30.0645561 30.5193082 26.3428831 14.3810123
 [13] 21.0662281 12.4545306 30.1553363 36.0424854 22.1394781 26.9686326
 [19] 24.8060016 33.5013960 16.7411440 11.4832716 15.2201065 32.2100941
 [25] 32.3343504 29.8105980 16.5505683 27.0652801 12.6998249 19.2317253
 [31] 17.0735658 14.4611935 17.1150516 14.4524846 26.2851997 18.9435177
 [37] 12.4909070 14.5609387 23.9427667 11.9938381 13.6212522 15.6417357
 [43] 14.0635375 15.1531624 11.7641102 17.0358114 14.1772951 14.5920399
 [49] 14.2197021 19.6938935 13.7491659 17.5993328 13.4012767 13.8842996
 [55]  3.0510140 20.8686592 15.1432931 10.8521387 16.1356260 13.1369356
 [61] 17.6513586 15.0282888 12.6833303 13.6584282  9.7924870 13.0628455
 [67] 21.4146253 13.1286014 16.4667287 14.7608868 11.8995124 12.6096303
 [73]  4.9019986  5.4630655  2.8798299  7.9604893  5.7330272 10.8360176
 [79] 12.1641197 12.3585384 15.2464079 14.1454483 13.6256518  1.5903458
 [85] 14.9021987 11.7643946 11.5600383  8.1598670         NA  2.8569247
 [91]         NA         NA  4.9153291  6.9429083  2.9215514 10.5487499
 [97]         NA         NA  1.7749422         NA  4.8424491         NA
[103]         NA  0.5575464  1.3335821         NA  0.9532525         NA
[109]  3.3142487  2.2667434  2.7836418         NA         NA         NA
[115]  2.4466034  0.2539639         NA         NA         NA         NA
[121]         NA         NA         NA  3.0510937         NA  0.6087699
[127]         NA  2.0045528  7.0035143  6.2332010         NA  3.0800943
[133]  2.3375502         NA  0.4368529  3.1343815         NA  3.0443519
[139]  0.2557607         NA  1.0095331         NA  1.9595923  7.6739049
[145]  5.3424178  3.6572967         NA  2.2784574         NA  0.1281872
[151]         NA         NA         NA         NA  1.8046939  3.4612454
[157]         NA         NA  2.1143236         NA         NA  0.4681162
[163]  1.2006708         NA  1.8354650         NA         NA         NA
[169]         NA         NA         NA         NA         NA         NA
[175]         NA  1.6521531         NA         NA         NA         NA
[181]         NA         NA         NA         NA         NA         NA
[187]         NA         NA  1.6286277

$TS
  [1] 49.26651148 45.94406560 44.48369391 45.89768249 45.26418777 41.10830280
  [7] 40.45392085 39.17597656 38.70318033 33.34901614 32.68498050 30.08313819
 [13] 26.84859282 20.88649821 44.30366894 37.62164588 37.43229047 34.73146995
 [19] 33.77700188 33.57996154 18.86281194 16.33775578 21.49439706 32.67967850
 [25] 35.44297882 31.27455932 28.99299520 28.67225968 28.56113183 27.76105189
 [31] 25.32524499 17.53981863 17.18296215 15.43349440 27.74264187 24.40140352
 [37] 19.48420492 19.11989332 26.70689576 21.41507601 15.44235466 22.56884475
 [43] 21.55413278 19.30064558 21.43517720 17.32231513 16.31799506 15.42745156
 [49] 14.51823108 23.78835897 21.36627248 19.72343948 16.42842290 15.53648299
 [55] 12.73328740 24.51462846 20.86270459 14.52260554 17.65627890 16.39321252
 [61] 21.29814321 16.23194817 14.19762243 16.17026853 15.22553490 15.04202107
 [67] 22.86361935 20.48406540 16.87485963 14.92266839 14.34167550 14.67177534
 [73] 10.36239969 10.06800432  9.12023610  8.57415428  7.28717280 12.46885617
 [79] 16.70362607 13.95970681 20.17481111 18.61096210 14.98857370 10.05782641
 [85] 15.91463734 12.71186182 14.31250835  9.94871937  8.88050618  7.00682749
 [91]  6.05639064  8.63883440  4.95799685  8.33365405  5.86394577 13.79920690
 [97]  6.04550377  3.91479893 12.22755472  8.87601940  6.41523316  6.08485597
[103]  5.82509859  5.49300422  5.47938633  2.64234884  5.60457479  5.00361816
[109]  7.22256222  4.88514253  3.36204864  3.14021657  2.39287775  5.13436885
[115]  8.60088935  5.93330197  3.18466861  1.52310022  5.91537973  5.99662336
[121]  4.73155377  1.61579850  0.72662489  4.63891170  4.94103902  3.24639451
[127]  1.35637960  7.21399535  7.18897964  6.31791394  6.07251392  5.01018503
[133]  8.14528593  5.71722762  5.84104363  4.00555279  1.11493758  3.08203957
[139]  1.83709186  1.56976187  1.28946892  2.44475207  3.31258582  8.03258760
[145]  7.77792706  6.18469785  5.66820729  2.39182267  4.45342105  2.97409472
[151]  7.71086509  4.34705208  5.31650930  0.08336407  4.42475855  4.41039664
[157]  4.30087683  2.72180880  2.53185771  0.65711401  2.96645222  2.54742839
[163]  2.38957196  1.19873887  6.25659127  5.31450172  3.61179698  1.77037600
[169]  1.74198782  4.81846796  4.33306097  4.03162664  2.95788927  1.83626690
[175]  3.58505717  3.79083451  2.78290248  1.96260041  0.48624970  2.37946891
[181]  2.91283612  0.94755397  2.78844477  1.87212605  0.18571334  0.12261571
[187]  0.36008798  0.22598933  2.78183454

$PAR
  [1]  NA   1   1   2   2   2   2   2   2   2   2   2   2   2   3   9   9   9
 [19]   9   9  12  12  13  15  17  17  17  17  18  19  19  21  23  23  27  27
 [37]  27  27  29  29  29  30  30  30  31  32  32  32  34  36  36  36  37  37
 [55]  37  39  40  40  42  42  43  43  43  45  45  47  50  50  51  51  53  54
 [73]  55  55  55  55  55  58  59  60  61  61  64  65  68  71  72  73  73  74
 [91]  74  75  75  76  77  83  84  84  87  89  89  89  89  89  89  89  91  91
[109]  92  92  92  97  98  99 100 100 100 100 101 102 103 105 106 107 108 108
[127] 108 109 109 109 109 114 115 115 116 116 118 119 121 121 126 128 132 133
[145] 133 133 133 134 135 143 144 146 147 147 149 149 149 149 149 149 150 150
[163] 150 150 151 151 151 151 151 153 153 153 153 153 156 157 161 161 162 163
[181] 166 166 167 167 170 170 172 172 175

$EXTANT
  [1] FALSE FALSE FALSE FALSE FALSE FALSE FALSE FALSE FALSE FALSE FALSE FALSE
 [13] FALSE FALSE FALSE FALSE FALSE FALSE FALSE FALSE FALSE FALSE FALSE FALSE
 [25] FALSE FALSE FALSE FALSE FALSE FALSE FALSE FALSE FALSE FALSE FALSE FALSE
 [37] FALSE FALSE FALSE FALSE FALSE FALSE FALSE FALSE FALSE FALSE FALSE FALSE
 [49] FALSE FALSE FALSE FALSE FALSE FALSE FALSE FALSE FALSE FALSE FALSE FALSE
 [61] FALSE FALSE FALSE FALSE FALSE FALSE FALSE FALSE FALSE FALSE FALSE FALSE
 [73] FALSE FALSE FALSE FALSE FALSE FALSE FALSE FALSE FALSE FALSE FALSE FALSE
 [85] FALSE FALSE FALSE FALSE  TRUE FALSE  TRUE  TRUE FALSE FALSE FALSE FALSE
 [97]  TRUE  TRUE FALSE  TRUE FALSE  TRUE  TRUE FALSE FALSE  TRUE FALSE  TRUE
[109] FALSE FALSE FALSE  TRUE  TRUE  TRUE FALSE FALSE  TRUE  TRUE  TRUE  TRUE
[121]  TRUE  TRUE  TRUE FALSE  TRUE FALSE  TRUE FALSE FALSE FALSE  TRUE FALSE
[133] FALSE  TRUE FALSE FALSE  TRUE FALSE FALSE  TRUE FALSE  TRUE FALSE FALSE
[145] FALSE FALSE  TRUE FALSE  TRUE FALSE  TRUE  TRUE  TRUE  TRUE FALSE FALSE
[157]  TRUE  TRUE FALSE  TRUE  TRUE FALSE FALSE  TRUE FALSE  TRUE  TRUE  TRUE
[169]  TRUE  TRUE  TRUE  TRUE  TRUE  TRUE  TRUE FALSE  TRUE  TRUE  TRUE  TRUE
[181]  TRUE  TRUE  TRUE  TRUE  TRUE  TRUE  TRUE  TRUE FALSE

