
Birth-death simulation object with 136 species and 58 extant species

Details for some species:

Extinction times (NA means extant)
[1] 45.57264 47.92908 42.84673 36.16508 38.91423 15.64053


Speciation times 
[1] 49.26651 48.91650 48.02159 47.74675 47.43668 41.39370


Species parents (NA for initial)
[1] NA  1  1  3  3  4


Species status (extinct or extant)
[1] "extinct" "extinct" "extinct" "extinct" "extinct" "extinct"


For more details on vector y, try sim$y, with y one of
TE TS PAR EXTANT



$TE
  [1] 45.5726428 47.9290790 42.8467315 36.1650788 38.9142284 15.6405307
  [7] 33.5153908 35.3765200 24.5480804 22.2175012 21.1964087 34.1840229
 [13] 14.8373840 13.7568605 22.0143571 14.5927390 34.2357387 32.5443328
 [19] 27.8162952         NA 21.0018495  6.8629492 17.5639482 16.7458420
 [25] 15.7793202         NA 26.6758264 18.4796394 12.2413963 29.3130970
 [31] 25.2387701 13.6533034  7.0481693  0.3419629 23.0753797 12.2893991
 [37]         NA  2.0128643 14.1837399 23.0435352 12.5186580 18.3819816
 [43]         NA  1.4534555  7.7278348  4.6083354         NA 24.2311929
 [49]  0.6681964         NA  3.5759334         NA  1.9905459         NA
 [55] 12.6961484 13.8140162 18.4061095 12.7900787  6.5650363  7.9174859
 [61]         NA         NA         NA  8.4592804  7.8844006  5.3456066
 [67]  4.8497836         NA         NA  5.4745315         NA  3.1729981
 [73]  6.8550382  6.7876206         NA  3.6607076         NA         NA
 [79]         NA         NA         NA         NA         NA 13.8413168
 [85] 13.6238258         NA         NA         NA         NA         NA
 [91]         NA         NA         NA  6.3355031  5.0551389  1.1394901
 [97]         NA         NA  0.3357488         NA  0.5587348  0.0762774
[103]         NA  1.0400480         NA         NA         NA  0.2270570
[109]  3.7446116         NA         NA         NA         NA         NA
[115]         NA         NA  3.6410169         NA  4.0188397  3.6430819
[121]         NA         NA         NA         NA  0.6147368         NA
[127]         NA         NA  0.8134245  0.3880664         NA         NA
[133]         NA         NA         NA         NA

$TS
  [1] 49.2665115 48.9164968 48.0215854 47.7467542 47.4366790 41.3937006
  [7] 41.6612494 39.0265472 31.0343141 27.7610310 26.5127177 38.5740425
 [13] 30.6113683 29.6568621 26.7358460 27.6496235 37.0145620 34.2158707
 [19] 30.4790506 16.8440048 24.8018753 23.3620138 23.0623514 18.9166040
 [25] 25.0393140 24.6701305 27.5295495 20.1639333 15.9305603 30.2980352
 [31] 28.7837569 15.5207570  9.7233387  3.4616149 23.7474627 15.8929188
 [37]  9.0048037  8.9193554 17.0688973 23.5838154 18.7452334 20.0677680
 [43] 19.0781731 10.1310256  9.8777432  5.5443675  1.9765654 27.9007443
 [49]  9.6052756  0.9837829  7.4279388  5.5510186  4.0889483  5.2944253
 [55] 14.6455534 15.8015812 19.7263029 14.6024627  9.3980156  9.2225795
 [61]  7.1869707  1.7095271  1.6123461  9.6539043  8.9533119  6.8185191
 [67]  4.9694899  3.3947379  2.2742710  8.0633645  8.9676566  8.2598623
 [73]  6.9924388  6.8844962  5.5536839  3.7821202  0.4945274  6.3533364
 [79]  4.8960908  5.1994029  2.6632385  3.4961673  0.6909120 14.3618137
 [85] 13.8802456  8.3868004  6.9409074  5.9277128  4.0626248  1.3040784
 [91]  6.6987189  6.4801332  6.2771373  7.8053304  6.8832940  6.7180615
 [97]  4.9566748  4.2118648  4.2056924  0.6259883  3.3111836  0.6735002
[103]  6.0514108  5.1570861  2.8872521  3.1321127  1.4730465  3.1944902
[109]  3.8087261  0.8857010  5.6721913  3.2838574  0.9964002  6.8047485
[115]  5.5857164  5.6996541  5.5175371  2.7052942  4.9524043  4.6405295
[121]  0.2704215  3.3963561  3.1921411  1.7655066  1.1766294  0.6845258
[127]  0.6036013  5.7251153  5.5050279  2.2505373  3.1480545  1.9923312
[133]  1.8544975  1.1275456  0.2749724  0.6579673

$PAR
  [1]  NA   1   1   3   3   4   5   6   6   6   6   7   9   9   9  10  12  12
 [19]  13  13  14  14  14  14  15  15  16  16  16  19  19  20  20  20  21  22
 [37]  22  22  24  25  25  26  26  26  26  26  26  31  33  34  37  37  37  38
 [55]  39  41  42  43  43  43  43  43  43  44  44  44  44  44  44  45  49  49
 [73]  49  49  49  49  50  51  51  52  53  54  54  56  58  59  61  61  61  61
 [91]  66  66  66  70  70  71  72  75  78  79  82  82  86  86  87  89  89  91
[109]  92  92  93  93  93  94  95  96  96  96  97  97  97  98  98  98 103 108
[127] 108 114 115 115 116 123 130 130 131 132

$EXTANT
  [1] FALSE FALSE FALSE FALSE FALSE FALSE FALSE FALSE FALSE FALSE FALSE FALSE
 [13] FALSE FALSE FALSE FALSE FALSE FALSE FALSE  TRUE FALSE FALSE FALSE FALSE
 [25] FALSE  TRUE FALSE FALSE FALSE FALSE FALSE FALSE FALSE FALSE FALSE FALSE
 [37]  TRUE FALSE FALSE FALSE FALSE FALSE  TRUE FALSE FALSE FALSE  TRUE FALSE
 [49] FALSE  TRUE FALSE  TRUE FALSE  TRUE FALSE FALSE FALSE FALSE FALSE FALSE
 [61]  TRUE  TRUE  TRUE FALSE FALSE FALSE FALSE  TRUE  TRUE FALSE  TRUE FALSE
 [73] FALSE FALSE  TRUE FALSE  TRUE  TRUE  TRUE  TRUE  TRUE  TRUE  TRUE FALSE
 [85] FALSE  TRUE  TRUE  TRUE  TRUE  TRUE  TRUE  TRUE  TRUE FALSE FALSE FALSE
 [97]  TRUE  TRUE FALSE  TRUE FALSE FALSE  TRUE FALSE  TRUE  TRUE  TRUE FALSE
[109] FALSE  TRUE  TRUE  TRUE  TRUE  TRUE  TRUE  TRUE FALSE  TRUE FALSE FALSE
[121]  TRUE  TRUE  TRUE  TRUE FALSE  TRUE  TRUE  TRUE FALSE FALSE  TRUE  TRUE
[133]  TRUE  TRUE  TRUE  TRUE

