
Birth-death simulation object with 194 species and 48 extant species

Details for some species:

Extinction times (NA means extant)
[1] 42.72562 45.31753 33.08366 38.90153 14.34260 38.00149


Speciation times 
[1] 49.26651 47.18524 46.42808 45.60393 45.06838 39.62724


Species parents (NA for initial)
[1] NA  1  2  3  3  3


Species status (extinct or extant)
[1] "extinct" "extinct" "extinct" "extinct" "extinct" "extinct"


For more details on vector y, try sim$y, with y one of
TE TS PAR EXTANT



$TE
  [1] 42.72562018 45.31752509 33.08366417 38.90153014 14.34260391 38.00149143
  [7] 42.79098192 32.68247448 25.92328780 25.18804767 13.90831316 19.05485194
 [13] 14.12540677 13.52581432 17.44103070 28.62880344 20.09242598 28.06566025
 [19] 15.26094665 13.54086104 12.40589862 13.58009517 13.39959966 14.82910828
 [25] 14.90358720 19.08230376 28.82712736 14.91534668 23.34064429 27.34590114
 [31] 14.75861163 14.43075094  5.07789449 15.71006575 15.28601087 17.63544823
 [37] 12.45196152 11.72268193 12.76636818 11.38310458 10.55830454 32.87842557
 [43] 26.69723740 24.10947753 11.22028417 23.15164445 26.24830066 26.60918868
 [49] 18.45205895 14.10102856 15.69388993 15.21051014 13.27235879 13.17797058
 [55] 11.42264164          NA  7.84564115          NA 30.20756812 29.60848380
 [61] 15.39552745 14.48697286 20.84945664 13.98545324 17.76083969 22.80018372
 [67] 14.41230522 14.45945668 14.85149232 16.82722253 13.54932117  6.54903417
 [73]  6.39516469  0.68176920          NA  9.20988351          NA  5.50422939
 [79] 19.44185695 13.68990776 10.53703420 13.60710309 17.39055987 15.73365266
 [85]  5.33772323  3.88387506  1.14318183  1.47458670  1.87529425          NA
 [91]  0.50519290  7.54617431          NA 16.96172897 17.68998032 10.94593808
 [97] 15.38305888 15.41840989 14.11333636 13.63462616  9.72856648 11.71585360
[103] 14.23391625 14.33444581 14.58300061  3.96655931  2.61221888          NA
[109]          NA  4.50849263  0.83519509          NA 15.32224855 15.35244370
[115] 14.43303884 12.92261223 17.31589437  8.86970244 13.91316020 15.06153634
[121]  3.00590511 13.97434167  4.19058661  3.32619119  5.31934106          NA
[127]          NA 13.94165841 15.03359605 14.84911681 18.19584072 18.34728181
[133]  5.67342680          NA          NA          NA          NA          NA
[139]  5.12487023  0.04270291          NA          NA  1.00887506          NA
[145] 14.36026745 12.77584006          NA          NA  5.17820515  5.43554435
[151]  2.21515095          NA  2.36053956  1.16234306          NA  2.15961553
[157]  0.34571734          NA  4.02202411  1.15783610          NA          NA
[163]          NA          NA          NA 17.24916710          NA  3.41186981
[169]          NA          NA          NA          NA  2.77612371          NA
[175]          NA          NA          NA  1.16419652  1.69817035  0.34848406
[181]          NA  3.61458380          NA          NA          NA          NA
[187]  0.02451655          NA          NA  3.05512653          NA          NA
[193]  2.88019707          NA

$TS
  [1] 49.2665115 47.1852415 46.4280781 45.6039283 45.0683797 39.6272400
  [7] 43.3811192 38.0159529 29.5036699 29.1589281 28.9703026 21.8527159
 [13] 20.0909049 15.8758792 36.6078215 36.5793713 26.7301231 29.1059337
 [19] 21.3236843 18.9833431 18.0011798 14.4402040 14.4023757 15.7043982
 [25] 15.2832087 35.7285272 29.8075333 27.3948045 26.0710762 28.8726511
 [31] 21.1873224 20.1572164 19.2872435 17.1058612 15.9659195 18.1081101
 [37] 15.8291126 13.9886445 14.0765811 13.5085418 13.2040960 35.7083760
 [43] 34.3428148 33.8250340 33.1665156 30.4711203 28.9156660 29.1167081
 [49] 24.5288119 23.4691277 18.2452332 16.2752373 14.7692637 13.7524429
 [55] 11.5395605 10.2120472 10.1641752  8.8304626 30.5854757 30.2404445
 [61] 24.8984727 23.3949516 22.2251122 20.8681686 17.8887545 24.0365671
 [67] 19.0025954 16.2416970 15.8575853 17.6677637 17.0315338  9.5040915
 [73]  8.1903678  7.5765820  0.6412087  9.7161938  8.3546960  8.3144707
 [79] 22.2313855 19.8889635 19.2459051 16.6394566 19.9069732 17.2598581
 [85]  6.5531719  5.9020952  5.5774823  5.4956098  4.7034995  1.6891472
 [91]  9.2543317  7.9736877  6.6809515 21.5521954 21.3518183 19.5456005
 [97] 19.4829106 17.1702624 18.3704661 13.7141324 12.6050202 11.7692739
[103] 14.8094907 18.3647303 17.8856229  5.6298231  5.3205983  8.9346838
[109]  4.9423301  6.4878327  5.2920381  1.8200522 18.9414374 18.7385092
[115] 17.2787016 20.8324214 18.1037081 13.1389679 17.4008367 15.6824559
[121] 11.4209740 14.5630912  4.8269020  8.5922798  6.9403521  2.0433432
[127]  1.0452699 18.0117625 16.2948658 15.8227652 19.4770295 18.4113879
[133]  9.3782595  8.6501525  5.1181373  4.2198143  3.2877427  3.0530241
[139]  8.1502476  7.2257762  6.4985286  6.4563040  5.9105620  1.0237204
[145] 17.7526852 19.0585716  7.0431287  6.7600375  6.6789871  6.0119365
[151]  3.6140596  1.6224230  3.7815557  3.3784734  2.3808299  3.5980383
[157]  2.1474126  6.2567514  5.0420320  6.1898186  1.4440369  1.4916691
[163]  5.4867175  0.8842356  0.4928888 17.7455281  6.7291964  6.1804002
[169]  0.2080054  5.7731958  6.6752325  5.2789307  5.5447690  0.9009519
[175]  5.8790256  1.6936324  0.4366722  6.6861288  4.3545402  0.4155297
[181]  6.3501233  5.8171850  5.7140155  4.3218482  1.4631890  0.8389981
[187]  5.2222044  2.4570586  0.3676536  3.3342836  1.5283473  4.6202929
[193]  3.2417443  1.7263546

$PAR
  [1]  NA   1   2   3   3   3   4   5   5   5   5   5   5   5   8   8   9  10
 [19]  11  11  11  11  11  13  14  15  15  15  17  18  19  19  19  19  19  20
 [37]  20  20  21  21  21  26  26  26  26  26  26  27  29  29  32  32  33  33
 [55]  33  33  33  33  44  44  44  45  45  45  45  49  50  50  50  51  51  56
 [73]  56  56  56  57  58  58  61  61  61  61  62  64  74  74  74  74  74  74
 [91]  76  78  78  79  79  79  80  80  81  81  81  81  82  83  83  85  87  91
[109]  91  93  93  93  94  94  94  95  95  96  97  97 101 104 107 108 108 108
[127] 108 114 114 114 116 116 118 121 121 121 121 121 124 124 124 124 125 126
[145] 128 131 133 133 134 134 134 134 135 135 135 136 138 139 140 141 141 142
[163] 143 144 144 145 147 147 147 148 149 149 150 157 158 163 164 167 167 167
[181] 171 171 171 171 172 172 175 175 177 181 181 183 184 187

$EXTANT
  [1] FALSE FALSE FALSE FALSE FALSE FALSE FALSE FALSE FALSE FALSE FALSE FALSE
 [13] FALSE FALSE FALSE FALSE FALSE FALSE FALSE FALSE FALSE FALSE FALSE FALSE
 [25] FALSE FALSE FALSE FALSE FALSE FALSE FALSE FALSE FALSE FALSE FALSE FALSE
 [37] FALSE FALSE FALSE FALSE FALSE FALSE FALSE FALSE FALSE FALSE FALSE FALSE
 [49] FALSE FALSE FALSE FALSE FALSE FALSE FALSE  TRUE FALSE  TRUE FALSE FALSE
 [61] FALSE FALSE FALSE FALSE FALSE FALSE FALSE FALSE FALSE FALSE FALSE FALSE
 [73] FALSE FALSE  TRUE FALSE  TRUE FALSE FALSE FALSE FALSE FALSE FALSE FALSE
 [85] FALSE FALSE FALSE FALSE FALSE  TRUE FALSE FALSE  TRUE FALSE FALSE FALSE
 [97] FALSE FALSE FALSE FALSE FALSE FALSE FALSE FALSE FALSE FALSE FALSE  TRUE
[109]  TRUE FALSE FALSE  TRUE FALSE FALSE FALSE FALSE FALSE FALSE FALSE FALSE
[121] FALSE FALSE FALSE FALSE FALSE  TRUE  TRUE FALSE FALSE FALSE FALSE FALSE
[133] FALSE  TRUE  TRUE  TRUE  TRUE  TRUE FALSE FALSE  TRUE  TRUE FALSE  TRUE
[145] FALSE FALSE  TRUE  TRUE FALSE FALSE FALSE  TRUE FALSE FALSE  TRUE FALSE
[157] FALSE  TRUE FALSE FALSE  TRUE  TRUE  TRUE  TRUE  TRUE FALSE  TRUE FALSE
[169]  TRUE  TRUE  TRUE  TRUE FALSE  TRUE  TRUE  TRUE  TRUE FALSE FALSE FALSE
[181]  TRUE FALSE  TRUE  TRUE  TRUE  TRUE FALSE  TRUE  TRUE FALSE  TRUE  TRUE
[193] FALSE  TRUE

