
Birth-death simulation object with 177 species and 71 extant species

Details for some species:

Extinction times (NA means extant)
[1] 35.36998 38.97189 38.88693 32.95221 24.73524 19.60893


Speciation times 
[1] 49.26651 41.00036 39.69780 36.80812 36.23970 39.32145


Species parents (NA for initial)
[1] NA  1  1  1  1  3


Species status (extinct or extant)
[1] "extinct" "extinct" "extinct" "extinct" "extinct" "extinct"


For more details on vector y, try sim$y, with y one of
TE TS PAR EXTANT



$TE
  [1] 35.36998362 38.97189088 38.88692777 32.95221087 24.73523701 19.60893134
  [7] 12.25440896 26.54673876 10.69898289 18.43700928 12.99352155 15.26891828
 [13]  6.11011417 19.65225235 13.57749711  2.67179921 11.38447287  5.85550531
 [19]  9.74526272 16.41127639 10.93467125 15.30595242 14.73510800 11.67108466
 [25] 10.50259951 13.93642285 14.97085577 13.90313920  9.60424830  4.60123567
 [31]          NA          NA  6.76820698  8.55109555 18.86602311 12.81550480
 [37] 19.23242551  3.59867230 12.56850422          NA 15.07402372 13.44881294
 [43] 13.74444613 13.84126520 11.35123856 14.13926258 11.00305466 12.55868320
 [49] 11.14616701  6.03741843          NA          NA  2.10218257  4.43481778
 [55]  8.93710785  6.22531698 14.12301926 19.12999177 16.11302242 14.82669370
 [61] 12.83482909 12.90902633 11.64108769          NA  0.05069315 14.89939593
 [67] 11.77161315 12.35896305 10.43785486 11.05328717  7.58026879          NA
 [73]  6.89636808          NA          NA  0.41988140          NA          NA
 [79]  2.33907132  2.94020740  3.21379352  4.04036086  4.75156957          NA
 [85]  1.69658537          NA 18.78309544 13.68212321 12.16194659  3.44321613
 [91]          NA          NA  4.93295249          NA  1.01358543 17.44906791
 [97]  5.31864445  0.32178599          NA          NA          NA  0.37629071
[103]          NA  0.71275835  2.56731230  1.77939315  1.16927103  2.61607244
[109]          NA  0.01250337  2.28442285          NA          NA 15.16858850
[115]          NA          NA          NA          NA  5.65527512  6.93105859
[121]  5.18253274          NA  1.23759859          NA          NA          NA
[127]          NA          NA          NA          NA  0.30482261  4.14672482
[133]          NA  2.02035000          NA          NA          NA          NA
[139]          NA          NA          NA          NA  1.62778616          NA
[145]          NA          NA          NA          NA          NA          NA
[151]  5.48211124          NA          NA  2.87161961  8.17897241          NA
[157]  5.38074662          NA          NA          NA          NA          NA
[163]          NA          NA          NA          NA          NA          NA
[169]          NA  4.54616349  2.85039177          NA          NA          NA
[175]  2.71527264          NA          NA

$TS
  [1] 49.26651148 41.00035927 39.69779596 36.80812473 36.23970354 39.32144670
  [7] 29.01080805 26.84482306 24.87585920 33.66407431 24.70360926 24.63867172
 [13] 15.82430930 19.77983682 16.23889614 12.67287289 11.38696189 11.06256736
 [19] 10.80553654 32.40516563 30.81733363 23.96278484 21.54175436 16.02375566
 [25] 15.37123681 18.37809506 15.76251277 14.64683974 12.81045544 10.60568468
 [31]  8.31243470  6.20283710  9.00640251 10.29886770 21.34011576 26.02092677
 [37] 22.98567119 15.30106917 13.80655091 11.31518855 22.22440927 17.19558072
 [43] 16.64109666 15.62482887 15.32194917 14.73028039 13.85954931 13.03481098
 [49] 12.35408805 14.37865813  9.20416813  7.80402589  5.25873729 10.08345851
 [55]  9.31312051  8.75619264 19.00340265 23.54595849 18.48922639 17.24116981
 [61] 14.04757725 13.75633005 12.92695791  5.99265426  5.80104486 19.19968802
 [67] 12.19020602 12.59523721 11.15251192 12.00391352  9.55718412  6.66057035
 [73]  8.09508579  6.04364591  7.29991192  6.05202180  6.00184588  4.96679108
 [79]  4.92986874  4.76740701  3.52629084  6.57123333  6.08736951  5.64807811
 [85]  8.53110809  8.25046370 21.37304974 17.73954928 12.22009157  5.72121339
 [91]  2.88429265  1.69982449  5.39911398  2.78951150  1.21306997 18.90994799
 [97] 12.12590875  5.93115633  5.80718147  1.96977505  4.69518461  1.97768828
[103]  4.40741873  5.82748159  4.53033083  4.06219962  4.88219044  3.45469550
[109]  0.09959623  7.47394894  6.80011021  4.30390597  0.52172403 15.67586512
[115]  4.93977104  1.27608677  0.90585191  1.10859157  9.49298042  8.81177867
[121]  5.81828262  4.35573537  3.19161703  2.59218894  0.56859995  2.86289787
[127]  1.48014587  3.06503866  0.93954265  3.15774201  4.83186434  6.32750677
[133]  3.99002151  2.26460478  0.46559894  4.27580278  1.89874630  1.79614389
[139]  0.67107441  0.66048844  7.99572157  7.26542231  8.74785857  5.63196687
[145]  2.75523459  2.42225722  0.11812878  2.84459402  1.78469496  0.60259384
[151]  6.61064019  6.29832068  5.00767255  5.85383658  8.46947213  7.66495467
[157]  6.22934629  5.12288503  1.56947187  0.77075550  0.82716172  1.32854921
[163]  5.96264608  2.21023994  0.84765812  1.45922271  2.88094894  4.36172404
[169]  0.93179525  5.76788310  4.48600831  0.02336244  0.97847601  1.84418207
[175]  4.77219570  0.66917820  0.36396557

$PAR
  [1]  NA   1   1   1   1   3   5   5   5   6   7   7   7   9   9   9   9   9
 [19]   9  10  10  10  10  11  11  12  12  13  13  16  16  16  18  19  20  21
 [37]  21  21  21  21  22  22  22  24  24  25  25  25  25  26  30  31  31  34
 [55]  34  34  35  36  36  36  36  36  36  38  38  41  45  48  49  50  50  50
 [73]  51  51  52  52  52  52  52  52  52  54  54  54  56  56  58  59  63  64
 [91]  64  64  65  65  65  66  67  72  74  74  75  76  80  82  82  82  84  84
[109]  84  85  86  86  86  88  90  92  94  95  97  97  98  98  98  98  98  99
[127]  99 101 104 105 107 111 111 112 113 115 115 115 118 118 119 119 120 121
[145] 122 126 126 130 137 138 141 141 141 142 143 143 143 143 145 145 146 148
[163] 151 152 152 153 154 156 156 157 158 161 164 168 170 173 173

$EXTANT
  [1] FALSE FALSE FALSE FALSE FALSE FALSE FALSE FALSE FALSE FALSE FALSE FALSE
 [13] FALSE FALSE FALSE FALSE FALSE FALSE FALSE FALSE FALSE FALSE FALSE FALSE
 [25] FALSE FALSE FALSE FALSE FALSE FALSE  TRUE  TRUE FALSE FALSE FALSE FALSE
 [37] FALSE FALSE FALSE  TRUE FALSE FALSE FALSE FALSE FALSE FALSE FALSE FALSE
 [49] FALSE FALSE  TRUE  TRUE FALSE FALSE FALSE FALSE FALSE FALSE FALSE FALSE
 [61] FALSE FALSE FALSE  TRUE FALSE FALSE FALSE FALSE FALSE FALSE FALSE  TRUE
 [73] FALSE  TRUE  TRUE FALSE  TRUE  TRUE FALSE FALSE FALSE FALSE FALSE  TRUE
 [85] FALSE  TRUE FALSE FALSE FALSE FALSE  TRUE  TRUE FALSE  TRUE FALSE FALSE
 [97] FALSE FALSE  TRUE  TRUE  TRUE FALSE  TRUE FALSE FALSE FALSE FALSE FALSE
[109]  TRUE FALSE FALSE  TRUE  TRUE FALSE  TRUE  TRUE  TRUE  TRUE FALSE FALSE
[121] FALSE  TRUE FALSE  TRUE  TRUE  TRUE  TRUE  TRUE  TRUE  TRUE FALSE FALSE
[133]  TRUE FALSE  TRUE  TRUE  TRUE  TRUE  TRUE  TRUE  TRUE  TRUE FALSE  TRUE
[145]  TRUE  TRUE  TRUE  TRUE  TRUE  TRUE FALSE  TRUE  TRUE FALSE FALSE  TRUE
[157] FALSE  TRUE  TRUE  TRUE  TRUE  TRUE  TRUE  TRUE  TRUE  TRUE  TRUE  TRUE
[169]  TRUE FALSE FALSE  TRUE  TRUE  TRUE FALSE  TRUE  TRUE

