
Birth-death simulation object with 193 species and 43 extant species

Details for some species:

Extinction times (NA means extant)
[1] 12.65779 40.83228 44.99938 39.85702 27.55011 15.01486


Speciation times 
[1] 49.26651 48.59833 45.00097 44.12187 32.58679 25.55147


Species parents (NA for initial)
[1] NA  1  1  1  1  1


Species status (extinct or extant)
[1] "extinct" "extinct" "extinct" "extinct" "extinct" "extinct"


For more details on vector y, try sim$y, with y one of
TE TS PAR EXTANT



$TE
  [1] 12.65779013 40.83228174 44.99938198 39.85701501 27.55010806 15.01486423
  [7] 14.09553693 14.98149928 15.07844783 11.54599625 39.56128174 29.34555925
 [13] 34.59094585 40.67455640 26.88023872 13.83384346 16.00693739          NA
 [19] 12.50591958 15.36298743 27.47225723 25.84596506 38.09682634 18.28162315
 [25] 35.66677069 30.82098184 14.13709952 13.11544644 11.26974548  7.20293496
 [31]  7.89633604  4.39256654          NA 31.68229717 24.59015320 27.19330261
 [37] 36.28904855 25.88537956 23.56872206 24.21368299 22.17907128 12.52835771
 [43] 16.43965945 15.01807741 29.48177708          NA          NA          NA
 [49] 19.03575062 11.13584609 33.58852664 22.68892453 32.60504369 22.01885281
 [55] 15.34954706 19.30415433 20.55550328          NA 17.84717056 24.03630076
 [61] 17.99844731 14.58335821 14.30426332 12.32002056 17.53680395 12.40577520
 [67] 13.48178415 29.40127686  0.04442989          NA          NA 19.04559444
 [73] 19.33082476 14.59924393 25.37690801 21.19509138 23.14875431 14.24781408
 [79] 26.30748530 25.75268142 19.68229244 16.54855016 14.09645502 15.15621655
 [85] 13.29595283          NA  4.93066275          NA          NA 16.19231219
 [91] 15.22981685 14.52717296 14.99871719 12.59259104 13.06466741 11.56587339
 [97] 16.01729487 16.36397368 24.63260973          NA  0.85828437 14.04853988
[103] 13.87572340 18.84550649 19.54980756 14.23317767 20.34574083 16.72793456
[109] 19.74345311 15.35922502 11.39711261 16.91025982 25.63094334 15.39233968
[115] 10.91008095 14.84585294          NA          NA          NA 18.48073335
[121] 13.29382546 20.46809269 18.10217000 23.33549629 14.79900793 12.85610277
[127] 14.87980769 21.81314755 15.02498460 14.70476257 13.59496907 10.87645325
[133] 14.23692287 10.81779237 14.74160110  0.89911617 17.38641774 17.18805802
[139] 20.48328374 16.33095679 12.76006961 13.70643722 19.50285642  2.64941622
[145]  5.68176641  9.59831429 14.43481141 13.61689870 13.70928797  6.37007375
[151]          NA          NA  3.34585689  8.20639567          NA  2.09003685
[157]  1.58188830          NA  7.86095437          NA  7.34577513  2.80781500
[163]  2.78558413          NA          NA          NA  4.75486461  5.56026088
[169]          NA          NA          NA  2.97578214          NA          NA
[175]          NA  3.33231107  1.03752720          NA  0.02110975          NA
[181]          NA          NA          NA          NA  3.13810420          NA
[187]          NA          NA          NA          NA          NA          NA
[193]          NA

$TS
  [1] 49.26651148 48.59832755 45.00097393 44.12187161 32.58678881 25.55147291
  [7] 20.55649173 20.08467863 19.33112267 17.86739453 43.70973814 42.47692241
 [13] 41.74165630 43.22911449 31.79352830 16.30184833 16.41897598 14.21041428
 [19] 18.80653884 17.03494835 35.58099591 32.04763965 38.17588391 37.43013609
 [25] 40.92973228 31.67628269 15.29243550 13.32217778 13.21735382 10.04789162
 [31]  8.93231743  8.26997343  3.36619445 33.39256580 32.14411828 29.44682193
 [37] 36.46092288 34.85554125 30.80033559 24.87060362 23.61908764 23.56008713
 [43] 19.50228580 18.75371219 35.95211859  8.16891094  7.24577339  1.97463486
 [49] 31.77464176 25.05460795 36.39899988 34.30039321 32.92505298 32.49892897
 [55] 29.29624475 28.37826190 27.10662262 24.81988451 24.76578753 24.50589714
 [61] 21.64977135 20.01780676 19.70576167 16.92397100 18.91767773 17.09269867
 [67] 17.05828218 30.50473195  4.22599394  4.01039935  1.54382138 25.69067841
 [73] 23.12689286 22.80128335 28.85622588 27.10863676 25.85388360 22.42551386
 [79] 28.98406140 27.68494210 20.21568863 18.99650805 18.23087360 15.52599302
 [85] 15.38984406  5.93342691  5.70734513  0.29085821  0.08640514 18.25045590
 [91] 16.05651374 15.64633511 15.59958284 17.17829864 14.96492624 14.62900126
 [97] 18.01127087 16.79288270 30.38060182  3.50694770  2.23392318 17.73308867
[103] 16.90586197 25.61228777 20.79689432 20.60971587 20.60122916 27.64602096
[109] 20.21247519 16.73456879 13.02237451 17.88986741 30.01628737 27.43719487
[115] 25.73771124 24.75292779  1.00158705  0.14998447  1.77165635 20.07198376
[121] 23.11718720 21.70339804 18.63706339 26.61299299 20.50534227 16.99750069
[127] 16.03983481 22.76600032 15.34082858 14.96911908 24.23405456 21.90915322
[133] 18.12683171 16.67937657 16.60221336  1.63252576 19.88169455 19.34314787
[139] 21.08896978 20.28040111 13.57060454 15.80232881 21.37315495 12.61700947
[145] 16.54740550 15.18001363 14.80044100 14.43742631 13.80143261  7.48642718
[151]  4.51947194  4.47211852  9.29468209 12.66726928 10.20603217  2.80008043
[157]  3.42236905  9.00987939 10.28840910  8.67858257  8.24988615  7.40283004
[163]  8.52775142  2.72962973  1.18040902  7.53933358  6.80935988  6.16923605
[169]  7.25359859  3.73907286  0.07016988  6.08067573  3.89491816  0.80691320
[175]  6.10276996  5.79629215  6.06880098  5.27973389  1.53992154  5.29206063
[181]  4.43312076  0.58399994  5.22826578  5.24587700  5.71600755  1.24331694
[187]  3.27012935  1.21314228  1.94190019  4.78607022  0.96651166  4.74493457
[193]  0.91719278

$PAR
  [1]  NA   1   1   1   1   1   1   1   1   1   2   2   2   4   5   6   7   7
 [19]   8   9  12  12  13  13  14  15  16  18  18  18  18  18  18  21  21  21
 [37]  24  24  24  24  24  24  24  24  25  32  32  33  35  35  37  38  38  38
 [55]  38  38  39  39  39  39  42  42  42  42  43  43  44  45  47  47  48  49
 [73]  50  50  52  52  54  54  55  55  55  55  55  55  58  58  58  58  58  61
 [91]  62  62  62  63  63  63  65  66  68  69  69  74  74  77  78  78  78  80
[109]  81  94  94  97  99  99  99  99 100 100 101 105 108 108 108 113 114 114
[127] 114 115 115 115 116 116 116 116 116 119 121 121 122 125 126 127 132 132
[145] 133 134 134 142 142 144 144 144 145 146 146 151 152 153 154 155 155 155
[163] 160 160 160 161 162 162 163 163 164 166 166 166 167 168 169 169 170 172
[181] 172 174 175 176 177 177 180 180 181 184 187 190 190

$EXTANT
  [1] FALSE FALSE FALSE FALSE FALSE FALSE FALSE FALSE FALSE FALSE FALSE FALSE
 [13] FALSE FALSE FALSE FALSE FALSE  TRUE FALSE FALSE FALSE FALSE FALSE FALSE
 [25] FALSE FALSE FALSE FALSE FALSE FALSE FALSE FALSE  TRUE FALSE FALSE FALSE
 [37] FALSE FALSE FALSE FALSE FALSE FALSE FALSE FALSE FALSE  TRUE  TRUE  TRUE
 [49] FALSE FALSE FALSE FALSE FALSE FALSE FALSE FALSE FALSE  TRUE FALSE FALSE
 [61] FALSE FALSE FALSE FALSE FALSE FALSE FALSE FALSE FALSE  TRUE  TRUE FALSE
 [73] FALSE FALSE FALSE FALSE FALSE FALSE FALSE FALSE FALSE FALSE FALSE FALSE
 [85] FALSE  TRUE FALSE  TRUE  TRUE FALSE FALSE FALSE FALSE FALSE FALSE FALSE
 [97] FALSE FALSE FALSE  TRUE FALSE FALSE FALSE FALSE FALSE FALSE FALSE FALSE
[109] FALSE FALSE FALSE FALSE FALSE FALSE FALSE FALSE  TRUE  TRUE  TRUE FALSE
[121] FALSE FALSE FALSE FALSE FALSE FALSE FALSE FALSE FALSE FALSE FALSE FALSE
[133] FALSE FALSE FALSE FALSE FALSE FALSE FALSE FALSE FALSE FALSE FALSE FALSE
[145] FALSE FALSE FALSE FALSE FALSE FALSE  TRUE  TRUE FALSE FALSE  TRUE FALSE
[157] FALSE  TRUE FALSE  TRUE FALSE FALSE FALSE  TRUE  TRUE  TRUE FALSE FALSE
[169]  TRUE  TRUE  TRUE FALSE  TRUE  TRUE  TRUE FALSE FALSE  TRUE FALSE  TRUE
[181]  TRUE  TRUE  TRUE  TRUE FALSE  TRUE  TRUE  TRUE  TRUE  TRUE  TRUE  TRUE
[193]  TRUE

