
Birth-death simulation object with 111 species and 44 extant species

Details for some species:

Extinction times (NA means extant)
[1] 42.27071 38.81731 44.46673 25.97093 37.99585 41.55123


Speciation times 
[1] 49.26651 48.75269 45.82519 42.83798 44.88944 43.77999


Species parents (NA for initial)
[1] NA  1  1  1  2  2


Species status (extinct or extant)
[1] "extinct" "extinct" "extinct" "extinct" "extinct" "extinct"


For more details on vector y, try sim$y, with y one of
TE TS PAR EXTANT



$TE
  [1] 42.2707081 38.8173088 44.4667271 25.9709255 37.9958510 41.5512288
  [7] 15.6379365  0.6032271 21.0953240 17.8000307 37.1457261 41.1956816
 [13] 21.7161969 15.6588678 14.2211247 14.8261608  7.3135248 27.6901080
 [19] 27.1011698 16.4887132 16.9713278         NA         NA  2.4895527
 [25]         NA         NA         NA 23.3409448 22.7427375 20.2860524
 [31] 19.2595796 14.3265167  7.1698799 17.3007239 14.7489654 14.7272777
 [37] 15.2760645         NA  4.7947042  4.3159544         NA         NA
 [43]  4.7441392         NA         NA         NA 13.9124423 20.8319482
 [49] 20.3769006  6.9045366         NA         NA  2.1254598         NA
 [55]         NA  0.4718041 21.2556564 20.9502071 19.4381310 15.0862839
 [61]  3.7909812  2.6036516         NA         NA  0.7819553 15.0239611
 [67] 14.6591559         NA         NA         NA 12.7413885 12.7118804
 [73]  9.1855033         NA         NA 14.4827266 16.2756207 15.5410388
 [79]  1.3877315 13.8083688  9.4470766 12.5753727         NA         NA
 [85]         NA         NA         NA  0.6906804  1.8415470         NA
 [91]  7.5580636  5.8277807         NA         NA         NA         NA
 [97]         NA  0.1148805         NA  4.5365627         NA         NA
[103]         NA         NA  1.6000129         NA         NA         NA
[109]         NA         NA         NA

$TS
  [1] 49.26651148 48.75268552 45.82518893 42.83797885 44.88943554 43.77999157
  [7] 35.33801261 34.98564395 30.72737760 28.35200654 44.35538443 41.83364178
 [13] 26.32081569 18.06899393 17.21344110 16.63646872 16.33633593 30.65500702
 [19] 27.53876032 23.25964655 19.66025681 10.09367221  9.48064137  8.13411861
 [25]  6.28764152  5.57836442  4.58101287 24.40693235 24.34344462 26.38244405
 [31] 22.30733673 15.00148373  7.37925603 21.54561790 20.99638025 20.07492702
 [37] 17.19414601  9.15006219  7.58351826  6.99926124  4.68749246  1.15775947
 [43]  7.80687732  3.36041993  5.35967438  3.77230443 24.80375094 20.85875510
 [49] 20.72911600  8.66243625  5.56357068  0.55788730  7.29438742  0.04347898
 [55]  0.85692471  0.84794666 24.72427013 24.49576569 22.60767138 21.05417402
 [61]  7.08119772  3.52284480  0.34869640  5.92228034 19.61502782 19.49536318
 [67] 16.50670297  3.91992781  3.07353875  0.14318676 16.09830097 13.15763523
 [73] 12.57503305  8.51104040  5.41490752 18.53572718 18.08291353 16.82308440
 [79]  1.64573464 15.62249102 14.92662412 13.85214602  8.42360698  6.01356396
 [85]  2.62821125  1.94904228  0.69091547  1.56739255 10.43063445  5.40045760
 [91]  8.94635362  7.96910466  6.62406556  3.57898920  5.90082846  0.43731915
 [97]  0.02745806  2.40764631  5.49460959  5.43828686  2.96473304  4.72609445
[103]  1.59626180  2.83019009  3.66660585  1.52304779  1.02427605  0.53082147
[109]  0.48051063  0.03236890  0.88428762

$PAR
  [1]  NA   1   1   1   2   2   4   4   4   4   5   6   7   7   7   7   7   8
 [19]   8   8   8   8   8   8   8   8   8   9   9  10  13  15  17  20  20  20
 [37]  21  22  22  22  22  22  23  24  26  26  30  30  31  38  38  38  39  42
 [55]  44  44  47  47  47  47  50  51  51  53  59  59  60  64  64  64  65  65
 [73]  65  65  65  66  66  66  69  71  71  71  74  74  74  75  75  79  81  83
 [91]  89  89  89  89  92  93  93  94  95  95  95  99  99 101 102 102 102 106
[109] 106 106 107

$EXTANT
  [1] FALSE FALSE FALSE FALSE FALSE FALSE FALSE FALSE FALSE FALSE FALSE FALSE
 [13] FALSE FALSE FALSE FALSE FALSE FALSE FALSE FALSE FALSE  TRUE  TRUE FALSE
 [25]  TRUE  TRUE  TRUE FALSE FALSE FALSE FALSE FALSE FALSE FALSE FALSE FALSE
 [37] FALSE  TRUE FALSE FALSE  TRUE  TRUE FALSE  TRUE  TRUE  TRUE FALSE FALSE
 [49] FALSE FALSE  TRUE  TRUE FALSE  TRUE  TRUE FALSE FALSE FALSE FALSE FALSE
 [61] FALSE FALSE  TRUE  TRUE FALSE FALSE FALSE  TRUE  TRUE  TRUE FALSE FALSE
 [73] FALSE  TRUE  TRUE FALSE FALSE FALSE FALSE FALSE FALSE FALSE  TRUE  TRUE
 [85]  TRUE  TRUE  TRUE FALSE FALSE  TRUE FALSE FALSE  TRUE  TRUE  TRUE  TRUE
 [97]  TRUE FALSE  TRUE FALSE  TRUE  TRUE  TRUE  TRUE FALSE  TRUE  TRUE  TRUE
[109]  TRUE  TRUE  TRUE

