
Birth-death simulation object with 284 species and 99 extant species

Details for some species:

Extinction times (NA means extant)
[1] 42.99847 31.41544 15.01077 39.04966 33.99944 12.60092


Speciation times 
[1] 49.26651 44.74328 42.21859 41.18694 36.75799 29.73521


Species parents (NA for initial)
[1] NA  1  2  2  2  3


Species status (extinct or extant)
[1] "extinct" "extinct" "extinct" "extinct" "extinct" "extinct"


For more details on vector y, try sim$y, with y one of
TE TS PAR EXTANT



$TE
  [1] 42.9984655 31.4154436 15.0107740 39.0496647 33.9994435 12.6009161
  [7] 12.4248869 16.8204212 31.0271589 33.8093907 13.4546700 14.2045595
 [13] 13.3341754 13.2337830 14.6019775 10.9596767 19.5924267 15.3549471
 [19] 15.4890769 14.9926514 20.0559013 13.8860389 31.6648854 27.1836977
 [25] 26.7089930 26.5207557 11.3675653 15.4419253 16.3688780         NA
 [31] 15.2955861 12.9747280  6.0528719 16.2928550 14.8276157 27.8543706
 [37] 11.5469908 25.3038132 22.4634414 13.6358608 14.9973728 12.5120336
 [43] 14.2611548 14.9015181 11.5275861 15.3841102         NA 32.3200559
 [49] 25.1816968 14.3492081 24.4955382 26.8335037 13.6433344 18.7795596
 [55]         NA         NA         NA         NA         NA         NA
 [61]         NA 15.0031321  9.3944223         NA         NA  3.0808151
 [67]         NA 23.6091205 14.6986507 12.6122260 13.0318839 17.8459788
 [73] 15.3089383 17.5450597 17.3473779 13.0950839 14.1075112 14.5947149
 [79]  4.1719910 15.8276822 14.9240155 13.8165285 15.6190692 11.5988233
 [85] 18.8423645 12.4010683 14.2251110 13.8901331  5.4886350         NA
 [91]         NA         NA  6.2141634         NA  3.7082624 29.8217380
 [97] 27.0924314 27.4676630 20.8076469 15.6984851 15.2637245 26.0745747
[103] 14.8499623  5.9186887         NA         NA         NA         NA
[109]         NA  1.3940587         NA         NA         NA  2.5398656
[115]         NA  5.2534359 27.9273767 25.4131455 25.4337584 20.9028486
[121] 18.9460816 14.9445824 16.4222392 13.9619349 12.8110397 11.8609550
[127] 20.5327738 13.3257054 12.7332930 15.1836804 14.2957108 14.7464165
[133]  9.4896266 10.7724905  6.6439362  6.5938401         NA  6.3921827
[139] 15.9670635 14.4303067 16.3503518  1.4156532 13.6142527         NA
[145]         NA         NA         NA  4.4432482  1.2682445         NA
[151]  5.1473390         NA         NA         NA         NA 14.7517658
[157] 21.4039219 21.0771020 15.0565228 13.6346304  4.9404775  1.2026764
[163]         NA         NA         NA         NA         NA  6.4741744
[169]         NA         NA         NA  3.0911855         NA  2.1713503
[175]         NA 20.4204807 15.3982492 12.1726066 12.9074168 15.6328511
[181] 13.1185134 11.6879954         NA  0.1378515  5.4317987         NA
[187]  0.7891103 10.6046036  3.5154053  3.2609918         NA  1.5938813
[193]         NA         NA         NA  0.3565602         NA  3.5137964
[199]  5.5733670         NA         NA  1.4459067         NA         NA
[205]         NA         NA         NA         NA  0.6980110 11.2451606
[211] 15.3541278         NA         NA         NA  5.6246822  5.1197413
[217]         NA         NA         NA         NA         NA         NA
[223] 13.9919898         NA  5.1718474  2.1381222         NA         NA
[229]  6.2100336  5.6075517         NA         NA  0.5231477  0.2119680
[235]  0.8424353         NA         NA  1.5103575  0.3051160         NA
[241]         NA         NA 14.4350198 13.3927094         NA  3.0004380
[247]         NA         NA  4.1079073         NA  2.8151465  0.9561367
[253]  5.4784386         NA         NA  2.8512055         NA         NA
[259] 14.9282687  9.7784773  2.3883812  4.8150023         NA         NA
[265]         NA         NA  4.1619530  0.4607034  0.5732344         NA
[271]  2.3783903         NA  7.5787021  6.0311682  2.4191745         NA
[277]  6.4373177         NA  5.2459772         NA         NA         NA
[283]         NA  0.0640859

$TS
  [1] 49.26651148 44.74328201 42.21858751 41.18694226 36.75799480 29.73521313
  [7] 18.89897931 35.22334718 35.19610994 34.28619936 28.19358883 21.11262486
 [13] 13.60991396 18.70994258 17.48809892 12.90290126 31.48402911 27.03472726
 [19] 24.65539690 24.06204791 20.89956118 18.46916605 34.06544174 34.03099737
 [25] 33.06737775 28.09952333 24.27464940 20.34692303 17.41369795 20.24274908
 [31] 17.01508723 14.89960215 12.51149459 31.44912647 28.89212009 28.25332922
 [37] 27.39021381 26.61788210 24.21564776 23.91700618 22.45429814 22.09697659
 [43] 19.10812866 16.88439517 21.22763840 16.48490938 21.41375040 33.15898377
 [49] 33.09533787 31.14853690 26.94915026 26.98059373 17.53711608 19.18911614
 [55] 10.13468369  7.58418453  3.95954000  3.07278502  2.90109290  2.53557710
 [61]  1.86503594 16.49704385 10.21036112  9.82085534  7.32252387  6.62302167
 [67]  6.39796240 30.35779063 30.04569166 19.12794548 18.85028210 26.38427167
 [73] 24.07187460 17.98282221 17.94175815 16.70750429 15.27022249 19.95634891
 [79] 18.51971973 16.85860076 16.33392848 15.22587818 16.66782201 14.96832715
 [85] 20.39789004 19.87489999 19.79922661 14.36107148 10.94828036 10.34417578
 [91]  9.55048906  7.23858690  6.44774790  6.10187245  5.81387044 30.49564934
 [97] 27.62477978 30.71240486 29.55155357 21.85369366 26.66708635 26.44168428
[103] 15.29866417  6.70600092  3.24664583  2.24174154  0.34352895  0.66762246
[109]  9.88899895  5.37391594  4.48684633  7.15981417  6.93615061  4.34503888
[115]  4.04499769  5.58766130 28.09484514 27.17145127 26.65610271 23.91056766
[121] 22.42840999 20.74998001 18.66876194 15.76159769 14.13971235 13.93324594
[127] 22.14130992 21.09158409 16.06737294 15.95624029 14.92964715 15.41863401
[133] 13.26991133 10.91707946 10.06758297  7.28654953  7.10707742  6.53697722
[139] 16.04317907 14.46490996 18.03156449 16.54364376 14.58151358  9.83390410
[145]  8.16965170  8.89937867  2.92455171  6.39238236  6.06440764  0.06764522
[151]  6.75402552  4.16058706  3.80561744  0.77473064  5.28202524 22.66063842
[157] 22.28806317 23.29457738 19.48461138 17.22372963  6.42761240  3.06516168
[163]  0.27398623  0.94835616  0.10214582  0.15509324  9.57809049  6.98787715
[169]  2.06380297  1.69379586  3.23168781  3.42089025  3.46215037  3.45548771
[175]  3.18523178 25.74657541 16.09572292 13.57748249 17.04013832 16.10283431
[181] 14.44171806 12.75458949  6.82583001  6.39511160  5.48992299  0.87173662
[187] 11.30363593 10.91831161  4.71588307  3.74338390  9.78887506  9.38710075
[193]  3.70101703  2.62107911  0.13344403  3.68242506  8.40406466  6.41081827
[199]  5.69547829  5.51264970  3.34563023  1.77357001  5.88077783  5.49104984
[205]  3.60263797  2.51187327  1.91024607  0.19726266  4.22752714 17.68820158
[211] 16.21168054  2.78800742  0.14025744  0.13111457  8.81988650  7.65974332
[217]  6.96116842  5.73715297  0.45873027  1.30769066  3.33525700  1.99823372
[223] 14.79253398  5.79507281  9.25409418  6.66278756  3.29063595  3.17002073
[229]  7.98174502  5.76958162  2.90627729  2.62938103  1.22568317  5.51780874
[235]  1.76720495  1.27079951  0.24607938  2.01230911  0.85209088  0.87561974
[241]  0.59910986  0.42045347 17.65878250 16.74717314  0.02713371  7.11601297
[247]  3.04081818  8.81097047  7.56209647  7.03995201  6.60564949  6.58476375
[253]  6.53582479  5.98234390  4.65064634  4.12320933  0.76432096  0.04981866
[259] 15.74410057 16.05199915  6.55538467  5.89541637  5.66036907  2.16270047
[265]  3.75339796  1.15655711  6.69074545  6.45260370  5.82700907  5.34432461
[271]  3.90058420  1.95340675 10.36692741  6.35622897  5.63705722  5.64799245
[277]  6.50328867  2.88452229  8.16478149  4.75074339  2.42785515  2.42388843
[283]  2.15670506  0.13790788

$PAR
  [1]  NA   1   2   2   2   3   3   5   5   5   6   6   6   7   7   7   8   8
 [19]   8   8   8   8   9   9   9  11  11  11  11  12  15  15  16  17  17  17
 [37]  17  17  17  17  18  18  18  18  19  19  20  23  23  24  25  26  27  28
 [55]  30  30  30  30  30  30  30  31  33  33  33  33  33  34  34  35  35  37
 [73]  37  40  40  40  40  41  41  42  42  42  43  43  45  45  45  47  47  47
 [91]  47  47  47  47  47  49  49  50  50  50  51  51  53  55  55  55  60  61
[109]  63  64  64  65  65  66  66  67  68  69  69  69  69  69  70  70  70  71
[127]  72  72  76  76  77  78  79  79  79  79  79  79  80  82  86  86  87  89
[145]  89  90  90  91  91  91  92  94  94  94  95  99  99 101 101 101 104 105
[163] 105 106 106 108 109 109 109 109 111 112 113 114 115 118 122 126 128 128
[181] 129 133 135 137 137 137 142 142 142 142 144 144 144 144 144 145 146 146
[199] 146 146 146 146 149 149 149 149 152 152 155 156 160 162 163 164 167 167
[217] 167 167 170 171 174 175 179 184 187 191 191 191 192 192 192 193 194 197
[235] 197 197 197 200 203 205 207 207 210 210 212 215 224 225 225 225 225 226
[253] 226 226 234 234 236 240 243 244 246 246 246 247 248 248 250 250 252 252
[271] 254 254 260 261 261 263 267 270 273 275 276 280 280 281

$EXTANT
  [1] FALSE FALSE FALSE FALSE FALSE FALSE FALSE FALSE FALSE FALSE FALSE FALSE
 [13] FALSE FALSE FALSE FALSE FALSE FALSE FALSE FALSE FALSE FALSE FALSE FALSE
 [25] FALSE FALSE FALSE FALSE FALSE  TRUE FALSE FALSE FALSE FALSE FALSE FALSE
 [37] FALSE FALSE FALSE FALSE FALSE FALSE FALSE FALSE FALSE FALSE  TRUE FALSE
 [49] FALSE FALSE FALSE FALSE FALSE FALSE  TRUE  TRUE  TRUE  TRUE  TRUE  TRUE
 [61]  TRUE FALSE FALSE  TRUE  TRUE FALSE  TRUE FALSE FALSE FALSE FALSE FALSE
 [73] FALSE FALSE FALSE FALSE FALSE FALSE FALSE FALSE FALSE FALSE FALSE FALSE
 [85] FALSE FALSE FALSE FALSE FALSE  TRUE  TRUE  TRUE FALSE  TRUE FALSE FALSE
 [97] FALSE FALSE FALSE FALSE FALSE FALSE FALSE FALSE  TRUE  TRUE  TRUE  TRUE
[109]  TRUE FALSE  TRUE  TRUE  TRUE FALSE  TRUE FALSE FALSE FALSE FALSE FALSE
[121] FALSE FALSE FALSE FALSE FALSE FALSE FALSE FALSE FALSE FALSE FALSE FALSE
[133] FALSE FALSE FALSE FALSE  TRUE FALSE FALSE FALSE FALSE FALSE FALSE  TRUE
[145]  TRUE  TRUE  TRUE FALSE FALSE  TRUE FALSE  TRUE  TRUE  TRUE  TRUE FALSE
[157] FALSE FALSE FALSE FALSE FALSE FALSE  TRUE  TRUE  TRUE  TRUE  TRUE FALSE
[169]  TRUE  TRUE  TRUE FALSE  TRUE FALSE  TRUE FALSE FALSE FALSE FALSE FALSE
[181] FALSE FALSE  TRUE FALSE FALSE  TRUE FALSE FALSE FALSE FALSE  TRUE FALSE
[193]  TRUE  TRUE  TRUE FALSE  TRUE FALSE FALSE  TRUE  TRUE FALSE  TRUE  TRUE
[205]  TRUE  TRUE  TRUE  TRUE FALSE FALSE FALSE  TRUE  TRUE  TRUE FALSE FALSE
[217]  TRUE  TRUE  TRUE  TRUE  TRUE  TRUE FALSE  TRUE FALSE FALSE  TRUE  TRUE
[229] FALSE FALSE  TRUE  TRUE FALSE FALSE FALSE  TRUE  TRUE FALSE FALSE  TRUE
[241]  TRUE  TRUE FALSE FALSE  TRUE FALSE  TRUE  TRUE FALSE  TRUE FALSE FALSE
[253] FALSE  TRUE  TRUE FALSE  TRUE  TRUE FALSE FALSE FALSE FALSE  TRUE  TRUE
[265]  TRUE  TRUE FALSE FALSE FALSE  TRUE FALSE  TRUE FALSE FALSE FALSE  TRUE
[277] FALSE  TRUE FALSE  TRUE  TRUE  TRUE  TRUE FALSE

