
Birth-death simulation object with 128 species and 51 extant species

Details for some species:

Extinction times (NA means extant)
[1] 47.37863 26.99194 38.88812 15.46839 27.51258 24.59233


Speciation times 
[1] 49.26651 47.57998 39.06734 37.97180 33.70132 32.39341


Species parents (NA for initial)
[1] NA  1  2  2  2  2


Species status (extinct or extant)
[1] "extinct" "extinct" "extinct" "extinct" "extinct" "extinct"


For more details on vector y, try sim$y, with y one of
TE TS PAR EXTANT



$TE
  [1] 47.37862717 26.99193907 38.88811820 15.46839302 27.51258076 24.59232978
  [7] 21.39406385 10.13435332 28.79611869 23.61523142 23.14853488 10.42681503
 [13] 13.10876696 13.32252060 15.86332477 13.55994664 15.74391445 15.29866170
 [19] 14.27774208 13.73751540  8.56197282 30.51272824 16.78274738 12.01597055
 [25] 12.12974477 11.89313455          NA          NA  2.09811547  4.89660647
 [31] 10.93442521 12.23171646 12.30609583 12.25254554  9.05622089 13.15851706
 [37]  5.26001100          NA  8.45167080          NA  0.49892927          NA
 [43]          NA          NA  4.94220009          NA  7.45545971          NA
 [49]          NA          NA          NA          NA 12.04045495 10.90824865
 [55] 12.50090448          NA  1.66870636  3.09169043  3.93081351          NA
 [61]  2.83838225  7.44375568  3.08244014  1.86701691  1.50428539          NA
 [67]          NA          NA  3.80895758  5.88687778  0.42172354          NA
 [73]  2.41913124  1.51639036          NA  7.36495935  4.93559757  4.58311028
 [79]  5.40626974          NA  0.98258583          NA  8.53941328          NA
 [85]          NA  0.09201525  1.17315838          NA          NA          NA
 [91]          NA          NA          NA          NA          NA          NA
 [97]  4.75736747  2.71916478          NA          NA          NA          NA
[103]          NA          NA  6.40748510  3.87646472  3.04773350          NA
[109]  0.84815711          NA  1.34225831          NA          NA          NA
[115]  1.12962757  1.60771172          NA          NA          NA          NA
[121]  0.53653043  3.44838139  0.60469348          NA  1.72374131  3.18092632
[127]          NA          NA

$TS
  [1] 49.2665115 47.5799754 39.0673355 37.9717996 33.7013200 32.3934120
  [7] 29.7302965 23.8334906 32.0042416 27.7555871 27.5190538 21.5388862
 [13] 21.7981621 18.8155287 18.0129255 17.9184328 17.7090399 16.9194392
 [19] 14.7241170 14.3397447 11.9066540 30.9697161 19.9999982 18.0230150
 [25] 13.4172717 13.7537970 16.9352621 10.1817333  9.9071012  9.2709088
 [31] 19.4339294 17.6039832 13.6521062 12.5715683 14.4880362 13.6309705
 [37]  7.3579089  6.6696657  9.1222302  8.9386555  8.0344310  7.6742128
 [43]  7.6161934  7.0990686  6.3851775  2.9254624  9.6698029  8.5884579
 [49]  8.5097830  6.0824696  4.8988245  3.0905706 12.1820818 11.4119073
 [55] 13.0672903 11.6312361  6.5341295  5.9490560  5.4807483  1.1035559
 [61]  8.5170490  8.3209113  6.2560698  5.5723529  4.2810789  6.2566485
 [67]  5.5373082  3.7002908  5.7549015  6.5184731  6.4817918  4.1989564
 [73]  5.4956330  3.3748317  1.3724604  9.5908408  6.7542950  7.4288773
 [79]  6.3189936  5.4409447  3.3925909  3.9728426  9.9551385  5.6030840
 [85]  0.7713589  7.7915213  3.6642216  3.5850535  1.5296208  3.3965736
 [91]  5.4924346  4.9723567  4.8078937  3.1555993  0.3846550  0.2203335
 [97]  5.6501532  3.8968776  2.3664914  0.4319342  3.1357003  3.1028510
[103]  2.8857355  1.9315651  7.0164357  5.1649595  4.3678522  0.7345394
[109]  6.4357462  3.2289319  2.6979316  2.2324273  1.4202276  0.8272347
[115]  2.8538718  2.4833750  5.1552785  2.3283989  1.1269739  3.1484816
[121]  1.8324382  3.7835021  1.5811397  1.6395386  4.8559497  3.2001838
[127]  1.8734237  2.0140843

$PAR
  [1]  NA   1   2   2   2   2   4   4   5   5   5   7   8   8   8   8   8   8
 [19]   8   8   8   9  12  12  14  16  17  21  21  21  23  23  24  26  27  27
 [37]  27  27  28  28  28  28  28  28  28  28  29  29  29  29  29  29  31  31
 [55]  32  35  37  37  38  38  39  40  40  40  40  41  41  41  42  43  43  43
 [73]  44  44  44  47  48  49  49  49  49  50  56  58  60  61  63  65  65  66
 [91]  67  67  67  68  68  68  69  71  71  72  73  73  74  74  78  84  84  84
[109]  86  87  88  88  89  89  90  90  91  92  93  98  99 107 111 112 117 117
[127] 117 125

$EXTANT
  [1] FALSE FALSE FALSE FALSE FALSE FALSE FALSE FALSE FALSE FALSE FALSE FALSE
 [13] FALSE FALSE FALSE FALSE FALSE FALSE FALSE FALSE FALSE FALSE FALSE FALSE
 [25] FALSE FALSE  TRUE  TRUE FALSE FALSE FALSE FALSE FALSE FALSE FALSE FALSE
 [37] FALSE  TRUE FALSE  TRUE FALSE  TRUE  TRUE  TRUE FALSE  TRUE FALSE  TRUE
 [49]  TRUE  TRUE  TRUE  TRUE FALSE FALSE FALSE  TRUE FALSE FALSE FALSE  TRUE
 [61] FALSE FALSE FALSE FALSE FALSE  TRUE  TRUE  TRUE FALSE FALSE FALSE  TRUE
 [73] FALSE FALSE  TRUE FALSE FALSE FALSE FALSE  TRUE FALSE  TRUE FALSE  TRUE
 [85]  TRUE FALSE FALSE  TRUE  TRUE  TRUE  TRUE  TRUE  TRUE  TRUE  TRUE  TRUE
 [97] FALSE FALSE  TRUE  TRUE  TRUE  TRUE  TRUE  TRUE FALSE FALSE FALSE  TRUE
[109] FALSE  TRUE FALSE  TRUE  TRUE  TRUE FALSE FALSE  TRUE  TRUE  TRUE  TRUE
[121] FALSE FALSE FALSE  TRUE FALSE FALSE  TRUE  TRUE

