
Birth-death simulation object with 208 species and 74 extant species

Details for some species:

Extinction times (NA means extant)
[1] 27.76495 35.79604 27.78115 30.16386 23.60555 26.03640


Speciation times 
[1] 49.26651 45.55712 39.18101 35.02007 31.55730 27.90359


Species parents (NA for initial)
[1] NA  1  1  1  1  1


Species status (extinct or extant)
[1] "extinct" "extinct" "extinct" "extinct" "extinct" "extinct"


For more details on vector y, try sim$y, with y one of
TE TS PAR EXTANT



$TE
  [1] 27.7649491 35.7960380 27.7811532 30.1638604 23.6055480 26.0364010
  [7] 26.3857905 40.7104704 40.0754305 34.3261881 32.2344619 37.1031403
 [13] 28.0045207 23.1285570 13.0527852 42.3258368 28.9286298 30.8657815
 [19] 20.6304581 26.6253390 27.0732950 22.1907643 28.4122509 26.3969624
 [25] 20.6826336         NA 30.3748129 18.8598469 17.8560570 19.3814933
 [31] 11.1569453 32.5890098 30.2320490 17.3569530 26.2287826 21.2664612
 [37] 19.2700759 33.4832548 28.6676423 31.3324945 23.1180117 23.9188163
 [43] 15.5645347 13.0563600 11.0916687  3.1990515         NA         NA
 [49]         NA         NA 16.7915013 16.4808606 11.8385965 17.2385271
 [55]         NA  5.4180132 11.9887560 21.2833667 15.8405779 15.0880087
 [61] 24.3492915 23.5713177 14.3697950 16.7424214 28.2893871 14.8216298
 [67] 10.8171216         NA         NA  1.9140694         NA         NA
 [73] 17.7735429 14.0749242 19.3752448 11.0523046  7.4126003         NA
 [79]         NA         NA  6.9122593  1.1420220         NA  7.1165215
 [85]  7.0724128 16.3553788 17.8511131 12.9476415 12.2007260         NA
 [91] 12.5606359 15.2155230  2.3957329         NA         NA  3.6090301
 [97]  1.4132525 11.6021873         NA  9.9598714  1.0601570  8.1097982
[103]  0.7500939  4.3387210         NA  3.1727468         NA  3.5734255
[109]  1.6757666 18.5757600 15.0624009 12.8951484 14.2687375         NA
[115]         NA         NA         NA         NA         NA  6.5398901
[121]  4.3013584  2.3941874         NA         NA  2.5902079  5.8199812
[127]         NA  2.4972493  3.7040468         NA  3.5848051         NA
[133]         NA  5.7140469         NA         NA  7.5745839  2.5750644
[139]  4.8460703  5.9572161  5.1214346         NA  3.7281173         NA
[145] 11.6511003 12.7213085         NA  2.6778515         NA  9.2293146
[151]         NA         NA         NA  4.7963662  6.4880745         NA
[157]         NA         NA         NA  2.6277997         NA         NA
[163]         NA         NA         NA         NA         NA 11.1791559
[169]  5.8742848 11.5247989         NA  8.8096966  3.5880433  3.4264470
[175]  0.8410020  1.7075512         NA  1.7994753         NA         NA
[181]         NA  5.2138951  1.6827436         NA         NA         NA
[187]  0.1634776         NA 12.5744667 11.0049889         NA         NA
[193]         NA  3.0344553  2.9301451         NA         NA         NA
[199]         NA         NA  4.0200406         NA  0.8992380         NA
[205]  3.0464139         NA         NA         NA

$TS
  [1] 49.26651148 45.55712091 39.18101487 35.02007335 31.55730380 27.90359359
  [7] 44.98404575 42.50864797 40.27879000 36.00859369 35.84167973 37.59190483
 [13] 33.71577836 33.30080592 26.49134627 44.51483322 37.15328026 35.86731471
 [19] 33.74817480 28.05394248 35.50084757 35.46440105 34.98673561 37.19715611
 [25] 32.72871333 31.51392608 30.53197408 31.79493511 25.63123901 21.92730730
 [31] 15.76910059 34.77727938 31.84752615 26.32873649 27.41973303 28.32726619
 [37] 25.30590836 33.99186950 31.36221174 34.82248661 24.87908969 26.64806713
 [43] 24.05206649 14.29953617 12.46704474  9.35587051  6.23429204  5.62017701
 [49]  2.21571585  1.43312958 23.69884945 22.14119350 20.30613570 19.15310006
 [55] 14.67329846 13.91137135 12.93945256 30.45161935 23.59385460 20.87513842
 [61] 27.28608427 25.05430643 23.16774200 20.15994051 30.30896604 19.13529906
 [67] 12.21881484  4.36863085  1.07166029  3.50088772  2.56517597  1.40052625
 [73] 18.04818277 17.23542861 19.78894660 18.11935208  9.63589567  7.37911863
 [79]  6.87980117  4.90565748 12.85278116  9.87867821  9.41182632  9.38068156
 [85]  9.00161628 18.84355578 23.84041609 20.51951278 15.98294254  0.33813332
 [91] 16.43211238 15.63938075 11.52160919  5.31023719  3.91114299  3.75028850
 [97]  2.20384358 12.04951277 11.85201440 10.15295128  7.13886015  8.89585437
[103]  1.14543663  8.82918918  7.26588571  8.78067801  7.89297376  8.71764051
[109]  8.13170113 19.49937017 19.43761660 16.91314190 15.10346021  9.02586062
[115]  3.96061456  3.90947126  2.12988448  3.40634724  2.48431296  9.84236226
[121]  8.60729047  7.39471524  5.01020941  9.99823916  6.43867783  6.36856367
[127]  1.08031987  7.52290338  4.44400214  5.00005342  8.64912988  7.07911049
[133]  4.98784047  7.37691122  4.36838439  2.27902980  8.36217493  7.51712630
[139]  7.18494927  6.78031428  6.73205996  8.12105434  7.89463606  4.02078358
[145] 16.56837640 16.02863074  6.98177301  5.67770885  0.60697170  9.71730521
[151]  7.09789169  6.60730651  5.85391617  5.62230267  8.89657689  3.33973030
[157]  6.10083966  3.25924844  4.27393314  5.77218537  1.73249646  6.32552527
[163]  5.73302257  7.34977359  5.16770598  4.05601044  7.83762044 15.67661024
[169] 15.48861891 14.84788293  3.85482184  9.52410619  5.99344793  4.48826216
[175]  3.20514402  2.87860741  2.42596692  8.23669725  1.42515239  1.88296389
[181]  0.06731595  5.58580645  3.39069855  1.25812261  0.99791307  5.09425021
[187]  4.51694224  2.34473616 13.26232135 11.15830826  8.72687189  2.93769587
[193]  2.14536141  5.90686280  4.47003951  2.98617166  1.49743209  0.83473151
[199]  4.10890016  2.18732218  4.42380027  4.23435510  1.29372658  0.19153641
[205]  4.42149261  1.62810479  1.32806469  0.38493942

$PAR
  [1]  NA   1   1   1   1   1   2   2   2   2   2   3   3   4   6   7   7   7
 [19]   7   7  10  10  10  12  13  13  13  14  14  15  15  18  19  19  21  22
 [37]  22  23  23  24  25  26  26  26  26  26  26  26  26  26  29  29  29  29
 [55]  31  31  31  33  34  34  35  36  37  37  39  43  45  46  47  48  48  48
 [73]  51  51  53  54  55  55  55  55  56  56  56  56  56  60  62  63  66  72
 [91]  74  76  76  79  79  80  80  81  81  81  81  82  82  83  83  84  84  85
[109]  85  87  87  88  89  93  94  94  94  95  95  99  99  99  99 100 101 101
[127] 103 104 104 105 106 106 106 107 107 107 108 108 108 108 108 109 109 109
[145] 111 112 114 114 115 120 122 122 122 122 124 125 128 128 129 132 132 134
[163] 134 138 142 142 143 145 145 146 147 150 152 152 152 152 152 155 156 159
[181] 161 163 165 166 166 167 167 167 169 169 169 171 171 173 174 175 177 177
[199] 186 186 187 187 187 188 191 196 199 206

$EXTANT
  [1] FALSE FALSE FALSE FALSE FALSE FALSE FALSE FALSE FALSE FALSE FALSE FALSE
 [13] FALSE FALSE FALSE FALSE FALSE FALSE FALSE FALSE FALSE FALSE FALSE FALSE
 [25] FALSE  TRUE FALSE FALSE FALSE FALSE FALSE FALSE FALSE FALSE FALSE FALSE
 [37] FALSE FALSE FALSE FALSE FALSE FALSE FALSE FALSE FALSE FALSE  TRUE  TRUE
 [49]  TRUE  TRUE FALSE FALSE FALSE FALSE  TRUE FALSE FALSE FALSE FALSE FALSE
 [61] FALSE FALSE FALSE FALSE FALSE FALSE FALSE  TRUE  TRUE FALSE  TRUE  TRUE
 [73] FALSE FALSE FALSE FALSE FALSE  TRUE  TRUE  TRUE FALSE FALSE  TRUE FALSE
 [85] FALSE FALSE FALSE FALSE FALSE  TRUE FALSE FALSE FALSE  TRUE  TRUE FALSE
 [97] FALSE FALSE  TRUE FALSE FALSE FALSE FALSE FALSE  TRUE FALSE  TRUE FALSE
[109] FALSE FALSE FALSE FALSE FALSE  TRUE  TRUE  TRUE  TRUE  TRUE  TRUE FALSE
[121] FALSE FALSE  TRUE  TRUE FALSE FALSE  TRUE FALSE FALSE  TRUE FALSE  TRUE
[133]  TRUE FALSE  TRUE  TRUE FALSE FALSE FALSE FALSE FALSE  TRUE FALSE  TRUE
[145] FALSE FALSE  TRUE FALSE  TRUE FALSE  TRUE  TRUE  TRUE FALSE FALSE  TRUE
[157]  TRUE  TRUE  TRUE FALSE  TRUE  TRUE  TRUE  TRUE  TRUE  TRUE  TRUE FALSE
[169] FALSE FALSE  TRUE FALSE FALSE FALSE FALSE FALSE  TRUE FALSE  TRUE  TRUE
[181]  TRUE FALSE FALSE  TRUE  TRUE  TRUE FALSE  TRUE FALSE FALSE  TRUE  TRUE
[193]  TRUE FALSE FALSE  TRUE  TRUE  TRUE  TRUE  TRUE FALSE  TRUE FALSE  TRUE
[205] FALSE  TRUE  TRUE  TRUE

