
Birth-death simulation object with 363 species and 106 extant species

Details for some species:

Extinction times (NA means extant)
[1] 33.57065 33.23770 32.17517 35.24305 17.00768 19.42861


Speciation times 
[1] 49.26651 42.65718 39.05113 35.60036 34.20855 39.95046


Species parents (NA for initial)
[1] NA  1  1  1  1  2


Species status (extinct or extant)
[1] "extinct" "extinct" "extinct" "extinct" "extinct" "extinct"


For more details on vector y, try sim$y, with y one of
TE TS PAR EXTANT



$TE
  [1] 33.57065133 33.23770221 32.17516885 35.24305204 17.00768083 19.42860625
  [7] 26.72785136 24.93274025 20.09812011 22.68640091 25.03144236 15.36921772
 [13] 18.70482458 26.88734406 31.28106491 28.78951615 21.60908567 25.01774032
 [19] 24.56758809 13.99508396 29.08870634 33.11079472 14.62154931 21.01158658
 [25] 15.67777277 14.89202636  6.19812979 15.38172344 12.97897468 29.48667515
 [31] 22.29206821 25.00747893 12.56035332 19.99440124 12.73607973 25.12086283
 [37] 15.08044523 17.27319404 15.32009301 12.50185651 13.90612733 12.68779306
 [43] 15.20468646 13.42214610 12.34962817 15.29361175          NA          NA
 [49]          NA  1.29736660 13.60702656 22.16940889 20.52515208 16.52331822
 [55] 15.06973899 24.10335145 28.79121755 14.96032954 12.99430246 15.04486831
 [61] 24.74964302 10.95154375 14.56486358 11.99370610  1.36015739  8.62083737
 [67]  2.66914734 21.89122916 13.61897840 17.74478591 13.46847253 23.80083725
 [73] 12.79462372 14.35843118  2.96632566 14.05619232 14.37282623 21.31089192
 [79] 14.82999293 17.45062491  5.96101078          NA  4.79744253          NA
 [85]          NA  5.15257220  6.18621408  4.19241397          NA  1.75254290
 [91]          NA          NA          NA  0.33079291 17.37705934 20.37941207
 [97] 13.67416798 13.65039849 13.19869078 14.03482767 17.40429712 15.18209483
[103] 26.93235916 26.29166469 23.95991971 23.24744186 26.29584355 20.02952365
[109] 13.45800218 15.26341926  9.23112466 14.70750082 14.94675792 14.39106834
[115] 12.12436739  2.59739586  2.11858194          NA 21.62679859 20.85090264
[121] 20.72909229 10.72505887 11.97435112 11.98421274 17.77974424 19.96923694
[127]          NA 13.94543890 11.53332765 24.16183415 14.35896861 16.96772071
[133] 12.10388796 11.28393891 10.38152363          NA  7.87618625          NA
[139] 16.97425888 14.36517852 12.78653792 14.66126974 13.51460517 12.65457951
[145]          NA  0.98027031  2.07272288  1.63139802  0.25069732          NA
[151]  6.71694648  0.58917414  0.52432248          NA          NA          NA
[157] 14.93806748 16.53163399 15.81334559 13.33521492 10.49927566 19.46736513
[163] 19.71646308 14.96507172 20.98416910 25.29874970 17.54673771 20.12462985
[169] 12.62387811 23.86482467 10.63345299 15.29348956 15.69944184 11.27241063
[175]  6.79419469 17.01845439 15.28109324 12.40249048 12.16852181  9.26573865
[181] 14.17217994 10.45474048  5.11876061          NA  1.63329939 13.45710897
[187] 13.42866510 15.83702616 12.60276024 10.70500086          NA          NA
[193] 12.58314895 17.46433589          NA          NA  2.83677777          NA
[199]          NA          NA          NA 19.36841326 20.26829225 11.49431895
[205] 12.30561131 22.68374472 18.65221429 13.23793282  3.05289639  3.76174655
[211] 17.77749449 19.36222202 10.14227083 13.94943470 12.51211080 15.63723267
[217] 14.07345779 11.45870135          NA  6.50922668          NA 13.78530328
[223] 13.90571894 11.27977396  2.31652508          NA          NA 14.42297979
[229] 14.54484891          NA 17.40478337 13.91073988 13.00608490 11.44680813
[235]  2.98849937  4.66054414          NA  1.05969397 17.20996091  1.84612467
[241]  6.52821539  3.70869897 16.81511182 12.81980694 15.17991699 13.05615890
[247]  4.50311954          NA          NA          NA 10.79068184 13.06060269
[253]  3.60834103          NA  4.06714426          NA          NA 13.97628345
[259] 14.25034456  6.35407553          NA          NA          NA  5.03486537
[265]          NA          NA 13.75497832 13.78721583 11.24527081  7.20604405
[271]  2.15813709          NA          NA  4.78928979          NA          NA
[277]          NA 10.59666537  8.21783371          NA  2.66439472  0.98182808
[283]  4.88442696 11.68663533 10.11482237  7.37299237          NA          NA
[289]          NA  6.05232363          NA          NA          NA          NA
[295]  1.27613107          NA          NA  1.03210655          NA          NA
[301]  7.08305320          NA          NA  1.98017675  6.18188788  5.10500558
[307]          NA          NA  6.16387381          NA          NA          NA
[313]          NA          NA          NA  4.06458969          NA          NA
[319]          NA          NA          NA  6.46402786  7.75941129  1.25844330
[325]          NA          NA          NA          NA          NA  1.07652233
[331]  1.15493434  1.62775916          NA          NA          NA          NA
[337]          NA          NA          NA          NA          NA          NA
[343]          NA          NA          NA  2.57420360          NA  5.10565363
[349]          NA  1.62850854  4.01355162  4.66397371          NA  0.03581741
[355]          NA  2.24876423          NA          NA          NA          NA
[361]          NA          NA          NA

$TS
  [1] 49.26651148 42.65718338 39.05113088 35.60036185 34.20855035 39.95046274
  [7] 36.37962357 32.98941885 28.63092733 28.00617182 27.58546550 23.95966263
 [13] 20.44935411 36.44286626 35.27156405 35.11343868 27.06567003 25.32179846
 [19] 24.68540653 20.18497288 35.66776683 35.54662939 32.86285589 28.48077526
 [25] 26.26483378 20.31687028 27.00873754 25.70454336 18.20467052 31.50735118
 [31] 29.85577030 35.15068835 33.48334631 31.40314747 14.58622780 31.24316147
 [37] 24.30222402 22.70669192 20.42123055 16.61578637 16.04672876 24.24707070
 [43] 17.64704676 16.69809173 15.32364144 26.15723216 12.59109978  9.31840603
 [49]  7.76487876  7.31188205 24.76584069 24.52626095 21.10161021 17.74885269
 [55] 15.65134569 27.69266558 30.71631578 29.80404340 26.58085218 25.38113619
 [61] 33.08492727 29.06203266 18.65542962 13.75449543 20.14268497 28.62345652
 [67] 28.48094021 25.29882419 15.09717639 20.37962994 14.88913900 24.04637585
 [73] 18.99839498 14.96901431 13.76931036 25.75677161 23.75439708 23.47755248
 [79] 22.41305814 17.47362338  7.19808036  6.84192030  5.52452922  3.96897363
 [85]  3.42502305  7.74200810  6.73257974  6.68692790  3.13269008  1.92275006
 [91]  7.49806781  6.99031508  6.01940608  3.90594824 21.60121715 23.36178726
 [97] 17.92080842 15.62049644 19.34200447 16.16724067 25.25453887 22.76306555
[103] 29.92734073 28.72013551 26.82472128 28.23150092 26.57773192 20.91414502
[109] 17.86537753 16.63724666 11.39995843 14.76035388 19.73680095 15.14076595
[115] 13.29082327  8.09257920  4.93288398  4.44428256 25.90767312 24.81509769
[121] 24.54930117 13.62709530 12.68788058 12.53780303 23.79379558 23.26092722
[127] 19.34746228 16.79826997 13.57256366 24.54808814 18.20558625 18.23372667
[133] 14.27317843 13.12702379 12.58978820  8.99694173  8.82335979  6.53639418
[139] 20.96321491 17.75610434 15.97920680 20.94607186 23.30223785 22.98125824
[145]  6.91026043  5.76242272  2.62510840  2.55771671  1.57272780  1.58227386
[151]  7.13742263  2.04823284  6.29982827  0.30958849  1.53193944  1.93069117
[157] 17.76851929 17.60246340 18.30502070 14.58275747 14.52952618 22.85186517
[163] 21.86406141 21.88439326 21.24747855 27.54960165 26.36211108 27.94929978
[169] 24.73147703 24.61270118 11.18934163 16.40345688 16.15904277 12.66419373
[175]  7.33045043 21.39615408 22.64004896 12.43727892 12.31581405 12.03936527
[181] 20.84109072 10.57833349 10.13974384  8.20386497  6.47592721 15.71012855
[187] 15.57271405 24.41621338 13.47669810 11.50704445  7.84923349  2.23739869
[193] 16.68902404 18.05972018  0.90934647  1.85492575  4.88232742  2.80772293
[199]  0.86730613  0.06247705  0.55010764 22.01383994 20.39340966 18.88974540
[205] 21.78922523 24.49624496 23.26858874 21.05139111  7.08700968 21.07413800
[211] 19.30787164 20.94994157 18.83531324 18.26018474 16.11042964 20.49335355
[217] 18.82841103 16.52252553  9.74242159  7.75994249  1.25986618 18.53498020
[223] 18.48098293 12.78384718  7.04080767  6.20305336  3.51847562 16.20453830
[229] 14.70417721  0.79358470 18.10473404 17.36567289 19.50097534 15.86308725
[235]  6.06865161  5.96980687  3.95142896  3.31697210 18.77627684 10.13381361
[241]  9.02845847  6.11521170 17.97699643 14.04375713 17.14450099 14.89789014
[247]  9.58413741  9.20491954  6.19561119  5.89071847 13.91632662 15.63633280
[253] 12.31480889  6.75474098  5.41011396  0.30519625  1.03428046 17.16719503
[259] 14.64737700 12.50025055  3.70958912  4.84980229  1.70016484  8.98409859
[265]  5.47531615  3.74111617 15.99327670 14.04010270 13.35513357  9.30514354
[271]  4.48753836  4.45340249  0.02481305  5.20686349  4.77035811  0.10465174
[277]  4.72505234 11.28176326 10.54634405  8.65552616  8.20801090  6.30379082
[283] 15.10770366 12.17134280 10.22425057  8.60217705  4.25336622  3.81109708
[289]  1.66408278  6.57172674  4.39334546  0.52473656  2.88656182  0.55278713
[295]  3.52145618  1.45604033  0.17015711  3.73801890  9.72544111  9.49362295
[301]  9.30089451  7.07813877  6.86919237  6.22993058  7.98411035  6.91692520
[307]  5.94547246  1.36168183  9.22575573  8.46700088  0.30098667  3.03541774
[313]  0.37515621  6.20221612  6.09592303  6.06852084  1.07921793  0.52308181
[319]  1.25002640  4.10743300  1.11188281  9.11294328  8.51304869  1.77696752
[325]  4.37932227  1.81890161  5.97098182  2.15904882  3.47149822  7.30653818
[331]  6.32271275  5.51709650  7.93744975  6.54367599  6.37315338  6.23434912
[337]  3.45637934  0.16187365  2.27873578  1.95450050  1.92218827  1.43323872
[343]  0.16546415  0.25054775  7.82312924  5.47788182  0.42281415  6.47766250
[349]  2.24328787  1.85359787  5.52864820  5.25442485  1.53810603  0.51606668
[355]  0.35725325  7.45869208  5.45198315  4.65715841  5.52484498  1.44480473
[361]  0.31811069  1.50451950  1.37179274

$PAR
  [1]  NA   1   1   1   1   2   2   5   5   5   5   5   5   6   6   6   6   6
 [19]   6   6   7   7   7   8   9   9  11  11  12  14  14  15  15  16  20  21
 [37]  23  23  23  23  23  25  25  25  26  27  27  27  27  27  28  28  28  28
 [55]  29  31  32  32  32  32  33  33  33  33  34  36  36  36  37  38  41  42
 [73]  42  42  44  46  46  46  46  46  47  47  47  47  47  48  48  48  48  48
 [91]  49  49  50  50  51  52  58  58  59  59  60  60  61  61  61  62  62  62
[109]  62  62  62  63  65  65  65  65  65  65  66  66  66  66  66  66  67  67
[127]  67  67  67  68  70  73  73  75  75  75  75  75  76  76  76  77  78  78
[145]  81  82  82  84  84  89  91  91  92  92  93  94  97  97  99  99 100 101
[163] 101 102 102 104 105 106 106 106 111 113 113 115 116 120 121 123 123 124
[181] 125 127 127 127 127 128 128 130 133 135 136 138 142 143 150 152 153 153
[199] 153 155 156 162 163 164 167 168 168 169 175 176 176 177 177 177 177 181
[217] 181 181 183 184 184 188 188 189 191 191 191 193 193 196 205 205 207 208
[235] 209 209 209 209 210 210 210 210 214 215 216 218 219 219 219 219 222 223
[253] 224 225 225 226 227 233 234 234 235 236 238 240 240 240 245 246 246 247
[271] 248 248 248 249 249 249 250 253 253 253 253 254 258 260 260 260 262 262
[289] 262 264 265 265 266 266 271 272 272 277 279 279 279 280 280 280 281 281
[307] 282 282 283 286 287 288 289 290 290 290 291 296 298 299 299 300 300 300
[325] 302 302 303 303 304 305 305 306 309 309 310 310 310 310 314 314 315 315
[343] 315 321 322 327 327 330 330 331 333 333 333 333 339 345 346 346 348 349
[361] 349 353 353

$EXTANT
  [1] FALSE FALSE FALSE FALSE FALSE FALSE FALSE FALSE FALSE FALSE FALSE FALSE
 [13] FALSE FALSE FALSE FALSE FALSE FALSE FALSE FALSE FALSE FALSE FALSE FALSE
 [25] FALSE FALSE FALSE FALSE FALSE FALSE FALSE FALSE FALSE FALSE FALSE FALSE
 [37] FALSE FALSE FALSE FALSE FALSE FALSE FALSE FALSE FALSE FALSE  TRUE  TRUE
 [49]  TRUE FALSE FALSE FALSE FALSE FALSE FALSE FALSE FALSE FALSE FALSE FALSE
 [61] FALSE FALSE FALSE FALSE FALSE FALSE FALSE FALSE FALSE FALSE FALSE FALSE
 [73] FALSE FALSE FALSE FALSE FALSE FALSE FALSE FALSE FALSE  TRUE FALSE  TRUE
 [85]  TRUE FALSE FALSE FALSE  TRUE FALSE  TRUE  TRUE  TRUE FALSE FALSE FALSE
 [97] FALSE FALSE FALSE FALSE FALSE FALSE FALSE FALSE FALSE FALSE FALSE FALSE
[109] FALSE FALSE FALSE FALSE FALSE FALSE FALSE FALSE FALSE  TRUE FALSE FALSE
[121] FALSE FALSE FALSE FALSE FALSE FALSE  TRUE FALSE FALSE FALSE FALSE FALSE
[133] FALSE FALSE FALSE  TRUE FALSE  TRUE FALSE FALSE FALSE FALSE FALSE FALSE
[145]  TRUE FALSE FALSE FALSE FALSE  TRUE FALSE FALSE FALSE  TRUE  TRUE  TRUE
[157] FALSE FALSE FALSE FALSE FALSE FALSE FALSE FALSE FALSE FALSE FALSE FALSE
[169] FALSE FALSE FALSE FALSE FALSE FALSE FALSE FALSE FALSE FALSE FALSE FALSE
[181] FALSE FALSE FALSE  TRUE FALSE FALSE FALSE FALSE FALSE FALSE  TRUE  TRUE
[193] FALSE FALSE  TRUE  TRUE FALSE  TRUE  TRUE  TRUE  TRUE FALSE FALSE FALSE
[205] FALSE FALSE FALSE FALSE FALSE FALSE FALSE FALSE FALSE FALSE FALSE FALSE
[217] FALSE FALSE  TRUE FALSE  TRUE FALSE FALSE FALSE FALSE  TRUE  TRUE FALSE
[229] FALSE  TRUE FALSE FALSE FALSE FALSE FALSE FALSE  TRUE FALSE FALSE FALSE
[241] FALSE FALSE FALSE FALSE FALSE FALSE FALSE  TRUE  TRUE  TRUE FALSE FALSE
[253] FALSE  TRUE FALSE  TRUE  TRUE FALSE FALSE FALSE  TRUE  TRUE  TRUE FALSE
[265]  TRUE  TRUE FALSE FALSE FALSE FALSE FALSE  TRUE  TRUE FALSE  TRUE  TRUE
[277]  TRUE FALSE FALSE  TRUE FALSE FALSE FALSE FALSE FALSE FALSE  TRUE  TRUE
[289]  TRUE FALSE  TRUE  TRUE  TRUE  TRUE FALSE  TRUE  TRUE FALSE  TRUE  TRUE
[301] FALSE  TRUE  TRUE FALSE FALSE FALSE  TRUE  TRUE FALSE  TRUE  TRUE  TRUE
[313]  TRUE  TRUE  TRUE FALSE  TRUE  TRUE  TRUE  TRUE  TRUE FALSE FALSE FALSE
[325]  TRUE  TRUE  TRUE  TRUE  TRUE FALSE FALSE FALSE  TRUE  TRUE  TRUE  TRUE
[337]  TRUE  TRUE  TRUE  TRUE  TRUE  TRUE  TRUE  TRUE  TRUE FALSE  TRUE FALSE
[349]  TRUE FALSE FALSE FALSE  TRUE FALSE  TRUE FALSE  TRUE  TRUE  TRUE  TRUE
[361]  TRUE  TRUE  TRUE

