
Birth-death simulation object with 377 species and 137 extant species

Details for some species:

Extinction times (NA means extant)
[1] 39.43804 44.50890 42.08931 20.19015 32.56141 33.70866


Speciation times 
[1] 49.26651 48.30646 47.79859 42.06327 45.47244 40.78871


Species parents (NA for initial)
[1] NA  1  1  1  3  4


Species status (extinct or extant)
[1] "extinct" "extinct" "extinct" "extinct" "extinct" "extinct"


For more details on vector y, try sim$y, with y one of
TE TS PAR EXTANT



$TE
  [1] 39.438036905 44.508904222 42.089307565 20.190154823 32.561409049
  [6] 33.708662267 24.611972988 23.834549738 15.946778772 21.894264425
 [11] 30.591012012 38.567722428 34.863436648 14.804883262 23.745843952
 [16] 30.556385333 15.248883179 21.173505090 19.328908495 22.183746741
 [21] 14.345870279 21.989445932 19.151177701 30.744014469 19.399500398
 [26] 15.406785212 30.513838075 35.830343172  7.824278917 23.409712854
 [31] 15.373829681 15.397354460 13.755308845 14.083444050 21.042423662
 [36] 13.014156201 23.759615752 21.909890838  8.340296640 13.436196731
 [41] 14.652933858 20.117749116 22.886651582 21.811854997 23.476712665
 [46] 20.179096830 17.049738732 14.543678620 18.401952605 24.873775046
 [51] 24.116133733 13.887183422 30.503094076 30.020852367 21.543405398
 [56] 23.137441936  7.515310318 14.235141318           NA 13.656952386
 [61] 11.236252497 22.548415718 10.973084484 12.520837880 23.876503658
 [66] 21.300750259 19.767897772 19.198271578 15.043943297 11.593991496
 [71]           NA  5.245002711 13.525807126 16.836180451 10.244593267
 [76] 13.805533515 14.528549998 24.598815097 13.925975962 20.255206432
 [81] 20.104410822  0.882753630 14.624497894 13.870239810  7.283709670
 [86]  1.700063347           NA           NA 16.384503576 11.059583154
 [91] 18.421425222 15.295647086  0.587522029 10.699759733 15.447867288
 [96] 12.486552249 19.206596972 15.576905146 15.345357104 15.228349650
[101] 13.680885765 12.664866312 10.701022017           NA  4.668459298
[106]           NA 13.205501276  3.424172568  4.911903870  1.892934423
[111]  0.149598543           NA 15.369490775 11.754876608  8.663241223
[116] 15.477964338 18.197188667 13.540184276  9.007006970 17.996221138
[121] 12.946665677 14.360500784 18.411412655 20.402473463 23.196060629
[126] 11.692607987 13.268187148 19.565095011 19.724804582 12.297423268
[131] 12.145158994           NA  7.910042885           NA 14.318181371
[136] 14.682415148           NA 15.384707325 14.641750729 12.865785737
[141] 12.120893579  4.093670275 10.197724340  0.788922202  3.221680189
[146]           NA           NA 17.275199770 14.357616775 12.238366426
[151]           NA 13.021465364 20.531447605 12.239670373           NA
[156]           NA  5.100209695  3.443180954           NA 11.419157751
[161] 12.675487108           NA  5.109346004  1.447444875  6.332335470
[166]  4.458089441  2.491322164 14.533536143 13.212186661           NA
[171]  4.522824930           NA  6.442205127  8.620712842 22.486168859
[176] 15.381812740 13.868686543 12.564173266           NA 14.524703563
[181]           NA           NA  3.939048519           NA           NA
[186]           NA  2.807607957 14.847527690  6.788826423           NA
[191]           NA           NA  4.471628239           NA  4.690791102
[196]           NA 15.399222630           NA           NA           NA
[201]           NA           NA  5.418360158           NA           NA
[206]           NA  3.746210101           NA           NA  6.857650233
[211]  5.313761396           NA           NA 13.742196608 14.512287543
[216]  9.344317382 13.202554781 12.696850060  7.395927511  1.600796242
[221]           NA           NA           NA  1.341927077  4.518534212
[226]           NA  0.447410405  0.265508691           NA           NA
[231]           NA  2.825270792           NA           NA  5.313542777
[236]           NA  4.235567406  5.156272522           NA           NA
[241]           NA           NA           NA           NA 14.283890198
[246] 18.474278703  4.105311480           NA           NA           NA
[251]           NA           NA           NA           NA           NA
[256]  4.110255863           NA           NA           NA 11.511919634
[261] 12.391258423  9.699403715  5.839248391  0.386124129  7.092613140
[266]           NA           NA  5.692544316           NA           NA
[271]           NA  1.651406786           NA  1.768124955  2.235968218
[276]           NA  0.271988320  0.999531619           NA  4.108019176
[281]  2.305263334           NA  0.368711069           NA           NA
[286]           NA           NA           NA 11.471592665  8.298621316
[291]  6.962897404  2.216848328           NA           NA           NA
[296]           NA           NA  1.752302500  1.291715702           NA
[301]  5.454492971           NA  4.699686346  2.680558024  4.926702819
[306]           NA  0.001016529           NA           NA  3.708495271
[311]           NA 13.679592074 12.942365086  5.739964653  6.660612865
[316]  5.142373964           NA           NA  3.687995712           NA
[321]           NA           NA           NA  0.592998894           NA
[326]           NA           NA           NA           NA           NA
[331]  0.910930483  0.135798665           NA           NA           NA
[336]  5.387208809           NA  5.598275341  4.834898483           NA
[341]           NA           NA  0.808028022  4.477787812           NA
[346]           NA           NA           NA           NA  0.632703370
[351]           NA  4.493488559  4.896710819           NA           NA
[356]           NA           NA  2.446695239           NA           NA
[361]           NA           NA  0.880469216           NA  2.249020396
[366]           NA           NA           NA  3.265097908           NA
[371]  5.397534038           NA           NA           NA  5.683563002
[376]           NA           NA

$TS
  [1] 49.26651148 48.30645889 47.79858689 42.06326742 45.47243985 40.78870571
  [7] 34.11183081 25.63158662 23.55954733 22.94472303 38.80900089 38.66128484
 [13] 38.64463808 35.28460089 33.64437208 33.72163895 27.22350607 26.08118066
 [19] 25.55819999 24.95201257 24.55890732 23.92240121 21.19053511 38.09022226
 [25] 32.58408912 31.77962745 37.99152017 36.97670130 32.20574734 26.31817765
 [31] 25.79667600 25.62705265 21.71285058 21.70411824 31.10187318 28.54066578
 [37] 24.46392131 23.75753486 19.51414217 25.70948686 24.37305828 23.51315992
 [43] 23.02882353 24.60455995 23.96230466 20.70531933 18.85383002 16.25278808
 [49] 22.94398859 25.19512409 24.49413149 23.19201786 34.64344652 31.24628674
 [55] 29.25426783 28.90084951 26.89362389 14.81939476  8.17284821 24.52654440
 [61] 24.49168946 25.37704711 14.35547375 30.74593252 29.43587052 28.52127105
 [67] 25.57326420 20.38620956 17.85783339 17.05904608 14.06321053 22.70836440
 [73] 17.26504141 17.40284835 19.56282103 22.53579503 22.28890816 24.60713113
 [79] 25.96840072 24.93823569 24.63721282 21.20006927 16.60413012 14.27698955
 [85]  7.59576871  7.14189512  2.47771044  1.39633482 23.27368980 20.82423607
 [91] 18.89556750 17.13112279 16.50893141 19.26079938 17.36489364 20.45666813
 [97] 25.54964069 23.16751928 19.83902492 15.91213325 14.01133095 12.86506788
[103] 12.47211693  9.14010306  7.27690328  2.33975073 18.15403027 10.66681822
[109]  9.38306495  9.29277171  7.80423924  7.42613829 17.17209513 15.81265511
[115] 13.84177500 17.13364707 19.02135750 14.33284028 10.37076706 19.14205615
[121] 18.74574911 15.15399975 25.31114617 25.30145269 24.82857540 19.55586504
[127] 15.76026618 24.02232045 20.80165561 15.12416323 13.46806066 11.60712612
[133]  9.51388687  0.94234707 15.31693078 15.25922106  0.82866998 18.39165166
[139] 20.00244054 16.03711790 12.33521721 11.72624827 11.34826532  7.97774150
[145]  7.40803438  1.36672949  0.62588386 18.96059295 16.72887231 13.86448652
[151] 11.07447880 17.98750220 22.84446652 13.75366902  4.13728357  6.36404206
[157]  5.55539316  5.43410728  4.73209818 14.47037217 13.56944813  9.95265284
[163]  5.73848573  8.71879855  6.66627037  5.12418205  2.59326982 15.69085332
[169] 14.22584647 13.75370593 10.47860219  9.34554284  9.34141220  9.29203940
[175] 22.69137115 23.10488849 17.58153398 17.13142918 11.76304748 15.04244899
[181] 11.37660345  5.57811233  5.45477634  5.44187993  4.35428625  4.10678672
[187]  9.06966936 16.80478735 10.38644938  1.53336542  1.19834812  1.15617353
[193]  9.31174354  7.82999376  5.64641349  4.30142312 22.05607769  2.45562761
[199]  0.59564325  2.60806728  3.76296002  8.64914245  8.49784102  0.88513824
[205]  1.98541175  7.26392037  6.44509727  0.38836205  8.79128871  8.37580333
[211]  7.79014008  6.54004235  8.42704370 21.16200021 19.55720176 16.23146419
[217] 14.72132618 14.06933758 11.29320757  9.37540199  5.25291934  2.18726072
[223]  1.05004268  8.87410502  8.07598466  5.48579288  3.30980096  3.01322759
[229]  4.78759762  5.20525255  0.09209340  3.95795746  0.13331412  7.55393076
[235]  9.02957461  8.68767033  6.67267311  6.26581487  1.83332022  0.74393286
[241]  5.25493216  1.80726745  0.95840922  0.71767465 20.57551379 20.42472793
[247] 19.72798857 18.79066467  2.29615545  2.75708903  1.34781731  0.91971072
[253]  7.15633136  1.12249282  7.52279629  7.39868391  6.94955631  6.55443663
[259]  3.77109467 15.72072453 14.31265467  9.86361423  8.78007149  8.22502890
[265]  7.33773452  1.60146516  4.19727087  6.66440796  8.05258335  1.94568639
[271]  2.57801910  1.93369868  0.67268780  4.39416733  3.60608140  3.77643129
[277]  3.04470067  2.24658194  3.89063119  7.24022421  6.48758476  3.75232392
[283]  2.24148915  0.73604658  6.31547365  0.99351275  0.26028103  0.15514795
[289] 17.98826037 12.53636167 11.25704070  7.87544256  0.66798631  0.59003296
[295]  2.35168133  2.07189147  1.73228842  5.76297690  5.82399080  0.39483111
[301]  5.91497549  7.33155285  6.20430318  6.75175800  5.39149921  3.51803140
[307]  1.79349977  3.69085857  2.16623533  5.27768386  2.26397842 13.81695992
[313] 13.16267725 12.51660689  9.75642935  8.87732053  8.10552349  6.58140933
[319]  5.49155650  1.17789562  4.82676485  1.93875577  1.84892515  5.79971981
[325]  3.84397359  2.26938513  1.94826421  5.65026660  6.87843423  1.29109535
[331]  2.73076855  2.16320432  2.01550606  0.09499002  8.68053215  8.47374006
[337]  8.58887188  7.53925244  7.26308079  5.95263938  3.27226985  1.90615139
[343]  1.34821757  4.91688329  4.10058828  1.23325018  1.73549095  2.64971822
[349]  6.35489685  4.99929459  0.93448353  8.21338823  6.34321455  3.22789534
[355]  1.87941812  6.24304806  1.70161876  7.36443437  2.78618750  0.01878387
[361]  0.89354035  6.14199238  6.07754921  5.68500648  3.21311846  1.60504351
[367]  0.99244686  6.50949103  6.09085331  5.79713342  5.52822445  5.55855471
[373]  4.66276217  3.37292353  5.74824127  2.32318241  0.32945915

$PAR
  [1]  NA   1   1   1   3   4   4   4   4   4   5   5   5   5   5   6   7   7
 [19]   8   8   8   8   9  11  11  11  13  13  14  14  14  14  14  14  15  15
 [37]  17  17  17  18  18  18  19  20  21  21  21  21  22  26  26  26  27  27
 [55]  29  29  29  29  29  30  30  32  34  35  35  36  36  36  36  36  36  38
 [73]  40  47  49  52  52  56  57  57  57  57  57  57  57  59  59  59  60  60
 [91]  60  60  60  61  61  64  65  67  68  69  70  70  70  71  71  71  72  72
[109]  72  72  72  72  73  73  73  74  75  75  75  76  76  77  79  79  79  79
[127]  79  81  82  82  82  82  82  82  83  83  88  89  90  90  90  93  93  93
[145]  93  93  93  94  94  94  94  96  98 101 104 105 105 105 105 107 107 108
[163] 109 110 110 111 111 113 114 114 115 119 119 119 123 124 126 126 126 130
[181] 132 132 132 132 132 132 133 139 143 144 144 146 151 151 151 151 153 155
[199] 155 156 159 162 162 162 164 170 170 170 171 172 172 172 173 176 176 177
[217] 177 178 179 179 179 179 179 181 181 181 181 182 183 184 185 186 186 187
[235] 193 193 193 194 194 194 195 196 196 196 197 197 197 197 198 202 202 202
[253] 206 206 209 209 210 213 213 216 216 216 219 220 220 220 221 224 225 226
[271] 227 227 227 229 229 230 230 230 232 234 234 234 234 234 237 239 241 242
[289] 245 247 247 247 250 251 253 253 253 255 257 257 258 264 268 269 269 269
[307] 271 276 278 280 282 289 289 289 290 290 291 292 292 297 298 298 298 299
[325] 299 299 299 301 302 306 308 308 309 311 314 314 315 315 317 317 317 317
[343] 317 319 321 322 327 328 329 329 333 335 335 335 335 337 337 338 345 345
[361] 347 349 349 349 350 350 350 352 352 352 352 362 363 369 370 373 374

$EXTANT
  [1] FALSE FALSE FALSE FALSE FALSE FALSE FALSE FALSE FALSE FALSE FALSE FALSE
 [13] FALSE FALSE FALSE FALSE FALSE FALSE FALSE FALSE FALSE FALSE FALSE FALSE
 [25] FALSE FALSE FALSE FALSE FALSE FALSE FALSE FALSE FALSE FALSE FALSE FALSE
 [37] FALSE FALSE FALSE FALSE FALSE FALSE FALSE FALSE FALSE FALSE FALSE FALSE
 [49] FALSE FALSE FALSE FALSE FALSE FALSE FALSE FALSE FALSE FALSE  TRUE FALSE
 [61] FALSE FALSE FALSE FALSE FALSE FALSE FALSE FALSE FALSE FALSE  TRUE FALSE
 [73] FALSE FALSE FALSE FALSE FALSE FALSE FALSE FALSE FALSE FALSE FALSE FALSE
 [85] FALSE FALSE  TRUE  TRUE FALSE FALSE FALSE FALSE FALSE FALSE FALSE FALSE
 [97] FALSE FALSE FALSE FALSE FALSE FALSE FALSE  TRUE FALSE  TRUE FALSE FALSE
[109] FALSE FALSE FALSE  TRUE FALSE FALSE FALSE FALSE FALSE FALSE FALSE FALSE
[121] FALSE FALSE FALSE FALSE FALSE FALSE FALSE FALSE FALSE FALSE FALSE  TRUE
[133] FALSE  TRUE FALSE FALSE  TRUE FALSE FALSE FALSE FALSE FALSE FALSE FALSE
[145] FALSE  TRUE  TRUE FALSE FALSE FALSE  TRUE FALSE FALSE FALSE  TRUE  TRUE
[157] FALSE FALSE  TRUE FALSE FALSE  TRUE FALSE FALSE FALSE FALSE FALSE FALSE
[169] FALSE  TRUE FALSE  TRUE FALSE FALSE FALSE FALSE FALSE FALSE  TRUE FALSE
[181]  TRUE  TRUE FALSE  TRUE  TRUE  TRUE FALSE FALSE FALSE  TRUE  TRUE  TRUE
[193] FALSE  TRUE FALSE  TRUE FALSE  TRUE  TRUE  TRUE  TRUE  TRUE FALSE  TRUE
[205]  TRUE  TRUE FALSE  TRUE  TRUE FALSE FALSE  TRUE  TRUE FALSE FALSE FALSE
[217] FALSE FALSE FALSE FALSE  TRUE  TRUE  TRUE FALSE FALSE  TRUE FALSE FALSE
[229]  TRUE  TRUE  TRUE FALSE  TRUE  TRUE FALSE  TRUE FALSE FALSE  TRUE  TRUE
[241]  TRUE  TRUE  TRUE  TRUE FALSE FALSE FALSE  TRUE  TRUE  TRUE  TRUE  TRUE
[253]  TRUE  TRUE  TRUE FALSE  TRUE  TRUE  TRUE FALSE FALSE FALSE FALSE FALSE
[265] FALSE  TRUE  TRUE FALSE  TRUE  TRUE  TRUE FALSE  TRUE FALSE FALSE  TRUE
[277] FALSE FALSE  TRUE FALSE FALSE  TRUE FALSE  TRUE  TRUE  TRUE  TRUE  TRUE
[289] FALSE FALSE FALSE FALSE  TRUE  TRUE  TRUE  TRUE  TRUE FALSE FALSE  TRUE
[301] FALSE  TRUE FALSE FALSE FALSE  TRUE FALSE  TRUE  TRUE FALSE  TRUE FALSE
[313] FALSE FALSE FALSE FALSE  TRUE  TRUE FALSE  TRUE  TRUE  TRUE  TRUE FALSE
[325]  TRUE  TRUE  TRUE  TRUE  TRUE  TRUE FALSE FALSE  TRUE  TRUE  TRUE FALSE
[337]  TRUE FALSE FALSE  TRUE  TRUE  TRUE FALSE FALSE  TRUE  TRUE  TRUE  TRUE
[349]  TRUE FALSE  TRUE FALSE FALSE  TRUE  TRUE  TRUE  TRUE FALSE  TRUE  TRUE
[361]  TRUE  TRUE FALSE  TRUE FALSE  TRUE  TRUE  TRUE FALSE  TRUE FALSE  TRUE
[373]  TRUE  TRUE FALSE  TRUE  TRUE

