
Birth-death simulation object with 125 species and 61 extant species

Details for some species:

Extinction times (NA means extant)
[1] 34.61221 46.59229 39.95466 31.02406 42.75537 37.60420


Speciation times 
[1] 49.26651 49.07771 48.70925 47.47418 45.61339 37.83348


Species parents (NA for initial)
[1] NA  1  1  1  1  1


Species status (extinct or extant)
[1] "extinct" "extinct" "extinct" "extinct" "extinct" "extinct"


For more details on vector y, try sim$y, with y one of
TE TS PAR EXTANT



$TE
  [1] 34.6122057 46.5922942 39.9546622 31.0240582 42.7553708 37.6041989
  [7] 40.9560156 39.6940869 30.0959373 41.6575508 35.5358931 14.7826933
 [13] 29.3508689 22.4957413 13.7682729 14.6826501 16.2493196 12.4447376
 [19]         NA 11.6836784 13.3669265 17.5681598 19.1070262 19.1016573
 [25]  2.6695612 24.6785362 20.9780758  8.2715277  7.9625720  7.9669043
 [31]  4.5194086         NA  3.3900662 15.2995616         NA 16.2068045
 [37]  4.7836225         NA         NA  3.6650591  2.3849257         NA
 [43]  3.5713079         NA  4.5496502  0.8696824         NA 14.6195066
 [49]         NA         NA  0.7451992  1.1170276  3.4340186         NA
 [55]  3.2743152         NA  1.6480073  2.2039841         NA         NA
 [61]         NA  0.5456343         NA         NA         NA  6.7441726
 [67]  0.1781441         NA  3.4387421         NA         NA         NA
 [73]         NA  0.3294274         NA         NA  2.9287301         NA
 [79]         NA         NA  0.9865150  2.7626633  4.5780567         NA
 [85]         NA         NA         NA  5.6114383         NA         NA
 [91]         NA         NA         NA  3.9136083  5.6317539  3.2630138
 [97]         NA         NA         NA         NA         NA  2.7339237
[103]  2.6103977         NA         NA         NA         NA         NA
[109]         NA         NA         NA  0.4849621         NA         NA
[115]         NA         NA  1.3324010  0.7743221         NA         NA
[121]         NA         NA         NA         NA         NA

$TS
  [1] 49.2665115 49.0777055 48.7092507 47.4741792 45.6133893 37.8334818
  [7] 44.2297351 40.0535968 39.4847235 42.5854458 36.3111090 32.8768239
 [13] 32.6058273 23.7310722 16.5157683 31.6493480 30.7361039 14.7587580
 [19] 13.9712529 24.3815290 21.3083116 20.7138167 20.0358841 19.8915779
 [25] 17.3819364 26.8580503 21.4404239 10.3540194  9.6409369  8.4574518
 [31]  6.1829958  5.9151698  5.2335643 15.3347838 13.0218698 17.1252383
 [37] 10.3925259  7.0666135  6.0051242  9.0359083  8.0906323  6.1236398
 [43]  4.8022367  8.0534653  5.5097705  3.5914537  1.4186939 16.7225133
 [49] 10.3742600  5.2362767  4.8975366  6.2094741  4.7558619  0.2017294
 [55]  7.9822067  6.8033596  6.7072343  7.4345420  4.5328846  6.3592779
 [61]  5.4707670  2.5266308  0.9030183  0.4603861  0.9208188  8.0251652
 [67]  7.2602151  5.5833552  3.7197286  0.4768648  0.4508576  3.5776928
 [73]  2.5183635  1.7622295  1.2315920  4.4728528  6.8122747  0.7781289
 [79]  6.3677459  5.7841506  4.7235130  3.8365493  6.8259556  3.1955951
 [85]  3.0535937  2.9397681  2.8648870  5.9095356  1.6457006  1.2157811
 [91]  1.0511414  0.9726739  7.0617331  6.2405921  6.1547576  4.9597456
 [97]  2.6181612  3.5677394  0.3254113  1.0595335  0.5769529  3.5500538
[103]  5.4245461  4.3201137  3.3231145  1.0121396  3.1126660  1.8121480
[109]  2.9754928  2.5300960  0.2913474  0.7944520  0.9977182  3.8646707
[115]  5.9068721  0.4218244  2.1465374  0.9529867  0.1266502  0.6558094
[121]  2.7651051  0.3705348  0.7908083  0.4930676  0.6738123

$PAR
  [1]  NA   1   1   1   1   1   3   3   4   7   9   9  12  12  12  13  13  15
 [19]  15  16  16  16  16  16  16  17  17  19  19  19  19  19  19  20  20  21
 [37]  25  25  25  28  30  31  32  35  35  35  35  36  37  37  37  38  38  39
 [55]  40  40  40  41  43  44  44  44  44  44  47  49  49  49  49  49  49  50
 [73]  51  51  51  52  55  56  57  57  57  57  58  58  59  59  59  60  61  61
 [91]  61  62  67  67  67  67  67  68  71  72  73  77  79  79  79  79  84  84
[109]  85  87  89  90  91  93  95  98 104 105 105 106 107 107 110 115 123

$EXTANT
  [1] FALSE FALSE FALSE FALSE FALSE FALSE FALSE FALSE FALSE FALSE FALSE FALSE
 [13] FALSE FALSE FALSE FALSE FALSE FALSE  TRUE FALSE FALSE FALSE FALSE FALSE
 [25] FALSE FALSE FALSE FALSE FALSE FALSE FALSE  TRUE FALSE FALSE  TRUE FALSE
 [37] FALSE  TRUE  TRUE FALSE FALSE  TRUE FALSE  TRUE FALSE FALSE  TRUE FALSE
 [49]  TRUE  TRUE FALSE FALSE FALSE  TRUE FALSE  TRUE FALSE FALSE  TRUE  TRUE
 [61]  TRUE FALSE  TRUE  TRUE  TRUE FALSE FALSE  TRUE FALSE  TRUE  TRUE  TRUE
 [73]  TRUE FALSE  TRUE  TRUE FALSE  TRUE  TRUE  TRUE FALSE FALSE FALSE  TRUE
 [85]  TRUE  TRUE  TRUE FALSE  TRUE  TRUE  TRUE  TRUE  TRUE FALSE FALSE FALSE
 [97]  TRUE  TRUE  TRUE  TRUE  TRUE FALSE FALSE  TRUE  TRUE  TRUE  TRUE  TRUE
[109]  TRUE  TRUE  TRUE FALSE  TRUE  TRUE  TRUE  TRUE FALSE FALSE  TRUE  TRUE
[121]  TRUE  TRUE  TRUE  TRUE  TRUE

