
Birth-death simulation object with 279 species and 122 extant species

Details for some species:

Extinction times (NA means extant)
[1] 41.60755 39.54422 44.87178 44.32722 28.03721 44.22407


Speciation times 
[1] 49.26651 49.16278 48.96691 45.61539 40.27130 44.88220


Species parents (NA for initial)
[1] NA  1  1  1  2  4


Species status (extinct or extant)
[1] "extinct" "extinct" "extinct" "extinct" "extinct" "extinct"


For more details on vector y, try sim$y, with y one of
TE TS PAR EXTANT



$TE
  [1] 41.60754705 39.54421753 44.87177560 44.32722218 28.03721174 44.22407451
  [7] 27.25922694 13.61261861 13.82744000 20.42835712 23.54896600 14.69536258
 [13] 28.91944104 24.89526687 23.89467952 13.40031887 13.98903225 10.86911910
 [19] 27.79224499 15.52261423 20.67824555 16.17706871 26.34937923 20.55610525
 [25] 23.03839899 14.49821424 14.41539185 30.56564213 28.28451020 10.43132015
 [31] 11.20163361 21.91390630 24.35409974 24.33553729 17.88316020 23.68496706
 [37] 23.68092460 23.58019085  7.73750840 15.17325615 15.60869155 23.22521823
 [43] 16.65940901 29.68388814 12.59284903 28.54395884 26.50904338 14.24684864
 [49]          NA 16.47934455 17.64158325 16.28715752 14.50527532 10.56058684
 [55] 16.98469797 23.79288146 26.06703679 16.69008208 12.81479336 13.69521246
 [61] 14.03396938 15.84156358 23.19505103 12.87824136 14.38651926 11.18716780
 [67] 13.30541166 10.85000591 13.91273484 11.67981660 14.17677026  6.63901272
 [73] 13.07392796  1.97370082  7.48017703          NA  5.39669084          NA
 [79] 15.69510369 16.04489547 13.91973770 11.41045627 15.32316563 15.49790227
 [85] 13.06348229 14.41022177 12.26847325 12.37445562 11.18526828 15.11781452
 [91] 13.42516577 14.21125179 14.24973693 13.98124041  4.32371063  5.15662527
 [97]  9.47591844          NA          NA  3.08066897          NA  0.21756359
[103]  3.45744994  1.97309870 14.55595515 14.79904201 13.74842846  8.64527733
[109] 10.72846671  5.39709163          NA          NA          NA          NA
[115]          NA  0.52750061          NA          NA  0.18612608  6.95037663
[121]  8.65742499          NA          NA          NA  6.32991675          NA
[127]  0.40440884          NA          NA          NA          NA  4.21948445
[133]  4.43652917          NA          NA          NA          NA 12.23643201
[139]  7.36663279          NA  8.91061018          NA  5.29154655  5.70983325
[145]          NA          NA  6.49149373          NA          NA  0.76086702
[151]          NA          NA          NA          NA          NA          NA
[157]  0.25226202  3.99308654          NA          NA  0.70023654          NA
[163]  7.42613730          NA  5.57137686  0.01869376          NA  0.87132450
[169]  1.98988516          NA          NA  1.18607982          NA          NA
[175]          NA          NA          NA  5.33428537          NA          NA
[181]          NA          NA          NA          NA  3.54136096          NA
[187]          NA  3.09363188  3.16609093          NA          NA  2.66455468
[193]  0.86180082          NA          NA  0.23428532          NA          NA
[199]          NA          NA          NA          NA          NA          NA
[205]          NA  5.54155820  3.81207084          NA          NA          NA
[211]          NA          NA  1.50091292          NA  4.20823929          NA
[217]  2.44655556          NA          NA          NA          NA  1.22617545
[223]  0.84100987          NA  3.68758457          NA          NA          NA
[229]  0.24588193          NA          NA          NA  5.72287535  3.31706417
[235]          NA          NA  1.64089384          NA          NA          NA
[241]  5.85291842          NA  3.23004614  1.77965882          NA          NA
[247]  1.69594746          NA          NA          NA  4.64433952          NA
[253]          NA  3.33804577          NA  1.26730850          NA  3.12242064
[259]          NA          NA          NA          NA          NA  0.08903053
[265]          NA          NA          NA          NA          NA          NA
[271]          NA  1.41899520          NA          NA          NA          NA
[277]          NA          NA          NA

$TS
  [1] 49.266511476 49.162781657 48.966907235 45.615387119 40.271298133
  [6] 44.882198832 39.323396592 32.479700167 32.105668486 31.457786704
 [11] 29.905957505 33.846243828 31.299400120 31.630110382 30.716219312
 [16] 19.611181154 15.851965235 13.895181038 28.570587051 27.781469923
 [21] 25.950367348 25.893542959 32.304952760 29.183560213 24.916689666
 [26] 18.111212329 15.482800022 30.710341868 29.978911775 25.941865203
 [31] 25.092659550 27.284497416 26.841246262 26.333388750 18.594776739
 [36] 27.825198147 24.035064654 23.781599420 22.838155473 17.088312266
 [41] 17.042785053 25.332654232 21.944662438 31.985588104 28.631367938
 [46] 28.724827886 27.648763332 24.061151147 23.328526466 22.226082329
 [51] 22.055435148 16.341411003 14.732176305 11.544269113 24.735167256
 [56] 25.193266761 27.339990446 17.687409410 16.776791125 14.075979900
 [61] 15.276631982 15.884549980 26.194849382 24.318691925 19.827823464
 [66] 15.612071283 13.798381312 23.315400603 22.330165981 17.806672208
 [71] 14.946969888 14.875914501 13.352124470  8.593240595  7.950980743
 [76]  7.716340037  5.646070723  3.984898111 20.509724204 19.041076891
 [81] 17.990068570 13.422236890 20.121849079 20.081179360 15.093111184
 [86] 21.033558861 19.157187694 15.024116630 21.266082235 15.642369312
 [91] 15.349191352 15.023221965 14.368601534 14.691904200 10.303094006
 [96]  7.164129531 13.233280714  8.492574475  6.834362064  5.276003671
[101]  4.816572346  4.398224580  5.997475494  4.049647708 17.881528808
[106] 17.845858293 14.165844155 12.466887212 13.475700044  7.879431168
[111]  7.371349158  4.572398319  9.934235318  5.345879884  0.986051401
[116]  0.808293013  1.464514836  0.863262688  2.586564706 17.017745560
[121]  9.727346373 13.403259665 11.409252822  7.149840084  6.931981092
[126]  6.173466088  6.148099637  4.904583923  3.293324348  2.900776556
[131]  0.022009142  7.568378258  5.770233923  0.387473387  3.646476437
[136]  1.076767942  0.394064654 16.234246236 10.903770873  9.512297540
[141]  9.279798652  7.171178366  7.014783805  6.123585735  3.705265540
[146]  9.791797871  7.401523866  2.847643490  1.177162376  2.679366983
[151]  3.564410890  1.874421495  1.844636361  0.999053395  2.021377847
[156]  1.491517117  1.059876693  9.281716545  2.777650084  4.782375355
[161]  1.885033384  2.069591962  9.758458530  9.082606008  8.381356559
[166]  5.659155763  0.132661781  6.522738320  2.789108948  0.876763243
[171]  0.441264631  2.481929855  0.158382188  1.682294411  0.063871262
[176]  0.650090796  8.988619196  6.318789954  4.544529622  4.422040302
[181]  3.797270914  2.767911724  8.582947646  7.581029976  7.488533414
[186]  6.413566469  5.507861063  3.699811039  8.322662097  6.430445107
[191]  6.285467457  4.265848012  2.695140411  1.182666744  7.941082584
[196]  5.677330198  3.262682697  5.619357497  1.096864822  3.244636349
[201]  2.662545558  6.869806123  1.874844064  0.710870874  7.410659026
[206]  6.940958419  4.994541273  2.014518519  6.331526579  0.723463331
[211]  0.314551634  3.509504139  7.925427542  6.567144894  5.899120976
[216]  3.467256278  3.325691293  1.787453430  5.919833603  4.927925223
[221]  1.648129313  1.908099038  1.469082627  0.230468369  5.201998980
[226]  2.323469134  0.771382423  3.027404580  1.205813657  6.793324663
[231]  1.464009270  0.038776613  6.225029467  5.575394978  0.770215211
[236]  0.382669258  3.969566703  0.014295572  0.721141942  1.750700183
[241]  7.241432219  5.300376415  4.928964067  2.362890399  4.630662105
[246]  1.425958354  5.708461188  1.243418450  2.954569898  1.398573747
[251]  5.548568416  4.290390755  0.044257500  6.077634608  6.062606486
[256]  3.431279006  0.653174351  4.730175918  4.521845955  2.307435448
[261]  0.371917632  2.816573922  2.317338234  1.961113050  0.160689675
[266]  4.172551118  1.666279132  3.535664467  3.117369671  0.694201120
[271]  3.979686338  2.840489110  2.657348857  0.078024491  0.351530189
[276]  1.952368739  0.003191177  1.701237052  1.003034920

$PAR
  [1]  NA   1   1   1   2   4   5   5   5   5   5   7   7   8   8   8   8   8
 [19]   9  10  10  10  12  12  12  12  12  14  14  14  14  15  15  15  16  19
 [37]  20  20  20  20  20  22  22  23  23  24  24  24  24  30  30  30  30  30
 [55]  32  33  36  39  39  39  40  41  45  45  45  45  45  48  48  48  49  49
 [73]  49  49  49  49  49  49  55  55  55  59  64  64  64  68  68  68  69  69
 [91]  69  69  70  71  72  72  73  74  74  74  74  74  76  76  89  89  89  89
[109]  91  95  95  95  97  98  98  98 101 101 102 106 108 109 109 110 110 110
[127] 111 111 111 111 112 113 113 113 114 114 119 120 120 120 120 120 122 122
[145] 122 123 123 123 123 124 126 126 128 129 130 130 135 140 140 142 142 145
[163] 146 146 146 146 146 147 148 148 148 151 153 155 156 157 158 158 160 160
[181] 160 160 163 163 164 164 164 164 165 165 165 166 169 174 177 177 177 178
[199] 179 180 182 183 183 183 184 184 184 184 186 186 187 188 189 189 189 190
[217] 190 193 195 195 195 196 196 197 198 198 198 200 200 202 203 204 205 205
[235] 205 208 209 209 210 212 213 213 213 213 214 214 215 216 219 226 230 230
[253] 230 233 233 237 239 243 243 245 246 249 249 249 249 252 252 254 255 255
[271] 259 259 259 261 262 266 269 272 278

$EXTANT
  [1] FALSE FALSE FALSE FALSE FALSE FALSE FALSE FALSE FALSE FALSE FALSE FALSE
 [13] FALSE FALSE FALSE FALSE FALSE FALSE FALSE FALSE FALSE FALSE FALSE FALSE
 [25] FALSE FALSE FALSE FALSE FALSE FALSE FALSE FALSE FALSE FALSE FALSE FALSE
 [37] FALSE FALSE FALSE FALSE FALSE FALSE FALSE FALSE FALSE FALSE FALSE FALSE
 [49]  TRUE FALSE FALSE FALSE FALSE FALSE FALSE FALSE FALSE FALSE FALSE FALSE
 [61] FALSE FALSE FALSE FALSE FALSE FALSE FALSE FALSE FALSE FALSE FALSE FALSE
 [73] FALSE FALSE FALSE  TRUE FALSE  TRUE FALSE FALSE FALSE FALSE FALSE FALSE
 [85] FALSE FALSE FALSE FALSE FALSE FALSE FALSE FALSE FALSE FALSE FALSE FALSE
 [97] FALSE  TRUE  TRUE FALSE  TRUE FALSE FALSE FALSE FALSE FALSE FALSE FALSE
[109] FALSE FALSE  TRUE  TRUE  TRUE  TRUE  TRUE FALSE  TRUE  TRUE FALSE FALSE
[121] FALSE  TRUE  TRUE  TRUE FALSE  TRUE FALSE  TRUE  TRUE  TRUE  TRUE FALSE
[133] FALSE  TRUE  TRUE  TRUE  TRUE FALSE FALSE  TRUE FALSE  TRUE FALSE FALSE
[145]  TRUE  TRUE FALSE  TRUE  TRUE FALSE  TRUE  TRUE  TRUE  TRUE  TRUE  TRUE
[157] FALSE FALSE  TRUE  TRUE FALSE  TRUE FALSE  TRUE FALSE FALSE  TRUE FALSE
[169] FALSE  TRUE  TRUE FALSE  TRUE  TRUE  TRUE  TRUE  TRUE FALSE  TRUE  TRUE
[181]  TRUE  TRUE  TRUE  TRUE FALSE  TRUE  TRUE FALSE FALSE  TRUE  TRUE FALSE
[193] FALSE  TRUE  TRUE FALSE  TRUE  TRUE  TRUE  TRUE  TRUE  TRUE  TRUE  TRUE
[205]  TRUE FALSE FALSE  TRUE  TRUE  TRUE  TRUE  TRUE FALSE  TRUE FALSE  TRUE
[217] FALSE  TRUE  TRUE  TRUE  TRUE FALSE FALSE  TRUE FALSE  TRUE  TRUE  TRUE
[229] FALSE  TRUE  TRUE  TRUE FALSE FALSE  TRUE  TRUE FALSE  TRUE  TRUE  TRUE
[241] FALSE  TRUE FALSE FALSE  TRUE  TRUE FALSE  TRUE  TRUE  TRUE FALSE  TRUE
[253]  TRUE FALSE  TRUE FALSE  TRUE FALSE  TRUE  TRUE  TRUE  TRUE  TRUE FALSE
[265]  TRUE  TRUE  TRUE  TRUE  TRUE  TRUE  TRUE FALSE  TRUE  TRUE  TRUE  TRUE
[277]  TRUE  TRUE  TRUE

