
Birth-death simulation object with 137 species and 40 extant species

Details for some species:

Extinction times (NA means extant)
[1] 43.99057 44.43056 28.07868 26.25496 34.35770 33.93674


Speciation times 
[1] 49.26651 47.15997 44.78867 41.43125 37.58988 36.81777


Species parents (NA for initial)
[1] NA  1  1  3  3  3


Species status (extinct or extant)
[1] "extinct" "extinct" "extinct" "extinct" "extinct" "extinct"


For more details on vector y, try sim$y, with y one of
TE TS PAR EXTANT



$TE
  [1] 43.9905736 44.4305560 28.0786764 26.2549602 34.3577031 33.9367437
  [7] 29.3295197 17.4151041 24.6886818 35.4283311 34.4140902 24.8195142
 [13] 18.4232249 14.6711147 14.8026467 26.5757615 19.8874257 21.5518758
 [19] 18.9791478 14.3056473 15.3823307 15.3003132 14.4866885 14.4868084
 [25] 15.8776954 14.9512125 26.5034199 25.6095445 17.1343123 11.0236167
 [31] 13.6169458 19.8803741 16.9764990 13.6198688 15.5377011 16.2581251
 [37] 15.2176904 18.7694865 25.9736322 20.1443480 14.4112077 14.9748858
 [43] 15.2434775 15.0374977 17.4014870 24.4300446 16.9914969 13.3789994
 [49] 17.3998707 21.9240536 17.6166153 18.2268748 11.2781965 14.3133375
 [55] 14.1984795 15.4979886 16.9831336         NA 13.6682320 19.9669444
 [61] 19.1916565 14.6507607  7.9641429 14.8674912 15.0261882 14.5645941
 [67] 12.5585230 14.9594109 14.3879666 12.2651998 11.7259426 10.9547269
 [73]  0.7103206         NA  7.9393256  4.5427196         NA 13.1911022
 [79] 16.0387547  1.6833183 12.1706060 11.6137858         NA  2.3736411
 [85]  0.5879291  1.0667693  2.0862562         NA         NA         NA
 [91]         NA         NA         NA         NA  3.7877170  2.7166892
 [97]  1.4139829  6.2371602         NA  3.0254214  2.5579138  2.0340154
[103]  0.9196496         NA         NA         NA         NA         NA
[109]  5.1132991         NA         NA         NA  5.0750608         NA
[115]         NA         NA  0.9567036         NA  2.2144844         NA
[121]         NA         NA         NA         NA         NA         NA
[127]         NA  6.1000495         NA         NA         NA         NA
[133]  0.1649575         NA         NA         NA         NA

$TS
  [1] 49.26651148 47.15997062 44.78867407 41.43124642 37.58988430 36.81776915
  [7] 32.19072203 27.57588001 37.26121938 36.59897372 35.29031488 25.02816202
 [13] 23.06088219 21.89615797 18.81939477 34.51025948 25.65648936 25.34273339
 [19] 25.08921817 20.76713495 16.39066761 16.35184722 18.63395963 17.45524561
 [25] 17.13052633 16.13308205 29.44028325 27.67262040 22.85294161 21.83499054
 [31] 21.72399527 23.36675204 18.24553528 15.30615792 18.36199374 17.60500632
 [37] 27.45760986 27.16803560 26.72682959 26.33198987 22.12513215 21.76689920
 [43] 18.00735466 17.53924244 17.70228682 24.44672191 21.34623702 20.50379139
 [49] 25.91216399 25.06364847 22.89544112 21.54965122 18.77092004 15.61714714
 [55] 15.31293844 16.67059524 17.43207925 18.27801662 17.48459006 25.64083867
 [61] 23.25547438 22.41697203 21.15230746 20.20132883 18.46888289 17.85575098
 [67] 16.95069324 15.11265760 14.66920005 13.32564567 12.64678373 11.47372881
 [73]  9.58483840  8.57387882  7.99848397  6.21557286  3.96197977 22.25483213
 [79] 16.10681730 12.57126694 13.81311701 13.49838311 13.27481467  8.81091506
 [85]  7.13695732  6.88076384  3.96895808  3.65253286  1.99370092  0.04071334
 [91]  6.06016815  4.12515830  6.35753891  8.70716458  6.07765880  3.93475783
 [97]  2.95816072  6.87838352  6.00962177  5.91742869  5.57970475  2.29735199
[103]  5.82341650  1.97212635  0.70810990  3.48974000  1.15126421  0.36466003
[109]  8.44841685  8.13235313  3.90724833  0.27576024  5.89643799  3.10434420
[115]  5.37735734  5.12405659  2.52853726  0.26416497  6.96823517  2.17926887
[121]  1.51220156  2.97647763  1.79454199  5.80659901  2.64798532  2.08667140
[127]  1.27102548  6.65866036  2.68841474  0.50813052  4.15158597  0.74313541
[133]  0.57295746  4.12059254  2.70428416  2.63767477  1.18657847

$PAR
  [1]  NA   1   1   3   3   3   4   4   5   6   6   8   8   8   8   9   9   9
 [19]   9  13  14  14  15  15  15  15  16  16  17  18  18  19  20  22  23  23
 [37]  28  28  28  28  29  29  30  31  33  37  37  38  40  40  40  40  41  41
 [55]  41  42  45  47  47  49  50  51  51  52  52  53  53  53  54  58  58  58
 [73]  58  58  58  58  58  62  62  63  67  67  67  73  73  74  74  77  77  77
 [91]  80  80  83  84  84  84  85  86  86  86  86  86  91  91  92  93  93  93
[109]  94  94  94  99 100 100 101 103 103 106 109 110 110 111 111 113 114 114
[127] 114 119 119 123 124 124 129 131 134 134 135

$EXTANT
  [1] FALSE FALSE FALSE FALSE FALSE FALSE FALSE FALSE FALSE FALSE FALSE FALSE
 [13] FALSE FALSE FALSE FALSE FALSE FALSE FALSE FALSE FALSE FALSE FALSE FALSE
 [25] FALSE FALSE FALSE FALSE FALSE FALSE FALSE FALSE FALSE FALSE FALSE FALSE
 [37] FALSE FALSE FALSE FALSE FALSE FALSE FALSE FALSE FALSE FALSE FALSE FALSE
 [49] FALSE FALSE FALSE FALSE FALSE FALSE FALSE FALSE FALSE  TRUE FALSE FALSE
 [61] FALSE FALSE FALSE FALSE FALSE FALSE FALSE FALSE FALSE FALSE FALSE FALSE
 [73] FALSE  TRUE FALSE FALSE  TRUE FALSE FALSE FALSE FALSE FALSE  TRUE FALSE
 [85] FALSE FALSE FALSE  TRUE  TRUE  TRUE  TRUE  TRUE  TRUE  TRUE FALSE FALSE
 [97] FALSE FALSE  TRUE FALSE FALSE FALSE FALSE  TRUE  TRUE  TRUE  TRUE  TRUE
[109] FALSE  TRUE  TRUE  TRUE FALSE  TRUE  TRUE  TRUE FALSE  TRUE FALSE  TRUE
[121]  TRUE  TRUE  TRUE  TRUE  TRUE  TRUE  TRUE FALSE  TRUE  TRUE  TRUE  TRUE
[133] FALSE  TRUE  TRUE  TRUE  TRUE

