
Birth-death simulation object with 96 species and 19 extant species

Details for some species:

Extinction times (NA means extant)
[1] 24.09220 40.56684 14.58831 39.13711 25.96602 28.78298


Speciation times 
[1] 49.26651 47.47947 42.29881 40.93393 33.61742 29.73897


Species parents (NA for initial)
[1] NA  1  1  1  1  1


Species status (extinct or extant)
[1] "extinct" "extinct" "extinct" "extinct" "extinct" "extinct"


For more details on vector y, try sim$y, with y one of
TE TS PAR EXTANT



$TE
 [1] 24.0922029 40.5668384 14.5883060 39.1371062 25.9660226 28.7829780
 [7] 34.9540568 38.8609997 36.2887230 34.1491506 15.3214278 30.5425734
[13] 16.1000712 14.2240021 11.7888134 15.0009321 22.6322735 31.5099093
[19] 24.2835376 23.1931540 19.4656576 23.8318396 18.1150443 14.0983631
[25] 11.8007789 14.3195784 30.5817544         NA  3.9297459 25.0888291
[31] 24.4675406 22.7741939 21.4858043 13.3582514 13.2589142 30.1004153
[37] 12.9473293 15.0591143 30.2054860 29.7284208 12.5530679  5.2023208
[43]         NA         NA         NA  3.3479703  5.4407993  3.8097153
[49] 12.6958749 17.7499130 28.0771743 13.1059516         NA 12.9768413
[55]         NA         NA         NA         NA  1.2521463         NA
[61] 11.4685482 15.3812844 25.8170832 14.0087204  7.5304490  5.2777315
[67] 28.4725432 21.3737287 12.9268586         NA  1.2444747         NA
[73]  3.7175499         NA  1.3057045         NA         NA  1.6834119
[79] 11.8879432 15.0370336 21.8509036 27.5772289 14.1195599 23.3244878
[85] 22.1021212 14.5843647 15.4561493  1.4631005  1.3784414  0.9861229
[91]         NA  4.1864101         NA 27.4550435         NA         NA

$TS
 [1] 49.2665115 47.4794654 42.2988142 40.9339321 33.6174217 29.7389714
 [7] 40.6891140 39.3417868 37.8660657 37.6928235 35.9387241 35.2370778
[13] 26.5490680 18.4315977 15.4209471 28.3185863 26.1441840 35.8239858
[19] 28.5691651 24.7985827 24.6883832 24.0345796 22.4581806 21.9930035
[25] 19.7284209 19.1260970 33.1492605 14.3106744 12.5060379 27.7629529
[31] 26.6199626 23.2771129 22.7943320 20.8700513 18.1002737 35.1147620
[37] 19.9981790 15.1484392 31.4947202 31.4516103 12.8888706  6.3666736
[43]  3.3443219  1.7400972 10.1028572 10.0838601  7.6508504  4.3128449
[49] 19.3795936 19.3736901 31.2964906 17.9456982 16.5551169 31.4575613
[55]  6.1834678  5.8155357  1.4416633  6.6222638  7.3430271  6.1454623
[61] 13.2222525 18.7577529 30.9019256 17.6544848  9.5761040  6.7512705
[67] 29.3548281 27.7874095 21.0874877  5.1996723  2.0490530  0.2560232
[73]  3.7810356  0.9367302  4.3443250  6.1917434  4.1470576  1.7351391
[79] 11.9509088 17.3203931 30.1788519 29.9616813 17.3464623 24.7158016
[85] 23.9839131 19.8964969 18.2123651  1.9394366  1.5160070  4.0016438
[91]  1.9938877  4.6000008  0.8446721 28.6071211  1.0413797  0.1325032

$PAR
 [1] NA  1  1  1  1  1  2  3  3  3  3  3  3  3  3  5  5  7 11 11 11 11 11 11 11
[26] 11 12 15 15 16 16 16 16 16 16 18 24 25 27 27 28 28 28 28 29 29 29 29 34 34
[51] 36 37 37 39 42 42 45 46 47 47 49 50 51 52 53 53 54 54 54 55 55 55 56 57 58
[76] 59 59 59 61 62 63 63 64 68 68 69 69 70 70 75 75 76 77 81 90 93

$EXTANT
 [1] FALSE FALSE FALSE FALSE FALSE FALSE FALSE FALSE FALSE FALSE FALSE FALSE
[13] FALSE FALSE FALSE FALSE FALSE FALSE FALSE FALSE FALSE FALSE FALSE FALSE
[25] FALSE FALSE FALSE  TRUE FALSE FALSE FALSE FALSE FALSE FALSE FALSE FALSE
[37] FALSE FALSE FALSE FALSE FALSE FALSE  TRUE  TRUE  TRUE FALSE FALSE FALSE
[49] FALSE FALSE FALSE FALSE  TRUE FALSE  TRUE  TRUE  TRUE  TRUE FALSE  TRUE
[61] FALSE FALSE FALSE FALSE FALSE FALSE FALSE FALSE FALSE  TRUE FALSE  TRUE
[73] FALSE  TRUE FALSE  TRUE  TRUE FALSE FALSE FALSE FALSE FALSE FALSE FALSE
[85] FALSE FALSE FALSE FALSE FALSE FALSE  TRUE FALSE  TRUE FALSE  TRUE  TRUE

