
Birth-death simulation object with 130 species and 15 extant species

Details for some species:

Extinction times (NA means extant)
[1] 34.17115 46.49777 28.72344 29.99739 22.07686 23.18617


Speciation times 
[1] 49.26651 46.69888 36.09619 35.21378 35.03801 33.93802


Species parents (NA for initial)
[1] NA  1  1  3  3  4


Species status (extinct or extant)
[1] "extinct" "extinct" "extinct" "extinct" "extinct" "extinct"


For more details on vector y, try sim$y, with y one of
TE TS PAR EXTANT



$TE
  [1] 34.1711533 46.4977651 28.7234423 29.9973863 22.0768614 23.1861741
  [7] 21.4007700 22.1449601 27.9458034 27.2800862 26.7158146 20.7119119
 [13]         NA 21.9777664 14.8919142 24.1748782 24.4354740 20.6869701
 [19] 14.8582457 21.5901892 14.1593562 15.2173801 21.6617984 30.1513378
 [25] 23.3323342 26.5320272 22.1615389 14.9611554 13.9084441 13.7264437
 [31] 12.2146696 12.6915767  9.0908819  3.8487006         NA 21.7623255
 [37] 15.2709302 15.1753101 20.1082053 19.2874367 24.8437771 19.5923956
 [43] 12.4995169 25.0956064 26.4385649 22.5137281 14.5611770 13.8121708
 [49] 15.8328807 15.6637004 20.1866434 17.2656234 12.2021235         NA
 [55] 13.0720739 26.6040333 17.0403541 20.4864244 14.8189934 12.6951354
 [61] 19.7426440 19.2322640 18.3617630 17.9495025 14.3727903 12.6179084
 [67] 11.4401806 14.3183260 14.7426878         NA 13.5083441 10.5620491
 [73] 11.6739249 14.9724780 13.0403887 15.5730026 14.5665165 17.4626788
 [79] 12.3022231 14.5907097  5.7963466 16.7657220 14.4752825 10.6817533
 [85] 18.7817882 15.3654788 15.9640914 13.5718290 13.0845990 14.2393843
 [91]  9.3326227         NA 12.7494373         NA 10.5377803 15.1783132
 [97] 14.6644293 14.1329457  4.4369942 15.3244798 12.4204270 11.4451717
[103] 12.5552818  2.5256597         NA 14.7430503 15.8732634 13.5062541
[109]         NA 14.1580454 12.0296099  5.4862382         NA  5.4941585
[115] 12.2866436 11.8447327         NA 13.9573826  6.0852813  1.4822923
[121]  3.7426511         NA         NA         NA         NA  1.1877439
[127]  4.5828101  2.9213801  0.4918473         NA

$TS
  [1] 49.26651148 46.69888456 36.09618587 35.21378425 35.03801003 33.93802336
  [7] 32.01789168 31.10184691 31.61625904 30.56871544 29.58284060 27.18722284
 [13] 23.73439324 23.18071832 24.36892181 31.18795271 24.83312897 24.51738722
 [19] 24.32443545 23.07787384 24.26043922 29.85071496 28.81476896 30.23112461
 [25] 27.36644307 28.67383756 23.17889925 16.99006097 14.90139351 14.27587828
 [31] 13.99760857 13.10596354 10.28470046  9.55986896  8.06317804 23.33336313
 [37] 16.32828489 15.58300101 30.32506456 27.58394758 25.43712122 22.72130821
 [43] 19.74485953 27.61941216 26.91982668 26.12659088 24.21189834 23.99279025
 [49] 21.74444002 18.90923398 26.05513388 22.84994421 13.97585132  4.12177840
 [55] 15.29033554 26.95587798 24.64131027 24.02501767 21.16282944 14.36931780
 [61] 24.25112096 23.39798923 20.00264316 18.48792507 14.92142240 14.61270810
 [67] 18.18588278 16.20946218 15.66777269  0.06598394 13.54037202 13.23550551
 [73] 19.20958001 21.99444434 18.78033261 22.79570707 21.59094162 20.20278394
 [79] 14.75486436 16.17128688 12.86237229 20.84279024 14.69405367 17.65140625
 [85] 19.30092184 16.90123873 19.86675865 19.71958480 15.02342899 14.63586849
 [91] 10.08725645  8.08359621 20.09609812 13.82656145 11.06686744 19.22105252
 [97] 18.09789849 15.01820935  5.20414305 18.05735926 14.63925692 13.01823688
[103] 13.00681776  4.41043149  0.74904170 16.58834245 18.03910126 17.28534029
[109] 14.84969621 17.67007638 12.48351489 12.68027602  0.20083628 15.20861146
[115] 14.76211563 14.72900855  7.28919673 14.56781648  7.09954698  6.95189026
[121]  6.63903841  6.63268735  5.95341934  6.48619586  2.86113008  1.96869639
[127]  5.77156090  4.01744878  2.24670996  1.47524572

$PAR
  [1]  NA   1   1   3   3   4   4   4   5   5   5   5   5   5   6   7   7   7
 [19]   7   7   8   9   9  10  10  11  12  13  13  13  13  13  13  13  13  15
 [37]  15  15  16  16  16  18  21  22  22  22  22  22  22  22  23  27  29  35
 [55]  37  39  40  40  40  43  46  47  47  47  48  48  49  50  50  54  55  55
 [73]  57  58  59  61  62  62  68  73  73  74  75  76  77  77  78  78  80  80
 [91]  81  81  82  84  84  87  88  89  92  93  93  93  94  94  94  96  97  97
[109]  97 100 102 103 105 108 108 108 112 114 114 114 114 117 121 122 123 123
[127] 124 124 125 129

$EXTANT
  [1] FALSE FALSE FALSE FALSE FALSE FALSE FALSE FALSE FALSE FALSE FALSE FALSE
 [13]  TRUE FALSE FALSE FALSE FALSE FALSE FALSE FALSE FALSE FALSE FALSE FALSE
 [25] FALSE FALSE FALSE FALSE FALSE FALSE FALSE FALSE FALSE FALSE  TRUE FALSE
 [37] FALSE FALSE FALSE FALSE FALSE FALSE FALSE FALSE FALSE FALSE FALSE FALSE
 [49] FALSE FALSE FALSE FALSE FALSE  TRUE FALSE FALSE FALSE FALSE FALSE FALSE
 [61] FALSE FALSE FALSE FALSE FALSE FALSE FALSE FALSE FALSE  TRUE FALSE FALSE
 [73] FALSE FALSE FALSE FALSE FALSE FALSE FALSE FALSE FALSE FALSE FALSE FALSE
 [85] FALSE FALSE FALSE FALSE FALSE FALSE FALSE  TRUE FALSE  TRUE FALSE FALSE
 [97] FALSE FALSE FALSE FALSE FALSE FALSE FALSE FALSE  TRUE FALSE FALSE FALSE
[109]  TRUE FALSE FALSE FALSE  TRUE FALSE FALSE FALSE  TRUE FALSE FALSE FALSE
[121] FALSE  TRUE  TRUE  TRUE  TRUE FALSE FALSE FALSE FALSE  TRUE

