
Birth-death simulation object with 309 species and 126 extant species

Details for some species:

Extinction times (NA means extant)
[1] 36.96420 32.56607 30.45983 15.34129 33.92812 31.48349


Speciation times 
[1] 49.26651 44.10705 37.33218 37.17615 36.58884 36.29919


Species parents (NA for initial)
[1] NA  1  1  2  2  2


Species status (extinct or extant)
[1] "extinct" "extinct" "extinct" "extinct" "extinct" "extinct"


For more details on vector y, try sim$y, with y one of
TE TS PAR EXTANT



$TE
  [1] 36.9641951 32.5660727 30.4598265 15.3412884 33.9281159 31.4834948
  [7] 26.5947665 24.4616613 26.3667403 30.5480348 15.2966233  3.7613074
 [13] 14.4119617 15.0332276 29.2181255 28.9277678 28.9154667 24.5114580
 [19] 28.1486260 25.1395540 15.3925348 31.2708950 28.4309644 20.6905616
 [25]         NA 10.3877512 14.2018899 16.7247352 15.2595713  6.3431591
 [31]  4.8503456         NA         NA 19.7469083 15.1592412 15.1460088
 [37] 31.2347725 20.0637545 21.7147096 27.4079304 28.8372334 15.9126059
 [43] 22.7589845 25.2659004 26.4878108 15.0747437 21.1661433 29.2093653
 [49] 12.9182737 18.8778062 12.5148967  0.5199671         NA 15.3994019
 [55] 13.5021176 16.6640326  6.1934887         NA         NA  6.1761047
 [61]         NA         NA  4.1674389         NA  5.3900347  1.8790713
 [67] 11.2912255 12.2248789 18.1690143 12.0986551  5.1567320 25.4626474
 [73] 12.4932187 19.4001247 30.8657810  7.7297625 14.6547686 15.1836796
 [79] 11.4603168 16.8383884  0.6184706         NA         NA         NA
 [85]  3.7295795  7.6681138  6.0136928  5.1466129         NA         NA
 [91]  1.3653000         NA         NA 15.0196225         NA  5.8762271
 [97]  1.0436769  3.7717813  3.5866288         NA  6.6241151  3.9385416
[103]         NA  0.4027461         NA  5.3970345         NA 12.5522175
[109] 13.9249706         NA 16.9373702 21.0560251         NA 10.6896768
[115] 12.0273372 14.9374429 14.6686591 18.4731292 14.0845530  8.7616507
[121]  1.3280730  6.2186844 14.2944235 10.3627269 15.6843625 23.0862709
[127] 22.0336362  4.0256150 17.0446982 15.9901234 13.1655008         NA
[133]         NA         NA         NA  4.6183107         NA  2.8244291
[139] 10.6721363 10.5140824 14.9500199         NA  5.0537574         NA
[145]         NA  0.1134638         NA         NA  4.3288432  0.3919564
[151]         NA         NA         NA         NA         NA  0.5024906
[157]         NA         NA         NA         NA         NA  2.4872540
[163]  0.7181380         NA 11.1648848 13.8879190 13.8361245 15.2926573
[169]  7.7025648  1.2911688         NA  1.6910080 17.0209866 15.2768638
[175] 10.4708193 14.5724923         NA         NA  2.3532965         NA
[181]         NA         NA 13.0629376 11.6991599 11.0155475  3.0833933
[187]         NA         NA         NA  2.5906163         NA  0.7282416
[193]         NA         NA         NA         NA         NA  1.9066596
[199]         NA         NA  1.9425197         NA 19.6030979         NA
[205]  1.5422920         NA         NA  6.2793060         NA         NA
[211]  2.5385665  2.5431002 14.2177526 14.3744740 10.4499406  4.9336367
[217]  1.1559840         NA  2.4658939  7.1156444         NA         NA
[223]  5.2174521  4.6472703  1.6761402  0.6892467 13.5136362 11.8637002
[229]         NA         NA         NA         NA         NA         NA
[235]         NA  3.2622187         NA         NA  4.1274606         NA
[241]         NA         NA  2.5483239         NA  6.6485209         NA
[247]         NA 14.8368319 13.7071240  6.4392767         NA         NA
[253]  8.0211889  3.2683592  7.2928508         NA         NA         NA
[259]         NA  0.6465996         NA         NA         NA         NA
[265]         NA         NA  3.8303952  2.5634477         NA         NA
[271]  4.1219532         NA         NA         NA         NA         NA
[277]  4.2006132  1.9727955         NA         NA  0.2018911         NA
[283]         NA         NA         NA  3.8067872  4.2302119  3.1466957
[289]         NA         NA         NA         NA         NA  3.2887748
[295]         NA  0.8487023         NA         NA         NA  1.7414171
[301]  0.1492090         NA  3.1719240         NA         NA         NA
[307]         NA         NA         NA

$TS
  [1] 49.26651148 44.10704956 37.33217633 37.17614901 36.58884360 36.29918626
  [7] 36.22162634 30.89350411 37.03000702 35.90420496 23.77585349 23.21059705
 [13] 22.67714187 35.90483664 34.22647830 31.79187008 28.94632249 26.07607792
 [19] 31.95983321 30.64096717 28.31512116 34.85221276 33.46907332 21.87006151
 [25] 18.90556272 20.97056404 18.63776641 17.78358350 17.17044837 10.74074459
 [31] 10.56056909  9.24600857  8.22851527 21.39240348 21.00945572 19.37325969
 [37] 35.84489643 31.08293196 25.24197374 30.21149849 29.76772312 29.04503914
 [43] 25.62279908 26.86708416 26.67144542 22.33390719 21.92162090 31.77552534
 [49] 31.91413317 21.19134453 13.33709115  7.64756538 13.65882940 18.44910984
 [55] 14.58725439 16.99474558  8.05299708  9.32444341  6.86673939  8.11050304
 [61]  5.55675672  4.74172312  6.85504368  5.98675712  5.86199976  3.57140979
 [67] 16.48217114 27.52238236 26.96359709 25.07645083 20.26334295 27.96282073
 [73] 23.43095677 20.15001515 31.24313934 24.57564447 19.50982410 16.68005388
 [79] 13.73760529 20.30350333  5.97581823  3.90606530  2.70477866 10.57851285
 [85]  8.84237524  8.08364881  7.62592871  6.46238383  4.86734849  4.71099399
 [91]  2.90362385  1.81283350  0.87481676 17.62921421  8.28042808  7.80774819
 [97]  6.16335561  5.79789632  5.65376059  2.90591281  8.04764781  7.36485958
[103]  4.33557826  0.43542943  6.38777535  6.33373695  5.42096088 14.64771606
[109] 14.53597048 13.23004375 25.85513020 23.99291784 23.45011827 16.23690461
[115] 19.79144992 15.57562744 19.90741205 19.40844295 16.65893234 11.08435735
[121]  6.91381419  6.33884253 15.78683211 19.85276542 19.66074498 24.02567081
[127] 23.55945418  7.94979235 18.21027651 20.00903696 18.19925815 17.31512887
[133]  4.53162974  0.20801826  0.11393077  8.21585418  4.04506611  3.97135660
[139] 17.60157363 17.15417379 15.32757655  1.77285082  7.68141926  6.79070602
[145]  6.27467265  5.39518829  0.12261778  7.96043452  6.77725240  6.70691454
[151]  4.31071153  4.22388629  4.21085464  1.84310877  5.15553603  6.65465344
[157]  2.95654619  2.85150696  1.20066022  0.89114689 21.26626924  7.79388515
[163]  4.46564168  1.13443502 13.50858329 19.64448241 16.87168661 16.62292914
[169] 10.00969621  4.45719384  4.43671007  2.20339801 19.68085798 19.02403742
[175] 13.99415709 15.05384817  5.95446616  0.15655746  3.31978243  8.18871183
[181]  1.85607800  0.37420079 17.02980426 15.94036805 14.85103275  6.51567379
[187]  6.28345479  2.49868788  0.72346399  6.04783232  1.44232808  2.23627185
[193]  0.89539197  2.32414739  3.19395654  3.92500393  2.06239818  1.99366950
[199]  1.60652375  4.14539674  3.25572555  0.01630566 19.94262363  9.36657718
[205]  9.01944986  3.98925294  1.76590918  7.47767286  3.58511250  3.24914854
[211]  3.13629131  2.66782383 14.81867377 16.30794027 16.35124092  8.15294264
[217]  4.33424403  2.87765142  2.81325185 12.85191695 11.91240164  5.87958147
[223]  5.74971859  4.85376264  3.37294097  1.51132292 16.44789994 11.97290431
[229]  5.16711250  5.70586951  1.65804478  1.50166776  0.84150338  2.93564563
[235]  3.71459726  3.47934999  7.85207155  6.38681211  6.01980665  6.71831220
[241]  1.74639116  2.96809656  2.72822978  7.12822405  7.00800851  1.46464525
[247]  0.20242067 14.92801085 14.58580480  7.11524536  5.98680553  9.58128183
[253]  8.76471851  9.58033469  9.02111200  8.34339147  0.49832813  5.42033204
[259]  4.14737104  2.53192235  1.56934541  0.08782210  1.12824440  2.30572030
[265]  6.04978729  5.76387278  6.19804728  5.49419123  5.12840954  0.74751543
[271]  6.21832422  5.68811708  2.39368028  0.17748933  8.77782388  5.93306619
[277]  4.52725488  3.54258788  4.25360130  3.08521121  2.36280388  0.81343318
[283]  0.85265246  1.34894914  1.58189056  5.48588072  4.28255815  5.75478152
[289]  5.54524441  2.81004424  2.33148077  1.15143228  5.54906923  4.89651348
[295]  1.78889038  2.05608406  0.12905921  1.00385347  2.98923168  5.39309383
[301]  1.27126107  1.28159344  4.98235183  4.13430520  1.90732229  0.77657102
[307]  2.20856540  1.96523229  0.04198781

$PAR
  [1]  NA   1   1   2   2   2   2   3   4   4   4   4   4   5   7   7   7   8
 [19]   9   9   9  10  10  11  11  12  12  12  12  12  12  12  12  13  13  13
 [37]  14  14  14  15  15  16  20  21  21  21  21  22  23  24  25  25  26  27
 [55]  27  29  30  31  31  32  32  32  33  33  33  33  35  38  38  38  38  42
 [73]  42  42  49  49  49  49  49  50  52  52  52  53  53  53  53  53  53  53
 [91]  53  53  53  54  58  58  58  58  58  58  60  60  61  62  63  63  64  67
[109]  67  67  68  68  68  68  69  70  71  71  71  71  71  71  73  74  74  76
[127]  76  76  77  80  80  80  81  83  83  84  90  90  94  94  94  95  96  96
[145]  96  97 100 101 102 102 102 102 102 103 105 110 110 110 110 110 113 113
[163] 113 113 115 117 117 117 120 121 121 121 130 130 131 132 132 132 133 136
[181] 137 137 139 140 140 144 144 144 144 145 145 146 146 148 151 152 152 152
[199] 152 155 156 157 161 161 161 161 161 162 162 162 162 163 166 167 168 169
[217] 170 170 171 175 175 177 180 180 180 181 183 185 186 187 187 188 192 195
[235] 196 200 204 204 204 205 205 206 206 208 208 209 209 214 214 216 216 220
[253] 220 221 221 221 221 222 222 229 231 232 234 235 237 237 238 238 240 240
[271] 244 251 251 251 252 252 252 252 254 258 258 260 263 264 265 267 267 271
[289] 271 272 275 275 276 276 280 281 282 285 289 293 295 299 300 300 300 302
[307] 304 304 306

$EXTANT
  [1] FALSE FALSE FALSE FALSE FALSE FALSE FALSE FALSE FALSE FALSE FALSE FALSE
 [13] FALSE FALSE FALSE FALSE FALSE FALSE FALSE FALSE FALSE FALSE FALSE FALSE
 [25]  TRUE FALSE FALSE FALSE FALSE FALSE FALSE  TRUE  TRUE FALSE FALSE FALSE
 [37] FALSE FALSE FALSE FALSE FALSE FALSE FALSE FALSE FALSE FALSE FALSE FALSE
 [49] FALSE FALSE FALSE FALSE  TRUE FALSE FALSE FALSE FALSE  TRUE  TRUE FALSE
 [61]  TRUE  TRUE FALSE  TRUE FALSE FALSE FALSE FALSE FALSE FALSE FALSE FALSE
 [73] FALSE FALSE FALSE FALSE FALSE FALSE FALSE FALSE FALSE  TRUE  TRUE  TRUE
 [85] FALSE FALSE FALSE FALSE  TRUE  TRUE FALSE  TRUE  TRUE FALSE  TRUE FALSE
 [97] FALSE FALSE FALSE  TRUE FALSE FALSE  TRUE FALSE  TRUE FALSE  TRUE FALSE
[109] FALSE  TRUE FALSE FALSE  TRUE FALSE FALSE FALSE FALSE FALSE FALSE FALSE
[121] FALSE FALSE FALSE FALSE FALSE FALSE FALSE FALSE FALSE FALSE FALSE  TRUE
[133]  TRUE  TRUE  TRUE FALSE  TRUE FALSE FALSE FALSE FALSE  TRUE FALSE  TRUE
[145]  TRUE FALSE  TRUE  TRUE FALSE FALSE  TRUE  TRUE  TRUE  TRUE  TRUE FALSE
[157]  TRUE  TRUE  TRUE  TRUE  TRUE FALSE FALSE  TRUE FALSE FALSE FALSE FALSE
[169] FALSE FALSE  TRUE FALSE FALSE FALSE FALSE FALSE  TRUE  TRUE FALSE  TRUE
[181]  TRUE  TRUE FALSE FALSE FALSE FALSE  TRUE  TRUE  TRUE FALSE  TRUE FALSE
[193]  TRUE  TRUE  TRUE  TRUE  TRUE FALSE  TRUE  TRUE FALSE  TRUE FALSE  TRUE
[205] FALSE  TRUE  TRUE FALSE  TRUE  TRUE FALSE FALSE FALSE FALSE FALSE FALSE
[217] FALSE  TRUE FALSE FALSE  TRUE  TRUE FALSE FALSE FALSE FALSE FALSE FALSE
[229]  TRUE  TRUE  TRUE  TRUE  TRUE  TRUE  TRUE FALSE  TRUE  TRUE FALSE  TRUE
[241]  TRUE  TRUE FALSE  TRUE FALSE  TRUE  TRUE FALSE FALSE FALSE  TRUE  TRUE
[253] FALSE FALSE FALSE  TRUE  TRUE  TRUE  TRUE FALSE  TRUE  TRUE  TRUE  TRUE
[265]  TRUE  TRUE FALSE FALSE  TRUE  TRUE FALSE  TRUE  TRUE  TRUE  TRUE  TRUE
[277] FALSE FALSE  TRUE  TRUE FALSE  TRUE  TRUE  TRUE  TRUE FALSE FALSE FALSE
[289]  TRUE  TRUE  TRUE  TRUE  TRUE FALSE  TRUE FALSE  TRUE  TRUE  TRUE FALSE
[301] FALSE  TRUE FALSE  TRUE  TRUE  TRUE  TRUE  TRUE  TRUE

