
Birth-death simulation object with 186 species and 99 extant species

Details for some species:

Extinction times (NA means extant)
[1] 31.70719 42.42556 35.97825 34.57173 33.54354 29.19271


Speciation times 
[1] 49.26651 49.18108 38.63796 35.61782 36.49879 34.03053


Species parents (NA for initial)
[1] NA  1  1  1  3  5


Species status (extinct or extant)
[1] "extinct" "extinct" "extinct" "extinct" "extinct" "extinct"


For more details on vector y, try sim$y, with y one of
TE TS PAR EXTANT



$TE
  [1] 31.7071919 42.4255574 35.9782546 34.5717256 33.5435423 29.1927145
  [7] 19.8568716 26.2804700 26.6627571 11.6817417 21.8016218 24.9223898
 [13] 14.7791300  2.6777194 12.3923111 11.5759991 13.4744947  3.1515488
 [19]         NA 15.6814393 13.9327235         NA         NA         NA
 [25] 10.6520636 12.7461514 12.5674637         NA  3.9442239         NA
 [31]         NA         NA  7.3903195  3.0400144  7.1046545  3.9886805
 [37]  1.6925508  4.1087940  3.1468775         NA         NA  6.3006543
 [43]  2.1084903  8.6485209  8.9639476         NA  8.6150864  4.4734664
 [49]         NA         NA         NA         NA  6.4320753  4.1247145
 [55]  3.3587651  7.6565617         NA         NA         NA         NA
 [61]  0.1921163         NA  1.5185190         NA         NA  3.7434574
 [67]  5.7831679         NA  4.6244640         NA  3.5079812  5.1250517
 [73]         NA  3.5840551  0.5036371         NA  3.0763325  2.7218336
 [79]         NA         NA  2.9441977         NA         NA         NA
 [85]  4.8021300  5.7256676         NA  4.4415631  1.4799506         NA
 [91]         NA         NA         NA  2.8053872         NA         NA
 [97]         NA  6.0515682  1.6964863  5.0528338  6.0861147  2.0342744
[103]         NA         NA         NA         NA         NA         NA
[109]         NA  6.4922278  3.5500098  2.1786675         NA  6.4355623
[115]         NA         NA         NA         NA  1.9619914         NA
[121]  0.7322891  4.0615382  8.0124584  7.5104382         NA         NA
[127]  5.6953709         NA         NA         NA         NA         NA
[133]         NA  2.4342401  4.6695811         NA         NA         NA
[139]         NA         NA         NA         NA         NA         NA
[145]         NA  1.5702239  0.9584565         NA  1.7839655  2.7937376
[151]  1.5951954         NA         NA         NA  5.2407765  1.5752327
[157]         NA         NA         NA         NA         NA         NA
[163]         NA         NA  1.5696931  1.3839092  1.8621356         NA
[169]         NA         NA         NA         NA  1.9757126         NA
[175]         NA         NA         NA         NA  0.3255053         NA
[181]         NA         NA         NA         NA         NA         NA

$TS
  [1] 49.26651148 49.18107972 38.63796468 35.61781860 36.49879348 34.03052990
  [7] 30.73372382 29.07669546 28.70956724 23.63044794 22.04787041 28.35369586
 [13] 23.62688905 14.46060605 13.28516560 12.74297279 21.61946299 10.29907168
 [19]  6.02597815 20.77599839 16.46625919  8.89889209  3.63034285  5.30433518
 [25] 16.13522278 15.28034515 14.47508688  8.33938108  4.29100061  2.44713500
 [31]  1.40814117  0.12734996 12.39521097 11.60230747 10.97382160 13.69063523
 [37] 12.95886591  6.71731691  4.69477900  0.88047761  1.61460179 10.67705436
 [43] 10.33709186 10.04219182  9.34811084  7.40778088  9.02488362  8.11490533
 [49] 12.66072367 11.13846924  9.64407670  8.80075075  7.37534879  5.91118233
 [55]  9.25407840  8.38262852  7.36992412  6.95995933  6.48104984  2.93592509
 [61]  2.81563372  4.38985850  3.30153056  0.65841880  0.10024470 10.02305652
 [67]  9.77849596  6.52179310  6.11580604  2.36614642  9.88871454  8.88119324
 [73]  9.34783226  5.44055444  1.87525119  0.67062392  5.83555099  5.27253230
 [79]  1.30266817 10.47432443  9.65878553  7.30958584  8.13969737  1.85254435
 [85]  6.24410909  8.68477169  6.10219157  5.05080950  7.08063144  6.60794420
 [91]  3.80389276  3.48117816  1.32939438  6.65607288  0.58642005  2.10317155
 [97]  8.18914962  6.11464705  9.07253170  8.12460280  7.52279672  7.11292770
[103]  0.87872259  0.91896701  8.12832481  7.26800209  3.49471755  8.90124123
[109]  8.11092494  7.77201053  4.56049420  7.25640107  1.68739247  6.53019578
[115]  5.19403974  6.10059107  8.38906284  5.57623093  2.42832690  3.13570406
[121]  2.59462222  5.53916497  8.02245606  7.74350548  6.64346594  6.39074763
[127]  5.86619895  3.51736212  0.47140895  0.58747473  0.99006736  8.68250971
[133]  7.05883040  5.46889619  4.81649573  1.36831323  0.10941054  5.00115557
[139]  0.81551638  5.97428722  5.64185425  2.30469531  1.14501408  3.78125174
[145]  1.16680119  3.91057751  1.71457378  0.51273725  2.22620775  3.12660258
[151]  2.51132272  2.19140627  8.57544549  3.35534305  5.75323204  4.84279249
[157]  2.19947515  3.51962194  0.74726286  0.63888897  5.10649522  1.02420823
[163]  0.54505164  0.86933547  1.68729953  1.95348337  8.55336574  5.41936201
[169]  2.79882702  2.86675927  1.76224183  0.03597261  7.35743902  5.69571418
[175]  4.78349347  4.12827739  1.86104583  0.63014129  2.46935542  5.35983480
[181]  2.12391373  0.53118752  2.52948530  0.51587431  0.23989686  1.38513923

$PAR
  [1]  NA   1   1   1   3   5   6   7   7   7   7   9  10  10  10  10  13  14
 [19]  14  17  17  18  18  19  21  21  21  22  22  22  24  24  25  25  25  27
 [37]  27  28  28  28  30  33  34  34  34  34  35  35  36  36  36  36  36  36
 [55]  37  37  37  37  37  37  37  38  39  40  41  42  43  43  43  43  44  44
 [73]  45  46  46  46  49  49  49  50  50  50  51  51  52  55  55  55  57  57
 [91]  57  57  57  58  60  62  66  66  67  67  67  72  73  79  80  80  80  81
[109]  81  81  81  82  82  83  83  85  86  87  90  92  92  94  97  97  97  99
[127]  99  99 104 105 106 108 108 108 108 109 109 116 116 117 117 117 117 118
[145] 121 125 125 125 126 128 128 128 132 132 133 133 133 138 139 140 141 143
[163] 143 145 146 151 153 153 154 156 156 163 167 167 167 167 170 171 173 174
[181] 175 175 180 180 180 183

$EXTANT
  [1] FALSE FALSE FALSE FALSE FALSE FALSE FALSE FALSE FALSE FALSE FALSE FALSE
 [13] FALSE FALSE FALSE FALSE FALSE FALSE  TRUE FALSE FALSE  TRUE  TRUE  TRUE
 [25] FALSE FALSE FALSE  TRUE FALSE  TRUE  TRUE  TRUE FALSE FALSE FALSE FALSE
 [37] FALSE FALSE FALSE  TRUE  TRUE FALSE FALSE FALSE FALSE  TRUE FALSE FALSE
 [49]  TRUE  TRUE  TRUE  TRUE FALSE FALSE FALSE FALSE  TRUE  TRUE  TRUE  TRUE
 [61] FALSE  TRUE FALSE  TRUE  TRUE FALSE FALSE  TRUE FALSE  TRUE FALSE FALSE
 [73]  TRUE FALSE FALSE  TRUE FALSE FALSE  TRUE  TRUE FALSE  TRUE  TRUE  TRUE
 [85] FALSE FALSE  TRUE FALSE FALSE  TRUE  TRUE  TRUE  TRUE FALSE  TRUE  TRUE
 [97]  TRUE FALSE FALSE FALSE FALSE FALSE  TRUE  TRUE  TRUE  TRUE  TRUE  TRUE
[109]  TRUE FALSE FALSE FALSE  TRUE FALSE  TRUE  TRUE  TRUE  TRUE FALSE  TRUE
[121] FALSE FALSE FALSE FALSE  TRUE  TRUE FALSE  TRUE  TRUE  TRUE  TRUE  TRUE
[133]  TRUE FALSE FALSE  TRUE  TRUE  TRUE  TRUE  TRUE  TRUE  TRUE  TRUE  TRUE
[145]  TRUE FALSE FALSE  TRUE FALSE FALSE FALSE  TRUE  TRUE  TRUE FALSE FALSE
[157]  TRUE  TRUE  TRUE  TRUE  TRUE  TRUE  TRUE  TRUE FALSE FALSE FALSE  TRUE
[169]  TRUE  TRUE  TRUE  TRUE FALSE  TRUE  TRUE  TRUE  TRUE  TRUE FALSE  TRUE
[181]  TRUE  TRUE  TRUE  TRUE  TRUE  TRUE

