
Birth-death simulation object with 319 species and 110 extant species

Details for some species:

Extinction times (NA means extant)
[1] 41.34934 14.81536 31.73321 29.93984 30.87964 32.05681


Speciation times 
[1] 49.26651 45.25151 43.80756 39.98297 38.41578 37.87589


Species parents (NA for initial)
[1] NA  1  2  2  2  2


Species status (extinct or extant)
[1] "extinct" "extinct" "extinct" "extinct" "extinct" "extinct"


For more details on vector y, try sim$y, with y one of
TE TS PAR EXTANT



$TE
  [1] 41.3493366 14.8153551 31.7332086 29.9398421 30.8796360 32.0568096
  [7] 15.3869570 14.6725176 14.3858760 38.4667865 15.6833917 31.6163789
 [13] 30.9508708 11.4323084 12.7696169 14.2033906 41.6304857 40.0724141
 [19] 37.7858536 38.7219893 20.9860578 26.3511994 22.6619036 20.7157756
 [25] 25.1728312 30.2648660 13.1286325 25.1904953 16.0408055 23.6441285
 [31] 17.6131357 13.1637521 12.9503589 13.8564582 18.3356025 14.4619907
 [37] 20.3178884 23.3205851 25.9951971 25.7258967 25.8616237 23.6214280
 [43] 19.8868973 28.4008806 24.3773053 19.0447155 22.4006804 25.7681547
 [49] 18.0265344 15.8009140 18.2386037 18.2931212 23.2290055 18.4742330
 [55] 15.3864541 10.4677035 13.9999142 14.8579074 12.1798951 13.0409211
 [61] 11.4779062 23.3709685 14.2556869 14.1731807 10.8343571 14.0254274
 [67] 12.1528307 25.9027422 15.2005442 20.5065150 16.8502951 22.0076520
 [73] 24.7922610 22.5770309 23.5952212  6.1827751         NA 13.6449459
 [79] 16.7455542 16.9526419 12.9338189 15.1202008 22.2774882 14.8510071
 [85] 14.6684816 14.0046048 15.1636111 22.0296517 14.1677059 16.4541369
 [91]         NA 11.5623116 14.9762060 13.5347073 19.9175089 13.6500815
 [97] 15.7496079 13.0567738 10.4919970 10.0927858 15.9257500 14.6981593
[103] 11.9721743 16.4695187 21.7421531 13.8128465 18.4883906 23.0131233
[109] 16.0218358 14.4016420 17.2080142 13.7313287 15.3691384 13.8811262
[115] 12.7454078 12.1258107         NA         NA  0.6846649         NA
[121] 14.4030069 20.2002232 14.0576950 11.8789384 14.6471670 13.0470136
[127] 15.0976431 14.7074338 13.9086462 13.0356642 10.6722761  9.8922657
[133]  8.9991290         NA         NA  5.4706494         NA  1.6122659
[139] 14.4948092 13.4130866 15.3753223 14.9642454 14.8808144 12.6868530
[145] 23.7539426 11.9564141 17.0765038 26.9041918 13.8416259 14.0245035
[151]         NA 22.4867047 17.4707024 11.3010557 14.3192648 11.0100083
[157] 20.7891881 20.0353465 15.2521052 14.5445637         NA         NA
[163]         NA  2.1470033 11.3649033 12.3535607 15.3892808  9.1279391
[169] 10.7192214         NA  2.8471971         NA         NA         NA
[175]         NA 14.4979296 17.9278392 14.4972304         NA         NA
[181]         NA  0.4461247 11.5632232         NA         NA         NA
[187] 11.7525423  3.3274071  2.4723702         NA  4.7697666         NA
[193]         NA         NA         NA  0.3096934         NA         NA
[199]         NA  0.1262110         NA         NA 14.5201212 16.8955834
[205] 14.2721090 14.2058919         NA         NA  2.7810845         NA
[211]  0.5176836  2.0272083 14.2013386 13.2605755 11.3225537         NA
[217]         NA         NA         NA         NA  8.8302633         NA
[223]  5.9291932         NA  0.9812432  4.2648173  2.9248401  4.6384580
[229]  2.5416796  3.7741122         NA         NA         NA         NA
[235]         NA         NA         NA 16.8139831 15.1652433  0.9855014
[241]         NA         NA  5.0182946         NA         NA  2.6932797
[247]         NA  2.5580465  1.3196695         NA         NA         NA
[253]  1.9625731  0.4301934         NA         NA         NA  5.4646733
[259]  4.8542814         NA         NA         NA         NA         NA
[265]  5.3385528  5.7872529         NA         NA         NA  2.3561815
[271]         NA  2.8027970         NA         NA  4.4142271         NA
[277]         NA  6.0425123         NA         NA  0.2682144         NA
[283]         NA         NA         NA         NA         NA         NA
[289]         NA  2.9552268         NA         NA         NA         NA
[295]         NA         NA         NA         NA         NA         NA
[301]         NA         NA         NA         NA  1.0567891         NA
[307]         NA         NA         NA         NA         NA         NA
[313]         NA  1.0986195         NA         NA  0.5318538         NA
[319]         NA

$TS
  [1] 49.266511476 45.251508021 43.807556015 39.982967864 38.415778686
  [6] 37.875892588 24.201443918 18.056575935 16.257128310 43.530881837
 [11] 34.681123615 36.696427038 33.705549384 35.082649521 17.044957185
 [16] 14.783219334 42.618025396 41.576010573 39.240451434 39.212207902
 [21] 32.877522104 32.252325511 30.899744988 23.046057836 32.895116079
 [26] 31.061323136 33.627033149 33.197157399 27.910334982 24.997645637
 [31] 19.249114592 13.861256673 13.617069410 30.473682163 28.687712566
 [36] 26.375570960 21.608394365 31.666184440 30.445689256 28.359725200
 [41] 26.672033280 24.208591696 23.008490701 30.889420994 27.002560675
 [46] 30.998154838 30.407710328 28.393290959 23.048234292 20.402843308
 [51] 19.997804408 18.790195302 27.794522709 25.377634356 24.371990857
 [56] 23.538522349 18.140743333 17.137708574 18.578157115 17.652998744
 [61] 13.345102623 27.096444141 16.948826623 15.256087463 20.894049933
 [66] 19.809015116 19.190319976 29.828565121 28.860916451 24.997807347
 [71] 27.071692083 28.087871599 26.848440518 25.343523559 25.918487007
 [76] 23.073084897 25.913780092 19.898246436 19.431358520 19.165300264
 [81] 18.387582067 21.454066626 23.911564482 19.109953476 16.311667699
 [86] 15.673815247 22.767150037 22.081307073 18.041513811 16.929231332
 [91] 13.981558961 16.738380539 16.587629862 14.777927636 25.914203157
 [96] 16.305371187 17.079213234 15.524048360 11.143627086 17.556149328
[101] 16.759066476 15.165136107 12.763449074 28.314717093 27.756820035
[106] 21.646064472 19.169613224 24.036616847 23.098594888 23.008501492
[111] 23.572544213 25.480273307 17.577037763 16.016795643 16.010497269
[116] 15.541252994  6.258825356  5.804410925  5.545367946  2.580518359
[121] 19.322756630 20.860512113 16.821019317 15.733202963 15.267384851
[126] 18.512015335 17.590821351 17.531567738 14.812628814 13.816979408
[131] 13.298018880 11.348789723  9.979757092  8.292144606  8.074030462
[136]  6.057267979  5.861562957  1.829336090 15.954213511 21.364499164
[141] 20.532168253 16.715925036 15.823710521 13.076298346 26.419065722
[146] 25.124014924 21.761643271 27.162063267 16.484600399 16.019603012
[151] 13.920021847 22.945534583 21.457825761 19.649868704 19.102199244
[156] 15.541275101 21.188681000 20.342948926 16.599815731 15.647866914
[161] 14.639689633  1.819231207  4.819355662  4.810358232 14.792837059
[166] 18.209607010 15.404088740 14.696480114 11.312095906  9.338621409
[171]  7.896909669  5.638246694  0.576765352  5.828683785  1.927991382
[176] 21.318890138 18.192024372 14.754989976  8.580327419  5.655240328
[181]  5.376334843  2.775195725 14.430412685  8.814878538  8.011404108
[186]  5.328183062 14.587250649 10.579547841  9.464113053  7.228902959
[191]  5.955641166  2.787781438  6.769135274  3.684812876  4.797931595
[196]  3.210516785  0.164514762  0.066566536  4.400710161  1.093945858
[201]  0.494782414  0.054023261 20.305538253 19.267057534 15.039023645
[206] 14.591379509  3.828392245  3.510042694  2.795960267  5.200645955
[211]  3.763884872  2.333168792 14.333335838 13.633976321 11.930360602
[216]  3.429383522  2.471413522  7.784064881  5.434648086  9.930031854
[221]  9.026404437  8.695664132  7.158415406  3.639141378  3.605721944
[226]  8.812722295  6.881110722  6.097497849  5.513727697  5.496928792
[231]  2.330643843  6.620489062  0.622011837  0.088546374  3.298516944
[236]  1.109786233  0.006165156 19.391077014 16.342345713  1.923663207
[241]  0.521005291  2.516867226  6.968720879  6.113336882  4.948488099
[246]  5.432437113  9.925256685  6.692457191  5.491771733  2.713364572
[251]  6.839973770  0.279921436  2.202169431  0.657475016  0.110489959
[256]  0.069939963  7.891107921  7.485647533  5.348586481  3.864051804
[261]  4.360741653  5.655390760  0.153775250  5.912117662  5.610955864
[266]  5.892297354  1.685286700  4.585192878  6.104090944  5.895568762
[271]  2.296801976  6.155011168  5.600565910  3.767635555  4.497097504
[276]  4.373016790  1.397908797  6.312618728  3.500000053  1.702221394
[281]  0.281675600  4.886338292  1.760377446  0.631860651  1.237008698
[286]  2.102743794  1.120998538  3.690380327  4.587685624  4.381505909
[291]  4.150848149  0.318201867  0.635458075  4.131792751  0.491131944
[296]  0.023864931  0.769532187  4.294869468  2.318550935  0.446428755
[301]  1.901897329  0.088907523  0.273104046  3.566420599  2.051587455
[306]  1.143969177  0.907621267  2.075973408  3.224758251  0.038084377
[311]  0.404714510  2.154227216  1.040500992  1.766105234  0.525386687
[316]  0.682415040  0.626318980  0.304081040  0.580660491

$PAR
  [1]  NA   1   2   2   2   2   2   2   2   3   3   5   5   6   8   8  10  10
 [19]  10  10  11  11  11  11  13  13  14  14  14  14  14  14  14  21  21  21
 [37]  21  22  22  22  22  23  24  25  25  27  27  27  27  27  27  27  29  29
 [55]  29  29  29  29  31  31  32  34  34  34  35  35  35  38  38  38  39  40
 [73]  45  45  46  47  48  49  49  50  52  54  55  55  55  55  56  56  56  56
 [91]  56  58  58  59  62  63  65  65  65  66  66  66  67  69  69  69  69  70
[109]  70  72  74  75  76  76  76  76  77  77  77  77  79  82  82  84  85  87
[127]  87  87  89  91  91  91  91  91  91  91  91  91  92  95  95  97 100 100
[145] 104 104 104 105 106 106 106 110 110 110 110 110 111 112 113 113 116 117
[163] 119 119 121 126 128 129 132 133 134 134 135 137 137 140 141 150 151 151
[181] 151 151 161 161 161 161 165 168 168 170 170 170 171 171 172 172 173 173
[199] 174 174 175 175 176 176 176 176 179 179 179 180 180 180 183 183 183 184
[217] 184 185 185 188 188 188 188 188 188 189 190 190 191 191 192 193 193 193
[235] 199 199 199 203 203 211 211 216 218 218 218 219 220 220 220 220 222 222
[253] 224 224 224 224 226 226 227 229 230 232 241 243 243 244 245 246 247 247
[271] 247 248 248 248 249 249 249 251 251 251 251 257 257 260 262 264 269 270
[289] 272 272 272 273 274 276 276 276 279 282 282 282 286 287 289 290 291 291
[307] 291 294 298 299 301 304 304 305 307 308 313 315 316

$EXTANT
  [1] FALSE FALSE FALSE FALSE FALSE FALSE FALSE FALSE FALSE FALSE FALSE FALSE
 [13] FALSE FALSE FALSE FALSE FALSE FALSE FALSE FALSE FALSE FALSE FALSE FALSE
 [25] FALSE FALSE FALSE FALSE FALSE FALSE FALSE FALSE FALSE FALSE FALSE FALSE
 [37] FALSE FALSE FALSE FALSE FALSE FALSE FALSE FALSE FALSE FALSE FALSE FALSE
 [49] FALSE FALSE FALSE FALSE FALSE FALSE FALSE FALSE FALSE FALSE FALSE FALSE
 [61] FALSE FALSE FALSE FALSE FALSE FALSE FALSE FALSE FALSE FALSE FALSE FALSE
 [73] FALSE FALSE FALSE FALSE  TRUE FALSE FALSE FALSE FALSE FALSE FALSE FALSE
 [85] FALSE FALSE FALSE FALSE FALSE FALSE  TRUE FALSE FALSE FALSE FALSE FALSE
 [97] FALSE FALSE FALSE FALSE FALSE FALSE FALSE FALSE FALSE FALSE FALSE FALSE
[109] FALSE FALSE FALSE FALSE FALSE FALSE FALSE FALSE  TRUE  TRUE FALSE  TRUE
[121] FALSE FALSE FALSE FALSE FALSE FALSE FALSE FALSE FALSE FALSE FALSE FALSE
[133] FALSE  TRUE  TRUE FALSE  TRUE FALSE FALSE FALSE FALSE FALSE FALSE FALSE
[145] FALSE FALSE FALSE FALSE FALSE FALSE  TRUE FALSE FALSE FALSE FALSE FALSE
[157] FALSE FALSE FALSE FALSE  TRUE  TRUE  TRUE FALSE FALSE FALSE FALSE FALSE
[169] FALSE  TRUE FALSE  TRUE  TRUE  TRUE  TRUE FALSE FALSE FALSE  TRUE  TRUE
[181]  TRUE FALSE FALSE  TRUE  TRUE  TRUE FALSE FALSE FALSE  TRUE FALSE  TRUE
[193]  TRUE  TRUE  TRUE FALSE  TRUE  TRUE  TRUE FALSE  TRUE  TRUE FALSE FALSE
[205] FALSE FALSE  TRUE  TRUE FALSE  TRUE FALSE FALSE FALSE FALSE FALSE  TRUE
[217]  TRUE  TRUE  TRUE  TRUE FALSE  TRUE FALSE  TRUE FALSE FALSE FALSE FALSE
[229] FALSE FALSE  TRUE  TRUE  TRUE  TRUE  TRUE  TRUE  TRUE FALSE FALSE FALSE
[241]  TRUE  TRUE FALSE  TRUE  TRUE FALSE  TRUE FALSE FALSE  TRUE  TRUE  TRUE
[253] FALSE FALSE  TRUE  TRUE  TRUE FALSE FALSE  TRUE  TRUE  TRUE  TRUE  TRUE
[265] FALSE FALSE  TRUE  TRUE  TRUE FALSE  TRUE FALSE  TRUE  TRUE FALSE  TRUE
[277]  TRUE FALSE  TRUE  TRUE FALSE  TRUE  TRUE  TRUE  TRUE  TRUE  TRUE  TRUE
[289]  TRUE FALSE  TRUE  TRUE  TRUE  TRUE  TRUE  TRUE  TRUE  TRUE  TRUE  TRUE
[301]  TRUE  TRUE  TRUE  TRUE FALSE  TRUE  TRUE  TRUE  TRUE  TRUE  TRUE  TRUE
[313]  TRUE FALSE  TRUE  TRUE FALSE  TRUE  TRUE

