
Birth-death simulation object with 173 species and 71 extant species

Details for some species:

Extinction times (NA means extant)
[1] 30.40663 47.43557 34.01615 32.71887 38.41602 29.40843


Speciation times 
[1] 49.26651 48.67527 47.19061 35.94715 43.46694 33.16176


Species parents (NA for initial)
[1] NA  1  1  1  3  4


Species status (extinct or extant)
[1] "extinct" "extinct" "extinct" "extinct" "extinct" "extinct"


For more details on vector y, try sim$y, with y one of
TE TS PAR EXTANT



$TE
  [1] 30.4066317 47.4355695 34.0161498 32.7188655 38.4160171 29.4084251
  [7] 31.4824010 27.4261811 23.9390958 13.3422856 26.4462823 26.8819183
 [13] 18.7173160 22.6793027 15.0646784 29.9320082 26.0083715 23.2899098
 [19] 20.1971143 19.9602170 16.1468804 18.3309212 15.4150869 12.4921125
 [25] 16.2710110 14.0928888  6.7194842 21.9200117 13.4624791 17.2121614
 [31] 11.6328338 14.4849378 15.2691045 17.3407319 16.3033925 15.4030690
 [37]  1.3266180 20.9619276 13.0402712 15.0031046 11.8050469  5.2645222
 [43] 11.6339102  3.8146129         NA 15.9561057         NA 15.0653945
 [49] 11.1604686 11.4011541 14.6904307 10.7497872 16.4712154 14.9480625
 [55]  7.3865199  4.8047933  0.6593394  0.2591829 16.0666633 14.5678494
 [61] 13.9968134 13.2505887 12.6851031         NA 10.7014307  1.8929847
 [67]         NA 10.6580956  1.6397482         NA  2.6927984         NA
 [73] 11.5112942  5.9346322  3.6602537  5.2277545         NA 10.3970923
 [79] 11.3326203 11.8148525 12.9646555 13.0337690         NA         NA
 [85]         NA 14.0837392  5.6968276         NA  2.1811704         NA
 [91]         NA         NA         NA         NA         NA  4.7618611
 [97]  1.7172912  5.7694508         NA         NA  0.6598367         NA
[103]         NA         NA 14.3040920  6.5049686         NA         NA
[109]  0.4702782         NA         NA         NA         NA         NA
[115]         NA         NA  2.0026254         NA         NA  6.1554316
[121]  8.1552745  4.1077336  3.3722259  2.7056917         NA         NA
[127]         NA         NA         NA  0.3380976  0.5077716         NA
[133]         NA         NA         NA  0.1138379         NA         NA
[139]         NA         NA         NA  1.9334760         NA         NA
[145]         NA         NA         NA         NA         NA  0.2294181
[151]  7.8328794         NA  2.0407731  1.6481226  0.8180830         NA
[157]         NA  0.7634170         NA         NA         NA  2.7099487
[163]         NA         NA         NA         NA         NA         NA
[169]         NA         NA         NA         NA         NA

$TS
  [1] 49.2665115 48.6752687 47.1906053 35.9471525 43.4669447 33.1617610
  [7] 42.3448615 29.9097120 33.8347568 29.1891740 33.2718627 30.2744980
 [13] 27.2294372 27.0823139 21.7655911 30.7472047 27.6572519 23.4907041
 [19] 26.0633600 24.5486476 24.1238285 24.0214229 22.1406239 24.0772274
 [25] 24.0324810 23.0818664 22.5160693 22.0842223 22.0759707 19.1288002
 [31] 18.2082540 17.7966965 16.1750824 18.4459609 20.3450421 16.7650159
 [37] 14.0456819 21.9435127 17.8109374 17.4770390 17.2574046 16.6658206
 [43] 14.0611154  7.5379725  7.0133093 17.3704368 14.2268021 17.2431469
 [49] 15.7881128 13.4451480 17.7256600 15.9191339 18.9476575 15.9982869
 [55]  8.0074732  5.9863611  5.5127831  3.9246920 16.9569597 15.8015608
 [61] 15.6242365 14.8231739 13.1886530 11.2626448 11.1458603  6.1520171
 [67] 12.6315527 11.7479040  6.6805123  6.7077284  4.7724519  2.5744319
 [73] 13.9009606  9.5670671  8.6379170  6.3201271  2.6215540 11.2538069
 [79] 15.1518223 14.9517772 13.2171491 13.1915123  2.4217621  2.0384257
 [85]  1.0551422 14.4156507  9.8458978  6.6753022  4.1446297  3.6327983
 [91]  2.6756921  2.3568883  5.9569501  5.4203839  5.7645938  5.7556951
 [97]  3.2092753  6.2473210  3.5462786  1.8241812  7.6109118  7.4034414
[103]  6.1541637 11.2471136 14.6388078 11.7323868  1.3559878  3.6343357
[109]  3.0868376  1.6621833  0.8861767  0.7309417  4.3100314  2.3839901
[115]  0.7197075  5.7414406  3.5493298  2.2189324 10.4733884 10.2689183
[121]  9.4210333  6.9764545  6.0913179  5.8373370  2.9090132  7.6630572
[127]  7.2773766  3.0058190  2.1728115  0.5642968  5.4792779  5.3248074
[133]  2.7356276  3.2306710  1.8852594  9.2663988  5.9786725  3.7042112
[139]  3.6009098  3.9257871  0.7774320  7.2052347  4.3898746  4.2523576
[145]  2.3117199  4.8825929  3.5014006  1.7335683  1.2279808  0.4886609
[151]  8.6536819  3.4342782  3.0173404  1.6641981  3.4395166  0.3066254
[157]  6.8093070  3.1216824  0.4100106  0.2501829  2.2401203  3.1883340
[163]  2.3497284  1.6030840  1.1859243  0.4201307  6.1225972  0.9000446
[169]  1.3376432  0.8481245  1.4783936  0.2851023  0.2678483

$PAR
  [1]  NA   1   1   1   3   4   5   6   7   8   9   9   9  10  10  11  12  13
 [19]  14  14  14  19  19  20  20  21  21  21  21  21  21  21  21  23  24  24
 [37]  24  25  26  27  27  27  27  27  27  29  29  31  31  31  32  33  35  36
 [55]  37  37  37  37  39  40  40  42  42  42  42  42  43  43  44  45  45  45
 [73]  47  47  47  47  47  49  51  51  52  52  57  57  57  61  64  64  64  64
 [91]  64  64  66  66  69  69  69  70  70  72  75  75  75  78  79  79  84  89
[109]  89  91  92  93  94  95  99 102 103 103 104 104 104 104 104 104 104 106
[127] 106 109 113 114 116 116 116 117 118 119 123 123 123 124 125 126 126 127
[145] 128 131 131 132 133 135 136 138 138 138 139 139 142 143 144 144 145 146
[163] 147 147 147 147 157 158 163 163 164 165 167

$EXTANT
  [1] FALSE FALSE FALSE FALSE FALSE FALSE FALSE FALSE FALSE FALSE FALSE FALSE
 [13] FALSE FALSE FALSE FALSE FALSE FALSE FALSE FALSE FALSE FALSE FALSE FALSE
 [25] FALSE FALSE FALSE FALSE FALSE FALSE FALSE FALSE FALSE FALSE FALSE FALSE
 [37] FALSE FALSE FALSE FALSE FALSE FALSE FALSE FALSE  TRUE FALSE  TRUE FALSE
 [49] FALSE FALSE FALSE FALSE FALSE FALSE FALSE FALSE FALSE FALSE FALSE FALSE
 [61] FALSE FALSE FALSE  TRUE FALSE FALSE  TRUE FALSE FALSE  TRUE FALSE  TRUE
 [73] FALSE FALSE FALSE FALSE  TRUE FALSE FALSE FALSE FALSE FALSE  TRUE  TRUE
 [85]  TRUE FALSE FALSE  TRUE FALSE  TRUE  TRUE  TRUE  TRUE  TRUE  TRUE FALSE
 [97] FALSE FALSE  TRUE  TRUE FALSE  TRUE  TRUE  TRUE FALSE FALSE  TRUE  TRUE
[109] FALSE  TRUE  TRUE  TRUE  TRUE  TRUE  TRUE  TRUE FALSE  TRUE  TRUE FALSE
[121] FALSE FALSE FALSE FALSE  TRUE  TRUE  TRUE  TRUE  TRUE FALSE FALSE  TRUE
[133]  TRUE  TRUE  TRUE FALSE  TRUE  TRUE  TRUE  TRUE  TRUE FALSE  TRUE  TRUE
[145]  TRUE  TRUE  TRUE  TRUE  TRUE FALSE FALSE  TRUE FALSE FALSE FALSE  TRUE
[157]  TRUE FALSE  TRUE  TRUE  TRUE FALSE  TRUE  TRUE  TRUE  TRUE  TRUE  TRUE
[169]  TRUE  TRUE  TRUE  TRUE  TRUE

