
Birth-death simulation object with 228 species and 101 extant species

Details for some species:

Extinction times (NA means extant)
[1] 48.47789 40.08135 44.58550 15.34417 36.32268 14.90007


Speciation times 
[1] 49.26651 48.82385 44.78634 42.32741 37.86595 33.83664


Species parents (NA for initial)
[1] NA  1  2  2  4  4


Species status (extinct or extant)
[1] "extinct" "extinct" "extinct" "extinct" "extinct" "extinct"


For more details on vector y, try sim$y, with y one of
TE TS PAR EXTANT



$TE
  [1] 48.47788944 40.08134940 44.58549852 15.34416592 36.32268222 14.90007400
  [7] 31.78306268 11.22776069 20.61816725 16.42373491 13.58639318 22.57031069
 [13] 17.95338501 24.25953569          NA 21.51803201 24.14103116 14.69571456
 [19] 12.51620195 12.70745585 11.27004270 11.39647853 19.53577238 18.39505207
 [25] 14.86762058  4.49580573 25.52693292 15.34991081 14.17999816 14.00733398
 [31] 25.05139954 15.08331378 13.87329645          NA  1.89399939          NA
 [37]          NA 14.89544678 12.98594307          NA  9.25181432 21.38049820
 [43] 14.89528195  8.86079235 15.50808810 14.05761739 12.81063415 11.47136373
 [49] 15.58696660 13.06038550          NA  7.32698050          NA 22.25286898
 [55] 12.76297231 23.63314637 19.72286548 13.40772037 16.39509879 13.45368257
 [61]          NA  0.81109354  3.91213797          NA          NA  0.97017530
 [67]  0.05240261          NA 15.01126272  4.86263669  4.18963064          NA
 [73]          NA          NA          NA          NA 12.92386757  9.22955192
 [79]  3.81256027          NA          NA          NA          NA  6.67168955
 [85] 15.09006805 11.07657469 13.52430643 17.90274369 14.48568331 12.58432716
 [91] 12.30982195 13.28604898  3.15878345  8.51311473          NA          NA
 [97]  4.03314875  3.21847693          NA 15.33760505 14.43108659 14.15192993
[103] 17.12515532          NA          NA          NA          NA          NA
[109]  0.44836138  5.15597916  2.72849607          NA          NA          NA
[115]          NA          NA 12.24254083 10.88436577  4.97170353          NA
[121]          NA          NA          NA  5.43493488          NA  2.59728034
[127]          NA          NA          NA          NA          NA          NA
[133] 16.19103609 14.95100994 12.16284902  7.20452772  0.50121190          NA
[139]  2.36432705  6.15864272  2.64158419  1.91425397 15.23711498 14.64593784
[145]          NA          NA 13.04100729  7.84059124          NA  6.48118075
[151]          NA  6.43788669          NA          NA          NA          NA
[157]          NA          NA          NA          NA          NA          NA
[163]          NA  4.15978452          NA          NA          NA 13.22887237
[169] 11.82152780  9.69995185  3.75418127  8.60146977          NA          NA
[175]  6.34558225          NA          NA          NA          NA          NA
[181]  3.01313593  2.19045017  0.30929595          NA          NA          NA
[187]          NA          NA          NA          NA  0.57051646          NA
[193]          NA  0.18664832  3.88968832          NA  0.82728345          NA
[199]  1.75964824  2.43864770          NA          NA          NA          NA
[205]          NA  0.34705091          NA  6.12129657          NA  4.82578488
[211]  2.34556562          NA          NA          NA          NA          NA
[217]          NA  0.95535556          NA          NA          NA  1.72154779
[223]          NA  2.08583257  0.90631357          NA          NA          NA

$TS
  [1] 49.266511476 48.823847009 44.786341586 42.327407886 37.865952842
  [6] 33.836636029 33.045763037 30.894620407 28.762110631 21.373016786
 [11] 15.564954842 31.621126263 30.399585708 29.141984946 27.314099759
 [16] 21.707916981 25.233416475 19.541893991 16.296779504 13.310753266
 [21] 13.087631230 12.517435268 26.643644613 22.115754325 27.663457479
 [26] 26.442830120 25.797899350 24.659900082 20.113736934 24.701806100
 [31] 26.611200695 23.084858241 17.248767253  9.965129693  8.839499703
 [36]  6.700450524 18.151310699 18.098568006 13.450810106 13.080594352
 [41] 12.476609845 24.086346637 19.688576490 18.782589479 19.490357443
 [46] 16.224823653 25.259089373 21.021703428 16.917872593 15.426567401
 [51] 11.511915327  8.477878058  7.237150088 23.986301968 19.265331766
 [56] 23.649338453 21.718626779 15.906148106 17.839604105 17.493139155
 [61]  6.132190924  5.156444281  3.970674105  0.088021899  3.977188525
 [66]  2.137571055  2.088337828  5.552696953 15.263940978  6.844718538
 [71]  5.900646103  5.695345767  3.353666208  2.008439657  1.185024351
 [76]  0.245652950 17.450046890 13.314840659 10.348445044  8.206168026
 [81]  6.436150070  3.319288009  3.310524827 10.182313191 16.835690075
 [86] 14.699907348 14.530742810 20.451451563 15.735678922 15.634226906
 [91] 13.753682857 13.634510236  9.604149826  9.601810583  3.012222294
 [96]  1.800266032  7.164148824  7.083814121  0.511603085 22.725177553
[101] 15.283442999 14.181941366 17.384895787  1.553767529  1.063577085
[106]  1.099987395  0.560976657  6.396621563  5.689478350  5.656755652
[111]  3.392716796  1.989906918  1.942568814  0.927933207  0.328683025
[116]  0.209371241 15.702758711 13.579306470  9.866739654  9.265870586
[121]  8.617278326  7.089560288  6.260696385  5.792711709  5.675156517
[126]  3.914852806  6.754085138  1.399673231  2.660933160  0.026576309
[131]  1.843117810  0.688537467 19.516734733 15.065148770 12.643607873
[136]  8.822907378  8.787970721  0.350238550  5.353096071  6.560374744
[141]  4.045352546  3.413091785 20.051608845 18.080907608  0.183600954
[146]  0.623267057 15.615343155 12.560931663  9.726636856  7.336501761
[151]  9.191366808  7.627151257  5.032018836  3.747820765  1.709484859
[156]  4.641786349  1.541266166  5.256798401  2.233076194  1.982766040
[161]  6.536373473  4.556068699  3.801443348  8.333778424  3.392060034
[166]  6.306766419  3.092513363 14.159009979 12.458833420 10.261830123
[171]  8.907545013  9.270790837  7.537865877  8.565687613  7.110204017
[176]  1.414864216  6.703335871  4.768256736  2.857971843  0.575887859
[181]  3.801130335  3.482946719  1.297799190  6.183541069  3.355867352
[186]  0.436876652  2.226228547  3.177266747  6.478953780  5.890018191
[191]  9.043799125  6.870652255  5.755820035  0.199442329  6.586989092
[196]  6.055039554  2.876081221  0.800563054  1.923449018  6.419857664
[201]  4.161260118  5.540377775  4.167597742  3.666397399  3.257617185
[206]  1.119362863  6.272977772  6.156420513  5.740998012  5.155018463
[211]  5.777132215  4.059429122  1.944064255  2.164460218  0.005179953
[216]  0.738181550  4.851247885  1.426036188  4.537560595  3.056028455
[221]  0.230841885  3.024133030  0.087860631  2.863485994  2.333994048
[226]  0.601467605  1.943034369  0.240151035

$PAR
  [1]  NA   1   2   2   4   4   4   4   4   4   4   6   6   6   6   6   8   8
 [19]   8   8   8   8   9   9  12  12  12  12  13  14  15  15  15  15  15  15
 [37]  18  18  19  19  22  23  23  24  25  25  26  26  26  26  26  26  26  28
 [55]  28  30  30  30  32  32  34  34  34  34  35  35  35  36  37  37  37  37
 [73]  37  37  37  37  38  39  40  40  40  40  40  41  43  46  46  47  47  47
 [91]  47  47  51  51  51  51  53  53  53  54  58  58  59  61  61  67  68  70
[109]  71  71  72  72  72  74  75  76  77  77  79  79  79  79  79  79  79  79
[127]  80  80  81  81  82  83  88  90  90  93  94  96  97  98  98  98 100 100
[145] 104 112 117 118 119 119 120 120 120 122 122 123 123 125 125 125 127 127
[163] 127 137 137 140 141 147 148 148 148 149 149 151 151 151 152 153 154 154
[181] 156 156 158 161 161 161 162 163 171 171 172 173 173 173 174 177 184 185
[199] 188 189 189 190 190 190 190 190 192 192 192 196 200 201 202 204 204 205
[217] 207 207 211 211 212 217 217 219 219 219 220 220

$EXTANT
  [1] FALSE FALSE FALSE FALSE FALSE FALSE FALSE FALSE FALSE FALSE FALSE FALSE
 [13] FALSE FALSE  TRUE FALSE FALSE FALSE FALSE FALSE FALSE FALSE FALSE FALSE
 [25] FALSE FALSE FALSE FALSE FALSE FALSE FALSE FALSE FALSE  TRUE FALSE  TRUE
 [37]  TRUE FALSE FALSE  TRUE FALSE FALSE FALSE FALSE FALSE FALSE FALSE FALSE
 [49] FALSE FALSE  TRUE FALSE  TRUE FALSE FALSE FALSE FALSE FALSE FALSE FALSE
 [61]  TRUE FALSE FALSE  TRUE  TRUE FALSE FALSE  TRUE FALSE FALSE FALSE  TRUE
 [73]  TRUE  TRUE  TRUE  TRUE FALSE FALSE FALSE  TRUE  TRUE  TRUE  TRUE FALSE
 [85] FALSE FALSE FALSE FALSE FALSE FALSE FALSE FALSE FALSE FALSE  TRUE  TRUE
 [97] FALSE FALSE  TRUE FALSE FALSE FALSE FALSE  TRUE  TRUE  TRUE  TRUE  TRUE
[109] FALSE FALSE FALSE  TRUE  TRUE  TRUE  TRUE  TRUE FALSE FALSE FALSE  TRUE
[121]  TRUE  TRUE  TRUE FALSE  TRUE FALSE  TRUE  TRUE  TRUE  TRUE  TRUE  TRUE
[133] FALSE FALSE FALSE FALSE FALSE  TRUE FALSE FALSE FALSE FALSE FALSE FALSE
[145]  TRUE  TRUE FALSE FALSE  TRUE FALSE  TRUE FALSE  TRUE  TRUE  TRUE  TRUE
[157]  TRUE  TRUE  TRUE  TRUE  TRUE  TRUE  TRUE FALSE  TRUE  TRUE  TRUE FALSE
[169] FALSE FALSE FALSE FALSE  TRUE  TRUE FALSE  TRUE  TRUE  TRUE  TRUE  TRUE
[181] FALSE FALSE FALSE  TRUE  TRUE  TRUE  TRUE  TRUE  TRUE  TRUE FALSE  TRUE
[193]  TRUE FALSE FALSE  TRUE FALSE  TRUE FALSE FALSE  TRUE  TRUE  TRUE  TRUE
[205]  TRUE FALSE  TRUE FALSE  TRUE FALSE FALSE  TRUE  TRUE  TRUE  TRUE  TRUE
[217]  TRUE FALSE  TRUE  TRUE  TRUE FALSE  TRUE FALSE FALSE  TRUE  TRUE  TRUE

