
Birth-death simulation object with 268 species and 45 extant species

Details for some species:

Extinction times (NA means extant)
[1] 34.20869 28.81792 42.99156 24.18003 28.27903 30.62835


Speciation times 
[1] 49.26651 47.05479 44.20811 36.87845 36.62413 35.85615


Species parents (NA for initial)
[1] NA  1  1  1  2  2


Species status (extinct or extant)
[1] "extinct" "extinct" "extinct" "extinct" "extinct" "extinct"


For more details on vector y, try sim$y, with y one of
TE TS PAR EXTANT



$TE
  [1] 34.20868869 28.81792376 42.99156423 24.18002717 28.27902785 30.62834557
  [7] 26.26891744 32.02011668 26.41258014 14.87637611 22.38276207 21.60826999
 [13] 14.52281058 29.85359476 20.28739631 15.25392094 19.33646834 26.34767112
 [19] 33.57553563 26.99336893 19.25526032 29.37936004 26.26513075 21.24756853
 [25] 15.42374563          NA 22.23990889 21.51421904 19.84025503 12.25394771
 [31] 14.15943067 26.56171345 19.56270801 19.09045804 23.89035959 14.13873569
 [37] 13.55791991 20.17678760 13.34047957 23.45612347 14.63616893 16.89558492
 [43] 15.39685849 13.99613096 15.49837688 16.72805339 10.40852801  6.60760683
 [49]  8.42288939          NA          NA 18.55590495 18.97183097 14.12299130
 [55] 15.12995427 23.37361948 12.27668247 29.35353210 13.97356438 19.81146060
 [61] 13.97511110 19.84948933 18.37784371 18.75717015 15.64868235 16.61353891
 [67] 14.53813276 16.41501856 15.04834357 20.19241133          NA 11.99611711
 [73] 15.23007900 15.33229159 15.15192549 15.40273094          NA 13.73048109
 [79] 11.43639968 15.27953391 13.72570119 20.68721022 23.57295117 19.36996949
 [85] 14.41607031 11.70385845 14.26841449  6.99668230 15.72454158 24.16400174
 [91] 20.73797031 12.20110367 13.81778844 14.61068589 15.53557449 12.48285161
 [97] 15.68590391  6.33746126          NA 14.52449839 13.43130296  2.33248903
[103] 11.62160340          NA          NA 11.48497836 17.38371093 13.26125035
[109] 12.69389655 12.00537501 22.86992448 14.72692511 17.57677298  7.58912255
[115] 14.32749634 14.96553320 14.64091225 15.84318444          NA  2.43720497
[121] 13.13864414 16.33268506 18.83205770 18.96977254 17.77458887 13.77600229
[127] 11.49316659          NA 10.97068815 14.50185667 14.29666406 16.45257083
[133] 13.02993128  3.63282055  0.77996744 14.64988684 14.91607269 11.66924309
[139] 13.07471122  9.12974924          NA          NA          NA  1.89074808
[145] 13.88532576 10.84891971 12.91553077 18.51666852 14.69803709 20.54855990
[151] 17.00383975 11.29324744          NA 13.54318927 14.80077116 18.65789109
[157] 15.33457120 12.87799792 11.73576155  8.58198116  6.60147991 21.32815843
[163] 14.77898732 20.94899341 14.34201177 18.46146027  3.30141789  4.31389570
[169]          NA          NA 13.67590755 15.13956843 14.40250075 12.82136834
[175] 12.59434810 14.55717388          NA          NA  1.58916488          NA
[181] 14.95865422 14.37769767 12.21320013          NA          NA          NA
[187]          NA 14.05682773  9.89894532 13.81125227  3.92349541  1.83979305
[193]          NA 11.49759005 15.35363289 14.33801903 14.73090524 22.80056182
[199] 17.70744476 14.19655509 14.81983461 14.13825326 13.93107352 14.10535565
[205]          NA  1.96604689  3.63338079  1.17291477 13.87727622          NA
[211] 13.57931359 12.94029828  6.71351504          NA  4.44711710  2.37786239
[217]          NA          NA 13.17140688 11.88568085 14.87586848 14.42656244
[223]          NA 12.83375482 13.38362712 13.11894733 15.91418682 13.96036958
[229] 15.23282010 17.76942817 14.63237751 15.49140942 12.35703306          NA
[235]          NA          NA 13.38233707 10.84289384          NA  1.67430839
[241]          NA          NA          NA          NA 16.28820556 13.89681301
[247] 14.52118038 13.09996083 17.42391001 11.57849981 10.88042716 12.95692120
[253]  9.93448529          NA          NA  4.00929401          NA  0.93392707
[259]          NA          NA          NA  0.09133899          NA 13.66964623
[265] 11.91874917  2.31909417 15.40393063 11.50477422

$TS
  [1] 49.26651148 47.05478550 44.20810799 36.87844554 36.62412664 35.85614723
  [7] 35.99103578 33.71939816 31.48530915 30.85981456 28.35944404 25.46644636
 [13] 24.39400661 35.40600900 31.27732660 31.24314255 30.88761120 28.29531984
 [19] 35.19566132 31.56789791 30.74219777 29.43524811 27.27018491 23.09725561
 [25] 20.57588182 15.20105161 22.88993767 22.35057044 24.07668071 21.77948108
 [31] 15.78522813 31.11480457 31.04018330 20.46956300 25.12755485 18.62784474
 [37] 15.54642291 25.87563464 23.21930751 30.53849112 21.63113126 20.74025072
 [43] 19.63343154 26.31050361 20.39064203 20.37284915 11.00145248  9.71359154
 [49]  8.43965431  3.83990716  2.09338824 23.66126381 22.02187259 17.09268098
 [55] 15.64201718 29.70795565 27.83435574 29.65962548 19.59648598 20.25603629
 [61] 15.03581601 24.72411017 21.61104692 30.43335196 17.96835967 17.33006648
 [67] 17.31182236 19.67358205 20.98597231 20.22874841 18.40927586 15.11480122
 [73] 20.06318695 18.70459313 18.18382625 16.95987220  8.06657921 19.67071580
 [79] 16.84535018 16.72004087 27.12572972 26.60063455 24.84637014 23.47656988
 [85] 19.66404101 14.15787028 18.69051836 14.78422905 20.16376314 28.18453529
 [91] 25.50544505 24.21164822 16.83191776 15.08736234 20.90026343 18.62183664
 [97] 17.61580799  8.92414840  5.81800600 14.84405609 18.21813467 17.28365365
[103] 16.39094014  4.89762386  3.79240672 18.41169829 17.79860709 14.41922243
[109] 15.67096037 14.92107176 23.85606256 23.32972629 19.07100082 23.79383505
[115] 21.17528607 20.31113372 19.90611336 18.20606418 11.50973544 10.04897942
[121] 17.88697028 17.68141038 25.95550557 22.41514893 21.78682620 19.29132302
[127] 14.63556755 13.82454079 14.67246790 19.88386685 17.85941240 17.83666939
[133] 15.86688667  8.47205889  5.14208192 18.06643614 17.64181862 17.29196692
[139] 14.87389768 10.51560688  9.41934710  2.53718496  3.04821541  1.98811789
[145] 14.10091317 12.48857395 14.82239536 22.96885936 17.16208378 22.30823556
[151] 18.93426462 14.22859454 11.56028993 16.47365714 19.81035538 19.59008280
[157] 19.24509001 18.41019394 17.74645088  9.47492892  8.91749326 23.37787129
[163] 22.73550812 22.71846266 21.18952777 19.80168126  8.20236593  5.65731063
[169]  1.77830935  1.04963921 14.55839497 17.08109429 16.20085301 14.73670668
[175] 14.53362353 17.53480109  4.14872783  2.97810344  2.56394340  1.39312086
[181] 17.93702006 17.84871378 13.04206508  9.35553186  3.59329674  0.02320971
[187]  1.81226352 14.38843690 15.04151747 21.54712337  4.47800786  4.41072213
[193]  4.23989544 18.28886436 18.04051598 18.55218913 17.03570069 22.95818751
[199] 18.76868162 17.96984729 17.57812946 17.49786361 15.71640141 21.51490382
[205]  5.45322833  4.97805338  4.81978057  3.94327960 14.16804183  0.74142501
[211] 17.36207156 17.35788311  8.49532771  6.41815881  6.02271210  6.01273946
[217]  1.30063030  0.57150522 13.63145396 13.22713684 18.83131453 14.97947733
[223]  0.60724006 14.37265229 13.98293354 13.38571465 17.87657592 16.89405191
[229] 16.49583878 19.25782816 19.08353309 18.77183743 16.56796555  0.34547226
[235]  2.87369497  2.28875334 14.73647985 14.46206236  7.29693491  6.07443416
[241]  5.14427159  1.22914427  5.40787895  4.31924959 16.46943056 16.19968790
[247] 15.41239503 17.83024590 17.49641368 16.56515909 15.54690098 13.13416858
[253] 12.90557043  1.85512124  0.37021772  4.20110395  2.05571807  1.49996005
[259]  0.51252405  5.33532493  1.40311174  2.15553598  2.01249016 17.68447667
[265] 12.30784127  2.58862398 16.29422060 12.11791944

$PAR
  [1]  NA   1   1   1   2   2   4   4   4   4   4   4   4   5   5   5   5   5
 [19]   6   7   9   9   9  10  10  10  12  12  13  13  13  14  14  15  16  16
 [37]  16  17  17  20  21  21  21  23  25  25  26  26  26  26  26  29  29  30
 [55]  30  32  32  33  33  34  36  38  38  40  41  41  41  42  44  44  44  44
 [73]  45  45  46  46  48  53  54  54  57  57  57  57  57  57  59  59  60  64
 [91]  64  64  67  67  69  69  69  71  71  72  73  75  75  77  77  78  78  78
[109]  79  79  81  81  81  83  84  84  84  87  88  88  89  89  90  92  92  92
[127]  92  92  94  95  96  96  97  98  99 101 101 101 102 102 102 104 105 105
[145] 106 106 109 111 112 114 114 114 114 115 117 117 117 117 118 119 120 123
[163] 123 123 123 123 128 128 128 128 130 131 131 131 131 132 135 135 135 135
[181] 136 136 138 140 141 142 143 147 149 150 153 153 153 155 155 157 159 162
[199] 163 163 163 163 163 164 167 167 167 167 175 178 181 182 184 184 184 184
[217] 184 187 189 189 190 190 193 194 194 194 196 197 202 204 204 204 204 205
[235] 206 208 211 211 213 214 214 214 216 216 227 228 228 231 231 231 232 233
[253] 233 235 236 239 239 239 239 240 241 243 244 248 253 260 264 265

$EXTANT
  [1] FALSE FALSE FALSE FALSE FALSE FALSE FALSE FALSE FALSE FALSE FALSE FALSE
 [13] FALSE FALSE FALSE FALSE FALSE FALSE FALSE FALSE FALSE FALSE FALSE FALSE
 [25] FALSE  TRUE FALSE FALSE FALSE FALSE FALSE FALSE FALSE FALSE FALSE FALSE
 [37] FALSE FALSE FALSE FALSE FALSE FALSE FALSE FALSE FALSE FALSE FALSE FALSE
 [49] FALSE  TRUE  TRUE FALSE FALSE FALSE FALSE FALSE FALSE FALSE FALSE FALSE
 [61] FALSE FALSE FALSE FALSE FALSE FALSE FALSE FALSE FALSE FALSE  TRUE FALSE
 [73] FALSE FALSE FALSE FALSE  TRUE FALSE FALSE FALSE FALSE FALSE FALSE FALSE
 [85] FALSE FALSE FALSE FALSE FALSE FALSE FALSE FALSE FALSE FALSE FALSE FALSE
 [97] FALSE FALSE  TRUE FALSE FALSE FALSE FALSE  TRUE  TRUE FALSE FALSE FALSE
[109] FALSE FALSE FALSE FALSE FALSE FALSE FALSE FALSE FALSE FALSE  TRUE FALSE
[121] FALSE FALSE FALSE FALSE FALSE FALSE FALSE  TRUE FALSE FALSE FALSE FALSE
[133] FALSE FALSE FALSE FALSE FALSE FALSE FALSE FALSE  TRUE  TRUE  TRUE FALSE
[145] FALSE FALSE FALSE FALSE FALSE FALSE FALSE FALSE  TRUE FALSE FALSE FALSE
[157] FALSE FALSE FALSE FALSE FALSE FALSE FALSE FALSE FALSE FALSE FALSE FALSE
[169]  TRUE  TRUE FALSE FALSE FALSE FALSE FALSE FALSE  TRUE  TRUE FALSE  TRUE
[181] FALSE FALSE FALSE  TRUE  TRUE  TRUE  TRUE FALSE FALSE FALSE FALSE FALSE
[193]  TRUE FALSE FALSE FALSE FALSE FALSE FALSE FALSE FALSE FALSE FALSE FALSE
[205]  TRUE FALSE FALSE FALSE FALSE  TRUE FALSE FALSE FALSE  TRUE FALSE FALSE
[217]  TRUE  TRUE FALSE FALSE FALSE FALSE  TRUE FALSE FALSE FALSE FALSE FALSE
[229] FALSE FALSE FALSE FALSE FALSE  TRUE  TRUE  TRUE FALSE FALSE  TRUE FALSE
[241]  TRUE  TRUE  TRUE  TRUE FALSE FALSE FALSE FALSE FALSE FALSE FALSE FALSE
[253] FALSE  TRUE  TRUE FALSE  TRUE FALSE  TRUE  TRUE  TRUE FALSE  TRUE FALSE
[265] FALSE FALSE FALSE FALSE

