
Birth-death simulation object with 183 species and 79 extant species

Details for some species:

Extinction times (NA means extant)
[1] 30.50542 30.03282 42.74421 40.91036 41.37948 29.80586


Speciation times 
[1] 49.26651 44.08383 43.19391 42.31245 42.24743 30.66130


Species parents (NA for initial)
[1] NA  1  1  1  1  1


Species status (extinct or extant)
[1] "extinct" "extinct" "extinct" "extinct" "extinct" "extinct"


For more details on vector y, try sim$y, with y one of
TE TS PAR EXTANT



$TE
  [1] 30.5054181 30.0328170 42.7442066 40.9103613 41.3794782 29.8058626
  [7] 31.9616134 35.2076499 28.5831538 31.0684449 27.8925938 22.4813343
 [13] 35.9136966 30.2977168 27.1011795 16.4132027 20.7269246 19.6031950
 [19] 23.6433363 30.2192555 13.3382052 25.8647539 14.4113555 11.8322594
 [25] 22.2892137 14.9265268 22.7873139 13.7390282 13.9603328 17.2680799
 [31]         NA 12.1744924 13.9419488  4.6776979 14.2669364 25.3031930
 [37] 13.7933554 15.0389845  5.7483295  0.9919797  8.6390787         NA
 [43]         NA         NA 11.8272479 15.3665639  4.8213905         NA
 [49]  5.5668048  3.4666078         NA  4.9207513         NA         NA
 [55]         NA  2.0170602 12.9170669 14.9007944 10.5774637 13.3746878
 [61] 10.7844761  2.4099623 11.1217226         NA         NA         NA
 [67]         NA  5.7731153  2.6087721         NA  6.5258671  5.4213161
 [73]         NA 12.3499318         NA 13.0015557         NA  7.5685221
 [79]  1.0309156         NA         NA         NA  5.1209459  0.5573776
 [85]         NA  3.6661914  1.2262218  8.3941972         NA         NA
 [91]  6.0627168         NA         NA         NA  7.2112531         NA
 [97]  0.7130025 12.0311819  4.1928424  5.6731338  3.7883674         NA
[103]         NA         NA         NA         NA         NA  4.8536538
[109]         NA  1.8800548  1.0258695  3.2811389         NA         NA
[115]  0.7902950         NA  0.8418707  2.5956664  6.3265594         NA
[121]         NA  1.7775474  5.2045712         NA  7.2146500         NA
[127]         NA         NA         NA  1.2129710  0.7951739 13.4096723
[133]         NA         NA         NA  1.5365300         NA         NA
[139]         NA         NA         NA         NA  0.6404285  4.7813214
[145]  0.3828986         NA         NA  2.2447915  0.5211009  6.1174299
[151]  2.6349685  3.0751323         NA         NA         NA         NA
[157]  3.0569246  5.8284223  4.0102560         NA         NA         NA
[163]         NA         NA         NA  0.4770738         NA         NA
[169]         NA         NA         NA         NA         NA         NA
[175]  1.4104105         NA  2.7514118         NA         NA         NA
[181]         NA         NA  5.3972538

$TS
  [1] 49.26651148 44.08382807 43.19391358 42.31245428 42.24743418 30.66130334
  [7] 39.23637196 37.39083123 35.63492032 31.26352727 42.10635598 30.06549135
 [13] 37.02291384 34.72056561 38.78436544 28.45723984 25.35470013 23.98666989
 [19] 23.96885716 33.92223429 31.44145710 26.47713150 22.75774641 22.16906763
 [25] 22.47509299 21.39907885 29.57351428 21.19208227 20.97149049 17.73086066
 [31] 18.37565051 17.32440341 15.66093551 18.41808964 16.81933596 25.63362650
 [37] 15.25357751 15.11545623 14.78251925  9.58309068  9.19080219  7.79366887
 [43]  6.15172375  4.49366647 13.90099604 18.20000494 17.71258293 11.63519781
 [49]  6.61037978  5.57709515  9.38685599  6.60193640  1.30121703  5.53001630
 [55]  2.63157206  4.80699591 13.83373523 16.06017771 16.37815010 15.88252526
 [61] 14.48690384 12.63130910 11.24383240  6.97509038  6.29814217  9.99503697
 [67]  9.30985058  8.05384958  7.80413223  4.25334793  8.93386706  8.72524169
 [73]  7.98688540 13.46213313 11.75199469 14.50631833  9.91676554  8.19456077
 [79]  3.32494641  0.02541434  7.53245666  2.81974044  8.27962986  8.03908083
 [85]  6.02543316  6.13256901  3.05270024  8.59316683  7.52986967  6.83599001
 [91]  6.08044367  5.45899373  4.75272716  9.94837728  9.76416444  8.92349586
 [97]  6.86359331 14.12695092  8.76747877  8.69112919  8.08674540  3.95294720
[103]  2.42063573  0.98378717  3.01463392  1.46519237  2.40635011  7.68279710
[109]  7.71272040  6.00295866  5.50881699  5.36960588  3.40440650  3.38703166
[115]  3.02358789  0.84118607  8.44401346  6.30733475  6.43397731  5.74586244
[121]  0.70141270  4.04221955  7.21829777  7.68005872  7.39044160  6.56903655
[127]  2.60728271  1.68572047  1.47433971  5.56749147  3.31917153 13.60058928
[133]  3.20292269  3.10207728  0.82461354  2.13388929  1.67252901  0.17804664
[139]  5.99203155  2.18002662  2.70830133  3.02570242  1.51759130  4.99057877
[145]  2.52800185  2.06945632  1.90011916  4.41304016  4.06032082  6.23615371
[151]  5.01643350  3.27402730  3.28474311  2.93095188  2.28177210  5.89264806
[157]  6.96718057  6.46734175  4.26508847  3.76747165  3.61150190  1.78369584
[163]  2.61641101  0.40268145  0.15436549  1.04969122  0.48032077  2.40287666
[169]  1.07172577  0.93456814  3.28332604  1.34645446  0.89387095  0.30103294
[175]  6.52540402  6.00847302  3.83400785  1.85014528  1.18394203  0.82008546
[181]  0.60121767  5.78228223  5.55504575

$PAR
  [1]  NA   1   1   1   1   1   2   2   2   2   5   6   8   9  11  11  12  12
 [19]  12  14  15  16  16  16  18  18  21  21  21  21  23  23  23  24  24  27
 [37]  28  28  31  31  31  31  31  31  32  34  34  34  34  34  39  40  40  42
 [55]  42  43  45  46  47  47  47  47  47  47  47  48  48  48  48  50  51  51
 [73]  51  59  59  60  62  62  62  64  66  66  67  67  68  69  70  72  72  73
 [91]  73  73  73  75  75  75  75  76  77  77  77  77  77  77  79  79  81  83
[109]  84  84  84  84  84  84  84  84  88  89  90  90  92  93  95  96  96  96
[127]  96  96  96  97  97  98 102 102 104 105 105 105 108 109 110 111 111 112
[145] 114 114 114 117 117 118 118 118 120 120 122 123 124 124 124 124 126 130
[163] 131 134 135 139 140 141 141 145 153 153 154 154 157 157 157 161 161 163
[181] 163 175 176

$EXTANT
  [1] FALSE FALSE FALSE FALSE FALSE FALSE FALSE FALSE FALSE FALSE FALSE FALSE
 [13] FALSE FALSE FALSE FALSE FALSE FALSE FALSE FALSE FALSE FALSE FALSE FALSE
 [25] FALSE FALSE FALSE FALSE FALSE FALSE  TRUE FALSE FALSE FALSE FALSE FALSE
 [37] FALSE FALSE FALSE FALSE FALSE  TRUE  TRUE  TRUE FALSE FALSE FALSE  TRUE
 [49] FALSE FALSE  TRUE FALSE  TRUE  TRUE  TRUE FALSE FALSE FALSE FALSE FALSE
 [61] FALSE FALSE FALSE  TRUE  TRUE  TRUE  TRUE FALSE FALSE  TRUE FALSE FALSE
 [73]  TRUE FALSE  TRUE FALSE  TRUE FALSE FALSE  TRUE  TRUE  TRUE FALSE FALSE
 [85]  TRUE FALSE FALSE FALSE  TRUE  TRUE FALSE  TRUE  TRUE  TRUE FALSE  TRUE
 [97] FALSE FALSE FALSE FALSE FALSE  TRUE  TRUE  TRUE  TRUE  TRUE  TRUE FALSE
[109]  TRUE FALSE FALSE FALSE  TRUE  TRUE FALSE  TRUE FALSE FALSE FALSE  TRUE
[121]  TRUE FALSE FALSE  TRUE FALSE  TRUE  TRUE  TRUE  TRUE FALSE FALSE FALSE
[133]  TRUE  TRUE  TRUE FALSE  TRUE  TRUE  TRUE  TRUE  TRUE  TRUE FALSE FALSE
[145] FALSE  TRUE  TRUE FALSE FALSE FALSE FALSE FALSE  TRUE  TRUE  TRUE  TRUE
[157] FALSE FALSE FALSE  TRUE  TRUE  TRUE  TRUE  TRUE  TRUE FALSE  TRUE  TRUE
[169]  TRUE  TRUE  TRUE  TRUE  TRUE  TRUE FALSE  TRUE FALSE  TRUE  TRUE  TRUE
[181]  TRUE  TRUE FALSE

