
Birth-death simulation object with 124 species and 36 extant species

Details for some species:

Extinction times (NA means extant)
[1] 48.82008 40.17593 47.09972 46.88745 31.24470 41.45059


Speciation times 
[1] 53.44310 51.93058 50.20032 48.92320 47.35220 45.65645


Species parents (NA for initial)
[1] NA  1  1  2  4  5


Species status (extinct or extant)
[1] "extinct" "extinct" "extinct" "extinct" "extinct" "extinct"


For more details on vector y, try sim$y, with y one of
TE TS PAR EXTANT



$TE
  [1] 48.82007807 40.17593385 47.09971616 46.88744838 31.24469547 41.45059198
  [7] 36.22523697 25.98624060 41.35933002 38.12104700 22.98511343 19.15433851
 [13] 17.08807125 36.34882544 38.50331468 18.18418080 16.86980191 27.22293907
 [19] 22.74106503  4.61509806 37.48163738 26.15561538 16.81350865  8.46873375
 [25] 35.89984218 20.13244197  9.87381645 17.95947041 15.00526515 19.06262606
 [31] 15.44232517 18.15354687 14.89866788          NA  9.44091804          NA
 [37]          NA  2.43248806 38.46231150 21.40718438 18.03100206 18.87855364
 [43] 15.09236816          NA 19.24261022  5.23830422 10.04688895  0.43617500
 [49]          NA          NA  0.45496497 41.14808191 38.57804709 15.83785444
 [55]  9.15043855  1.91922389          NA          NA  4.72113438  5.64265428
 [61] 10.66267326          NA          NA          NA 31.81828326 38.25146381
 [67] 21.04865992          NA  9.34102640  4.44476556          NA          NA
 [73]          NA  1.19896107  1.57903782  0.51532788 17.53220596 34.07630386
 [79] 29.33221732  1.55604126          NA          NA  6.27703979  2.86911360
 [85]          NA          NA          NA          NA  2.43626131          NA
 [91]          NA 22.37001023 17.12261648 25.43020014 21.04750977 17.90634210
 [97] 21.10400578          NA          NA  0.47095682          NA 17.78585760
[103] 19.51662418 14.78803651 18.65521681 15.26707538 16.46035521          NA
[109]  0.13233309          NA          NA          NA 15.36812783 18.63075236
[115] 18.06056306          NA          NA          NA          NA  0.02502584
[121]          NA          NA 18.69201729 17.10149555

$TS
  [1] 53.4431030 51.9305802 50.2003239 48.9231978 47.3522023 45.6564537
  [7] 37.3360471 33.1017528 44.5140785 44.4520957 30.3281964 27.9517742
 [13] 42.6648284 40.1675653 39.9426580 27.5332100 27.8873348 27.3695426
 [19] 22.8363522 19.9289680 42.4888560 39.0054565 18.9023803 17.5824319
 [25] 38.9759277 26.8611886 19.7903052 18.7370420 23.8048624 19.8301721
 [31] 18.7507218 18.3142023 16.6333667 12.3229079 10.9616565 10.0455520
 [37]  9.6634425  7.5474041 42.0898586 30.0199516 18.0678845 19.3686753
 [43] 18.0494622 11.6769740 19.2432285 12.1660989 11.4950954  2.0867037
 [49] 10.5747622  7.8802794  1.0208478 41.6535600 40.8949409 23.9796791
 [55] 10.1970781  9.7557281  6.7827737  6.2688554  5.9035284  5.8295516
 [61] 11.4414242  1.6630448  7.3716071  0.7349310 39.7268194 39.6378432
 [67] 21.8665040  9.8492634  9.5600491  7.7280664  6.5763319  6.2378643
 [73]  5.9236406  3.7947063  2.5441624  1.7428035 36.6220167 34.6531722
 [79] 33.4633282  6.4750715  0.4139311  4.7298381  6.3252318  3.7538228
 [85]  3.4661418  1.4775922  0.3748919  4.2127697  3.5140974  2.2673085
 [91]  1.6999549 26.8884488 26.6255369 26.5795851 24.6125085 19.3532501
 [97] 30.0320073  3.0635962  2.9059004  3.3067336  1.6949738 21.2337624
[103] 20.2620879 19.8522272 19.2824580 18.2037999 21.4360558  0.3851071
[109]  0.1810778  2.0379618  0.9189340  2.0014247 15.9710091 19.0606967
[115] 20.9996716  0.7082700  0.6690713  0.7412841  0.6658969  0.9631475
[121]  0.9302281  0.3367715 18.9134822 18.9057440

$PAR
  [1]  NA   1   1   2   4   5   5   5   6   6   8   8   9  10  10  11  12  12
 [19]  12  12  13  13  13  13  15  16  16  16  17  17  17  17  20  20  20  20
 [37]  20  20  21  22  23  27  27  27  29  34  34  34  35  36  37  39  39  40
 [55]  44  44  44  46  46  46  47  48  49  51  53  53  54  55  56  56  56  56
 [73]  56  58  63  63  65  65  65  68  68  70  71  71  72  72  72  73  73  73
 [91]  74  77  77  77  77  77  79  80  80  88  88  93  93  93  93  96  97  98
[109]  98  99  99 100 104 105 107 110 110 111 111 112 112 112 114 123

$EXTANT
  [1] FALSE FALSE FALSE FALSE FALSE FALSE FALSE FALSE FALSE FALSE FALSE FALSE
 [13] FALSE FALSE FALSE FALSE FALSE FALSE FALSE FALSE FALSE FALSE FALSE FALSE
 [25] FALSE FALSE FALSE FALSE FALSE FALSE FALSE FALSE FALSE  TRUE FALSE  TRUE
 [37]  TRUE FALSE FALSE FALSE FALSE FALSE FALSE  TRUE FALSE FALSE FALSE FALSE
 [49]  TRUE  TRUE FALSE FALSE FALSE FALSE FALSE FALSE  TRUE  TRUE FALSE FALSE
 [61] FALSE  TRUE  TRUE  TRUE FALSE FALSE FALSE  TRUE FALSE FALSE  TRUE  TRUE
 [73]  TRUE FALSE FALSE FALSE FALSE FALSE FALSE FALSE  TRUE  TRUE FALSE FALSE
 [85]  TRUE  TRUE  TRUE  TRUE FALSE  TRUE  TRUE FALSE FALSE FALSE FALSE FALSE
 [97] FALSE  TRUE  TRUE FALSE  TRUE FALSE FALSE FALSE FALSE FALSE FALSE  TRUE
[109] FALSE  TRUE  TRUE  TRUE FALSE FALSE FALSE  TRUE  TRUE  TRUE  TRUE FALSE
[121]  TRUE  TRUE FALSE FALSE

