
Birth-death simulation object with 157 species and 49 extant species

Details for some species:

Extinction times (NA means extant)
[1] 43.86814 38.78135 21.96879 35.58159 33.53206 25.98365


Speciation times 
[1] 53.44310 47.13437 44.95738 43.08935 34.79515 28.27924


Species parents (NA for initial)
[1] NA  1  2  3  3  3


Species status (extinct or extant)
[1] "extinct" "extinct" "extinct" "extinct" "extinct" "extinct"


For more details on vector y, try sim$y, with y one of
TE TS PAR EXTANT



$TE
  [1] 43.868140655 38.781352747 21.968794108 35.581589135 33.532062473
  [6] 25.983647001 26.505392911 34.446751649 21.609313983 18.868313513
 [11] 17.716336522 20.162617766 18.168441461 18.574823214 17.330681929
 [16] 19.822717335           NA 20.977485675 18.421216177 16.696896661
 [21] 16.975491462  7.270120391 24.410306060 19.119721726 24.802404944
 [26] 18.607250095 23.972935825 23.909070985 18.832212106 17.401419945
 [31]  9.706807217 16.685866184 10.742856907  0.843249079           NA
 [36]           NA 15.888686347 22.943093390 18.199164492 20.516605026
 [41] 17.368326963  0.194356855 11.226886713           NA 24.521975520
 [46] 19.560882385 18.570870210 17.681058840  8.559328960 16.155996254
 [51]  1.554284581  6.003120616 11.041387318           NA           NA
 [56] 21.776737381 19.020230321 15.102375350 18.079446550 10.703525889
 [61]  8.725891773           NA  0.003206306  3.422344890 19.059462777
 [66] 18.494464579 15.847022386           NA  4.398301273  6.402466096
 [71]  6.881091646           NA  6.340749861  0.754083783  0.227935403
 [76]  0.299299044 18.351585813 16.179386669  2.998757077           NA
 [81]  5.982214796 10.312217220           NA  7.966382240  3.073172761
 [86]  6.836330238  5.055650487           NA           NA  1.080858347
 [91]  1.129854391 17.940316847 18.449596402  6.708917766  4.237061726
 [96]           NA  6.272493672  1.118425932           NA  2.188713067
[101]  2.350217943  4.868980625           NA           NA           NA
[106]           NA           NA 13.836880406  7.161847937           NA
[111]  6.581523592  7.537759141  6.753861858  3.874910813  4.773238704
[116]           NA           NA  0.342436165           NA           NA
[121]           NA           NA           NA           NA           NA
[126]  1.038236303           NA           NA  0.265958330  1.904657690
[131]           NA           NA           NA           NA           NA
[136]  1.178985628  2.192984621  5.984921925  4.871004391  4.381630897
[141]           NA  1.282936132  0.628723404           NA           NA
[146]           NA           NA           NA           NA           NA
[151]           NA  2.786116134           NA  0.838685452           NA
[156]           NA  1.261375640

$TS
  [1] 53.443103002 47.134369489 44.957383000 43.089350159 34.795152632
  [6] 28.279235494 38.020792547 36.921063832 34.400667958 27.137782376
 [11] 30.965170657 27.218197483 23.535064436 21.148007052 19.580337257
 [16] 29.604494986 28.832360459 22.609906516 26.915897170 22.116845792
 [21] 18.860695525 19.431282235 27.645527954 27.802870848 26.743848263
 [26] 26.144376235 25.172442950 24.333287248 22.179351671 19.290179412
 [31] 18.357925123 16.885124427 12.256116477 12.015945519  5.369849770
 [36]  3.209240996 25.217607335 25.008273768 19.750326601 20.785907151
 [41] 18.225321765 13.399865907 11.688429270  7.951376515 27.502283875
 [46] 20.186038843 19.893043587 20.868382358 16.969951243 16.421054421
 [51] 14.172678677 10.593619525 11.192823085  1.840502815  3.467323892
 [56] 22.308927802 19.071503478 17.634220960 24.106294659 11.101390838
 [61]  8.886340275  6.902148052  2.461050071  5.460402988 19.328214942
 [66] 18.650999360 16.568029391  9.750186343  9.341388641 16.395660715
 [71] 10.463197978  9.329967652  8.482794054  1.404962263  1.151478102
 [76]  1.633347040 21.736722475 18.450897941  5.195715037  3.777438873
 [81]  6.065486377 11.292394170 10.684812537  9.582582772  6.697345091
 [86]  8.362276838  6.907717022  6.586150687  4.877873577  3.613277143
 [91]  7.278587268 20.872570417 20.790060053 10.619517540  7.374933241
 [96]  7.317231659  7.107818449  1.940140768  0.001609145  6.883425230
[101]  5.165911920  5.683130894  4.726473057  0.260563718  0.150879272
[106]  1.811707692  5.938146341 19.388952683 10.408745927 10.240109660
[111]  9.803631515  8.837690161  6.878139483  6.518947549  5.587582830
[116]  0.566268673  2.498238904  4.704754252  2.887819581  0.792809766
[121]  1.697293619  5.079020653  3.783864690  3.026355200  9.990360837
[126]  8.327216634  6.490032356  4.505712530  8.750202255  4.341063095
[131]  3.695700067  2.992554057  0.929587807  0.785730988  1.551130762
[136]  3.440590521  2.413528604  8.537064935  6.581690975  5.838454643
[141]  3.353258221  2.962731152  7.636032799  5.689597393  2.917655098
[146]  1.713385373  1.393560986  0.720369627  0.209887721  0.915318454
[151]  2.260655494  7.209208076  1.535263070  4.354578544  2.066448250
[156]  1.490960161  2.015487151

$PAR
  [1]  NA   1   2   3   3   3   4   7   7   7   9   9  10  10  10  11  11  11
 [19]  12  12  14  15  16  17  17  17  17  17  17  17  17  17  17  17  17  17
 [37]  19  19  19  20  22  22  22  22  24  26  26  29  31  31  31  31  33  34
 [55]  35  37  37  37  38  42  42  42  42  44  47  47  49  49  49  50  51  51
 [73]  52  54  54  55  59  59  64  68  69  70  70  70  70  71  72  72  72  72
 [91]  73  77  77  82  83  83  83  83  83  87  87  88  88  88  88  89  91  92
[109]  94  94  94  94  96  96  96  96 100 103 103 103 106 107 107 107 109 110
[127] 110 110 112 114 118 118 119 120 122 123 123 125 125 125 125 126 129 129
[145] 130 132 132 133 133 135 137 138 142 144 151 151 155

$EXTANT
  [1] FALSE FALSE FALSE FALSE FALSE FALSE FALSE FALSE FALSE FALSE FALSE FALSE
 [13] FALSE FALSE FALSE FALSE  TRUE FALSE FALSE FALSE FALSE FALSE FALSE FALSE
 [25] FALSE FALSE FALSE FALSE FALSE FALSE FALSE FALSE FALSE FALSE  TRUE  TRUE
 [37] FALSE FALSE FALSE FALSE FALSE FALSE FALSE  TRUE FALSE FALSE FALSE FALSE
 [49] FALSE FALSE FALSE FALSE FALSE  TRUE  TRUE FALSE FALSE FALSE FALSE FALSE
 [61] FALSE  TRUE FALSE FALSE FALSE FALSE FALSE  TRUE FALSE FALSE FALSE  TRUE
 [73] FALSE FALSE FALSE FALSE FALSE FALSE FALSE  TRUE FALSE FALSE  TRUE FALSE
 [85] FALSE FALSE FALSE  TRUE  TRUE FALSE FALSE FALSE FALSE FALSE FALSE  TRUE
 [97] FALSE FALSE  TRUE FALSE FALSE FALSE  TRUE  TRUE  TRUE  TRUE  TRUE FALSE
[109] FALSE  TRUE FALSE FALSE FALSE FALSE FALSE  TRUE  TRUE FALSE  TRUE  TRUE
[121]  TRUE  TRUE  TRUE  TRUE  TRUE FALSE  TRUE  TRUE FALSE FALSE  TRUE  TRUE
[133]  TRUE  TRUE  TRUE FALSE FALSE FALSE FALSE FALSE  TRUE FALSE FALSE  TRUE
[145]  TRUE  TRUE  TRUE  TRUE  TRUE  TRUE  TRUE FALSE  TRUE FALSE  TRUE  TRUE
[157] FALSE

