
Birth-death simulation object with 128 species and 50 extant species

Details for some species:

Extinction times (NA means extant)
[1] 33.08821 50.29740 40.06072 28.13669 36.09307 35.68501


Speciation times 
[1] 53.44310 53.15277 43.31887 42.71190 39.06732 37.05192


Species parents (NA for initial)
[1] NA  1  1  1  1  1


Species status (extinct or extant)
[1] "extinct" "extinct" "extinct" "extinct" "extinct" "extinct"


For more details on vector y, try sim$y, with y one of
TE TS PAR EXTANT



$TE
  [1] 33.0882060 50.2973979 40.0607203 28.1366867 36.0930653 35.6850150
  [7] 46.9093584 17.9009487 31.9888895 19.5601292 23.2571551 15.7946959
 [13] 16.1231014 18.1053369 30.3483944 21.8212196 18.1002845 16.8606175
 [19]         NA 21.3117899 22.2275960 17.8021212 14.0225478 12.1895382
 [25] 25.0500622 21.2087733 15.6650796 17.8407087 17.3276975         NA
 [31] 24.1288497 19.4594696 18.9215991 20.0760391 16.5758500 16.8935625
 [37]         NA 13.5631076 17.8689029 17.3539720  8.7792338 25.7108469
 [43] 14.7081283 12.4301553  9.8208827  5.0204919  4.2381067  1.8372479
 [49]         NA  1.0757477 15.3436147 17.1211133  6.6389948  5.5252745
 [55] 18.9862996  8.7952088         NA         NA         NA         NA
 [61]  0.4103800         NA         NA         NA         NA         NA
 [67]  2.3306737 24.1623316  2.6421278  7.3152803         NA         NA
 [73]         NA         NA  2.0545781         NA  1.1832214         NA
 [79]  1.2791730         NA 18.7402052  6.8502358  1.6073389         NA
 [85]  0.5661554  0.1460777         NA         NA         NA         NA
 [91] 18.8963120  2.6742787  5.1529543         NA  3.5754099         NA
 [97]  4.8055773         NA         NA         NA 17.0556168  3.1773677
[103]         NA         NA  2.9740321         NA         NA         NA
[109]         NA         NA         NA         NA         NA 17.3781991
[115]  1.7669557         NA  4.3783624         NA         NA  1.7467670
[121]         NA         NA         NA         NA         NA         NA
[127]  0.2734982         NA

$TS
  [1] 53.44310300 53.15276722 43.31887275 42.71190210 39.06732289 37.05191991
  [7] 50.31882972 28.80203897 37.94719191 35.94992203 25.08212350 21.78252939
 [13] 20.85541068 33.93988324 32.07356691 31.26248503 20.13359302 18.99609307
 [19] 32.39488159 29.17443973 31.24878739 23.68939598 18.77758772 18.03805228
 [25] 27.67898820 22.78137799 19.22724814 19.19502557 18.80084143  4.39412359
 [31] 30.07788363 21.52402141 21.09041915 20.77710212 20.73307484 17.51008285
 [37] 13.65535346 27.38629739 21.30459264 18.36788312 17.52364663 29.78066752
 [43] 16.65232686 12.78031366 12.62591682 10.08975237  7.14413781  4.82107770
 [49]  3.51369648  3.09170009 22.87257629 18.12001404 10.97675416 10.07446171
 [55] 26.97049495 10.16129920  8.27667951  5.20761139  4.52320159  2.85457524
 [61]  1.85679262  0.63967898  1.11383299  9.06872837  9.25507082  9.24199978
 [67]  5.60682227 26.06222511  9.99801732  9.25891690  9.02685267  1.27349114
 [73]  2.43137618  5.44598093  3.72831984  2.38950560  2.01055905  1.67257676
 [79]  3.50508001  4.42023630 25.45630348  9.12348651  6.21686659  8.04264736
 [85]  4.09199832  1.27090617  1.99974158  1.60930881  3.66551236  1.88506424
 [91] 21.21237352 21.20910063  6.18812939  7.85051475  7.84284862  6.35308248
 [97]  5.50548556  2.92193367  2.41184907  0.40847992 19.54490032  4.50229151
[103]  7.21104214  6.56059088  5.71645218  4.87369340  3.16291377  0.37083876
[109]  6.31713365  5.06525742  1.80138192  1.24052420  0.44245098 17.42294628
[115]  5.46476203  0.72144027  6.14007651  3.32962510  5.14743216  6.30263924
[121]  3.83072633  2.19346383  0.02369714  5.82701053  1.26127727  1.68824046
[127]  2.13834074  1.64157894

$PAR
  [1]  NA   1   1   1   1   1   2   4   5   6   8   8   8  10  10  10  12  12
 [19]  14  14  16  16  17  18  19  19  19  19  19  19  21  22  22  22  22  23
 [37]  24  25  26  28  29  31  35  37  37  37  37  37  37  37  38  38  41  41
 [55]  42  45  46  46  48  48  49  49  50  53  54  54  54  55  56  56  56  58
 [73]  60  64  64  64  64  64  66  67  68  69  69  70  71  71  73  78  80  80
 [91]  81  81  83  84  84  84  84  84  85  90  91  92  94  94  94  94  94  94
[109]  95  96  98  99  99 101 103 103 104 104 105 109 115 115 116 117 118 119
[127] 120 121

$EXTANT
  [1] FALSE FALSE FALSE FALSE FALSE FALSE FALSE FALSE FALSE FALSE FALSE FALSE
 [13] FALSE FALSE FALSE FALSE FALSE FALSE  TRUE FALSE FALSE FALSE FALSE FALSE
 [25] FALSE FALSE FALSE FALSE FALSE  TRUE FALSE FALSE FALSE FALSE FALSE FALSE
 [37]  TRUE FALSE FALSE FALSE FALSE FALSE FALSE FALSE FALSE FALSE FALSE FALSE
 [49]  TRUE FALSE FALSE FALSE FALSE FALSE FALSE FALSE  TRUE  TRUE  TRUE  TRUE
 [61] FALSE  TRUE  TRUE  TRUE  TRUE  TRUE FALSE FALSE FALSE FALSE  TRUE  TRUE
 [73]  TRUE  TRUE FALSE  TRUE FALSE  TRUE FALSE  TRUE FALSE FALSE FALSE  TRUE
 [85] FALSE FALSE  TRUE  TRUE  TRUE  TRUE FALSE FALSE FALSE  TRUE FALSE  TRUE
 [97] FALSE  TRUE  TRUE  TRUE FALSE FALSE  TRUE  TRUE FALSE  TRUE  TRUE  TRUE
[109]  TRUE  TRUE  TRUE  TRUE  TRUE FALSE FALSE  TRUE FALSE  TRUE  TRUE FALSE
[121]  TRUE  TRUE  TRUE  TRUE  TRUE  TRUE FALSE  TRUE

