
Birth-death simulation object with 105 species and 23 extant species

Details for some species:

Extinction times (NA means extant)
[1] 36.64151 40.41030 36.50739 34.46985 27.76868 41.33987


Speciation times 
[1] 53.44310 42.57140 42.33463 37.48772 37.10891 42.01824


Species parents (NA for initial)
[1] NA  1  1  1  1  2


Species status (extinct or extant)
[1] "extinct" "extinct" "extinct" "extinct" "extinct" "extinct"


For more details on vector y, try sim$y, with y one of
TE TS PAR EXTANT



$TE
  [1] 36.6415132 40.4102983 36.5073903 34.4698468 27.7686848 41.3398715
  [7] 33.8133824 33.4738214 28.7857200 14.9065315 17.9010577 18.1127124
 [13] 15.9405996  6.6340840 15.1013417 18.2825439 23.1346453 16.6008141
 [19] 18.5906983 21.5480520 19.1368709 21.2958094 18.7834778 10.0688281
 [25]  7.6840259  4.2502432  3.5362219  4.1905339 17.7119797 19.2294945
 [31] 26.5794994 21.4355175 19.8078572 19.6658448 16.8688248 13.5821516
 [37] 18.5973609 14.0115808  8.8050452 10.8699465  9.5625386  3.4632691
 [43]         NA 17.9376035 21.7576224 16.7526186 25.6104063 25.6368203
 [49] 17.2990677 18.8112434 18.0294605 23.5665962 18.4430189 18.7212364
 [55] 17.5106440 13.4156055  4.7049192  6.2468347 22.0689301 17.9518300
 [61] 18.9089243  6.9352177  6.6658862 18.8735355 14.6602331  6.9030347
 [67] 16.2586530 19.1243091 18.7253487         NA  1.0272486         NA
 [73] 17.0625382         NA 18.8564835 15.2355029         NA         NA
 [79]  9.3623643  0.2365980  0.5926291         NA 16.0121489 15.4933154
 [85]         NA         NA  5.4144777         NA  0.1809786         NA
 [91]         NA 16.3789926  5.5225724  1.7232091         NA         NA
 [97]         NA         NA         NA         NA         NA         NA
[103]         NA         NA         NA

$TS
  [1] 53.44310300 42.57140189 42.33463124 37.48772098 37.10890956 42.01824087
  [7] 37.63812901 37.32574059 30.95365125 41.89965307 34.12182008 23.68537824
 [13] 16.97757541 14.98070829 32.71512471 28.11085219 27.28983845 24.76091878
 [19] 23.14551918 21.60623907 21.28361577 21.75795699 21.17890032 14.12293467
 [25] 13.34509622 13.10429467  8.47473155  7.60405753 32.43286883 31.89887873
 [31] 31.53884724 22.86040842 22.72222322 26.14442468 25.21278293 20.28141464
 [37] 20.18334300 19.71346974 11.72166119 13.08222048 11.47164383  8.18054295
 [43]  3.95318450 28.30096516 27.22373337 19.46447519 27.06942108 25.69903990
 [49] 21.69823151 21.66188357 20.22959852 26.05157527 21.39290328 19.49281864
 [55] 17.99910004 15.49291316 11.21502671 23.24288900 26.03483603 19.42796419
 [61] 24.10437844 14.28712387  7.50082619 21.09956817 19.17888655 15.62108699
 [67] 23.44065584 23.87659032 20.50739732 10.08959922 16.08829238 12.03394626
 [73] 18.34276765 19.97643005 19.80475451 16.02410352  9.44869912  2.07299479
 [79]  9.84942400  4.71022867  1.90446355  1.10279141 19.40260339 16.99189441
 [85]  8.41280620  7.25752419  7.15925537  0.64857434  0.61196601  4.66434625
 [91]  0.57317783 17.03620537  7.11472014  3.91311723  1.27672232  3.92173715
 [97]  2.81293013  1.86647070  1.02424371  1.61280368  0.99258469  1.74150417
[103]  0.21020583  0.10217447  0.03833364

$PAR
  [1]  NA   1   1   1   1   2   3   3   5   6   8  10  10  10  11  11  11  11
 [19]  11  11  11  12  12  14  14  14  14  14  15  15  15  15  15  16  17  23
 [37]  23  23  24  25  25  27  27  29  29  29  30  30  30  33  33  34  34  35
 [55]  38  38  41  44  47  49  52  56  57  58  58  58  59  61  61  62  65  66
 [73]  67  68  68  71  71  71  72  72  72  72  74  74  74  74  74  77  77  80
 [91]  80  83  85  85  85  86  94  94  96  97  97  98  99  99 101

$EXTANT
  [1] FALSE FALSE FALSE FALSE FALSE FALSE FALSE FALSE FALSE FALSE FALSE FALSE
 [13] FALSE FALSE FALSE FALSE FALSE FALSE FALSE FALSE FALSE FALSE FALSE FALSE
 [25] FALSE FALSE FALSE FALSE FALSE FALSE FALSE FALSE FALSE FALSE FALSE FALSE
 [37] FALSE FALSE FALSE FALSE FALSE FALSE  TRUE FALSE FALSE FALSE FALSE FALSE
 [49] FALSE FALSE FALSE FALSE FALSE FALSE FALSE FALSE FALSE FALSE FALSE FALSE
 [61] FALSE FALSE FALSE FALSE FALSE FALSE FALSE FALSE FALSE  TRUE FALSE  TRUE
 [73] FALSE  TRUE FALSE FALSE  TRUE  TRUE FALSE FALSE FALSE  TRUE FALSE FALSE
 [85]  TRUE  TRUE FALSE  TRUE FALSE  TRUE  TRUE FALSE FALSE FALSE  TRUE  TRUE
 [97]  TRUE  TRUE  TRUE  TRUE  TRUE  TRUE  TRUE  TRUE  TRUE

