
Birth-death simulation object with 120 species and 26 extant species

Details for some species:

Extinction times (NA means extant)
[1] 50.91713 39.65262 35.64554 35.31326 42.19712 39.34183


Speciation times 
[1] 53.44310 51.59770 46.14744 44.97238 44.55781 43.80101


Species parents (NA for initial)
[1] NA  1  2  2  2  2


Species status (extinct or extant)
[1] "extinct" "extinct" "extinct" "extinct" "extinct" "extinct"


For more details on vector y, try sim$y, with y one of
TE TS PAR EXTANT



$TE
  [1] 50.91712780 39.65262461 35.64553622 35.31325987 42.19712036 39.34182934
  [7] 41.74341796 29.17208210 32.27397977 34.80869366 36.34499524 33.24141018
 [13] 22.88351819 22.37845305 20.72817037 37.07525887 34.38151774 35.16662551
 [19] 21.48335801 17.88803803 28.93769813 26.40676149 27.94992778 27.94763305
 [25] 30.48175440 31.80252752 23.90885257 21.26528754 24.22687574 26.52595649
 [31] 34.28515880 27.96098980 25.30632514 35.11584430 36.99804581 29.43831154
 [37] 29.83375305 32.46208331 19.47179835 13.37913226 18.52178218 23.08103867
 [43] 30.89828825 18.74579233 23.15346492 33.74603347 19.03626182 18.63668025
 [49] 10.23682473 16.92464842  4.99156372 14.32257593 20.60230384 18.88722575
 [55] 27.44521331 19.47759926 14.22143325          NA  6.34898267 19.04604697
 [61] 13.82836962 17.28228944 19.47291042          NA  0.52409920 18.52240349
 [67] 25.87447400 22.91691752 18.54125271          NA  0.43388132          NA
 [73] 14.68592468          NA 17.39498201  9.12026016 16.81374594          NA
 [79]          NA          NA 18.89656030          NA  9.34313015  2.78531279
 [85]  7.58446566  7.76621770          NA  3.58117028  4.00212456  5.02563129
 [91]  3.75830695          NA          NA  5.29886983          NA          NA
 [97]  0.01302085          NA  3.79272615          NA  0.01208521  2.93163705
[103]  4.76132135          NA  1.94468092          NA          NA          NA
[109]  4.56790526  0.79057515          NA  0.83187605  4.69852108          NA
[115]          NA          NA  1.95093179          NA  5.45627360          NA

$TS
  [1] 53.4431030 51.5977037 46.1474394 44.9723754 44.5578105 43.8010072
  [7] 42.7427150 42.9718914 38.6800233 43.1076593 40.5520417 39.8915412
 [13] 39.3921449 35.9352034 41.9766193 38.0582151 37.8058451 36.3915630
 [19] 23.8996603 35.3532823 33.6972414 28.2999295 27.9680323 41.1227680
 [25] 38.4412866 35.4957020 23.9584083 21.9346188 24.3276513 30.7835444
 [31] 39.9604983 38.3650704 36.3675745 35.6922130 38.3956766 36.5028280
 [37] 33.7473445 33.3225173 31.9908263 30.0754518 27.4042758 26.6658260
 [43] 32.2209504 36.2551347 32.8057734 34.0554928 31.7826496 31.1168626
 [49] 24.3708667 22.8545431 13.7984216 20.8497461 27.6395809 23.5861196
 [55] 27.9702635 21.2331938 14.5847770 10.2373160  9.0519137 19.3377246
 [61] 14.4678077 26.9993631 26.9355996  4.6991127  7.5253953 26.3965895
 [67] 26.3762585 25.7333763 23.6663150  1.3827072  4.6249384  2.0627980
 [73] 25.7162156  0.5293155 22.8046151 19.7874993 17.2191358 16.8740366
 [79] 16.2502194 15.9614980 21.7959906 10.5734437  9.5400060  8.7964249
 [85]  7.8209875 13.8893464  8.4698217  7.7844668 10.1214963  9.1938734
 [91]  5.2288673  2.5180175  2.2175392 11.8661786  5.3572058  7.3631487
 [97]  8.2103555  5.4817970  6.6647000  6.5396101  5.0874290  9.8224817
[103]  8.6385430  3.6085972  3.0455817  2.2603127  4.0185116  0.2402000
[109]  6.2205065  5.5124900  0.3624569  8.5753591  8.4917413  3.4088324
[115]  0.5888751  5.9264271  6.9992881  2.2415344  5.5468463  1.5534568

$PAR
  [1]  NA   1   2   2   2   2   3   4   4   5   6   6   6   8  10  10  11  11
 [19]  13  14  14  14  14  15  15  15  15  15  20  21  24  24  24  24  25  25
 [37]  25  25  25  30  30  30  32  33  33  36  39  39  40  40  40  41  45  45
 [55]  48  48  49  49  51  52  52  53  53  58  59  62  62  62  63  64  65  65
 [73]  68  72  73  73  73  73  73  73  75  76  76  78  78  79  79  79  80  80
 [91]  80  82  82  86  87  88  89  89  90  90  91  94  94  95  95  97  98  98
[109]  99 100 101 102 103 104 106 109 112 112 117 118

$EXTANT
  [1] FALSE FALSE FALSE FALSE FALSE FALSE FALSE FALSE FALSE FALSE FALSE FALSE
 [13] FALSE FALSE FALSE FALSE FALSE FALSE FALSE FALSE FALSE FALSE FALSE FALSE
 [25] FALSE FALSE FALSE FALSE FALSE FALSE FALSE FALSE FALSE FALSE FALSE FALSE
 [37] FALSE FALSE FALSE FALSE FALSE FALSE FALSE FALSE FALSE FALSE FALSE FALSE
 [49] FALSE FALSE FALSE FALSE FALSE FALSE FALSE FALSE FALSE  TRUE FALSE FALSE
 [61] FALSE FALSE FALSE  TRUE FALSE FALSE FALSE FALSE FALSE  TRUE FALSE  TRUE
 [73] FALSE  TRUE FALSE FALSE FALSE  TRUE  TRUE  TRUE FALSE  TRUE FALSE FALSE
 [85] FALSE FALSE  TRUE FALSE FALSE FALSE FALSE  TRUE  TRUE FALSE  TRUE  TRUE
 [97] FALSE  TRUE FALSE  TRUE FALSE FALSE FALSE  TRUE FALSE  TRUE  TRUE  TRUE
[109] FALSE FALSE  TRUE FALSE FALSE  TRUE  TRUE  TRUE FALSE  TRUE FALSE  TRUE

