
Birth-death simulation object with 118 species and 21 extant species

Details for some species:

Extinction times (NA means extant)
[1] 50.66148 18.36611 46.80514 46.73375 16.26278 29.68453


Speciation times 
[1] 53.44310 52.76520 52.06681 47.06070 46.63002 40.57407


Species parents (NA for initial)
[1] NA  1  2  2  2  2


Species status (extinct or extant)
[1] "extinct" "extinct" "extinct" "extinct" "extinct" "extinct"


For more details on vector y, try sim$y, with y one of
TE TS PAR EXTANT



$TE
  [1] 50.6614801 18.3661075 46.8051411 46.7337507 16.2627753 29.6845336
  [7] 22.2167171 30.3873637 29.7107045 21.9451936 18.7145500 50.6583691
 [13] 38.0153339 16.6793053 18.9104252 18.8750034 33.7908980 25.4516831
 [19] 19.9227006 28.4304525 19.2423298 23.2775409 18.3802749 38.2304840
 [25] 36.0719323 18.0768633 16.1141823 16.5384215 17.3280607 19.7106130
 [31] 17.3447633 30.0786729 22.8601264 22.4237501 21.7564985 18.7934619
 [37] 19.1114184 17.9135812 16.6620362 35.2570403 30.8327220 21.4359453
 [43] 22.8254903 17.8863117  8.9336549 17.0964964 19.3142930 23.0764983
 [49] 19.0175464 23.8669856 17.6657686 19.2623924 19.4791947 10.2292949
 [55] 15.6225133 31.5148962 19.1410658 20.9932725  7.8179445 19.8398472
 [61]  6.4787868 16.6372264 20.8432087 18.5771298 18.3629265 10.7068396
 [67]  0.2321343         NA 18.8798827 19.0569872  1.5318700 18.9229113
 [73] 13.4739929 19.0617989 18.6166050 10.1701082 19.1570947 18.4641997
 [79]  4.6942294  3.8392963  2.4614798         NA  0.5251349  1.4087661
 [85]  7.6577530         NA  4.5029915         NA         NA         NA
 [91]         NA 17.6263860 13.3562455 18.6846043 18.8630651         NA
 [97]  1.2224746         NA         NA         NA  3.6444572  1.6826059
[103]  0.6461122         NA         NA 16.9438143  3.9818741  1.5004617
[109]         NA         NA         NA         NA 17.9275867         NA
[115]  1.4548686         NA         NA         NA

$TS
  [1] 53.443103 52.765198 52.066810 47.060701 46.630018 40.574067 34.538303
  [8] 32.110750 30.541936 28.686280 27.162492 51.358613 45.037478 29.074333
 [15] 20.721629 20.630399 35.710839 26.261768 22.358849 31.792810 27.253812
 [22] 26.140173 27.148700 43.898294 39.587000 23.999081 20.241253 17.835730
 [29] 18.993580 20.085590 19.797356 34.787965 25.974307 30.001280 25.026278
 [36] 23.098653 22.763793 21.771717 20.127519 40.311235 38.541895 36.632049
 [43] 23.164691 18.959772 16.608512 18.154874 24.392912 24.261886 25.964566
 [50] 24.054541 25.015485 21.234224 22.126617 19.048964 18.268349 32.910891
 [57] 27.045182 21.582040 10.431555 21.452194 23.562179 20.411384 22.422183
 [64] 19.720914 20.788029 12.639372 11.288029 10.543175 21.058430 20.940804
 [71]  7.960443 21.205014 22.443768 20.849622 19.439061 12.945631 22.105580
 [78] 19.839176  8.299556  7.837617  7.064736  4.681913  3.182311  2.531248
 [85]  8.694151  6.030982  5.672542  1.626573  6.773549  6.273895  3.749123
 [92] 19.061660 15.845519 21.968853 19.000034  6.466921  3.592021  3.541856
 [99]  2.833682  1.398128  5.807555  5.434351  6.061678  5.490046  3.263339
[106] 18.874190  5.455929  2.652686  5.134140  5.963636  2.196687  2.379923
[113] 18.659662  4.500621  4.373167  2.567094  1.721076  1.947096

$PAR
  [1]  NA   1   2   2   2   2   2   2   2   2   2   3   5   5   5   5   6   7
 [19]   7   8  10  10  11  13  13  14  14  14  15  16  16  17  18  20  21  21
 [37]  21  23  23  24  24  25  26  26  27  31  33  33  34  34  35  36  37  38
 [55]  39  42  42  42  45  47  49  49  51  52  53  54  54  54  57  57  59  60
 [73]  61  61  61  61  63  65  67  67  67  67  67  67  68  68  68  68  71  71
 [91]  71  72  73  77  78  79  81  81  81  82  86  86  89  89  91  92  96  96
[109] 102 103 103 104 106 107 109 109 109 110

$EXTANT
  [1] FALSE FALSE FALSE FALSE FALSE FALSE FALSE FALSE FALSE FALSE FALSE FALSE
 [13] FALSE FALSE FALSE FALSE FALSE FALSE FALSE FALSE FALSE FALSE FALSE FALSE
 [25] FALSE FALSE FALSE FALSE FALSE FALSE FALSE FALSE FALSE FALSE FALSE FALSE
 [37] FALSE FALSE FALSE FALSE FALSE FALSE FALSE FALSE FALSE FALSE FALSE FALSE
 [49] FALSE FALSE FALSE FALSE FALSE FALSE FALSE FALSE FALSE FALSE FALSE FALSE
 [61] FALSE FALSE FALSE FALSE FALSE FALSE FALSE  TRUE FALSE FALSE FALSE FALSE
 [73] FALSE FALSE FALSE FALSE FALSE FALSE FALSE FALSE FALSE  TRUE FALSE FALSE
 [85] FALSE  TRUE FALSE  TRUE  TRUE  TRUE  TRUE FALSE FALSE FALSE FALSE  TRUE
 [97] FALSE  TRUE  TRUE  TRUE FALSE FALSE FALSE  TRUE  TRUE FALSE FALSE FALSE
[109]  TRUE  TRUE  TRUE  TRUE FALSE  TRUE FALSE  TRUE  TRUE  TRUE

