
Birth-death simulation object with 166 species and 42 extant species

Details for some species:

Extinction times (NA means extant)
[1] 44.08458 44.56304 43.56550 42.74015 43.48781 17.84816


Speciation times 
[1] 53.44310 48.64229 46.10992 45.22967 46.00342 45.66910


Species parents (NA for initial)
[1] NA  1  2  2  3  3


Species status (extinct or extant)
[1] "extinct" "extinct" "extinct" "extinct" "extinct" "extinct"


For more details on vector y, try sim$y, with y one of
TE TS PAR EXTANT



$TE
  [1] 44.0845793 44.5630428 43.5655009 42.7401536 43.4878109 17.8481609
  [7] 36.2468719 32.6881708 23.3059252 25.4301819 30.4589512 17.8707695
 [13] 16.9022023 15.9420176 29.8580016 36.0441146 23.6626570 32.8029374
 [19] 33.3951941 19.3882316 21.4226446 15.5283332 19.7434292 19.4805367
 [25] 19.6291668 30.5105455 29.1568310 17.9543763 21.2478922 21.9905762
 [31] 21.7077275 17.3295206 20.5616444 19.0859444 12.8525506  5.2150927
 [37] 15.0725099 15.9429574 15.7409213 19.1079494 21.9351631 17.5781832
 [43] 19.3546576 17.9243187 21.1062754 17.1555165 19.5313628 15.1379969
 [49] 10.3412234  9.9687248  3.3103983 23.8770073 26.0139561 18.9621402
 [55] 16.8103913 19.3376999 16.5738279 16.8763636 17.9533439 17.1977392
 [61]  3.3060488         NA  3.0074065 17.3649042 15.1153267 17.0536277
 [67]  8.9116911  3.3139175  2.3660097  3.0539546 21.3127247 17.8852478
 [73] 18.5086128 17.1748811  4.4712062  7.6590777 21.5477227 24.8489163
 [79] 21.0407139 15.7481506  9.0537507 11.9953991  7.7437134  5.3830867
 [85]  9.2865131 20.9669039 18.7109449 19.1056293 19.0431241         NA
 [91]         NA  5.5294821 17.0532564 19.2398509 19.0622725 18.5468211
 [97] 12.6665823  0.6360529         NA  4.7432159         NA  2.0090335
[103]  6.9016552         NA         NA         NA  4.8182606         NA
[109]  1.5117889 13.5168210 19.0393911  8.4939930         NA  0.5283552
[115]  0.4872416  6.2911402  3.2002718         NA  1.7455000  2.6257812
[121]         NA         NA         NA  2.0735868  1.8046070  4.3902488
[127]         NA         NA         NA  2.8656454         NA 20.5405479
[133] 16.7805247         NA  7.5285215  2.6578075         NA  0.5435493
[139]         NA         NA         NA         NA         NA  1.0635069
[145]         NA 17.1984143         NA         NA  0.4464587  4.4800347
[151]         NA         NA         NA         NA         NA         NA
[157]         NA         NA         NA         NA  0.4050535         NA
[163]         NA         NA  1.0213989         NA

$TS
  [1] 53.44310300 48.64229037 46.10991844 45.22966519 46.00342479 45.66910364
  [7] 44.02274748 41.22339324 39.48156382 35.61521548 30.65960393 27.38877748
 [13] 22.86132642 17.90773029 38.17012999 37.64015374 35.93272106 34.88465689
 [19] 33.96784869 32.73766815 29.64365300 26.06171445 23.89281864 21.47606894
 [25] 21.44823239 31.06376188 30.75218496 24.23870165 26.78607680 24.50278705
 [31] 23.56079316 20.32439129 24.79877518 24.26733853 22.78689085 23.86275080
 [37] 18.35198804 17.90735033 20.41644148 30.75066254 24.76505013 23.12447101
 [43] 22.17369604 22.50212953 22.92924452 21.33865467 21.13555776 16.60438309
 [49] 16.19317282 12.46321918 15.80635560 30.48181376 26.19723927 21.70858191
 [55] 21.73513444 20.09731671 17.58460818 22.75009548 21.41737325 19.89031828
 [61] 11.65672889 10.69189216  4.15490759 29.22020185 18.61365053 18.05778877
 [67] 10.99124623  5.06384214  4.04801754  4.62250276 27.27779803 22.98989075
 [73] 19.23875140 18.53834714 15.77164315  9.96639218 26.81302540 25.87076815
 [79] 21.96057859 20.44334069 18.20600062 12.97723420  8.47020304  5.57071152
 [85]  9.68626252 26.35366658 26.17172118 21.56219012 25.27152656 12.53358069
 [91] 12.37090937 11.30656568 24.48719236 22.19082887 23.18935668 20.80285217
 [97] 20.61131756 11.21736064  8.62903374  7.67924552  4.44801047 12.31913370
[103]  9.85417879  9.59009761  7.50362206  5.74359383  5.07646300  1.77313284
[109]  1.55884411 21.05642103 19.42517887 13.46961309  9.94625427  9.17976146
[115]  8.04332704  7.81270616  6.19861318  5.21951679  5.15610112  3.00121852
[121]  5.01066483  2.88539686  2.48521912  8.50862959  4.96295344  6.36726059
[127]  6.14509917  5.95892678  5.25916503  3.65690748  2.54993666 20.74467486
[133] 17.54972192  8.79910808  8.68071357  8.74671154  0.39650449  6.41375189
[139]  0.51545216  6.43686040  2.20117919  2.48539193  1.66004501  4.89775122
[145]  3.50934080 17.27983071  6.98242899  4.32001518  3.05580084  7.15345916
[151]  4.15589963  0.04130741  3.54774253  0.19964748  1.54646785  1.48873921
[157]  3.93536376  1.11862900  3.22546720  3.10735430  2.19747936  0.65081436
[163]  1.28731674  0.51254117  2.84678001  2.15916789

$PAR
  [1]  NA   1   2   2   3   3   6   6   6   6   6   6   6   6   7   9   9   9
 [19]  10  10  10  10  12  12  12  15  17  17  20  20  20  20  21  21  21  22
 [37]  22  22  23  26  29  29  31  33  34  35  35  36  36  36  37  40  40  40
 [55]  42  42  42  45  45  47  50  51  51  52  55  59  61  61  61  62  64  64
 [73]  64  64  65  67  71  71  71  72  72  75  75  75  76  77  77  77  78  81
 [91]  81  81  86  86  87  89  89  90  90  90  90  91  91  91  91  91  91  91
[109]  91  95  96  97  98  98  98  98  98  99 100 101 102 102 102 103 104 105
[127] 105 105 106 106 106 110 110 112 112 113 113 115 115 116 119 122 123 128
[145] 130 133 134 134 134 136 136 139 140 141 143 143 144 144 145 148 148 148
[163] 151 158 159 160

$EXTANT
  [1] FALSE FALSE FALSE FALSE FALSE FALSE FALSE FALSE FALSE FALSE FALSE FALSE
 [13] FALSE FALSE FALSE FALSE FALSE FALSE FALSE FALSE FALSE FALSE FALSE FALSE
 [25] FALSE FALSE FALSE FALSE FALSE FALSE FALSE FALSE FALSE FALSE FALSE FALSE
 [37] FALSE FALSE FALSE FALSE FALSE FALSE FALSE FALSE FALSE FALSE FALSE FALSE
 [49] FALSE FALSE FALSE FALSE FALSE FALSE FALSE FALSE FALSE FALSE FALSE FALSE
 [61] FALSE  TRUE FALSE FALSE FALSE FALSE FALSE FALSE FALSE FALSE FALSE FALSE
 [73] FALSE FALSE FALSE FALSE FALSE FALSE FALSE FALSE FALSE FALSE FALSE FALSE
 [85] FALSE FALSE FALSE FALSE FALSE  TRUE  TRUE FALSE FALSE FALSE FALSE FALSE
 [97] FALSE FALSE  TRUE FALSE  TRUE FALSE FALSE  TRUE  TRUE  TRUE FALSE  TRUE
[109] FALSE FALSE FALSE FALSE  TRUE FALSE FALSE FALSE FALSE  TRUE FALSE FALSE
[121]  TRUE  TRUE  TRUE FALSE FALSE FALSE  TRUE  TRUE  TRUE FALSE  TRUE FALSE
[133] FALSE  TRUE FALSE FALSE  TRUE FALSE  TRUE  TRUE  TRUE  TRUE  TRUE FALSE
[145]  TRUE FALSE  TRUE  TRUE FALSE FALSE  TRUE  TRUE  TRUE  TRUE  TRUE  TRUE
[157]  TRUE  TRUE  TRUE  TRUE FALSE  TRUE  TRUE  TRUE FALSE  TRUE

