
Birth-death simulation object with 166 species and 56 extant species

Details for some species:

Extinction times (NA means extant)
[1] 45.63866 36.36170 46.60723 37.70085 39.51965 36.57512


Speciation times 
[1] 49.11595 48.87422 47.16356 47.37041 46.38133 44.88231


Species parents (NA for initial)
[1] NA  1  1  2  2  2


Species status (extinct or extant)
[1] "extinct" "extinct" "extinct" "extinct" "extinct" "extinct"


For more details on vector y, try sim$y, with y one of
TE TS PAR EXTANT



$TE
  [1] 45.6386569 36.3616976 46.6072281 37.7008481 39.5196465 36.5751214
  [7] 34.3394136 43.5797002 40.0240143 38.4535637 34.2427386 12.9126596
 [13] 21.4279065 30.7284927 37.3116743 33.7173276 34.6181830 22.4381365
 [19] 38.0079495 32.4959100 30.3035971 29.6671351         NA 12.2439112
 [25] 12.1375300 12.7718489 14.0397021 12.7319642 28.2218563 28.6595008
 [31] 30.7969441 26.9026647 35.7291171 26.1690457 22.6918081 23.0483651
 [37] 35.1348945 20.3279948 28.8664939 20.3387095         NA         NA
 [43]         NA         NA 34.0762068 28.0859030 26.3105683 26.6337810
 [49] 22.2727549 11.7099522 13.3603452 12.1135107 14.6956314 16.6752817
 [55] 14.3369687 22.8245246 27.7464225 28.3637625  1.0941646 23.2032422
 [61] 31.5701790         NA         NA         NA 29.5984279 25.2034848
 [67] 22.5196365 21.2580535 10.6204397 13.5187895 16.1687944 19.1450439
 [73] 15.7619283 19.3700622 14.9786554 13.3069996 27.1583955 13.6381854
 [79] 11.6399346  7.6226308  4.4357504  1.5867267         NA 14.7590323
 [85] 20.5939495 16.2031702 12.8007754 11.4602302         NA  7.4369608
 [91]  5.3808636         NA         NA         NA         NA 14.8156413
 [97] 15.4086280 19.0243796 12.7931975 14.9215800  7.6211922         NA
[103]  5.1442453         NA  3.7280755         NA         NA         NA
[109]  7.9377798  4.5475659  0.8308802         NA         NA         NA
[115]         NA         NA         NA 14.4070119 13.0014046  4.8073131
[121]  4.6199581         NA         NA         NA         NA  0.4378947
[127]         NA 11.4338914  0.1561649         NA  0.6360280         NA
[133]         NA 14.4841164 12.4125772         NA         NA         NA
[139]  0.8653766         NA         NA 11.1569902         NA         NA
[145]         NA  0.7663766         NA         NA         NA         NA
[151]  1.3195984  4.2989221         NA         NA  1.7463599  3.3477021
[157]  2.6104565         NA         NA         NA         NA         NA
[163]         NA         NA         NA         NA

$TS
  [1] 49.11595465 48.87421703 47.16355925 47.37040675 46.38133273 44.88230739
  [7] 44.38453507 45.11050216 42.80777440 42.64392602 40.61078306 38.03073198
 [13] 37.37867253 36.61655830 39.83179246 37.91305990 35.23579991 39.05508341
 [19] 38.56109454 36.20013626 33.62507619 33.17986893 24.29874999 22.07420671
 [25] 13.39561361 35.94869876 30.60000915 22.68035267 32.93441142 32.69029651
 [31] 31.82217553 31.08987354 35.75297926 28.64953919 27.03124937 26.75413050
 [37] 35.76759392 33.56205249 33.36916109 20.39542980  3.22068263  2.21460512
 [43]  0.43905712 12.24579352 35.54002503 32.92414419 28.24310909 28.07318886
 [49] 25.99151945 14.48789716 23.75634887 23.11406690 22.39426720 21.19867177
 [55] 19.11314334 29.99664397 29.21454018 29.20514683 23.68668347 26.04449905
 [61] 31.68152389  2.71020869  1.55393676  0.66402828 31.39764576 30.00509424
 [67] 27.84843832 27.67260048 25.77436211 13.64510341 21.40632677 22.27945503
 [73] 17.77582872 19.55587508 17.29388078 16.00744564 28.85410306 19.72896842
 [79] 16.28300117 11.22504569  6.76816690  4.54151797  1.13567665 23.78765572
 [85] 24.55987997 17.52595716 20.80441901 16.94413682  9.71686207  9.48373742
 [91]  8.42039254  5.17566370  2.46114941  2.28289244  0.59335456 15.14165388
 [97] 16.84909129 19.44647365 16.31432135 15.57534138  9.06778055  8.87537868
[103]  7.28516170  6.68030967  4.63771423  4.39506411  3.12072201  0.44363724
[109]  8.49316256  5.76879494  3.50160218  1.41685430  2.05665457  2.03479508
[115]  1.38882100  0.12323497 15.81143489 15.71597813 14.61572966  8.46949068
[121]  5.48357022  5.59552541  2.31393059  5.24098410  1.94135697  1.27584622
[127]  0.46303015 14.88488943 12.58904980  9.49291391  7.79547213  1.17026090
[133]  0.60810314 14.82841034 13.83932151  1.59842133  0.19055983  2.89101534
[139]  2.84335563  0.17634223  1.80738883 13.49414932 11.02097021  7.05402500
[145]  6.43051448  6.21232549  1.11193739  1.13688779  0.59821508 11.43461244
[151]  4.38645709  4.32565528  1.57245190  1.67213982  4.76938178  7.40191318
[157]  4.83768453  1.64118491  0.87059426  3.29040417  2.97435248  0.39849010
[163]  3.17492266  1.14329270  0.01194672  0.35855648

$PAR
  [1]  NA   1   1   2   2   2   2   5   6   6   6   6   6   6   7   7   7  10
 [19]  11  12  12  12  12  12  12  13  13  13  14  14  14  14  16  18  18  18
 [37]  20  20  21  23  23  23  23  25  26  26  26  26  26  26  27  27  27  27
 [55]  28  29  29  29  35  36  38  44  44  44  46  46  47  48  49  50  51  53
 [73]  53  54  54  55  57  59  59  59  59  59  59  67  68  69  72  73  80  80
 [91]  80  81  82  82  83  84  86  87  87  88  89  89  89  89  89  89  89  89
[109]  90  91  92  92  93  93  93  93  99  99  99 101 103 104 107 110 114 114
[127] 115 117 117 117 117 117 117 118 119 123 123 124 124 124 125 128 129 130
[145] 130 130 131 138 141 142 143 143 143 145 146 150 150 151 154 155 155 159
[163] 160 161 162 164

$EXTANT
  [1] FALSE FALSE FALSE FALSE FALSE FALSE FALSE FALSE FALSE FALSE FALSE FALSE
 [13] FALSE FALSE FALSE FALSE FALSE FALSE FALSE FALSE FALSE FALSE  TRUE FALSE
 [25] FALSE FALSE FALSE FALSE FALSE FALSE FALSE FALSE FALSE FALSE FALSE FALSE
 [37] FALSE FALSE FALSE FALSE  TRUE  TRUE  TRUE  TRUE FALSE FALSE FALSE FALSE
 [49] FALSE FALSE FALSE FALSE FALSE FALSE FALSE FALSE FALSE FALSE FALSE FALSE
 [61] FALSE  TRUE  TRUE  TRUE FALSE FALSE FALSE FALSE FALSE FALSE FALSE FALSE
 [73] FALSE FALSE FALSE FALSE FALSE FALSE FALSE FALSE FALSE FALSE  TRUE FALSE
 [85] FALSE FALSE FALSE FALSE  TRUE FALSE FALSE  TRUE  TRUE  TRUE  TRUE FALSE
 [97] FALSE FALSE FALSE FALSE FALSE  TRUE FALSE  TRUE FALSE  TRUE  TRUE  TRUE
[109] FALSE FALSE FALSE  TRUE  TRUE  TRUE  TRUE  TRUE  TRUE FALSE FALSE FALSE
[121] FALSE  TRUE  TRUE  TRUE  TRUE FALSE  TRUE FALSE FALSE  TRUE FALSE  TRUE
[133]  TRUE FALSE FALSE  TRUE  TRUE  TRUE FALSE  TRUE  TRUE FALSE  TRUE  TRUE
[145]  TRUE FALSE  TRUE  TRUE  TRUE  TRUE FALSE FALSE  TRUE  TRUE FALSE FALSE
[157] FALSE  TRUE  TRUE  TRUE  TRUE  TRUE  TRUE  TRUE  TRUE  TRUE

