
Birth-death simulation object with 179 species and 56 extant species

Details for some species:

Extinction times (NA means extant)
[1] 45.04692 12.56562 42.72557 34.67673 29.96987 11.53863


Speciation times 
[1] 49.11595 45.53697 45.16170 41.58457 32.01103 27.08064


Species parents (NA for initial)
[1] NA  1  2  2  2  2


Species status (extinct or extant)
[1] "extinct" "extinct" "extinct" "extinct" "extinct" "extinct"


For more details on vector y, try sim$y, with y one of
TE TS PAR EXTANT



$TE
  [1] 45.0469210 12.5656239 42.7255718 34.6767287 29.9698705 11.5386287
  [7] 11.2440685  2.5670318 13.0539078 39.8917269 28.2691650 18.7915296
 [13]  9.8462186 13.9741527  9.8351947 15.0760804  7.9479311         NA
 [19] 14.0245976 28.0974574  9.5826909 27.7582126 30.7394662 13.9712243
 [25] 19.2477121 15.9518127  9.0489479  6.7262438  8.5713246  2.2326421
 [31]  2.7528251 13.0319509 32.5223173 21.6794322 15.9483744 12.6226485
 [37]  8.6703257         NA 10.7074714 30.8318613 29.4580868 23.9831549
 [43] 19.0894516  8.7540775 10.3547796 13.6884781  7.4536610  2.1130568
 [49]         NA  6.3088871  3.7326569         NA         NA         NA
 [55] 11.9014089 20.4112044 14.7213494 15.0803746 21.7712184 13.1342079
 [61] 11.5342958  3.1120816 14.1699382 13.4968968 11.7270293 13.9223180
 [67]  8.1000911         NA         NA         NA         NA  8.3818948
 [73]  6.6265558         NA         NA         NA  0.5388965         NA
 [79]         NA 17.2731819 13.4488691  2.6850540 11.0307979 11.2614437
 [85] 23.4713334 18.5298049 10.9111444 15.5122605 15.2251407  4.5561217
 [91]         NA  0.1539893  3.2655578 12.6684623  2.5299189         NA
 [97]         NA  4.7029726         NA  0.8636079         NA  0.8396796
[103]         NA         NA         NA 13.9153848 11.3331422 15.2246973
[109]         NA  5.6680067         NA         NA  1.4151881         NA
[115] 15.4282211  2.7195436         NA         NA         NA         NA
[121] 13.3047430  6.5341253         NA 13.2076894         NA         NA
[127]  3.6810731         NA         NA         NA  0.8451844         NA
[133] 12.9664640 10.9375751         NA  4.3188349  2.5740508  2.3603922
[139] 12.6806682 12.6769247 10.9417767 11.9986541  0.6597218  3.9762914
[145]  1.8911499         NA         NA 13.7695341 11.9680407 11.2551093
[151]  6.6215555  1.8747300         NA         NA         NA         NA
[157]  6.2165974         NA  7.4581162  3.3608262         NA  1.0076360
[163]  3.3682767  2.5951960  2.1313500         NA  1.0608564         NA
[169]         NA         NA         NA  1.6881919         NA  2.5017529
[175]         NA  3.5996466  0.9951948         NA         NA

$TS
  [1] 49.1159547 45.5369689 45.1617028 41.5845690 32.0110257 27.0806431
  [7] 21.1131598 17.4870034 14.8179848 42.7534767 39.9146272 20.1162571
 [13] 18.5977263 14.1999703 12.4930327 15.2813579 11.7929258 11.7521487
 [19] 14.7101631 42.4340119 39.6617587 37.2088097 36.9749888 31.0710414
 [25] 29.1324518 19.9144166 11.1357964 11.6093145  9.8276407  8.0148926
 [31]  3.9111682 14.6510276 35.3881237 22.1283048 19.4110635 16.5788745
 [37] 14.9442714  9.6632954 28.5709196 30.8783506 29.5784802 24.9025222
 [43] 20.7187071  9.5129722 13.6182560 15.7510033 14.0108348  9.2347433
 [49]  8.6876740  9.2093768  6.8171457  6.4067364  5.5947479  2.6315283
 [55] 26.4237428 25.6545809 24.4302411 24.4019436 23.3172552 23.1422356
 [61] 21.8648748 15.6043950 14.5670346 14.1718581 13.8400873 20.0609535
 [67]  8.5335136  8.7820799  6.8273280  8.0948914  7.0613487  8.7191862
 [73]  8.6709125  6.0434170  1.7260961  4.1678877  3.4801459  1.9421636
 [79]  1.5049204 24.6329701 21.6055297 13.3846328 12.9396265 12.3910809
 [85] 23.5978638 21.3125874 17.3982779 19.9172186 19.6022840  9.9099634
 [91]  6.6088827  6.5523357  5.3824804 18.4077929  6.6447311  1.1837459
 [97]  5.6087273  5.0936135  0.6028582  8.4743226  0.2070110  1.2739910
[103]  4.0899499  0.8048189  0.5963717 19.6700496 11.6669048 15.4736121
[109]  9.8173175  6.2787599  1.0506805  0.9235428  4.9735573  3.7559677
[115] 17.4881381  3.4786499  4.1665381  1.2280327  3.7829536  3.3050352
[121] 18.2764211 16.8703166 15.9118543 13.9700462  6.7751796  5.1305062
[127]  4.1010246  3.4897761  1.2642983  3.4514956  2.0168191  1.7279738
[133] 15.7691418 14.2363905  9.2035950  8.5883809  7.8822569  7.2492230
[139] 13.6944045 12.8448901 12.4332906 12.2676540 10.6318447  8.9896678
[145]  2.6312784  1.0914646  1.2620491 15.2963098 13.0446659 12.7008834
[151]  9.1423836  5.1501445  7.2681622  4.9164968  3.5905668  2.5051004
[157]  6.6231021  0.8392577  7.7899748  6.2616944  5.6916276  6.9460285
[163]  6.7849057  3.9525139  4.5082013  2.9403321  1.5802399  4.5526628
[169]  2.7700610  2.5173993  6.5257905  4.9535197  3.0342515  3.1221781
[175]  1.3059470  5.0823306  3.0486288  2.3007657  1.9496055

$PAR
  [1]  NA   1   2   2   2   2   2   2   2   3   4   6   6   6   7   8   8   8
 [19]   9  10  11  11  11  11  11  12  15  17  18  18  18  19  20  21  21  21
 [37]  21  21  22  24  24  24  24  28  32  36  36  37  37  38  38  38  38  38
 [55]  39  39  39  39  39  39  39  39  39  39  39  43  47  48  48  49  49  50
 [73]  50  51  52  53  53  54  54  55  55  55  55  55  56  56  57  58  58  62
 [91]  62  62  62  66  68  69  70  70  71  72  74  75  76  79  79  81  83  89
[109]  90  91  91  91  93  93  94  97 100 100 103 103 106 106 106 106 109 109
[127] 113 114 114 119 119 120 121 122 122 122 122 122 123 123 123 123 123 123
[145] 126 129 131 133 133 134 135 135 137 137 138 138 143 143 144 144 144 151
[163] 151 152 153 153 153 154 154 155 157 161 161 162 162 163 165 171 178

$EXTANT
  [1] FALSE FALSE FALSE FALSE FALSE FALSE FALSE FALSE FALSE FALSE FALSE FALSE
 [13] FALSE FALSE FALSE FALSE FALSE  TRUE FALSE FALSE FALSE FALSE FALSE FALSE
 [25] FALSE FALSE FALSE FALSE FALSE FALSE FALSE FALSE FALSE FALSE FALSE FALSE
 [37] FALSE  TRUE FALSE FALSE FALSE FALSE FALSE FALSE FALSE FALSE FALSE FALSE
 [49]  TRUE FALSE FALSE  TRUE  TRUE  TRUE FALSE FALSE FALSE FALSE FALSE FALSE
 [61] FALSE FALSE FALSE FALSE FALSE FALSE FALSE  TRUE  TRUE  TRUE  TRUE FALSE
 [73] FALSE  TRUE  TRUE  TRUE FALSE  TRUE  TRUE FALSE FALSE FALSE FALSE FALSE
 [85] FALSE FALSE FALSE FALSE FALSE FALSE  TRUE FALSE FALSE FALSE FALSE  TRUE
 [97]  TRUE FALSE  TRUE FALSE  TRUE FALSE  TRUE  TRUE  TRUE FALSE FALSE FALSE
[109]  TRUE FALSE  TRUE  TRUE FALSE  TRUE FALSE FALSE  TRUE  TRUE  TRUE  TRUE
[121] FALSE FALSE  TRUE FALSE  TRUE  TRUE FALSE  TRUE  TRUE  TRUE FALSE  TRUE
[133] FALSE FALSE  TRUE FALSE FALSE FALSE FALSE FALSE FALSE FALSE FALSE FALSE
[145] FALSE  TRUE  TRUE FALSE FALSE FALSE FALSE FALSE  TRUE  TRUE  TRUE  TRUE
[157] FALSE  TRUE FALSE FALSE  TRUE FALSE FALSE FALSE FALSE  TRUE FALSE  TRUE
[169]  TRUE  TRUE  TRUE FALSE  TRUE FALSE  TRUE FALSE FALSE  TRUE  TRUE

