
Birth-death simulation object with 157 species and 61 extant species

Details for some species:

Extinction times (NA means extant)
[1] 48.20313 46.05966 26.27683 36.58867 33.98212 24.77799


Speciation times 
[1] 49.11595 48.33415 46.45535 44.97434 40.13568 38.65901


Species parents (NA for initial)
[1] NA  1  2  3  3  3


Species status (extinct or extant)
[1] "extinct" "extinct" "extinct" "extinct" "extinct" "extinct"


For more details on vector y, try sim$y, with y one of
TE TS PAR EXTANT



$TE
  [1] 48.20312547 46.05966147 26.27683286 36.58867294 33.98211741 24.77798878
  [7] 34.48742728 25.99849539 17.78570927 34.54529966 32.64417700 31.37423355
 [13] 21.39534437 30.49126765 10.26233771 23.97012769 28.90170627 23.52651905
 [19] 24.34588892 17.53297897 25.90328595 13.55876712 13.92801184 19.56363291
 [25] 20.14208879 23.14782262 16.98329754 15.38667268 10.50793896  6.21309653
 [31] 22.83104178 12.90344197 18.94041455 21.28244398          NA 14.34403984
 [37] 12.87337306 27.07588831 27.28154516 22.66664838 22.66039406 14.82937765
 [43] 16.57269143 13.25968347 14.15492529  0.13482593          NA          NA
 [49] 14.93089462  3.39665562  7.52355440 24.75245683 20.27782209  5.42711017
 [55]  3.52310844 23.34528839 13.08655468 13.60781269 14.45661573 14.07510068
 [61] 13.33019718 13.11167082 14.66666474 15.50566628  8.74785601          NA
 [67]          NA          NA  5.68979625          NA          NA 11.24876280
 [73]          NA          NA          NA  0.15961356          NA  3.62010236
 [79] 12.10274476 13.52360463 14.67403518 13.76625745 13.23389645  1.01635213
 [85]  1.90477699          NA          NA          NA  7.05750121  7.74629823
 [91]          NA  1.97112377          NA          NA          NA          NA
 [97]          NA  8.53115976  2.73828091  3.36838196          NA  8.17186202
[103]          NA          NA          NA  0.41501131          NA          NA
[109]  1.67969306          NA  0.46613879          NA          NA          NA
[115]  8.51300773  5.40835004  9.15378271  0.17503731          NA          NA
[121]          NA  2.04087810          NA  0.05868554  0.03245436  5.49668408
[127]          NA  3.23634349          NA  0.60368824          NA          NA
[133]          NA          NA          NA          NA  6.08589520          NA
[139]          NA          NA          NA          NA          NA          NA
[145]          NA          NA  3.47435791  4.61083442          NA          NA
[151]          NA          NA          NA          NA          NA          NA
[157]          NA

$TS
  [1] 49.11595465 48.33414538 46.45534787 44.97433674 40.13568411 38.65900935
  [7] 36.26527173 31.98485578 27.19730326 37.07273356 36.03889278 35.84302056
 [13] 37.85624223 32.49461332 27.67443554 26.08449418 35.23476779 26.03423414
 [19] 26.65908280 21.79863553 32.86259876 32.50079002 29.19193923 24.11998181
 [25] 22.19934874 31.04861171 23.46510800 19.64290985 17.70483088 11.46280463
 [31] 25.59471503 24.08791775 24.98726813 25.98061393 24.52879438 29.36403906
 [37] 18.46437074 28.44539662 28.23628481 24.25936029 23.68994410 23.18641046
 [43] 22.50510743 20.20757632 19.58644305 17.27198796  9.92531131  7.31840913
 [49] 17.23580794 15.82948237 13.05209105 25.53868838 20.43799690 16.57749319
 [55]  7.71999740 23.68566763 23.38099956 16.49149426 14.52512474 17.12287924
 [61] 16.91856544 20.63171914 19.99414629 19.02436040 11.05235684  1.77138612
 [67]  1.29828094  7.26552388  9.99378879  5.30978168  4.07708370 11.94887146
 [73]  7.75103928 15.08923916 12.99063631  6.27459091  5.92654808  5.09456611
 [79] 20.74665496 16.14508989 18.96992917 16.49995729 16.20691587  1.31674091
 [85]  6.59672365  6.35403992  2.63231866  1.81883156  9.63156983  8.70016097
 [91]  8.19924648  7.83132749  1.00604182  6.13824812  2.43063442  0.45495370
 [97]  0.09417684 12.88703622 10.97458898  9.40665326  0.62713920 11.53449213
[103]  6.27935695  1.24293372  0.24389172  2.90208448  5.74992321  5.12984700
[109]  5.10926217  3.75301774  5.80307345  4.47458196  5.25586117  1.96009641
[115] 10.09244122 10.88282730  9.53699444  7.00074583  3.83066695  0.18055783
[121]  3.06905469  5.16139400  2.97101680  0.71054247  0.03860707  7.33285201
[127]  6.68660951  3.52753216  2.33119727  2.28870513  3.99064124  2.75844554
[133]  1.92137240  1.32568866  0.70617826  6.18507937  6.43380887  2.46270466
[139]  1.57774271  2.22454645  1.14300223  6.34125089  0.16132505  1.70371423
[145]  0.11502621  0.16911433  5.74179244  5.66685588  4.46197845  2.37824700
[151]  0.55441900  3.08103525  1.88527165  1.78937007  0.50174573  0.22430078
[157]  0.03506807

$PAR
  [1]  NA   1   2   3   3   3   3   3   3   4   5   5   6   6   6   6   7   8
 [19]   9   9  12  12  13  13  13  14  15  15  15  15  16  16  18  19  19  21
 [37]  22  23  23  23  23  23  23  27  28  28  30  30  32  32  32  34  35  35
 [55]  35  36  36  36  36  37  37  43  44  44  46  46  47  48  50  50  50  51
 [73]  51  54  54  54  55  55  57  58  62  62  64  66  68  68  68  68  69  69
 [91]  69  69  70  73  73  73  73  74  74  74  74  75  75  75  75  76  77  86
[109]  86  86  91  91  94  95  98  99  99 100 103 108 112 113 113 114 114 116
[127] 118 118 118 118 122 123 123 123 124 126 127 127 127 130 133 137 139 140
[145] 140 141 142 142 142 142 142 149 149 149 153 155 156

$EXTANT
  [1] FALSE FALSE FALSE FALSE FALSE FALSE FALSE FALSE FALSE FALSE FALSE FALSE
 [13] FALSE FALSE FALSE FALSE FALSE FALSE FALSE FALSE FALSE FALSE FALSE FALSE
 [25] FALSE FALSE FALSE FALSE FALSE FALSE FALSE FALSE FALSE FALSE  TRUE FALSE
 [37] FALSE FALSE FALSE FALSE FALSE FALSE FALSE FALSE FALSE FALSE  TRUE  TRUE
 [49] FALSE FALSE FALSE FALSE FALSE FALSE FALSE FALSE FALSE FALSE FALSE FALSE
 [61] FALSE FALSE FALSE FALSE FALSE  TRUE  TRUE  TRUE FALSE  TRUE  TRUE FALSE
 [73]  TRUE  TRUE  TRUE FALSE  TRUE FALSE FALSE FALSE FALSE FALSE FALSE FALSE
 [85] FALSE  TRUE  TRUE  TRUE FALSE FALSE  TRUE FALSE  TRUE  TRUE  TRUE  TRUE
 [97]  TRUE FALSE FALSE FALSE  TRUE FALSE  TRUE  TRUE  TRUE FALSE  TRUE  TRUE
[109] FALSE  TRUE FALSE  TRUE  TRUE  TRUE FALSE FALSE FALSE FALSE  TRUE  TRUE
[121]  TRUE FALSE  TRUE FALSE FALSE FALSE  TRUE FALSE  TRUE FALSE  TRUE  TRUE
[133]  TRUE  TRUE  TRUE  TRUE FALSE  TRUE  TRUE  TRUE  TRUE  TRUE  TRUE  TRUE
[145]  TRUE  TRUE FALSE FALSE  TRUE  TRUE  TRUE  TRUE  TRUE  TRUE  TRUE  TRUE
[157]  TRUE

