
Birth-death simulation object with 275 species and 115 extant species

Details for some species:

Extinction times (NA means extant)
[1] 41.65688 30.19082       NA 35.89140 21.00296 26.73391


Speciation times 
[1] 49.11595 44.90595 44.71121 42.42983 36.10102 32.63461


Species parents (NA for initial)
[1] NA  1  2  2  2  2


Species status (extinct or extant)
[1] "extinct" "extinct" "extant"  "extinct" "extinct" "extinct"


For more details on vector y, try sim$y, with y one of
TE TS PAR EXTANT



$TE
  [1] 41.6568797 30.1908230         NA 35.8914047 21.0029605 26.7339115
  [7] 41.2012408 23.6647319 31.9768935 24.9472992 13.8128519 11.3009517
 [13]         NA  4.7146467  1.3982999 28.6543404 33.0252373 35.5951776
 [19] 31.2537294 24.0320464 21.5607499 39.0396303  4.1676244 31.2196762
 [25] 30.4698804 13.6410933 17.0023912 25.8556818 23.4182336         NA
 [31]         NA         NA  2.2152839 25.8923161 23.8994999 33.9624315
 [37] 28.0988048 18.5701855 17.7679438  6.0686779 10.4701016 27.8703722
 [43] 11.9308467 19.5636793 12.0283694 10.2652502 23.2875165 10.2550874
 [49]         NA         NA  2.0457924         NA  2.4970773         NA
 [55]         NA         NA         NA 27.9498468 27.3799816 17.9547733
 [61] 26.4124536 21.2437050 19.7955365 18.3348252 13.0789074 14.0990995
 [67]  6.2157118  7.9438767 13.7121979 13.7843066         NA 17.7744185
 [73] 14.9304192  5.2219250         NA  3.0064624         NA         NA
 [79]         NA         NA         NA 24.6954162  5.7762103 22.6719495
 [85] 18.9636292 13.6740280 12.9701917  6.2978382  2.6762879 12.7328411
 [91]         NA         NA  0.1290645         NA  1.6503120         NA
 [97]  6.1099704         NA  0.2933882         NA         NA 16.5889795
[103] 11.7124651 11.9099859  6.4888603  6.2628540 13.8790181 14.2235449
[109] 16.1320503 14.6060512  9.5996981 14.1641553         NA  7.3030013
[115]  5.6965861         NA  5.3913733         NA  1.3242450  1.8900185
[121]         NA         NA         NA  6.6114055  4.6211339         NA
[127]         NA         NA         NA 18.1449016 11.1355827         NA
[133]  3.8288566 12.1585424 12.5642314 14.4513217 17.0264954  5.2679061
[139]  5.5411898  1.5204250         NA  2.4852965  5.3634230  3.2042242
[145]         NA         NA         NA  0.8496348  1.2286025  1.4383292
[151]  1.6866978         NA  5.1502212  4.6578198  2.8135224  7.9417095
[157]  6.5915111  2.8854991         NA  3.1240792         NA         NA
[163]         NA 13.1922549  9.4525704  5.1320293  8.0042921         NA
[169]         NA  1.0784647         NA  0.5842554  4.5206629         NA
[175]         NA         NA  0.7542911         NA         NA         NA
[181] 13.7464897 12.7509096  3.5977233  2.9444412         NA         NA
[187]         NA  1.0432518  0.6517719         NA         NA         NA
[193]  3.2010315         NA  2.8648394  2.0577067         NA  3.7696403
[199]         NA         NA         NA         NA         NA 10.5788007
[205] 11.4242352         NA         NA         NA         NA         NA
[211]  5.7926755         NA         NA         NA  1.9331505  3.6273794
[217]  1.9447099         NA         NA         NA         NA         NA
[223]         NA  2.0018480         NA         NA  6.1738414         NA
[229]  0.2203470         NA  3.1982513  1.3979687         NA         NA
[235]  2.2514385         NA         NA  0.8648700         NA         NA
[241]         NA  2.6829228  0.4695471         NA         NA         NA
[247]         NA         NA         NA  6.3343422         NA  0.5134250
[253]  2.6935013  0.1554303         NA         NA         NA  0.7350645
[259]         NA         NA         NA  5.9764962         NA         NA
[265]  2.0964203  1.4706413         NA  2.2080937  1.8249593         NA
[271]         NA         NA         NA         NA         NA

$TS
  [1] 49.11595465 44.90595365 44.71121416 42.42982541 36.10102235 32.63461277
  [7] 42.33995651 39.36228115 35.78440393 25.23251916 20.97026551 11.86161015
 [13]  7.67592459  7.63491670  6.29787118 39.79651277 38.43396435 36.25925961
 [19] 34.20826713 26.50424793 26.14607885 41.35736879 37.64695650 33.30368452
 [25] 33.16893648 30.02177421 27.27856081 26.97976748 25.27041852 15.19452652
 [31]  6.11338946  6.22131875  4.46361567 36.08271958 35.78481856 36.57589598
 [37] 33.43935424 21.62883824 20.65130032 16.37738235 12.24283631 31.93754598
 [43] 30.55657080 20.00170801 18.18544891 13.67797349 24.59874690 22.73515768
 [49]  7.23359495  5.97900715  2.16791241  0.18360166  5.65084230  4.51636191
 [55]  1.92893303  0.25845303  4.25717794 35.06020280 29.10806638 28.64642523
 [61] 26.59297051 24.92623983 20.96960420 19.49909821 19.52213561 14.78842400
 [67]  9.55090629 10.79418165 15.66845663 14.09704787 17.25049430 20.90992411
 [73] 17.48172931 13.48504281 11.74660530 10.51841336  3.46181506  0.11235161
 [79]  1.26245845  3.68748900  2.60479839 30.06457273 28.98904044 28.34052857
 [85] 24.72321339 19.43437482 16.72499391 10.71049247  8.23795327 17.06346745
 [91] 11.13411683  5.97150673  4.34390172  2.67519312  2.58652883  8.95306577
 [97]  6.36514321  6.06566189  1.69429579  0.60377105  0.09236859 28.05321664
[103] 12.23825633 12.04005082  9.42752615  8.33317077 22.22354222 20.98351645
[109] 20.85155885 15.75885658  9.85945039 14.79818116 14.19206335 11.03775993
[115]  8.70392139  7.87380834  7.36842607  2.82843991  2.57968465  1.97603927
[121]  1.39193055  0.89424718  0.21844285  8.88167558  5.39457808  4.31415333
[127]  1.45723328  0.89546411  0.26647816 20.04592096 11.80713626  8.20016862
[133]  7.70814053 19.04938722 14.23607535 16.24407576 17.45612742 10.25289765
[139]  9.55202102  7.81555169  2.59616314  7.13901669  7.77353562  7.29079920
[145]  5.34099215  3.74392987  0.34436349  1.43159814  5.24527247  1.77393195
[151] 19.49134889  6.47245594  5.85546531  5.20845273  6.71569603  9.03613541
[157]  7.19779536  9.33197673  5.60270926  5.47539040  1.36066152  2.04661403
[163]  1.37114059 19.08416999 13.17013608  9.38776133  8.80167815  3.48917620
[169]  3.15742274  2.87744868  5.07912865  4.72868547  4.55401722  4.27415283
[175]  4.14175287  6.11786414  4.83719523  7.24055163  6.94800916  5.00275166
[181] 16.38531547 15.24148833 10.54152013  8.87392472  1.17731126  0.83268162
[187]  1.39393455  2.93995533  1.62929640  3.02808523  3.00680403  3.53865942
[193]  6.90754932  6.60106066  5.94573206  3.82228947  6.56365432  6.42389399
[199]  3.22253908  1.86992761  0.86654792  0.76710671 14.15431335 13.94679176
[205] 12.87063115  6.69526501  8.55884294  8.49108823  7.35438196  6.91830361
[211]  6.39054476  2.95877074  2.25193760  0.13475049  4.46634408  6.35299052
[217]  6.10610827  5.79435867  2.67846156  5.51986162  3.37546722  3.90970922
[223]  3.90776728  3.02219523  0.33543698 12.20580065 11.34632948  2.80760529
[229]  6.50521829  5.28817467  5.02825273  4.99197657  1.10144177  0.29017516
[235]  5.56900423  1.68911983  0.13334516  5.95810857  5.28212934  4.58990438
[241]  4.57524270  3.67180521  2.76662155  1.15838915  1.25018121  1.91180314
[247]  1.15192050  9.13206896  0.65440675 10.00784958  0.43033764  2.82261328
[253]  4.69340749  2.06689374  0.41315742  4.41600742  2.25399055  1.17049293
[259]  0.78054938  4.19358321  1.82368739  7.67807928  2.08429377  0.44496148
[265]  4.22992990  3.52179191  2.33335260  4.03941659  3.61715026  2.77712542
[271]  1.99586633  3.20943337  2.68132789  3.44939419  0.10723246

$PAR
  [1]  NA   1   2   2   2   2   3   3   3   3   3   3   3   3   3   4   4   4
 [19]   5   5   5   7   8   8   8   8   8   8   8  11  13  15  15  16  16  17
 [37]  23  23  23  23  23  25  25  26  26  26  27  27  30  30  30  30  31  31
 [55]  31  31  32  34  34  34  34  35  38  38  39  40  40  41  43  43  45  48
 [73]  48  48  48  48  49  49  54  57  57  58  59  59  62  65  65  68  68  71
 [91]  71  71  71  71  71  74  74  75  77  77  77  83  83  83  83  83  85  85
[109]  85  87  88  90  90  91  91  91  91  91  91  94  94  94  94  96  96  98
[127]  99  99 100 102 103 105 105 107 107 108 109 113 113 113 113 115 116 116
[145] 116 116 116 118 125 126 130 132 132 132 133 138 138 139 139 143 145 149
[163] 149 151 151 151 151 151 151 151 152 152 152 152 152 155 155 158 158 159
[181] 164 164 165 166 168 171 172 174 174 175 176 177 178 178 178 178 179 179
[199] 179 180 180 180 182 182 182 183 184 184 184 184 184 192 192 192 193 194
[217] 194 194 194 195 196 197 198 199 201 203 204 206 208 208 208 209 209 209
[235] 210 210 210 216 216 216 217 217 217 218 219 220 222 226 226 227 229 230
[253] 232 232 233 235 235 241 245 248 248 250 252 254 256 256 260 265 265 266
[271] 266 268 268 269 271

$EXTANT
  [1] FALSE FALSE  TRUE FALSE FALSE FALSE FALSE FALSE FALSE FALSE FALSE FALSE
 [13]  TRUE FALSE FALSE FALSE FALSE FALSE FALSE FALSE FALSE FALSE FALSE FALSE
 [25] FALSE FALSE FALSE FALSE FALSE  TRUE  TRUE  TRUE FALSE FALSE FALSE FALSE
 [37] FALSE FALSE FALSE FALSE FALSE FALSE FALSE FALSE FALSE FALSE FALSE FALSE
 [49]  TRUE  TRUE FALSE  TRUE FALSE  TRUE  TRUE  TRUE  TRUE FALSE FALSE FALSE
 [61] FALSE FALSE FALSE FALSE FALSE FALSE FALSE FALSE FALSE FALSE  TRUE FALSE
 [73] FALSE FALSE  TRUE FALSE  TRUE  TRUE  TRUE  TRUE  TRUE FALSE FALSE FALSE
 [85] FALSE FALSE FALSE FALSE FALSE FALSE  TRUE  TRUE FALSE  TRUE FALSE  TRUE
 [97] FALSE  TRUE FALSE  TRUE  TRUE FALSE FALSE FALSE FALSE FALSE FALSE FALSE
[109] FALSE FALSE FALSE FALSE  TRUE FALSE FALSE  TRUE FALSE  TRUE FALSE FALSE
[121]  TRUE  TRUE  TRUE FALSE FALSE  TRUE  TRUE  TRUE  TRUE FALSE FALSE  TRUE
[133] FALSE FALSE FALSE FALSE FALSE FALSE FALSE FALSE  TRUE FALSE FALSE FALSE
[145]  TRUE  TRUE  TRUE FALSE FALSE FALSE FALSE  TRUE FALSE FALSE FALSE FALSE
[157] FALSE FALSE  TRUE FALSE  TRUE  TRUE  TRUE FALSE FALSE FALSE FALSE  TRUE
[169]  TRUE FALSE  TRUE FALSE FALSE  TRUE  TRUE  TRUE FALSE  TRUE  TRUE  TRUE
[181] FALSE FALSE FALSE FALSE  TRUE  TRUE  TRUE FALSE FALSE  TRUE  TRUE  TRUE
[193] FALSE  TRUE FALSE FALSE  TRUE FALSE  TRUE  TRUE  TRUE  TRUE  TRUE FALSE
[205] FALSE  TRUE  TRUE  TRUE  TRUE  TRUE FALSE  TRUE  TRUE  TRUE FALSE FALSE
[217] FALSE  TRUE  TRUE  TRUE  TRUE  TRUE  TRUE FALSE  TRUE  TRUE FALSE  TRUE
[229] FALSE  TRUE FALSE FALSE  TRUE  TRUE FALSE  TRUE  TRUE FALSE  TRUE  TRUE
[241]  TRUE FALSE FALSE  TRUE  TRUE  TRUE  TRUE  TRUE  TRUE FALSE  TRUE FALSE
[253] FALSE FALSE  TRUE  TRUE  TRUE FALSE  TRUE  TRUE  TRUE FALSE  TRUE  TRUE
[265] FALSE FALSE  TRUE FALSE FALSE  TRUE  TRUE  TRUE  TRUE  TRUE  TRUE

