
Birth-death simulation object with 314 species and 115 extant species

Details for some species:

Extinction times (NA means extant)
[1] 44.71650 42.89633 26.19842 13.64361 18.86609 35.04929


Speciation times 
[1] 49.11595 46.51555 46.46534 46.37643 44.51146 37.95060


Species parents (NA for initial)
[1] NA  1  2  2  2  3


Species status (extinct or extant)
[1] "extinct" "extinct" "extinct" "extinct" "extinct" "extinct"


For more details on vector y, try sim$y, with y one of
TE TS PAR EXTANT



$TE
  [1] 44.71649593 42.89632800 26.19841532 13.64361106 18.86608663 35.04929167
  [7] 30.73276786 27.21034718 17.09170642 15.71002512 12.69766947 40.15231226
 [13] 40.51072000 36.66074740 34.68714937 32.02322615 33.91029421 15.82975762
 [19] 12.70232376  7.03087146 35.15666361 38.09411775 23.44343598  5.15872422
 [25] 30.79453444 26.17784183 18.03738012 17.46752690 15.12444055 12.49163891
 [31] 21.31183148 22.46868245 33.02212110 36.28090830 31.60813931 31.38787650
 [37]  9.58535536  8.99835656          NA 38.14817350 34.58687224 35.91334539
 [43] 13.28769168 14.23781460 14.51464291 13.28898528 11.35295244 15.16633961
 [49] 22.99043740 14.84190521 40.59057407 38.09370524 18.98147799 23.91323389
 [55] 33.79415132 22.70930680          NA 14.82564643          NA          NA
 [61] 36.09467523 15.97206807 14.77692046 14.64712292 16.07018642 17.75129830
 [67] 14.63901009 15.11403837 13.12319739 13.51335547  8.65417176 20.22304205
 [73] 15.19751792 14.40375142  2.56523848 26.30362169  0.68286281 20.72879792
 [79] 14.53572999 31.28404547 26.70154017 24.03371850 29.80719191 25.28519436
 [85] 22.22030429 14.03512359 14.14116898 10.21916773 11.50955238 10.99835936
 [91]          NA  6.39197174          NA          NA          NA 19.67486871
 [97] 14.29640777 18.06183993 21.99086945          NA  7.39830684  5.08402965
[103]          NA          NA          NA 12.10381872 13.93261828  5.36972183
[109] 16.39501636 13.61940972 12.58576774 11.18378945  7.58098981  7.57909113
[115]          NA          NA          NA          NA  3.71539275  1.37268122
[121] 10.96970169          NA 10.51758177          NA  2.01357735          NA
[127] 13.34537405 13.07135334 30.41183499 30.02399787 31.50741880 26.19039595
[133] 30.64783060 26.35665411 21.97586492 13.98480491  5.44228912          NA
[139]          NA          NA          NA  5.29331278  0.84522656  6.02070548
[145]          NA  1.69533044 21.28852016 17.74258391 10.76987686  0.01396922
[151] 14.28350725 15.13578453 25.78655035 25.87145386  9.01507921 22.65433130
[157]  2.37893309          NA          NA          NA 16.34628700  6.26296555
[163]  3.30408057  7.04214215 13.73683014 10.70456866  5.80606300  5.85661516
[169]  5.29935315          NA  6.50007876          NA          NA  0.35433144
[175]          NA  6.18488986          NA          NA 29.17139806  2.09181589
[181]          NA          NA  1.15960878          NA          NA 25.97927538
[187] 21.39264286 18.22964779          NA  4.75989414  0.18376098  1.37077391
[193]          NA 23.48540130 13.98706361 13.16773356          NA          NA
[199]          NA          NA          NA          NA  0.28386200  8.48269884
[205]  5.36481299  6.57210991  8.98198835 12.05754878          NA          NA
[211]          NA          NA          NA          NA  0.95030277          NA
[217]          NA  4.25921331          NA          NA  0.81884250          NA
[223]  1.83265662          NA  5.71783989  0.97080417          NA          NA
[229]          NA 24.20945306 11.62942514 12.98973576          NA  1.10815476
[235]          NA          NA  2.77232528          NA          NA          NA
[241]          NA          NA          NA  4.94055134          NA  5.06898677
[247]          NA          NA  2.00516121          NA  0.04651887          NA
[253]  1.13264157          NA          NA          NA          NA          NA
[259]          NA  2.80152569          NA          NA          NA          NA
[265]          NA 13.76657197 12.04659307          NA          NA          NA
[271]          NA          NA  1.67147796  1.84194492          NA          NA
[277]          NA          NA          NA  4.85420216  2.90531400  0.82798449
[283]          NA          NA  0.77383141          NA          NA          NA
[289]          NA  0.86339739  0.44617839          NA 14.82209278 10.84631787
[295]  3.25391433          NA  1.50049861  1.97920886          NA  0.92270079
[301]          NA          NA          NA          NA  6.54603311          NA
[307]  0.82346379          NA  0.20598093          NA          NA          NA
[313]          NA          NA

$TS
  [1] 49.115954651 46.515548758 46.465337683 46.376430894 44.511460868
  [6] 37.950604615 32.259581809 31.545775756 30.534271089 29.768773831
 [11] 27.568166559 43.770075114 42.466781331 38.560817615 36.857345505
 [16] 36.823467583 36.093910017 18.982968571 17.750694754 15.813013069
 [21] 42.230208360 40.973516943 28.190756478 26.877181805 31.096485278
 [26] 29.627307515 26.285856967 18.520112551 16.499923687 24.207263348
 [31] 23.374771275 22.826016841 42.853969882 38.402327474 36.396152479
 [36] 33.980359189 11.194140747 10.898545606  8.656131015 41.248107205
 [41] 38.559380956 36.670625696 21.960169207 21.944854373 20.315112067
 [46] 18.165598441 18.147323203 21.722594200 23.439210458 17.527250457
 [51] 42.737825326 42.523523305 36.674197078 37.218954033 36.306880756
 [56] 35.581776994 34.694869148 33.741260385  9.751141538  4.491394735
 [61] 38.993726026 20.038799550 18.972691591 18.583654085 19.274458418
 [66] 18.211419822 16.049530018 15.947839874 14.881824922 16.214844130
 [71] 16.633798429 20.808557500 18.931395535 17.063956192 15.323763343
 [76] 27.570028219 24.188715154 20.772490936 19.195399940 36.476593067
 [81] 28.277345160 33.927145573 32.037149111 27.358016534 26.030662787
 [86] 21.127507914 18.538942113 16.117837767 11.865638666 11.685989021
 [91]  9.692474768  9.339751422  6.302501910  2.415077834  0.879264391
 [96] 31.963956097 31.187452023 31.177493287 29.779990077  9.749193543
[101]  7.987395659  6.224942387  4.942589789  1.817755744  0.371429262
[106] 18.326948751 16.224532566 10.849358939 18.760196319 17.427617497
[111] 16.354737362 14.108906746 11.667736976  9.633310911  8.499145891
[116]  7.555477438  6.847094075  5.467789712  4.709052981  2.586900346
[121] 16.509517870 13.610947240 13.396170189  8.025568994  5.978371124
[126]  4.415895052 16.072284659 15.091064282 33.784377418 33.746046723
[131] 32.526332540 32.340692465 32.330049900 30.771257922 26.578822103
[136] 14.499756927  6.897231197  6.269630148  3.359938825  3.352939888
[141]  1.021680926  7.602980427  6.426250743  6.234828379  4.221380985
[146]  2.435987145 29.408618453 19.859784527 21.730545111 19.410116474
[151] 19.217048366 15.432800821 27.886745181 26.677351765 22.389620504
[156] 25.924327914  7.539575103  7.479468176  4.622111991  6.160479502
[161] 16.671277705 14.769334422 10.600041027  9.883667429 14.464197732
[166] 13.474894192 13.698183185  8.275223087  7.004354878  6.234053768
[171]  6.980983428  0.686433004  2.127576980  0.950765808  8.715203962
[176]  6.424943340  4.939753791  5.191204383 30.965877473  5.557982284
[181]  5.384402009  2.577439088  6.152171514  2.792567248  1.478551478
[186] 26.270190874 23.536307797 18.333600446 12.943079588  7.043758878
[191]  5.281610427  4.266068288  3.329071878 26.161852868 18.836458517
[196] 15.391079410 10.665151040  5.751686659  5.221929494  4.681983811
[201]  2.733057127  0.724560657  5.660246564  9.300497513  8.410996925
[206]  8.395086520 10.714590036 13.535512157  5.698750174  5.490470975
[211]  8.521666970  6.485899522  5.210638690  4.765567724  3.519125839
[216]  0.601846520  6.413873941  4.888448854  4.156247962  0.828413945
[221]  4.449618277  3.889415529  3.365047295  1.984984417  5.745013038
[226]  3.058156030  2.728024182  0.187514894  0.415886010 24.942514848
[231] 17.238011582 13.394645110  6.389671678  3.489211476  0.810176902
[236]  5.126463510  3.386693891  3.722361860  2.921983123  0.254553187
[241]  2.924253191  2.170981818  1.607681576  7.601345147  8.361154477
[246]  6.771693776  9.010786686  4.961507519  4.289698831  3.748194481
[251]  1.699738417  1.068414257  4.157993011  3.525350325  2.772089309
[256]  5.107864406  5.643987144  4.540233331  2.572431757  3.053848076
[261]  0.988097983  1.214387774  0.155925866  0.867814024  0.048723471
[266] 15.234542263 12.503089384 12.255996603  6.022956547  5.580752315
[271]  4.339354839  2.532854448  3.037017121  2.096572121  1.374143906
[276]  1.165552347  0.314286553  7.487220466  7.447944847  6.371084812
[281]  5.479523235  4.775648631  2.428477762  0.737784630  1.248044973
[286]  0.902376575  2.279931072  0.331613994  0.005796248  3.304637954
[291]  4.188940609  4.114494940 14.867029924 12.225494496  7.914653012
[296]  2.167108336  1.664349568  3.328043499  0.457408801  4.802693034
[301]  4.618360122  3.274588142  2.581646115  2.244664885  7.757983327
[306]  3.302704343  1.290109120  1.039424413  0.399577418  1.930444967
[311]  1.038995094  0.218021676  0.595309329  0.296238151

$PAR
  [1]  NA   1   2   2   2   3   3   3   3   3   3   4   4   4   4   4   4   4
 [19]   4   4   5   5   5   5   7   9   9   9  10  11  11  11  12  14  16  16
 [37]  20  20  20  21  21  21  24  24  24  24  24  27  30  30  33  33  33  34
 [55]  34  35  35  35  38  39  40  43  43  43  44  45  45  45  45  46  47  48
 [73]  48  48  48  53  53  53  53  54  54  55  56  56  57  57  57  57  57  57
 [91]  57  57  57  57  57  58  58  58  58  59  59  59  59  59  59  64  65  71
[109]  73  73  73  75  75  75  75  75  75  75  75  75  77  77  77  77  77  77
[127]  79  79  80  80  80  80  82  83  84  88  91  91  91  91  91  92  92  93
[145]  93  93  96  96  97  97  97  97  98  98  98  99 100 100 100 102 106 107
[163] 108 108 111 111 112 115 115 115 116 117 118 118 122 122 122 124 130 137
[181] 138 139 142 143 145 147 147 149 150 150 150 150 150 154 155 155 155 158
[199] 158 158 159 159 160 164 164 164 166 167 170 170 175 175 175 175 175 175
[217] 176 178 178 178 180 180 183 183 189 189 189 189 193 194 195 196 197 198
[235] 198 199 199 200 200 201 203 203 203 205 206 206 207 209 209 209 209 209
[253] 210 210 210 211 212 212 212 213 213 214 214 219 220 231 231 231 233 233
[271] 233 236 237 238 241 242 243 244 245 246 246 247 248 248 250 251 255 255
[289] 255 256 258 258 266 268 268 270 270 271 271 279 281 281 291 292 295 300
[307] 302 302 303 304 306 309 311 311

$EXTANT
  [1] FALSE FALSE FALSE FALSE FALSE FALSE FALSE FALSE FALSE FALSE FALSE FALSE
 [13] FALSE FALSE FALSE FALSE FALSE FALSE FALSE FALSE FALSE FALSE FALSE FALSE
 [25] FALSE FALSE FALSE FALSE FALSE FALSE FALSE FALSE FALSE FALSE FALSE FALSE
 [37] FALSE FALSE  TRUE FALSE FALSE FALSE FALSE FALSE FALSE FALSE FALSE FALSE
 [49] FALSE FALSE FALSE FALSE FALSE FALSE FALSE FALSE  TRUE FALSE  TRUE  TRUE
 [61] FALSE FALSE FALSE FALSE FALSE FALSE FALSE FALSE FALSE FALSE FALSE FALSE
 [73] FALSE FALSE FALSE FALSE FALSE FALSE FALSE FALSE FALSE FALSE FALSE FALSE
 [85] FALSE FALSE FALSE FALSE FALSE FALSE  TRUE FALSE  TRUE  TRUE  TRUE FALSE
 [97] FALSE FALSE FALSE  TRUE FALSE FALSE  TRUE  TRUE  TRUE FALSE FALSE FALSE
[109] FALSE FALSE FALSE FALSE FALSE FALSE  TRUE  TRUE  TRUE  TRUE FALSE FALSE
[121] FALSE  TRUE FALSE  TRUE FALSE  TRUE FALSE FALSE FALSE FALSE FALSE FALSE
[133] FALSE FALSE FALSE FALSE FALSE  TRUE  TRUE  TRUE  TRUE FALSE FALSE FALSE
[145]  TRUE FALSE FALSE FALSE FALSE FALSE FALSE FALSE FALSE FALSE FALSE FALSE
[157] FALSE  TRUE  TRUE  TRUE FALSE FALSE FALSE FALSE FALSE FALSE FALSE FALSE
[169] FALSE  TRUE FALSE  TRUE  TRUE FALSE  TRUE FALSE  TRUE  TRUE FALSE FALSE
[181]  TRUE  TRUE FALSE  TRUE  TRUE FALSE FALSE FALSE  TRUE FALSE FALSE FALSE
[193]  TRUE FALSE FALSE FALSE  TRUE  TRUE  TRUE  TRUE  TRUE  TRUE FALSE FALSE
[205] FALSE FALSE FALSE FALSE  TRUE  TRUE  TRUE  TRUE  TRUE  TRUE FALSE  TRUE
[217]  TRUE FALSE  TRUE  TRUE FALSE  TRUE FALSE  TRUE FALSE FALSE  TRUE  TRUE
[229]  TRUE FALSE FALSE FALSE  TRUE FALSE  TRUE  TRUE FALSE  TRUE  TRUE  TRUE
[241]  TRUE  TRUE  TRUE FALSE  TRUE FALSE  TRUE  TRUE FALSE  TRUE FALSE  TRUE
[253] FALSE  TRUE  TRUE  TRUE  TRUE  TRUE  TRUE FALSE  TRUE  TRUE  TRUE  TRUE
[265]  TRUE FALSE FALSE  TRUE  TRUE  TRUE  TRUE  TRUE FALSE FALSE  TRUE  TRUE
[277]  TRUE  TRUE  TRUE FALSE FALSE FALSE  TRUE  TRUE FALSE  TRUE  TRUE  TRUE
[289]  TRUE FALSE FALSE  TRUE FALSE FALSE FALSE  TRUE FALSE FALSE  TRUE FALSE
[301]  TRUE  TRUE  TRUE  TRUE FALSE  TRUE FALSE  TRUE FALSE  TRUE  TRUE  TRUE
[313]  TRUE  TRUE

