
Birth-death simulation object with 217 species and 90 extant species

Details for some species:

Extinction times (NA means extant)
[1] 23.98818 40.47747 14.10298 33.40093 31.14476 23.68693


Speciation times 
[1] 49.11595 40.75459 38.62657 35.79812 31.64815 30.57298


Species parents (NA for initial)
[1] NA  1  1  1  1  1


Species status (extinct or extant)
[1] "extinct" "extinct" "extinct" "extinct" "extinct" "extinct"


For more details on vector y, try sim$y, with y one of
TE TS PAR EXTANT



$TE
  [1] 23.9881752 40.4774742 14.1029775 33.4009339 31.1447595 23.6869292
  [7] 27.5270106 31.7746333 25.2478858  7.1251992 21.1722275 23.7501244
 [13] 13.8257532 16.7827884  4.9826138 23.9228419 25.5015588 22.4266526
 [19] 14.9309830 14.9161731 13.2212072 11.5635671 20.0372991 24.6066748
 [25] 14.4841967 17.0791295 14.3800599 16.1089589 14.5179490 11.8959842
 [31] 11.9181369  9.3710948 10.3045457         NA 29.6078811 24.2394206
 [37] 26.8254204 17.3687165 20.7436880 14.6808984  8.7468521 11.1959541
 [43] 16.5480859 14.2430988 18.0730371  7.1578276 11.6567237 15.3212082
 [49] 12.2887249 11.5311516 14.2296838 14.2478981 12.3806071  5.7794269
 [55]  5.5495090         NA 23.4892292 17.1990283 14.3168843         NA
 [61]  0.7946099  5.8614335 12.2924593 20.2685412         NA  9.1055000
 [67]  1.4253744 12.9481254  0.7784290  3.0212832         NA         NA
 [73]         NA 18.1112399 23.8943391 15.0519309 10.8561962 12.1703807
 [79]  2.5219474         NA  4.5716180 10.9645459  5.4043882         NA
 [85]         NA         NA         NA         NA  5.5613226         NA
 [91]         NA  9.2959410  9.5458550  2.6182429         NA         NA
 [97]  1.6503441         NA         NA 22.1200685 15.0828052 11.6675263
[103] 12.0582350 11.3836111 10.3582887 10.8529389         NA  0.4874761
[109]  0.2221509         NA  7.2228443         NA         NA  5.9544224
[115]         NA         NA  1.8490146         NA         NA 11.8457652
[121]  0.7463421         NA         NA  8.3096860  6.7938446         NA
[127]         NA  4.5708486  3.3856857  4.8550769         NA  1.6010080
[133]         NA  4.1960406  2.8036277  4.5402445  0.7839692         NA
[139]  1.5328674         NA         NA         NA  4.4157030 10.0792979
[145]  7.1979180         NA         NA         NA  5.9716480         NA
[151]         NA  2.3395544         NA         NA  5.1657409         NA
[157]         NA  1.2825434         NA         NA         NA         NA
[163]  2.9619909         NA         NA         NA 10.2719315         NA
[169]         NA         NA  4.9452495         NA  4.0041121         NA
[175]         NA         NA  3.4487295         NA         NA         NA
[181]         NA  5.3357365         NA         NA  2.2979548         NA
[187]         NA         NA  0.5978817  0.9652984         NA         NA
[193]         NA         NA 10.7962045         NA  2.5969103  0.7782174
[199]         NA         NA  1.5262320         NA         NA         NA
[205]         NA  4.0082027         NA  2.2978292         NA         NA
[211]         NA         NA         NA         NA         NA         NA
[217]         NA

$TS
  [1] 49.11595465 40.75459183 38.62656646 35.79811842 31.64814509 30.57297740
  [7] 30.26741719 32.28677064 32.10012586 31.54933554 31.28521785 24.96256600
 [13] 20.55967771 18.99176635 18.97440480 24.87793975 31.61298379 27.20628666
 [19] 27.26819244 21.88288190 18.12824104 17.03508436 27.04209657 25.83781059
 [25] 24.09100100 17.53242580 17.41036649 17.16939127 15.86456957 13.71712380
 [31] 12.13474332 10.80796095 10.75456513  5.86487851 31.31950800 28.74553026
 [37] 26.88765539 24.35441988 22.71353140 19.22795410 17.23170860 16.37069075
 [43] 21.37380903 20.58232404 19.89738161 14.30835215 15.82452940 15.74500716
 [49] 13.47046947 11.71263777 21.16000854 23.93780007 16.02952860 12.29730460
 [55] 10.61567308  4.94864180 26.94964972 18.47888243 14.45044473 13.15618179
 [61] 12.00149332  9.36048941 14.49634891 21.48510523 18.79724295 18.23478265
 [67] 15.52778987 15.03478068 11.79318648  6.60578574  2.85867470  2.77999727
 [73]  1.55307438 26.64982444 25.70724845 23.86840808 18.23032377 13.09835763
 [79]  9.58307801  3.05145098  8.53216648 11.65558072  9.01632934  8.97796369
 [85]  7.21859753  3.81352964  3.74404137  1.86320387 11.09945528  2.90471775
 [91]  2.19455519 10.37255888  9.64536079  5.81709107  5.78411359  2.67066082
 [97]  3.97049666  3.19145078  0.03823395 22.22261899 18.07418004 16.74549462
[103] 16.21860254 12.92297988 12.20520294 12.30819623  8.87980955  7.69149364
[109]  6.43257589  8.43642854  7.38828362  1.18624243  0.87102668  9.06266496
[115]  1.90547144  4.10603202  5.22950086  0.22937877  0.33592961 15.22030476
[121] 13.45312081 11.36664950 10.45515317 11.97368786 11.50286646 11.35753544
[127]  8.74554213  5.92241884  4.68023319  6.91275375  6.06154946  4.39437308
[133]  2.62990786  7.69154675  7.33554220  7.05873131  1.15845992  0.10027749
[139]  2.66520890 14.08759547  8.40333319  8.07222110  4.57093467 10.54163354
[145]  9.25594649  5.76575326  3.94216134  8.80959528  6.13781689  5.74107069
[151]  1.62345011  7.28999879  7.03217287  6.16206170  5.43447720  6.91185775
[157]  4.30668981  1.40961421  3.59914147  0.20026044  5.72010179  3.57622416
[163]  3.26746634  6.08747827  5.37380717  1.94888634 12.62517217 12.56538785
[169]  0.92417767  0.80843957  6.75465522  5.25609603  4.24231971  1.09572863
[175]  0.91809193  2.50123744  3.49324327  4.58412645  0.21358052  1.50296040
[181]  6.15044180  6.73302335  6.11470419  0.66986511  5.13269545  3.93317709
[187]  2.17996945  1.37552332  2.71425003  2.66848401  1.92889107  1.42507634
[193]  0.33016775  0.03269983 11.11940267  8.92904067  5.32537901  5.11230474
[199]  0.44495785  1.41421133  2.60410100  1.54410503  3.93754338  1.24552075
[205]  0.24851838  6.63535628  1.57830347  4.98108162  4.83071276  0.59837123
[211]  4.13317600  4.16848325  3.01528000  1.99997669  1.06953389  1.16920656
[217]  0.04455204

$PAR
  [1]  NA   1   1   1   1   1   1   3   3   3   3   3   3   3   3   6   9   9
 [19]  10  10  10  10  11  11  12  13  14  15  15  15  15  15  15  15  17  17
 [37]  18  19  19  19  19  19  20  20  20  21  22  22  22  22  23  25  25  30
 [55]  33  34  36  40  41  41  41  46  47  52  52  52  52  53  54  54  56  56
 [73]  56  57  57  57  58  60  61  61  62  65  65  65  65  65  65  65  66  67
 [91]  67  69  69  69  69  69  70  70  73  74  76  76  76  77  77  78  79  81
[109]  81  84  84  84  85  89  91  94  95  95  98 101 102 105 105 106 106 106
[127] 107 107 107 108 109 109 109 110 110 110 110 113 116 120 121 121 121 122
[145] 122 122 122 123 123 123 123 125 126 126 127 130 131 131 132 133 135 135
[163] 135 136 136 139 140 140 141 141 142 142 142 142 142 146 147 148 148 150
[181] 152 153 153 153 154 154 154 154 156 157 161 162 164 166 168 168 168 171
[199] 175 176 178 181 183 187 192 196 196 197 198 203 206 208 208 212 212 213
[217] 216

$EXTANT
  [1] FALSE FALSE FALSE FALSE FALSE FALSE FALSE FALSE FALSE FALSE FALSE FALSE
 [13] FALSE FALSE FALSE FALSE FALSE FALSE FALSE FALSE FALSE FALSE FALSE FALSE
 [25] FALSE FALSE FALSE FALSE FALSE FALSE FALSE FALSE FALSE  TRUE FALSE FALSE
 [37] FALSE FALSE FALSE FALSE FALSE FALSE FALSE FALSE FALSE FALSE FALSE FALSE
 [49] FALSE FALSE FALSE FALSE FALSE FALSE FALSE  TRUE FALSE FALSE FALSE  TRUE
 [61] FALSE FALSE FALSE FALSE  TRUE FALSE FALSE FALSE FALSE FALSE  TRUE  TRUE
 [73]  TRUE FALSE FALSE FALSE FALSE FALSE FALSE  TRUE FALSE FALSE FALSE  TRUE
 [85]  TRUE  TRUE  TRUE  TRUE FALSE  TRUE  TRUE FALSE FALSE FALSE  TRUE  TRUE
 [97] FALSE  TRUE  TRUE FALSE FALSE FALSE FALSE FALSE FALSE FALSE  TRUE FALSE
[109] FALSE  TRUE FALSE  TRUE  TRUE FALSE  TRUE  TRUE FALSE  TRUE  TRUE FALSE
[121] FALSE  TRUE  TRUE FALSE FALSE  TRUE  TRUE FALSE FALSE FALSE  TRUE FALSE
[133]  TRUE FALSE FALSE FALSE FALSE  TRUE FALSE  TRUE  TRUE  TRUE FALSE FALSE
[145] FALSE  TRUE  TRUE  TRUE FALSE  TRUE  TRUE FALSE  TRUE  TRUE FALSE  TRUE
[157]  TRUE FALSE  TRUE  TRUE  TRUE  TRUE FALSE  TRUE  TRUE  TRUE FALSE  TRUE
[169]  TRUE  TRUE FALSE  TRUE FALSE  TRUE  TRUE  TRUE FALSE  TRUE  TRUE  TRUE
[181]  TRUE FALSE  TRUE  TRUE FALSE  TRUE  TRUE  TRUE FALSE FALSE  TRUE  TRUE
[193]  TRUE  TRUE FALSE  TRUE FALSE FALSE  TRUE  TRUE FALSE  TRUE  TRUE  TRUE
[205]  TRUE FALSE  TRUE FALSE  TRUE  TRUE  TRUE  TRUE  TRUE  TRUE  TRUE  TRUE
[217]  TRUE

