
Birth-death simulation object with 234 species and 60 extant species

Details for some species:

Extinction times (NA means extant)
[1] 45.65064 40.33119 39.46707 10.90592 34.14921 24.91912


Speciation times 
[1] 49.11595 46.75198 46.57876 45.94458 42.44334 39.66087


Species parents (NA for initial)
[1] NA  1  2  3  3  3


Species status (extinct or extant)
[1] "extinct" "extinct" "extinct" "extinct" "extinct" "extinct"


For more details on vector y, try sim$y, with y one of
TE TS PAR EXTANT



$TE
  [1] 45.6506404 40.3311890 39.4670749 10.9059178 34.1492062 24.9191203
  [7] 23.7609422 37.9640119 31.3446095  3.6023292 23.4527933 25.0399938
 [13] 12.8222011 17.7071806 16.9816205 26.2996022 39.1034210 26.2087504
 [19] 28.7665334 14.6812760 24.1537547 25.9155665 13.6047856 17.9464175
 [25] 15.0794121  7.4209248  5.2600023 20.0252639  9.7400591 29.8756744
 [31] 14.4378974  6.4650712 18.2553513 21.8578268 29.1340950 31.8855299
 [37] 33.0034326 32.4126143 30.9308786 25.6135374 14.7009285 12.4643103
 [43] 10.8163558 36.4266033 16.3577481 23.1426973 23.2213011 26.2582707
 [49] 15.0070425 10.9572939 19.8969425  3.8215958         NA 10.6735635
 [55]         NA 13.8479582 15.1151329 12.6074491         NA         NA
 [61] 26.7623659 21.0799066 14.2532695 28.6096347 18.8487456 34.1545223
 [67] 30.3598276 28.9767405 25.1042783 14.4527527  8.7991694 11.8690955
 [73] 16.9902021 12.6630809 21.3672897 15.5904599 14.8136370 13.8469344
 [79] 13.9081697         NA         NA 12.1388876 14.9425843  4.0897920
 [85]  0.3380934         NA         NA         NA         NA 21.7889994
 [91]  2.8091070 29.4382318 27.7112444 24.8958282 24.6889978 17.7746813
 [97] 21.5126010 13.8999249 32.3425953 18.7506820 13.0169035 11.4800077
[103] 16.6842933 13.8805363 12.8403761         NA 10.0651394  8.4127224
[109]  5.6048574         NA         NA  1.6861680         NA         NA
[115]         NA 15.6952728  8.6728728  3.2210046 25.7320027 16.6036025
[121] 26.2846327 12.6943965 22.6898543 16.9449884 16.9537865 13.3356170
[127] 13.2037333 27.8075277 11.5676231 12.9798655 14.7002918 12.1482471
[133]         NA  1.1893552         NA         NA         NA         NA
[139]  3.5401526 14.3701125 20.4325256         NA 14.1035400 14.1047727
[145] 20.5276442 11.3793112         NA 23.6768919 17.9506924  7.4352470
[151] 17.5798231 14.1917092  5.1447033 12.4918870 11.2175783  7.4928439
[157]         NA         NA         NA  3.4772208         NA 12.4656902
[163] 10.5672402  8.2586393  1.2861284  9.8176111 20.2250953 11.2813903
[169]  8.3521372 10.4899159 10.4805779  8.7285514         NA 11.9775301
[175]         NA         NA         NA 14.7271388 13.8221336 13.6364420
[181] 19.6161976         NA 10.7554335  2.1255499  9.1896513  7.8864667
[187]         NA         NA  1.4017069  3.9674926         NA         NA
[193]         NA         NA         NA 15.0101942 15.1680505  4.6915385
[199]  0.3738723         NA         NA         NA  5.0142291         NA
[205]         NA         NA         NA  4.6629055  4.0637728  1.7428830
[211]         NA  0.8784417         NA  5.0886256  0.1995220         NA
[217]  1.0017378         NA  2.8578101         NA         NA         NA
[223]         NA  2.4556086         NA         NA  0.8453832  3.8448110
[229]         NA         NA         NA  0.4220176  2.6082787         NA

$TS
  [1] 49.1159547 46.7519761 46.5787559 45.9445787 42.4433427 39.6608693
  [7] 44.8353724 39.1907909 37.8862957 29.5545385 26.7985867 25.1632516
 [13] 20.2045923 19.8032155 35.2698413 32.4410471 42.7385908 39.3281981
 [19] 28.8987607 38.8977104 38.8413757 29.3288605 26.9942705 24.0410314
 [25] 17.4603120 10.8873970 25.0224296 20.1883323 16.5376988 33.8423970
 [31] 29.6045970 21.6441105 27.9106524 33.9528673 38.5669889 37.7176982
 [37] 33.9261164 32.5929866 31.1579170 30.9955255 22.5119488 18.9577076
 [43] 18.0452473 36.4807642 28.6673726 28.0855415 28.5129490 27.1231862
 [49] 17.0927798 23.2802121 24.1836398  8.1216545  7.6898803 10.8160211
 [55] 10.0827365 18.9599178 16.7292656 12.6670831  6.9456179  6.5207819
 [61] 28.9595619 23.5195289 23.0442674 32.4502540 30.8421580 35.5687533
 [67] 33.2731403 30.5914651 26.9027545 22.1714469 18.6672519 15.3810853
 [73] 17.8947218 17.4708024 22.4120892 18.6961140 16.0026423 14.9054872
 [79] 20.7327179  7.6161825  3.8998985 16.2412639 15.3236036 13.8912498
 [85]  5.5363360  3.8362082  3.1801149  0.6733202  1.6446851 22.7651355
 [91] 21.4708801 31.1385400 30.9502147 30.4113438 29.4512719 24.9216795
 [97] 24.6286145 22.8763041 34.6269020 32.1963470 19.3102953 13.1140880
[103] 17.9426749 16.5987585 16.1352858  0.7718680 11.0304844 10.0876472
[109]  7.6240946  2.0839938  1.8867409  1.9259850  2.2862211  1.1778450
[115]  0.3895654 22.5596012 11.3262024  4.3868892 29.4966821 30.2330385
[121] 27.8518247 26.9047188 26.4782150 22.6564712 17.0645139 16.3655914
[127] 14.3491840 33.3690594 25.2888123 24.3274090 16.8407509 14.8525306
[133]  6.8745054  6.1868063  1.8953447  0.1088202  0.6800077 10.7417042
[139]  3.5963116 26.5507568 22.8940496 14.3983757 26.4193773 25.2023654
[145] 22.0842434 18.6353717 16.2826643 31.1829687 20.2732418 19.3662582
[151] 17.5913505 14.5638800 19.1333327 16.2039655 15.2334051 13.4874992
[157]  5.1267548  1.7587870  0.1604858  8.1429014  1.1486440 18.1574278
[163] 12.4772473  8.7052173  5.8516500 25.6256241 23.5963520 14.0985233
[169]  9.1714516 17.5470922 14.5032847  9.3289632 11.5934240 12.1278260
[175] 10.3492927  7.3053853  3.8498602 18.4959012 16.8413827 15.6974738
[181] 20.7659016 11.7112225 11.2498114 11.8714073 11.4533368  9.8805081
[187]  8.2410469  7.3778789  5.4379968  8.5733278  7.0515589  2.6803201
[193]  1.2464993  5.2730405  2.6486746 15.0220014 16.1499971  7.1065047
[199]  6.8573386  3.3840363  1.5112763  7.4536080  5.0487733  2.3377762
[205]  2.0494112  1.5191645  7.1062124  5.5343784  5.4412448  4.1145582
[211]  1.3373075  0.9032809  2.3252515  5.2349657  4.8298538  5.1265513
[217]  1.0972136  1.0395025  5.2753039  1.3739894  1.9279257  0.7885483
[223]  1.6363155  6.5180973  6.4444830  5.6811847  4.4256152  4.7375162
[229]  0.9404212  0.7892448  0.6326506  5.8449050  4.4821912  2.4991282

$PAR
  [1]  NA   1   2   3   3   3   4   4   4   4   4   4   4   4   6   6   7   7
 [19]   7   8   8  10  10  10  10  10  11  13  13  15  15  15  16  18  20  20
 [37]  20  20  20  20  20  20  20  21  21  21  22  22  23  24  27  27  27  29
 [55]  29  32  32  32  32  32  34  34  34  35  35  36  36  40  40  41  41  41
 [73]  42  43  45  50  50  50  51  53  53  56  56  56  59  59  59  59  60  63
 [91]  63  64  64  64  64  65  65  65  66  67  70  74  76  76  76  80  84  84
[109]  84  85  85  86  87  87  88  90  91  91  92  94  95  95  95  98  98  98
[127]  98  99 100 100 103 105 109 109 110 113 114 117 118 120 122 122 123 123
[145] 124 124 126 128 129 129 129 129 130 131 131 132 134 134 137 138 138 140
[163] 142 142 142 143 143 146 147 150 150 150 155 156 156 160 165 166 166 166
[181] 167 170 170 171 173 173 173 173 173 175 175 175 175 176 176 178 179 182
[199] 182 182 182 184 187 187 187 187 188 188 188 188 191 191 195 198 198 199
[217] 200 200 202 202 204 204 205 207 207 207 207 208 216 216 223 224 225 227

$EXTANT
  [1] FALSE FALSE FALSE FALSE FALSE FALSE FALSE FALSE FALSE FALSE FALSE FALSE
 [13] FALSE FALSE FALSE FALSE FALSE FALSE FALSE FALSE FALSE FALSE FALSE FALSE
 [25] FALSE FALSE FALSE FALSE FALSE FALSE FALSE FALSE FALSE FALSE FALSE FALSE
 [37] FALSE FALSE FALSE FALSE FALSE FALSE FALSE FALSE FALSE FALSE FALSE FALSE
 [49] FALSE FALSE FALSE FALSE  TRUE FALSE  TRUE FALSE FALSE FALSE  TRUE  TRUE
 [61] FALSE FALSE FALSE FALSE FALSE FALSE FALSE FALSE FALSE FALSE FALSE FALSE
 [73] FALSE FALSE FALSE FALSE FALSE FALSE FALSE  TRUE  TRUE FALSE FALSE FALSE
 [85] FALSE  TRUE  TRUE  TRUE  TRUE FALSE FALSE FALSE FALSE FALSE FALSE FALSE
 [97] FALSE FALSE FALSE FALSE FALSE FALSE FALSE FALSE FALSE  TRUE FALSE FALSE
[109] FALSE  TRUE  TRUE FALSE  TRUE  TRUE  TRUE FALSE FALSE FALSE FALSE FALSE
[121] FALSE FALSE FALSE FALSE FALSE FALSE FALSE FALSE FALSE FALSE FALSE FALSE
[133]  TRUE FALSE  TRUE  TRUE  TRUE  TRUE FALSE FALSE FALSE  TRUE FALSE FALSE
[145] FALSE FALSE  TRUE FALSE FALSE FALSE FALSE FALSE FALSE FALSE FALSE FALSE
[157]  TRUE  TRUE  TRUE FALSE  TRUE FALSE FALSE FALSE FALSE FALSE FALSE FALSE
[169] FALSE FALSE FALSE FALSE  TRUE FALSE  TRUE  TRUE  TRUE FALSE FALSE FALSE
[181] FALSE  TRUE FALSE FALSE FALSE FALSE  TRUE  TRUE FALSE FALSE  TRUE  TRUE
[193]  TRUE  TRUE  TRUE FALSE FALSE FALSE FALSE  TRUE  TRUE  TRUE FALSE  TRUE
[205]  TRUE  TRUE  TRUE FALSE FALSE FALSE  TRUE FALSE  TRUE FALSE FALSE  TRUE
[217] FALSE  TRUE FALSE  TRUE  TRUE  TRUE  TRUE FALSE  TRUE  TRUE FALSE FALSE
[229]  TRUE  TRUE  TRUE FALSE FALSE  TRUE

