
Birth-death simulation object with 289 species and 84 extant species

Details for some species:

Extinction times (NA means extant)
[1] 42.06632 44.91616 25.69326 33.54898 33.72442 26.27174


Speciation times 
[1] 49.11595 48.16669 44.59198 46.43599 40.96760 32.03891


Species parents (NA for initial)
[1] NA  1  1  2  3  3


Species status (extinct or extant)
[1] "extinct" "extinct" "extinct" "extinct" "extinct" "extinct"


For more details on vector y, try sim$y, with y one of
TE TS PAR EXTANT



$TE
  [1] 42.06632483 44.91615696 25.69326446 33.54898454 33.72441571 26.27174441
  [7] 25.73384038 44.81441748 28.23012788 34.32501280 34.72504153 35.75838234
 [13] 29.88814398 26.11124065 27.66049756 15.00682844 18.92733068 10.75681200
 [19] 42.28862834 38.33481541  5.45053916 34.87131625 35.68218905 32.76791300
 [25] 34.78866035 34.22066668 24.49136475 23.09130654 24.97179958 25.44305226
 [31] 22.76555575 18.66170722          NA 15.08992686 24.57557835 16.69917542
 [37] 15.71498437 22.61515579 15.17596149  4.20631796  8.27592354 13.21724477
 [43]          NA  3.52644520  7.30432832          NA 33.69943973 34.53369402
 [49] 32.17429032 14.13483386 19.26754253 26.08981552 23.54518448 21.82929043
 [55] 14.79572702 14.96963807 10.57770722          NA  4.21218348  5.30493785
 [61]          NA  4.88570631          NA  3.21147938  8.23251106 14.24632440
 [67]  7.41185991  7.06448101          NA          NA  2.93656408          NA
 [73] 36.17691810 30.17022636 29.33653818 22.36455275 21.51698368 17.31089629
 [79]  9.70194018          NA 19.33691956 16.51392313 17.11443766 19.24442051
 [85] 11.99020352 21.32876715 13.32233882 10.51729478  5.84666913 13.04110104
 [91] 13.21812083 14.09163548 10.84282538  8.37249072  1.60501327          NA
 [97] 13.49091045  0.87149260          NA          NA  5.58393713  1.55451925
[103]  0.53223886  7.45167647          NA          NA 12.95229911  2.48433886
[109]          NA  4.20963071 14.68018865          NA 17.32627547 22.77095655
[115] 11.69430322  5.75368377          NA          NA          NA  0.44899838
[121] 11.44358557 16.40672587 14.20781329 22.02240012 17.54151752 13.28208343
[127]  9.81898991          NA 14.45681196 14.90636550 14.08903145 18.86080264
[133] 22.81856342 10.76510740 18.75142164 12.68563627 12.38048440          NA
[139]  3.24218252 18.10501230 11.95190874 14.66065291  5.86595076  6.72994299
[145]          NA          NA          NA          NA          NA  0.33553863
[151]          NA          NA          NA  5.06443548  4.01463840          NA
[157]  1.60058845          NA          NA 11.96309600          NA          NA
[163] 23.67520480 11.08530068          NA 12.13964376  6.88212161 14.76242052
[169] 10.40121124          NA  2.36778146          NA          NA 23.51521481
[175] 17.15496782 18.25815246 14.08137384 15.06266949 13.36758686 14.43012332
[181] 11.91803179 13.25266005 10.26343971  3.23599185          NA  8.13553668
[187] 12.00660417 17.68897243  2.17468302  6.42895371  0.13510078  4.34057937
[193]          NA          NA          NA          NA          NA 12.65600349
[199]  5.57372527          NA 13.85339935  8.64530543  4.26059979          NA
[205]          NA          NA          NA 16.47811996 20.05510154 16.36021764
[211] 13.82529517 14.23526954 12.95222009          NA 12.06579182  7.85161982
[217] 14.12601431 10.57684541  3.41525736          NA  2.78334914  0.58790226
[223]  5.36181870          NA  0.53199360          NA          NA  0.20529755
[229] 13.38830078  8.22260306  5.52699998          NA          NA 10.64760286
[235] 10.55282463 14.11144316  6.93885060          NA  3.33315848  7.78662848
[241] 13.28547095 12.27848422          NA          NA          NA  0.10647007
[247]          NA          NA  0.79655012  1.67744981          NA 11.80748527
[253]  4.30086542          NA  3.38177828  2.93197169 10.79228462          NA
[259]          NA          NA          NA          NA  0.81006174          NA
[265]          NA 11.82149787  7.27845524  8.72173832  7.11068256          NA
[271]  7.62153435 14.25077943 10.60175869  4.68718664          NA          NA
[277]          NA  0.05985935  2.01462712          NA          NA  7.00814903
[283]          NA          NA          NA          NA          NA  4.55852850
[289]          NA

$TS
  [1] 49.11595465 48.16669289 44.59197890 46.43599322 40.96759974 32.03891474
  [7] 29.09644036 46.21149149 40.55109735 39.57372040 39.56684762 36.15077622
 [13] 36.74668872 28.86233898 28.85031802 27.29408638 26.22701315 25.79273619
 [19] 45.27133766 38.84846596 32.59613953 39.29912577 37.94671441 37.50746788
 [25] 35.74164884 38.11083881 27.59863002 27.02114772 26.29458476 28.32580324
 [31] 25.14814607 20.96783000 15.83793610 15.12492031 25.12454414 19.79734983
 [37] 19.10922447 25.38928565 18.41677051 16.41399345 12.40178366 20.12794600
 [43] 11.70520005  8.91917840  8.01129241  7.95043743 38.16635074 34.99931126
 [49] 37.89448579 34.63792803 26.63743747 26.28640080 25.29605218 25.25450374
 [55] 26.24143881 25.64036885 10.70317274 17.62702961 16.22894045  9.03542311
 [61]  8.58704207  7.36062084  5.93119052 11.96745943  9.52313297 14.70850104
 [67]  7.86587038  8.58588158  7.96339165  5.80719675  5.44772214  1.67664206
 [73] 36.57708544 33.65120799 29.73247263 27.74023451 23.77504072 18.78475795
 [79] 16.77911633 24.88464739 23.53762416 20.14921865 20.11082046 19.90430214
 [85] 24.39922104 23.53659065 24.80890046 24.66296994 23.59871250 18.66391827
 [91] 16.52573541 17.43809665 10.85508056  8.42672429  6.62460558  3.28739293
 [97] 15.85585014  6.30012389  7.85774211  0.09829909  6.23426715  6.01981123
[103]  4.45485272  7.97969463  5.16324693  9.38660421 14.24944540  5.71313417
[109]  0.91804760  5.43648850 16.58208468 13.28621651 23.92840746 23.07754046
[115] 14.85669088 12.59988100  6.99152715  2.95836263  1.94065104  0.93869764
[121] 19.78951488 18.59076433 17.38337170 22.16517475 20.43754603 14.50952326
[127] 13.26258835 12.16575696 24.67788496 22.79047005 22.66417192 24.34840215
[133] 22.95056824 20.04717507 19.11634074 15.38905949 14.59463572 12.66042140
[139] 10.77798784 21.98215648 19.27857205 18.15564751  8.30395509  8.15970138
[145] 18.04746974  6.51426535  3.16427625  6.20994324  1.79647247  1.22396626
[151]  7.49375000  4.81731040  3.22966780  6.17573860  5.76795715  4.09543302
[157]  3.59892677  3.52521091  0.24366961 13.16709551  4.78496458  0.32565089
[163] 23.85262323 14.48045587  0.12696605 12.29065162 11.90490513 17.24156501
[169] 18.11602891 12.16732452 10.99363160  9.32773769  1.31667597 24.51348697
[175] 21.83166222 21.44691637 19.37017606 19.25618930 18.83279007 15.81039433
[181] 14.99666497 13.78245142 10.61555358  8.98769825  1.00338745 10.18749540
[187] 20.63645537 17.95655836  7.57924183  6.90036322  6.33403191  4.42781768
[193]  2.11135737  0.76577311  2.83950271  2.31348147  0.26788155 13.73713004
[199]  9.09136254  7.50420439 14.10963279  9.61179443  6.76551786  1.27435519
[205]  4.71719016  2.87239536  6.45886261 18.24469230 20.39456180 19.81585035
[211] 15.68484800 17.14348202 18.58261810 17.31130073 14.74111423  8.70929724
[217] 19.08510882 15.14026064  6.93299715  5.96805192  5.84547205  2.64977360
[223]  5.72184446  4.20708737  0.99614503  0.36990506  0.30057056  1.75839926
[229] 13.53669796  9.00545173  6.60768478  0.88600434  5.13435160 16.65176305
[235] 16.58678671 14.24515869  7.81571015  6.80735369  4.52089569  8.65149741
[241] 18.23458954 16.51443465  0.73134428  2.74665973  2.11966601  0.69997562
[247]  1.41580400  1.27992969  8.83846630  6.22896580  0.53402279 15.40507311
[253] 11.50641009 16.09963463 12.94893847  3.26358802 17.29011295 13.38795443
[259]  2.01725688  1.89403287  0.48498857  0.24645096  0.98165004 12.86648419
[265]  6.35054010 12.41051362 10.85634065  8.88407582  7.36173761  3.68580018
[271]  8.13461409 16.09120259 11.66768430  5.03197339  4.58468537  2.84250865
[277]  1.32965347  3.07290497  6.01601289  5.77810085  0.46522657 11.26776191
[283]  2.01785506  0.41248570  0.67790292  0.18484364  7.48061359  6.45375753
[289]  3.59007632

$PAR
  [1]  NA   1   1   2   3   3   3   4   4   4   4   4   5   7   7   7   7   7
 [19]   8   9   9  10  10  10  10  11  14  14  14  15  16  16  16  16  17  17
 [37]  17  18  18  18  18  21  21  21  21  21  22  22  26  26  28  28  28  28
 [55]  30  30  33  36  37  40  40  40  40  41  41  42  43  44  44  46  46  46
 [73]  47  49  50  50  50  50  50  51  51  51  51  51  53  55  56  56  56  56
 [91]  56  58  58  58  58  58  59  60  61  61  62  62  63  64  64  65  66  70
[109]  70  71  79  79  80  80  80  80  80  80  80  80  81  83  83  85  85  85
[127]  85  85  87  87  87  88  88  88  88  88  88  88  88  89  89  89  89  89
[145]  90  95  96  98  98  98  99  99  99 101 101 103 105 105 105 107 108 109
[163] 113 115 119 121 121 122 125 127 128 128 128 129 129 129 129 129 129 131
[181] 136 137 138 138 138 139 140 141 144 145 145 145 145 149 152 153 153 164
[199] 167 167 169 170 170 170 171 171 172 175 176 176 177 178 179 179 180 184
[217] 187 187 189 189 189 189 191 191 193 194 195 196 198 202 203 205 207 208
[235] 212 213 214 214 214 216 217 217 222 224 224 225 228 228 230 231 232 234
[253] 234 235 235 238 241 241 244 244 244 247 249 252 253 254 254 254 254 254
[271] 255 257 257 258 258 258 258 264 265 265 270 273 276 278 280 280 282 287
[289] 287

$EXTANT
  [1] FALSE FALSE FALSE FALSE FALSE FALSE FALSE FALSE FALSE FALSE FALSE FALSE
 [13] FALSE FALSE FALSE FALSE FALSE FALSE FALSE FALSE FALSE FALSE FALSE FALSE
 [25] FALSE FALSE FALSE FALSE FALSE FALSE FALSE FALSE  TRUE FALSE FALSE FALSE
 [37] FALSE FALSE FALSE FALSE FALSE FALSE  TRUE FALSE FALSE  TRUE FALSE FALSE
 [49] FALSE FALSE FALSE FALSE FALSE FALSE FALSE FALSE FALSE  TRUE FALSE FALSE
 [61]  TRUE FALSE  TRUE FALSE FALSE FALSE FALSE FALSE  TRUE  TRUE FALSE  TRUE
 [73] FALSE FALSE FALSE FALSE FALSE FALSE FALSE  TRUE FALSE FALSE FALSE FALSE
 [85] FALSE FALSE FALSE FALSE FALSE FALSE FALSE FALSE FALSE FALSE FALSE  TRUE
 [97] FALSE FALSE  TRUE  TRUE FALSE FALSE FALSE FALSE  TRUE  TRUE FALSE FALSE
[109]  TRUE FALSE FALSE  TRUE FALSE FALSE FALSE FALSE  TRUE  TRUE  TRUE FALSE
[121] FALSE FALSE FALSE FALSE FALSE FALSE FALSE  TRUE FALSE FALSE FALSE FALSE
[133] FALSE FALSE FALSE FALSE FALSE  TRUE FALSE FALSE FALSE FALSE FALSE FALSE
[145]  TRUE  TRUE  TRUE  TRUE  TRUE FALSE  TRUE  TRUE  TRUE FALSE FALSE  TRUE
[157] FALSE  TRUE  TRUE FALSE  TRUE  TRUE FALSE FALSE  TRUE FALSE FALSE FALSE
[169] FALSE  TRUE FALSE  TRUE  TRUE FALSE FALSE FALSE FALSE FALSE FALSE FALSE
[181] FALSE FALSE FALSE FALSE  TRUE FALSE FALSE FALSE FALSE FALSE FALSE FALSE
[193]  TRUE  TRUE  TRUE  TRUE  TRUE FALSE FALSE  TRUE FALSE FALSE FALSE  TRUE
[205]  TRUE  TRUE  TRUE FALSE FALSE FALSE FALSE FALSE FALSE  TRUE FALSE FALSE
[217] FALSE FALSE FALSE  TRUE FALSE FALSE FALSE  TRUE FALSE  TRUE  TRUE FALSE
[229] FALSE FALSE FALSE  TRUE  TRUE FALSE FALSE FALSE FALSE  TRUE FALSE FALSE
[241] FALSE FALSE  TRUE  TRUE  TRUE FALSE  TRUE  TRUE FALSE FALSE  TRUE FALSE
[253] FALSE  TRUE FALSE FALSE FALSE  TRUE  TRUE  TRUE  TRUE  TRUE FALSE  TRUE
[265]  TRUE FALSE FALSE FALSE FALSE  TRUE FALSE FALSE FALSE FALSE  TRUE  TRUE
[277]  TRUE FALSE FALSE  TRUE  TRUE FALSE  TRUE  TRUE  TRUE  TRUE  TRUE FALSE
[289]  TRUE

