
Birth-death simulation object with 353 species and 107 extant species

Details for some species:

Extinction times (NA means extant)
[1] 28.91261 17.95614 34.86144 33.09795 32.22617 20.86873


Speciation times 
[1] 49.51846 36.26487 35.62224 33.76241 33.48504 36.22428


Species parents (NA for initial)
[1] NA  1  1  1  1  2


Species status (extinct or extant)
[1] "extinct" "extinct" "extinct" "extinct" "extinct" "extinct"


For more details on vector y, try sim$y, with y one of
TE TS PAR EXTANT



$TE
  [1] 28.91261167 17.95614420 34.86144206 33.09794522 32.22616843 20.86873018
  [7] 15.49264808 29.59662223 32.46363750 26.09376929 28.44220772 15.06163185
 [13] 21.53423087 15.23405590 25.02682626 24.69630795 24.42866706 34.16852112
 [19] 15.79876581 23.14411175 18.63745963 17.82802646 13.79688332 27.65512551
 [25] 14.26132379 23.89026384 23.56835309 15.29992145 22.58934199 19.33347455
 [31] 13.96385477 15.22883315 20.58788721 22.26063456 11.37924938 15.19911612
 [37] 23.24298518 19.56206267 14.95199186 13.98288160 15.56848736 15.04759011
 [43] 24.33474915 17.72789350 18.05757734 13.36064635 14.35588112 28.85500380
 [49] 23.61041173 15.20194513 24.48488538 12.45269335 18.32916159 15.64902418
 [55] 23.56426468 15.34385270 16.33955358 14.49446643 22.51482494 24.41326673
 [61] 12.93483915 15.60479172 13.61568826 17.29933184 14.58511030 13.45986280
 [67] 14.67972367 16.63834031 16.05957756 12.09639930 16.87948049 14.59275574
 [73] 11.40439938 20.10253963 14.35841649 14.63709796 15.25403168  7.43017342
 [79] 13.82578282 15.62881018 12.66385847 13.76246068 17.06039334 15.07221771
 [85]  2.94304370 16.62972522 16.31576337 16.71878329 13.82230357 22.32179996
 [91] 13.22118023 23.31877947 11.50329970 18.79112610 18.63386118 17.68884514
 [97] 16.51227688 15.38264849 13.87631676 14.07151190 14.83196462 15.49891837
[103] 18.38012759 21.27071758 15.35387902 15.41182307 19.10181719 18.88685882
[109] 16.84651449 15.25262835 15.56987745 14.69663747 14.95671158 13.47134833
[115] 14.86932811 12.85360937 15.90783510 11.08460646  4.08795335 15.26571632
[121] 19.14737236 17.92391523 15.57865117 14.53274608 15.20953281 13.48042441
[127] 18.50823460  7.56621044          NA          NA          NA  0.51992050
[133]  3.87641923 14.78343345 13.62877622 21.65310972 17.62361249 20.89250240
[139] 14.07886284 14.77114006 14.92670221 13.48370924  7.80208594 12.29910567
[145] 21.20764516 14.06743313 12.77889184 13.79321025 13.06256064 19.00860719
[151] 15.16060705 15.89224948 15.63476594 15.20009198 11.53575668  5.84001107
[157]          NA 15.20136296 12.73722672 15.52070321 15.45650532 15.46187744
[163] 12.36215093          NA  6.88863264  4.12456232          NA          NA
[169]          NA  2.02868206  0.65087203          NA          NA          NA
[175]          NA  1.70453563 15.30859436 13.76283069 16.41565040 15.37423297
[181]          NA 12.39974214  5.65978476  2.96083216 14.11795746 12.82111011
[187] 19.63705866 19.88357437 14.01625769 14.35808373          NA          NA
[193] 15.17536794 15.09473110 14.87498572 16.24187974 12.91256119 13.60547937
[199] 12.78574911 10.41823071 15.92976843          NA  1.96771298          NA
[205]  5.65793193  1.99495608          NA  0.31089291  0.05801446 17.44663636
[211]          NA  8.70946525          NA  6.82357574  4.32960567  5.85280166
[217]  5.54276460          NA 14.73101075  1.82628268  1.92920516          NA
[223]          NA 13.93700465 13.09057806 13.33995222  2.79241224          NA
[229]  2.43215746  3.63666603          NA  3.48431730          NA  7.30633529
[235]          NA          NA  5.54636659  1.97106582  1.09163877          NA
[241]          NA 12.46999554  7.91550179  5.58184079          NA  2.78827363
[247]          NA 15.39842467 15.28516619  7.14618687  3.94609074  1.47164711
[253]  1.67449424          NA          NA          NA          NA  1.02121299
[259]          NA  0.42320389          NA          NA          NA  3.29486907
[265]          NA          NA  3.93394862          NA  1.95988751 14.08558606
[271] 14.84276203  3.27205004          NA  0.23073338          NA          NA
[277]          NA          NA          NA          NA  3.17765925          NA
[283]          NA          NA          NA          NA          NA          NA
[289]          NA          NA          NA          NA  1.17270952          NA
[295]          NA          NA 14.66818475  0.37264239          NA          NA
[301]          NA  3.39804378          NA          NA          NA          NA
[307]          NA          NA  2.63218825          NA          NA  3.07438576
[313]          NA          NA  1.00292301          NA          NA          NA
[319]          NA          NA          NA  5.87925785          NA          NA
[325]  0.22040967  4.04358003  0.73488944          NA          NA  1.23485286
[331]          NA          NA          NA          NA          NA          NA
[337]          NA          NA          NA          NA          NA  2.74217192
[343]          NA          NA          NA          NA          NA  2.67580529
[349]          NA          NA          NA  1.00507809          NA

$TS
  [1] 49.5184600 36.2648668 35.6222427 33.7624101 33.4850440 36.2242760
  [7] 35.7552676 34.6334159 34.4227137 33.0721309 32.5606084 29.7010424
 [13] 29.1078846 20.6118380 34.4188485 30.9423408 27.7632542 35.4567617
 [19] 25.7089372 25.4542382 24.0195263 22.5562773 16.7726788 30.0828727
 [25] 30.6176792 29.6074000 29.3744093 28.3908296 22.6786631 20.1329305
 [31] 18.7486960 25.9509792 29.2922266 25.6872179 27.7012977 22.4032850
 [37] 23.8746842 20.7062431 19.8903128 20.3490328 18.8331685 15.1509928
 [43] 29.0306681 26.2320588 19.6251490 18.7495056 15.6679221 29.2198566
 [49] 27.2302550 28.2525142 27.8996406 22.1165287 19.4440767 22.6405928
 [55] 25.6884227 22.9399177 19.5024220 16.5373832 26.9459909 24.8018039
 [61] 22.9280397 25.5910038 23.8369770 21.2423484 15.9452170 15.0263914
 [67] 26.0503898 24.6215164 22.9525870 19.3396986 18.1037567 15.5614758
 [73] 15.0987560 25.3802924 20.6231659 20.1641547 19.6661306 18.8244932
 [79] 25.8120426 21.7466791 20.4939281 14.0630035 20.7368561 17.4668127
 [85] 20.9906359 19.3207511 18.4954825 17.8779234 14.6296225 23.2679577
 [91] 17.5847284 25.2872247 23.9966050 22.2156104 20.6634256 19.9874239
 [97] 19.7928072 17.8142855 17.0593859 15.0382585 19.3672232 25.2232282
[103] 21.8115881 21.6794646 19.3838563 16.5643733 24.6034708 20.7823221
[109] 17.0001231 18.5350887 17.5764611 16.6736111 19.8442918 16.9495470
[115] 16.9100050 18.1091609 16.7937720 13.1943535  8.1291857 23.5270909
[121] 21.1262722 18.1482695 15.9847221 19.1948199 16.5352454 15.3893760
[127] 20.4201183 10.2479079  8.6270389  4.6555891  4.4265915  4.2590674
[133]  4.1887052 16.5816598 16.4838633 22.8278201 23.3364589 23.0256938
[139] 15.1938544 14.8123136 19.4181718 19.1495198 15.2551800 13.9844399
[145] 21.4461115 19.3966162 17.0195000 17.6715461 15.6315595 22.9548503
[151] 22.4531457 20.0399745 16.0289477 15.2852573 11.6823440  6.7885583
[157]  5.1102292 21.0977818 15.4835789 18.8413479 18.3506336 15.6949044
[163] 14.8466718  8.0298896  8.6260938  7.6607515  6.9020793  3.6056928
[169]  0.5351593  3.1626309  2.9093729  1.2399011  0.4884725  3.8618752
[175]  3.5847067  2.5070286 19.3024593 14.3547627 18.4933923 16.8766649
[181] 13.9862284 12.7481695 10.3719540 10.1587402 16.2185870 16.9120682
[187] 21.8613566 21.8613526 15.2799704 16.2491770  3.6797325  2.4238314
[193] 19.3535247 19.1384272 18.9592663 18.6480729 18.2124808 17.4776330
[199] 17.3292843 13.2103555 18.5100565  2.4161453  2.1570496  0.8772626
[205]  6.6419263  6.6224062  1.8643256  1.9273510  0.1621729 18.9501734
[211] 10.2248122  9.1741767  8.3225193  7.1925007  7.8242240  6.3690613
[217]  7.3323646 13.9377354 20.0642264  2.9439530  2.9210295  2.2296516
[223]  1.4413186 16.9928503 17.3204973 14.4958443 11.4885008  1.0293046
[229]  5.7191726  3.7069150  7.3377261  8.1589069  7.7755901  7.4246858
[235]  6.7905462  5.5167085  6.4433418  5.8743539  4.9522160  6.9829540
[241]  6.9289936 13.7914135  9.7463300  7.7546612  6.2895737  5.7806317
[247]  3.4152767 16.7835274 16.2636647 10.3887323  5.5175966  3.3362670
[253]  2.7191079  6.1109470  7.1994497  7.0544586  3.6238514  7.1214247
[259]  6.5472283  6.5833038  3.6523690  1.9496919  0.8713494  4.3215219
[265]  2.1515131  3.6585066  5.6005328  3.8250960  2.2776077 15.7667849
[271] 15.4266898  9.7227597  7.5864799  4.3256434  4.6754191  4.0674247
[277]  6.4905913  5.0188994  1.6020985  1.2774311  6.5720636  6.0646783
[283]  4.2119517  2.9250784  1.9723973  1.2130168  0.9405550  2.0465323
[289]  6.8967404  3.0738838  1.8953505  0.4078380  1.2286115  1.3452147
[295]  1.9338099  1.5784002 15.0356316  8.6537171  6.2000116  4.7980942
[301]  6.5279449  6.1156019  2.1230901  1.2999413  0.5280617  1.0966280
[307]  6.4435680  5.7873436  5.6745320  0.7327693  0.6148760  5.7021537
[313]  0.1290421  1.8180626  6.1584732  5.6633810  2.1391645  0.6570766
[319]  1.2232384  0.3411449  7.9299741  6.3841995  3.3784735  2.2457015
[325]  2.1981992  6.0628244  2.9231818  2.1176583  4.3092170  3.7430302
[331]  3.3784593  1.3828131  0.5024807  5.8695135  2.8077235  4.5442168
[337]  4.4825464  0.3661838  3.8392859  1.6332655  5.6465489  4.3404856
[343]  0.5575404  1.7670760  0.9926484  2.0822691  0.1490274  4.3618191
[349]  0.8237216  1.3450882  0.1771100  2.0597927  0.7282134

$PAR
  [1]  NA   1   1   1   1   2   2   2   2   2   2   2   2   2   6   6   6   7
 [19]   7   7   7   7   7  10  11  11  12  12  12  14  14  15  16  16  17  19
 [37]  21  21  21  22  22  23  24  25  25  25  25  26  26  28  28  28  28  29
 [55]  32  32  32  32  33  34  34  35  35  35  39  39  43  43  44  45  46  46
 [73]  47  50  50  50  50  50  51  52  52  52  54  54  56  56  56  57  58  59
 [91]  61  62  62  62  62  62  62  62  63  63  64  67  67  67  67  67  68  68
[109]  68  69  70  70  75  75  75  76  77  78  78  79  79  79  80  81  84  84
[127]  85  85  85  85  85  85  85  87  87  90  92  93  93  93  95  97  99  99
[145] 102 102 102 105 106 107 107 108 113 115 118 119 119 120 120 124 124 125
[163] 126 128 129 129 129 129 129 131 131 131 131 132 132 132 137 139 142 142
[181] 142 143 143 143 146 148 150 151 151 152 157 157 158 158 158 158 158 158
[199] 158 159 160 164 164 164 166 166 167 168 175 177 181 181 181 181 183 183
[217] 184 186 187 191 191 192 192 194 199 199 200 202 205 206 211 213 213 213
[235] 213 213 215 215 215 217 217 218 218 218 218 218 218 219 219 227 227 227
[253] 229 231 232 232 232 233 233 235 235 236 236 238 239 241 245 245 247 249
[271] 249 250 250 251 254 254 255 255 255 255 256 256 256 256 256 256 256 257
[289] 258 258 259 259 260 261 262 268 271 272 272 272 273 273 274 274 274 275
[307] 277 277 277 278 280 281 282 283 289 289 289 291 296 296 298 298 298 298
[325] 298 299 299 299 300 301 301 303 306 307 308 309 309 311 312 314 315 316
[343] 323 324 324 327 335 336 336 341 345 346 346

$EXTANT
  [1] FALSE FALSE FALSE FALSE FALSE FALSE FALSE FALSE FALSE FALSE FALSE FALSE
 [13] FALSE FALSE FALSE FALSE FALSE FALSE FALSE FALSE FALSE FALSE FALSE FALSE
 [25] FALSE FALSE FALSE FALSE FALSE FALSE FALSE FALSE FALSE FALSE FALSE FALSE
 [37] FALSE FALSE FALSE FALSE FALSE FALSE FALSE FALSE FALSE FALSE FALSE FALSE
 [49] FALSE FALSE FALSE FALSE FALSE FALSE FALSE FALSE FALSE FALSE FALSE FALSE
 [61] FALSE FALSE FALSE FALSE FALSE FALSE FALSE FALSE FALSE FALSE FALSE FALSE
 [73] FALSE FALSE FALSE FALSE FALSE FALSE FALSE FALSE FALSE FALSE FALSE FALSE
 [85] FALSE FALSE FALSE FALSE FALSE FALSE FALSE FALSE FALSE FALSE FALSE FALSE
 [97] FALSE FALSE FALSE FALSE FALSE FALSE FALSE FALSE FALSE FALSE FALSE FALSE
[109] FALSE FALSE FALSE FALSE FALSE FALSE FALSE FALSE FALSE FALSE FALSE FALSE
[121] FALSE FALSE FALSE FALSE FALSE FALSE FALSE FALSE  TRUE  TRUE  TRUE FALSE
[133] FALSE FALSE FALSE FALSE FALSE FALSE FALSE FALSE FALSE FALSE FALSE FALSE
[145] FALSE FALSE FALSE FALSE FALSE FALSE FALSE FALSE FALSE FALSE FALSE FALSE
[157]  TRUE FALSE FALSE FALSE FALSE FALSE FALSE  TRUE FALSE FALSE  TRUE  TRUE
[169]  TRUE FALSE FALSE  TRUE  TRUE  TRUE  TRUE FALSE FALSE FALSE FALSE FALSE
[181]  TRUE FALSE FALSE FALSE FALSE FALSE FALSE FALSE FALSE FALSE  TRUE  TRUE
[193] FALSE FALSE FALSE FALSE FALSE FALSE FALSE FALSE FALSE  TRUE FALSE  TRUE
[205] FALSE FALSE  TRUE FALSE FALSE FALSE  TRUE FALSE  TRUE FALSE FALSE FALSE
[217] FALSE  TRUE FALSE FALSE FALSE  TRUE  TRUE FALSE FALSE FALSE FALSE  TRUE
[229] FALSE FALSE  TRUE FALSE  TRUE FALSE  TRUE  TRUE FALSE FALSE FALSE  TRUE
[241]  TRUE FALSE FALSE FALSE  TRUE FALSE  TRUE FALSE FALSE FALSE FALSE FALSE
[253] FALSE  TRUE  TRUE  TRUE  TRUE FALSE  TRUE FALSE  TRUE  TRUE  TRUE FALSE
[265]  TRUE  TRUE FALSE  TRUE FALSE FALSE FALSE FALSE  TRUE FALSE  TRUE  TRUE
[277]  TRUE  TRUE  TRUE  TRUE FALSE  TRUE  TRUE  TRUE  TRUE  TRUE  TRUE  TRUE
[289]  TRUE  TRUE  TRUE  TRUE FALSE  TRUE  TRUE  TRUE FALSE FALSE  TRUE  TRUE
[301]  TRUE FALSE  TRUE  TRUE  TRUE  TRUE  TRUE  TRUE FALSE  TRUE  TRUE FALSE
[313]  TRUE  TRUE FALSE  TRUE  TRUE  TRUE  TRUE  TRUE  TRUE FALSE  TRUE  TRUE
[325] FALSE FALSE FALSE  TRUE  TRUE FALSE  TRUE  TRUE  TRUE  TRUE  TRUE  TRUE
[337]  TRUE  TRUE  TRUE  TRUE  TRUE FALSE  TRUE  TRUE  TRUE  TRUE  TRUE FALSE
[349]  TRUE  TRUE  TRUE FALSE  TRUE

