
Birth-death simulation object with 266 species and 124 extant species

Details for some species:

Extinction times (NA means extant)
[1] 46.10972 39.00649 48.22022 48.55289 42.33358 35.40196


Speciation times 
[1] 49.51846 49.24239 48.30562 48.94571 48.70850 44.91984


Species parents (NA for initial)
[1] NA  1  1  2  2  2


Species status (extinct or extant)
[1] "extinct" "extinct" "extinct" "extinct" "extinct" "extinct"


For more details on vector y, try sim$y, with y one of
TE TS PAR EXTANT



$TE
  [1] 4.610972e+01 3.900649e+01 4.822022e+01 4.855289e+01 4.233358e+01
  [6] 3.540196e+01 4.278731e+01 3.829979e+01 3.690874e+01 4.020215e+01
 [11] 3.828292e+01 3.155458e+01 3.647372e+01 3.462997e+01 3.919325e+01
 [16] 2.571566e+01 2.917532e+01 3.727668e+01 1.831464e+01 3.260986e+01
 [21] 3.818838e+01 3.321689e+01 3.439623e+01 1.491266e+01 3.118845e+01
 [26] 2.650540e+01 1.529117e+01 1.896201e+01 3.136088e+01 1.556677e+01
 [31] 1.444810e+01 1.403723e+01 1.390403e+01 1.676232e+01 1.492832e+01
 [36] 3.299205e+01 3.167120e+01 2.514127e+01 2.831102e+01 1.640492e+01
 [41] 1.511175e+01 1.534777e+01 1.270842e+01 3.162271e+01 2.662280e+01
 [46] 1.767623e+01 1.388146e+01 1.154005e+01 1.749895e+01 1.614288e+01
 [51] 1.151550e+01 1.529902e+01 1.459485e+01 2.675340e+01 3.059704e+01
 [56] 1.412937e+01 1.505204e+01 1.579495e+01 1.208930e+01 1.611677e+01
 [61] 1.388392e+01 1.254151e+01 7.584222e+00 2.556349e+00 1.439068e+01
 [66] 1.259240e+01 1.374571e+01 1.350537e+01 1.951819e+01 1.379218e+01
 [71] 1.499221e+01 1.486612e+01 1.360617e+01           NA           NA
 [76] 4.902189e-01 4.955530e+00 2.097046e+01 1.390003e+01 1.506565e+01
 [81] 1.469582e+01 8.461453e+00           NA           NA           NA
 [86]           NA           NA           NA           NA           NA
 [91]           NA           NA           NA           NA 1.679420e+00
 [96] 1.061605e+00           NA 2.626269e+00 1.037023e+00 1.646297e+01
[101] 1.118876e+01           NA           NA 2.223123e-02           NA
[106]           NA 3.774588e+00           NA 2.355084e+00 6.931314e+00
[111]           NA 4.581223e+00           NA           NA           NA
[116]           NA 2.708682e+00           NA 2.590788e+00           NA
[121]           NA 2.818851e+00 2.511148e+00 8.258892e-01 1.244836e+01
[126]           NA           NA           NA           NA           NA
[131] 2.036872e+00           NA           NA           NA 3.731494e-01
[136] 2.023489e+00 1.217338e+00 3.399532e+00           NA           NA
[141]           NA           NA           NA           NA           NA
[146]           NA 1.273227e+01 8.396966e+00 6.543680e+00           NA
[151] 4.997814e+00           NA 4.294794e+00 3.851312e+00           NA
[156]           NA           NA 2.375317e+00           NA           NA
[161]           NA 6.970095e+00 2.369778e+00 6.355203e+00           NA
[166] 4.033406e+00           NA           NA           NA           NA
[171]           NA 6.704375e+00           NA 7.076014e+00 3.070882e+00
[176]           NA 3.404900e-02 4.939799e+00           NA 2.349264e-01
[181]           NA           NA 6.421600e+00           NA           NA
[186]           NA 4.501063e-01           NA           NA           NA
[191] 3.441141e+00           NA           NA 8.163959e+00           NA
[196] 4.259496e+00           NA           NA           NA 5.973442e-01
[201] 2.600020e+00           NA 2.383211e+00           NA           NA
[206]           NA           NA           NA 6.034495e+00 4.371967e+00
[211]           NA 3.002123e-01           NA           NA           NA
[216]           NA           NA 2.085721e+00           NA           NA
[221]           NA 8.630671e+00 6.244268e-04 3.849759e+00           NA
[226]           NA 5.097011e-02           NA           NA           NA
[231]           NA           NA           NA 2.975631e+00           NA
[236]           NA 3.923208e+00           NA           NA 5.473489e-01
[241]           NA           NA 9.366786e-02           NA           NA
[246]           NA           NA           NA           NA 4.848209e-01
[251]           NA           NA           NA           NA           NA
[256]           NA           NA           NA           NA 1.083531e+00
[261]           NA           NA           NA 3.646917e-01           NA
[266]           NA

$TS
  [1] 49.518460031 49.242394756 48.305619314 48.945713072 48.708503464
  [6] 44.919843440 45.627957443 44.028698027 41.066945491 40.640090994
 [11] 39.998652079 38.982546374 36.853102595 44.607006772 43.859688419
 [16] 43.608219653 43.485123508 38.711408718 36.516353510 32.730092372
 [21] 43.301148486 41.102614468 35.742315026 31.440348754 34.887376937
 [26] 31.104635113 30.709385509 22.445711461 35.034460772 29.233606440
 [31] 23.956219554 21.282760154 19.220559464 18.005441006 17.756274791
 [36] 33.413144490 33.327496051 26.926172015 29.474313684 22.387551454
 [41] 21.195650627 17.585215593 17.397304787 32.004157383 31.422000012
 [46] 22.144916320 15.902619661 19.674383956 19.114760249 17.419428514
 [51] 14.087106858 17.161328667 15.381167326 32.798805878 32.663143397
 [56] 32.328990574 16.480112714 16.232298249 13.117127942 18.461319379
 [61] 17.602923365 12.578739847 11.996269482 12.277695199 16.672504866
 [66] 16.113042103 14.693290222 29.762412357 31.081200656 18.290090841
 [71] 17.517482892 16.121601316 14.475006961 10.105043127  9.838893270
 [76]  9.158547292  6.047763586 21.863850300 17.276700291 16.491845470
 [81] 15.176435718  8.881617339  5.896058634  5.192556351  3.482539230
 [86]  3.388234688  3.205036516  2.809675299  2.731801244  1.374941535
 [91]  1.258459562  9.280923230  8.361813034  7.235967181  4.826431878
 [96]  1.981255375  0.542248941  8.658687479  5.586538222 17.119806209
[101] 14.897087974  8.729819872  5.879388327  2.043080819  3.111671633
[106]  1.524005506  8.947899877  8.706373245  8.229144071  8.000769997
[111]  7.133220979  6.869088606  5.995731438  2.591087549  0.885087346
[116]  3.666937371  4.002101675  2.840539392  2.798550117  2.704332365
[121]  2.206414016  7.163990453  6.200037997  2.292074092 13.932779003
[126] 11.820345504  8.164432973  5.902812789  5.774578560  2.507649220
[131]  2.929005520  2.774565346  2.904456625  1.030732082  1.038520176
[136]  8.089136506  6.716087812  3.452974414  6.764287593  0.587012782
[141]  3.220264065  1.530074113  1.109868841  0.802715400  2.742611725
[146]  0.035325201 13.157504897 12.457672987  9.013457508  6.531703083
[151]  6.102995073  5.396659778  7.079098115  6.734266586  6.650975038
[156]  3.270392185  3.117483808  5.394723469  2.246051502  2.085597778
[161]  0.416030776  7.867708931  7.027294169  6.416861033  2.167413748
[166]  4.828797480  4.339945980  5.892623877  0.433263388  1.856195417
[171] 10.226183475  9.765485593  8.469991142  7.249244056  7.185769312
[176]  6.696601133  1.847822191  6.501076404  6.432505770  1.882096575
[181]  0.415947719  5.393864029  7.606412361  6.954826531  5.864081102
[186]  4.568072229  2.942327794  1.022985761  5.586774207  2.170309037
[191]  6.199271822  3.603471077  9.581052229  9.573076366  6.084815372
[196]  6.045612035  5.848275063  4.053589560  3.495224711  7.187862451
[201]  6.626938584  6.301255553  5.323223579  5.118317432  4.954315576
[206]  0.486591874  6.365625638  6.231451345  6.074364613  5.943426832
[211]  1.909246774  6.202408398  3.327764338  3.109480206  1.476449023
[216]  0.108527406  2.528125158  2.502087972  1.322699285  0.569399593
[221]  6.048731580  9.310360026  8.320628159  7.112530683  3.506981757
[226]  5.716835154  4.249795979  0.595227766  3.438775935  2.921821463
[231]  2.123288395  5.437186672  1.967765180  4.540245398  4.581106429
[236]  0.024694001  5.254063118  3.619144737  0.778571593  3.032604628
[241]  1.808688426  1.382393518  0.669677971  0.270434668  2.770513915
[246]  1.449436028  1.273776498  0.768267581  4.277345739  1.011757825
[251]  2.571205047  3.295683318  1.310357379  0.004179285  1.867414057
[256]  3.334717803  0.575160720  0.645282979  0.444682576  2.372625064
[261]  2.527582684  1.856457634  2.241395436  1.226546904  1.031302729
[266]  0.985926507

$PAR
  [1]  NA   1   1   2   2   2   5   5   6   6   6   6   6   7   7   7   7   9
 [19]  12  12  14  15  16  17  19  19  19  19  22  24  24  24  24  24  24  25
 [37]  25  26  27  27  27  27  27  29  29  30  30  31  32  32  32  35  35  37
 [55]  37  37  42  43  43  46  48  48  48  51  52  52  53  54  55  56  61  61
 [73]  61  63  63  63  64  68  71  71  71  74  74  74  74  74  74  74  74  74
 [91]  74  75  75  75  75  75  75  76  77  79  79  82  83  83  84  84  92  92
[109]  92  92  92  92  92  92  92  93  94  94  94  95  95  98  98  99 101 101
[127] 102 102 102 102 103 103 105 105 106 107 107 108 111 111 113 113 114 114
[145] 118 118 125 125 126 126 126 126 127 127 127 127 127 128 129 133 134 136
[163] 136 136 136 137 137 139 144 145 148 148 148 149 149 149 150 155 155 157
[181] 157 158 162 163 163 163 163 165 168 168 171 171 172 172 173 173 173 173
[199] 173 174 175 175 176 176 176 176 178 178 179 179 179 184 184 184 184 184
[217] 187 187 187 190 191 193 193 193 193 195 195 197 198 198 198 201 202 205
[235] 210 211 212 212 212 213 213 214 219 221 223 223 223 223 224 225 226 227
[253] 227 230 232 234 235 239 248 249 251 256 261 261 264 265

$EXTANT
  [1] FALSE FALSE FALSE FALSE FALSE FALSE FALSE FALSE FALSE FALSE FALSE FALSE
 [13] FALSE FALSE FALSE FALSE FALSE FALSE FALSE FALSE FALSE FALSE FALSE FALSE
 [25] FALSE FALSE FALSE FALSE FALSE FALSE FALSE FALSE FALSE FALSE FALSE FALSE
 [37] FALSE FALSE FALSE FALSE FALSE FALSE FALSE FALSE FALSE FALSE FALSE FALSE
 [49] FALSE FALSE FALSE FALSE FALSE FALSE FALSE FALSE FALSE FALSE FALSE FALSE
 [61] FALSE FALSE FALSE FALSE FALSE FALSE FALSE FALSE FALSE FALSE FALSE FALSE
 [73] FALSE  TRUE  TRUE FALSE FALSE FALSE FALSE FALSE FALSE FALSE  TRUE  TRUE
 [85]  TRUE  TRUE  TRUE  TRUE  TRUE  TRUE  TRUE  TRUE  TRUE  TRUE FALSE FALSE
 [97]  TRUE FALSE FALSE FALSE FALSE  TRUE  TRUE FALSE  TRUE  TRUE FALSE  TRUE
[109] FALSE FALSE  TRUE FALSE  TRUE  TRUE  TRUE  TRUE FALSE  TRUE FALSE  TRUE
[121]  TRUE FALSE FALSE FALSE FALSE  TRUE  TRUE  TRUE  TRUE  TRUE FALSE  TRUE
[133]  TRUE  TRUE FALSE FALSE FALSE FALSE  TRUE  TRUE  TRUE  TRUE  TRUE  TRUE
[145]  TRUE  TRUE FALSE FALSE FALSE  TRUE FALSE  TRUE FALSE FALSE  TRUE  TRUE
[157]  TRUE FALSE  TRUE  TRUE  TRUE FALSE FALSE FALSE  TRUE FALSE  TRUE  TRUE
[169]  TRUE  TRUE  TRUE FALSE  TRUE FALSE FALSE  TRUE FALSE FALSE  TRUE FALSE
[181]  TRUE  TRUE FALSE  TRUE  TRUE  TRUE FALSE  TRUE  TRUE  TRUE FALSE  TRUE
[193]  TRUE FALSE  TRUE FALSE  TRUE  TRUE  TRUE FALSE FALSE  TRUE FALSE  TRUE
[205]  TRUE  TRUE  TRUE  TRUE FALSE FALSE  TRUE FALSE  TRUE  TRUE  TRUE  TRUE
[217]  TRUE FALSE  TRUE  TRUE  TRUE FALSE FALSE FALSE  TRUE  TRUE FALSE  TRUE
[229]  TRUE  TRUE  TRUE  TRUE  TRUE FALSE  TRUE  TRUE FALSE  TRUE  TRUE FALSE
[241]  TRUE  TRUE FALSE  TRUE  TRUE  TRUE  TRUE  TRUE  TRUE FALSE  TRUE  TRUE
[253]  TRUE  TRUE  TRUE  TRUE  TRUE  TRUE  TRUE FALSE  TRUE  TRUE  TRUE FALSE
[265]  TRUE  TRUE

