
Birth-death simulation object with 138 species and 66 extant species

Details for some species:

Extinction times (NA means extant)
[1] 47.01874 40.32112 34.17404 36.84347 41.51901 30.02849


Speciation times 
[1] 49.51846 47.55901 43.86591 40.96349 41.84025 39.80728


Species parents (NA for initial)
[1] NA  1  2  2  3  3


Species status (extinct or extant)
[1] "extinct" "extinct" "extinct" "extinct" "extinct" "extinct"


For more details on vector y, try sim$y, with y one of
TE TS PAR EXTANT



$TE
  [1] 47.01873722 40.32112033 34.17404063 36.84347010 41.51900750 30.02848876
  [7] 14.50731277 32.43237285 33.08638894 15.33040161 25.01519084 33.11487015
 [13] 14.87744906 12.54762405 36.71403924 32.18160380 29.31912377 21.38167928
 [19] 14.22168867  9.54772494 14.82892153 15.42230692 15.18219610          NA
 [25] 26.85690991 26.20583256 13.07724412 19.02953969          NA  0.09821216
 [31]          NA          NA 13.86514077 12.44491291 11.51398760 14.23668670
 [37]          NA          NA  2.14884671          NA          NA          NA
 [43] 11.51580283 12.68756443 12.76156350 15.56674851          NA          NA
 [49]          NA          NA          NA          NA  2.33345885  2.37278628
 [55]          NA          NA  7.55359818  2.18422267          NA          NA
 [61]          NA          NA  0.60628393  6.43622223          NA  3.56413458
 [67]  1.48568249  6.91272893  3.37601144          NA          NA  0.82786949
 [73]  2.48682154  4.17547479  2.59348923          NA  6.79714241  0.18902884
 [79]  2.05348743          NA  0.40594046          NA  1.83525970  2.39000175
 [85]          NA  2.36753936  0.72280471          NA  1.23570790  1.74942172
 [91]  3.38614764          NA          NA          NA          NA  4.17536632
 [97]          NA          NA          NA          NA          NA          NA
[103]          NA  0.53127282  2.01889071          NA          NA          NA
[109]          NA          NA          NA          NA  1.21619445          NA
[115]          NA          NA          NA  0.98215570          NA  3.28546308
[121]          NA          NA  3.57750326          NA          NA          NA
[127]          NA          NA          NA          NA          NA          NA
[133]  1.21607643          NA          NA          NA  0.36457720  2.87026707

$TS
  [1] 49.5184600 47.5590127 43.8659150 40.9634942 41.8402473 39.8072827
  [7] 38.1208511 39.4190453 36.8630019 36.9220107 34.7412309 34.2058118
 [13] 18.8850309 16.2137029 37.8692253 33.0889780 29.8342863 23.1731742
 [19] 18.3089528 14.8779082 29.7445295 18.1624061 16.8610119 12.1763477
 [25] 28.5498424 27.0547787 21.7376696 19.2110344  6.8159701  5.9750198
 [31]  0.9408831  0.9196851 16.8959234 14.5720051 13.8188295 19.0715598
 [37]  6.2348321  6.1160704  3.6251681  4.9071888  3.7064660  0.5970542
 [43] 13.5409755 12.8583633 13.7318254 17.6785890  6.1100848  5.8695463
 [49]  3.1494258  4.4492799  2.6174844  3.3006314 12.0305629  4.6072667
 [55]  1.1168275  9.7710209  9.3212909  8.2946416  8.0223683  7.7118373
 [61]  5.8752278  4.8687050  3.0119613  9.1073628  6.2675137  5.0797615
 [67]  2.8772148  8.7068855  7.6000589  5.9300394  3.4143178  7.0650621
 [73]  5.9295841  4.4966945  4.4478700  1.4856256  7.2413939  7.1580191
 [79]  6.0153750  5.3637554  4.4766251  1.2263860  7.8799202  5.9187451
 [85]  5.4763254  6.9620220  4.3846993  4.8896437  3.1483764  2.6689017
 [91]  6.5802578  4.5085944  3.6047628  0.8147109  5.3951158  6.3772108
 [97]  3.5672648  0.8757856  5.6715515  5.4883987  4.0219336  2.7211805
[103]  4.2509341  2.9173431  6.4888626  5.6873206  5.2414917  3.3603235
[109]  3.3000415  1.9050640  3.4395619  0.7316850  1.9893726  1.0999950
[115]  0.1449273  2.1494567  1.2714645  3.8969428  3.3281156  4.4775168
[121]  1.2302442  1.1126684  4.4966542  3.4528016  0.8806773  3.3305247
[127]  3.2338721  1.2945758  0.1321987  1.0102168  3.5709820  0.3262255
[133]  4.4464812  1.5543104  0.3618107  3.0740856  3.0260536  3.2442214

$PAR
  [1]  NA   1   2   2   3   3   3   4   4   6   6   7   7   7   8   8  10  10
 [19]  10  13  17  19  19  20  21  21  21  21  24  24  24  24  27  27  27  28
 [37]  29  29  29  30  30  32  34  34  35  36  37  37  37  38  39  41  43  47
 [55]  51  53  53  53  53  53  53  53  54  56  56  56  56  57  57  58  58  59
 [73]  59  59  59  59  60  60  60  60  61  61  64  70  70  72  72  73  73  75
 [91]  78  78  78  78  79  83  83  85  86  86  86  86  88  89  91  91  91  92
[109]  92  92  95  98  99  99  99 101 103 105 105 106 106 106 107 107 108 111
[127] 111 111 116 117 118 122 123 124 125 131 131 133

$EXTANT
  [1] FALSE FALSE FALSE FALSE FALSE FALSE FALSE FALSE FALSE FALSE FALSE FALSE
 [13] FALSE FALSE FALSE FALSE FALSE FALSE FALSE FALSE FALSE FALSE FALSE  TRUE
 [25] FALSE FALSE FALSE FALSE  TRUE FALSE  TRUE  TRUE FALSE FALSE FALSE FALSE
 [37]  TRUE  TRUE FALSE  TRUE  TRUE  TRUE FALSE FALSE FALSE FALSE  TRUE  TRUE
 [49]  TRUE  TRUE  TRUE  TRUE FALSE FALSE  TRUE  TRUE FALSE FALSE  TRUE  TRUE
 [61]  TRUE  TRUE FALSE FALSE  TRUE FALSE FALSE FALSE FALSE  TRUE  TRUE FALSE
 [73] FALSE FALSE FALSE  TRUE FALSE FALSE FALSE  TRUE FALSE  TRUE FALSE FALSE
 [85]  TRUE FALSE FALSE  TRUE FALSE FALSE FALSE  TRUE  TRUE  TRUE  TRUE FALSE
 [97]  TRUE  TRUE  TRUE  TRUE  TRUE  TRUE  TRUE FALSE FALSE  TRUE  TRUE  TRUE
[109]  TRUE  TRUE  TRUE  TRUE FALSE  TRUE  TRUE  TRUE  TRUE FALSE  TRUE FALSE
[121]  TRUE  TRUE FALSE  TRUE  TRUE  TRUE  TRUE  TRUE  TRUE  TRUE  TRUE  TRUE
[133] FALSE  TRUE  TRUE  TRUE FALSE FALSE

