
Birth-death simulation object with 249 species and 62 extant species

Details for some species:

Extinction times (NA means extant)
[1] 44.75541 46.03970 41.59420 45.92743 34.03073 38.27755


Speciation times 
[1] 49.51846 49.08414 48.55625 47.32804 47.32709 46.83307


Species parents (NA for initial)
[1] NA  1  1  3  4  4


Species status (extinct or extant)
[1] "extinct" "extinct" "extinct" "extinct" "extinct" "extinct"


For more details on vector y, try sim$y, with y one of
TE TS PAR EXTANT



$TE
  [1] 44.75540975 46.03969639 41.59420054 45.92743473 34.03072509 38.27755309
  [7] 34.97594171 39.80205710 39.64257771 26.49551012 29.49413006 30.08720718
 [13] 41.01929839 39.80001586 36.22012251 20.07918176 30.83162140 14.47881297
 [19] 14.85653098 29.53208402 27.68840428 14.96854619 23.70694281 18.14345299
 [25] 31.62584948 28.94260965 21.95306333 15.14602378 14.66065312 29.21090642
 [31] 23.56311572 14.69920075 16.76586200 30.99475391 19.90853519 12.73362842
 [37] 21.01853272 29.09603589 25.35119715 15.18383250 14.23281378 20.86814827
 [43] 11.81661281 15.36602375 27.04674517 23.50904597 12.50655627 13.72377907
 [49] 29.53337004 18.09870101 18.50542518 14.78166374 17.61536284 22.56790130
 [55] 20.49656902 14.76840338 13.14875247 14.45857694 27.20457856 22.44312609
 [61] 25.09366576 17.54181480 14.49798673 21.74186956 18.14457184 14.98597562
 [67] 14.69393226 12.07679175 11.16335702 15.44145722 25.71196388 22.36728546
 [73] 24.69845584 13.36097495          NA 13.16778342 14.04476908 19.70805706
 [79] 14.80035419 15.12869685 15.47417554 14.56066760 13.46268644 19.61939286
 [85] 13.91562122 15.50544565 14.41238016 21.56164578 14.97684541 23.64547295
 [91] 19.77946765 15.18457381 15.16982263 15.02481217 15.62907276 14.77216951
 [97] 15.59759743 14.33671638 13.49953185 13.41054834 12.38054693  9.03293156
[103] 10.78339351  6.44451019          NA  6.98630318  7.84982360  5.51400049
[109]          NA 14.93823943 14.80272526 14.32464476 14.42931417 15.68094029
[115] 15.41338334 12.64851114 14.17818029 13.15681162 14.61733901 14.42019135
[121]  5.31500973          NA          NA  3.08097543  6.39894662  4.52268053
[127]          NA          NA          NA          NA 18.69519312 16.14110282
[133] 13.41485801 14.12903388 14.47576723 15.45476473 11.68972117 13.77617907
[139] 15.07945646  1.87923486  3.71973194  5.31702569  5.58577945          NA
[145]  3.63962543  7.39522136  1.88515285  5.14841464          NA          NA
[151]          NA  0.33177380  2.35315479  3.88921455  3.53579144          NA
[157]          NA 12.67836451 14.69386310 13.45917573 14.91493198 13.70654915
[163] 12.13675803 14.43306209  6.10205189  2.36185379  2.33507457  5.11414553
[169]  4.37550589          NA          NA          NA          NA          NA
[175]  6.32251164  3.54251140  0.03101999          NA  3.57510118  1.69800210
[181]  3.58788263 15.36148648 14.12904576 13.21538890 13.27344219  5.28124073
[187]  4.46483556          NA          NA          NA  4.22884688          NA
[193]  2.93661243          NA          NA          NA          NA  0.40183508
[199]  5.92526543          NA          NA  1.53903429          NA          NA
[205]  4.64459981  3.14541219 14.05982537 13.80941965          NA  2.27080022
[211]  3.84185703          NA          NA  0.61741541          NA  2.17866423
[217]          NA          NA  6.13454298  7.81985139          NA          NA
[223]  3.15505567          NA          NA          NA  2.59204531  5.73615949
[229]          NA          NA  5.86690822          NA          NA  4.66895726
[235]          NA          NA          NA          NA          NA  1.29821700
[241]          NA          NA          NA          NA          NA          NA
[247]          NA          NA          NA

$TS
  [1] 49.51846003 49.08413975 48.55624973 47.32803857 47.32708958 46.83307141
  [7] 43.65123762 42.69409229 41.11049413 39.38509012 37.36600397 35.54088516
 [13] 41.70804397 40.71057740 37.88397324 35.22341106 33.29695299 33.21207825
 [19] 36.97272215 31.05243121 35.46520094 30.33320067 33.34099763 28.45492539
 [25] 32.39046984 29.91767862 22.39010993 19.41149845 33.06497038 31.89667022
 [31] 24.23876879 22.19716995 16.89627149 33.43610687 30.14552773 20.08835126
 [37] 32.79831562 32.44348785 27.89620363 26.45994368 25.61456862 22.13617764
 [43] 17.80906661 16.59469839 31.86141600 28.55051398 26.00433974 17.74057990
 [49] 29.98886158 23.88580039 23.62077868 27.67836294 25.40997819 23.42192687
 [55] 23.40935039 21.84111978 17.97205431 14.55784875 32.57042196 28.23951546
 [61] 26.08563721 24.54648257 24.03050020 24.55600394 20.22943991 20.12753456
 [67] 21.84206204 12.53735567 12.49846090 15.50033154 28.01895700 26.29380999
 [73] 25.48639572 17.35031912 17.02609019 15.46578975 14.77745710 20.71414320
 [79] 20.16485999 16.56349030 19.91839881 18.46330547 22.12195657 21.08404186
 [85] 16.49752646 15.81919414 14.50003068 24.85903991 24.47421318 25.75475834
 [91] 24.06614586 22.89946281 17.58610068 16.21793031 16.02094456 15.42000595
 [97] 21.35171908 17.09708986 13.83124103 13.73833590 13.16935536 12.57291236
[103] 11.74894034 10.38852925 10.12170641  9.44834688  8.41568432  7.51678463
[109]  6.98232473 20.23962353 17.71102331 19.79774385 14.45079791 16.22656105
[115] 22.21404721 17.55241472 17.02902415 16.97142207 14.89207187 20.84568128
[121] 11.40251554  9.77551450  8.57960488  8.21665024  8.09810988  7.87448538
[127]  7.22314320  4.70615682  1.08685554  0.11844175 19.62133079 18.97778585
[133] 17.13533922 16.58114058 21.76834337 16.31511719 14.54437250 15.96649773
[139] 15.74492976 10.34316143 10.15436687  6.95432206  5.74462895  9.03652102
[145]  8.72572865  7.75989338  7.63792997  6.27938550  0.81257485  0.50266355
[151]  3.59498331  7.78140524  7.15341148  6.01432737  6.65799556  5.01865486
[157]  1.07820751 20.70010532 18.97959154 18.60641697 16.17462360 14.36350941
[163] 13.45352724 14.86688745  7.00010874  6.56298092  4.96129648  9.21853643
[169]  6.01146075  7.09027231  6.54703244  2.74995538  8.44152538  7.36121116
[175]  6.41394585  3.56479287  3.08620131  0.62746263  7.18415707  5.53266699
[181]  5.06085879 16.63856525 16.54426975 15.03092115 15.07234073 13.98558218
[187]  4.87598143  2.73754530  4.92330512  4.77913644  4.73263040  5.30015823
[193]  4.83953631  5.87336366  4.54062430  2.62830640  0.55481431  1.36109237
[199]  7.99413416  5.68297169  1.05493510  2.11159958  0.91237807  0.65988988
[205]  5.86991017  4.96989077 14.96610913 14.82637084 10.61659593 10.10600843
[211]  5.69861450  1.87924586  1.72271816  2.81368319  3.60458614  6.34691582
[217]  0.91346518  0.61848101 10.54488493  8.67849507  5.61604927  4.71051507
[223]  3.52017704  0.28811603  2.39466173  4.97602427 10.10666228  6.55851716
[229]  1.08527210  4.49792863  6.29673792  4.99669125  4.66061829  6.54488309
[235]  4.45792821  1.76510705  0.45781299  3.34070381  3.09800581  4.87107478
[241]  0.08074484  3.11607224  0.90267387  2.67880417  2.66845727  2.51195357
[247]  0.92054093  0.70123715  0.29060406

$PAR
  [1]  NA   1   1   3   4   4   6   6   6   7   7   7   8   9  10  10  10  10
 [19]  11  11  12  12  16  16  17  18  18  18  19  19  19  19  19  21  22  22
 [37]  23  23  23  24  24  24  28  28  29  29  29  29  30  31  31  35  35  35
 [55]  35  35  36  36  37  37  37  37  37  41  41  41  42  43  43  44  45  46
 [73]  46  47  47  48  48  51  51  52  53  53  55  56  56  57  57  60  60  61
 [91]  64  64  66  66  66  66  67  67  74  74  75  75  75  75  75  75  75  75
[109]  75  78  79  83  83  85  89  92  92  92  96  97 102 104 104 104 104 107
[127] 108 109 109 109 110 110 110 110 115 118 118 120 120 121 121 121 121 122
[145] 122 122 122 122 122 122 123 124 124 124 125 126 128 135 135 135 136 137
[163] 137 138 140 140 140 141 142 144 144 144 145 145 147 147 151 151 152 153
[181] 153 158 159 160 161 162 166 166 167 167 169 170 170 171 171 171 171 172
[199] 173 173 173 177 177 177 179 181 184 185 186 186 186 188 188 189 190 199
[217] 200 201 209 209 209 210 210 213 215 216 219 219 222 226 227 227 227 228
[235] 230 230 230 233 233 234 235 238 238 239 239 242 244 247 248

$EXTANT
  [1] FALSE FALSE FALSE FALSE FALSE FALSE FALSE FALSE FALSE FALSE FALSE FALSE
 [13] FALSE FALSE FALSE FALSE FALSE FALSE FALSE FALSE FALSE FALSE FALSE FALSE
 [25] FALSE FALSE FALSE FALSE FALSE FALSE FALSE FALSE FALSE FALSE FALSE FALSE
 [37] FALSE FALSE FALSE FALSE FALSE FALSE FALSE FALSE FALSE FALSE FALSE FALSE
 [49] FALSE FALSE FALSE FALSE FALSE FALSE FALSE FALSE FALSE FALSE FALSE FALSE
 [61] FALSE FALSE FALSE FALSE FALSE FALSE FALSE FALSE FALSE FALSE FALSE FALSE
 [73] FALSE FALSE  TRUE FALSE FALSE FALSE FALSE FALSE FALSE FALSE FALSE FALSE
 [85] FALSE FALSE FALSE FALSE FALSE FALSE FALSE FALSE FALSE FALSE FALSE FALSE
 [97] FALSE FALSE FALSE FALSE FALSE FALSE FALSE FALSE  TRUE FALSE FALSE FALSE
[109]  TRUE FALSE FALSE FALSE FALSE FALSE FALSE FALSE FALSE FALSE FALSE FALSE
[121] FALSE  TRUE  TRUE FALSE FALSE FALSE  TRUE  TRUE  TRUE  TRUE FALSE FALSE
[133] FALSE FALSE FALSE FALSE FALSE FALSE FALSE FALSE FALSE FALSE FALSE  TRUE
[145] FALSE FALSE FALSE FALSE  TRUE  TRUE  TRUE FALSE FALSE FALSE FALSE  TRUE
[157]  TRUE FALSE FALSE FALSE FALSE FALSE FALSE FALSE FALSE FALSE FALSE FALSE
[169] FALSE  TRUE  TRUE  TRUE  TRUE  TRUE FALSE FALSE FALSE  TRUE FALSE FALSE
[181] FALSE FALSE FALSE FALSE FALSE FALSE FALSE  TRUE  TRUE  TRUE FALSE  TRUE
[193] FALSE  TRUE  TRUE  TRUE  TRUE FALSE FALSE  TRUE  TRUE FALSE  TRUE  TRUE
[205] FALSE FALSE FALSE FALSE  TRUE FALSE FALSE  TRUE  TRUE FALSE  TRUE FALSE
[217]  TRUE  TRUE FALSE FALSE  TRUE  TRUE FALSE  TRUE  TRUE  TRUE FALSE FALSE
[229]  TRUE  TRUE FALSE  TRUE  TRUE FALSE  TRUE  TRUE  TRUE  TRUE  TRUE FALSE
[241]  TRUE  TRUE  TRUE  TRUE  TRUE  TRUE  TRUE  TRUE  TRUE

