
Birth-death simulation object with 355 species and 176 extant species

Details for some species:

Extinction times (NA means extant)
[1] 46.54088 31.92050 40.38482 15.39696 28.13682 32.34572


Speciation times 
[1] 49.51846 46.70047 43.53942 39.00280 37.80363 33.83920


Species parents (NA for initial)
[1] NA  1  2  2  2  2


Species status (extinct or extant)
[1] "extinct" "extinct" "extinct" "extinct" "extinct" "extinct"


For more details on vector y, try sim$y, with y one of
TE TS PAR EXTANT



$TE
  [1] 46.5408837 31.9204973 40.3848161 15.3969578 28.1368162 32.3457222
  [7] 31.9621141 20.5606210 21.9997278 23.4719302 35.0231425 30.9106231
 [13] 26.5975468 14.9340868 16.4518033 21.8559381 26.7015577 16.0696187
 [19] 15.4391672 12.4626110 23.5846797 13.9789759 16.7760852 16.4494797
 [25] 15.6538581 17.1840202 18.0292071 14.9416235 23.8621890 13.7314930
 [31] 24.4759606 11.0912116  8.0455174 22.7087493 21.2006517 14.1135492
 [37] 14.7490675 13.8104509 12.0165512 13.9101104 15.1201190 13.8397039
 [43] 12.4734713 16.3205349 15.5145714 19.6419702 15.5573531 20.9818068
 [49] 16.9941133 14.4976060 13.3384478 13.9052886  8.7668247  6.4083418
 [55] 14.8019812 15.0989869 11.9831826 12.6367649 14.7466189 15.0091111
 [61] 12.1233660  8.1478952 13.2032960 14.0983802 19.7811556 20.6016057
 [67] 16.2819672 13.7166948 13.5166653 13.3673189  7.2046861  9.8915855
 [73]         NA 15.5069702 11.0591027  5.6439764         NA  1.3212090
 [79]  7.0606383 12.5932800 13.5564272 13.6703787 18.0142961 15.5955582
 [85] 13.2951040 13.4877609  6.5699646         NA         NA  7.0149085
 [91]  1.8718351         NA         NA  4.4481562  4.8049200  2.0999186
 [97]         NA         NA  7.2559740  0.4309103         NA  4.0384922
[103] 15.9277232  0.8795196  1.5630864         NA         NA  5.4929254
[109]  6.5425151  4.2331095  3.0345027         NA  4.0249638  2.5659264
[115]         NA         NA         NA         NA  7.5969858  1.2033443
[121]  2.8278458  2.6721420  4.7283673         NA         NA  3.3195454
[127]  4.3906570  0.7016646         NA  0.1596060         NA  4.7940042
[133]         NA  3.6839886         NA  4.0680847         NA  0.7061037
[139]  0.6965791         NA         NA         NA         NA         NA
[145]  4.9889641         NA         NA  1.8091226  4.5476928  1.5868548
[151]         NA         NA         NA  0.9091767         NA  1.9563678
[157]         NA  5.9225617  5.2797168  2.1622455  1.2895311         NA
[163]         NA  3.9814379  1.7450646         NA  0.7356007         NA
[169]         NA  0.6460776         NA  1.1324505         NA  8.3159440
[175]         NA         NA         NA  5.8320713  2.3517039  0.2754607
[181]         NA         NA         NA         NA         NA         NA
[187]  5.0205196         NA         NA  1.3738307         NA         NA
[193]         NA         NA         NA  1.3966127  1.5704412  0.4602898
[199]         NA         NA         NA         NA         NA         NA
[205]         NA         NA         NA         NA         NA  1.1546923
[211]         NA         NA         NA  6.2439010  5.7226799         NA
[217]         NA         NA         NA         NA  3.2508267  3.5814848
[223]         NA         NA  2.1565733         NA         NA         NA
[229]         NA  6.0931522         NA         NA  2.4248817         NA
[235]  2.4549830  3.0677295  4.7847718  5.9890595         NA         NA
[241]         NA         NA  2.0960897         NA         NA         NA
[247]  5.3243299  0.1618888         NA         NA         NA         NA
[253]         NA         NA         NA  5.5924585         NA         NA
[259]         NA         NA         NA         NA  1.2671913         NA
[265]  0.5136708         NA         NA         NA  1.2616561         NA
[271]  1.8702166         NA         NA         NA         NA         NA
[277]         NA         NA         NA         NA  1.2269670         NA
[283]         NA         NA  1.4070788         NA         NA         NA
[289]  0.5344153         NA         NA         NA  4.9001352         NA
[295]         NA         NA  6.1999587         NA         NA         NA
[301]         NA  0.9684491         NA         NA         NA  5.6254913
[307]         NA         NA         NA         NA         NA  3.0384986
[313]         NA  2.0269134  0.5460775  0.1852757         NA         NA
[319]         NA         NA         NA  1.9566343         NA         NA
[325]         NA         NA  0.4698603  1.6906487  2.8957520         NA
[331]         NA         NA  1.5003928         NA         NA         NA
[337]         NA         NA         NA         NA         NA         NA
[343]  1.5678731         NA         NA         NA         NA         NA
[349]         NA  0.7991789         NA         NA  2.2373229         NA
[355]         NA

$TS
  [1] 49.51846003 46.70047302 43.53941686 39.00279680 37.80362869 33.83920209
  [7] 36.93700864 24.71817242 22.23893128 29.90035548 36.64627516 32.09355129
 [13] 28.95635700 26.63322366 30.98100127 28.79867767 27.20340856 25.72766451
 [19] 25.47771249 24.98636409 29.96194749 25.57953128 22.39716731 19.79478165
 [25] 19.71340230 18.77472749 18.70229793 26.04514326 25.60804319 21.19487410
 [31] 25.43901518 23.85302652 25.51493406 25.48116633 22.57134500 17.70074839
 [37] 15.03783938 18.18022412 19.01886151 18.86139758 18.67189102 18.24047183
 [43] 21.28417346 16.74431997 20.82300691 20.29350600 24.11229177 23.43197640
 [49] 21.36635484 16.84010881 16.30202238 14.87722829  9.90685925  8.36670685
 [55] 21.57614915 15.92993603 15.56677991 15.89018836 18.45104216 15.21411395
 [61] 14.40822636 17.72290494 13.85075504 16.37770643 23.88694558 22.70156507
 [67] 17.17528652 15.09134730 14.47919683 14.15405915  8.03481534 12.85635537
 [73] 12.95646029 16.82378655 13.90579576 10.38209581  9.15675518  8.92072025
 [79]  8.32930527 16.01031981 14.92218294 14.89663415 22.56361744 16.35513004
 [85] 14.50583665 13.77384634  7.88510584 10.34816126  6.88902772  9.14665129
 [91]  8.12708068  7.85226842  7.41080962  6.85800812  6.17034375  8.35162794
 [97]  8.30350336  7.52276503  7.36987688  6.92791405  5.72173943  4.10901593
[103] 21.02357059  9.68300870  7.30431048  6.10187636  4.11669548  5.49324292
[109]  7.49047735  6.54875485  6.44192708  7.25836771  7.11331989  6.41346980
[115]  6.02716061  5.70052891  5.02627286  2.66736454  8.20383257  7.96876728
[121]  7.41977974  7.99694120  7.51777947  7.13839631  5.00184711  4.66944891
[127]  6.78985011  2.09277693  0.15704355  6.48128510  3.38388276  9.33137236
[133]  6.80929736  3.75794961  6.10372486  4.47002413  2.81813817  3.67529571
[139]  0.82150873  1.46283994  6.75983932  6.42636014  6.29659260  5.59376483
[145]  6.85135555  6.42341338  3.70010981  6.59002126  6.50983835  5.79752153
[151]  5.51527746  2.02587919  0.31708751  4.84663684  2.09580455  2.10861082
[157]  2.10482116  7.90392302  7.82410492  7.02778289  6.88255820  5.13750724
[163]  3.46453485  6.39188332  6.30254856  6.68501870  2.44551257  0.97860528
[169]  3.70498451  5.79501205  0.01611347  4.76022372  3.89275090  9.05585895
[175]  8.89854201  8.65937607  7.60140361  6.65813673  6.31985544  4.87604047
[181]  0.30142798  1.88546367  2.65033453  3.60595897  1.66915787  0.84023130
[187]  5.56088723  4.81776647  1.07210713  6.15167559  5.82118366  1.63030789
[193]  0.41544754  0.77486359  6.61577847  3.03058787  2.88181544  2.57904462
[199]  2.32951201  5.75885755  3.05971093  1.04099337  3.04625910  2.25018504
[205]  1.57279093  0.72269470  7.72434012  6.01907069  6.76478660  6.07073207
[211]  5.97741650  4.24603952  2.85887986  6.69212282  6.54443644  1.73819558
[217]  3.85775740  3.47668128  2.98852106  4.10338581  6.24385480  5.35222982
[223]  3.39580297  4.48275534  4.39287375  2.68244248  0.65868611  4.10132671
[229]  0.19021582  6.49911143  0.40938335  7.07469259  4.80659866  4.07053284
[235]  2.92285962  6.58854986  6.33491235  6.32599043  5.97165801  2.92514841
[241]  4.58874319  0.47543928  2.16553382  0.91743691  1.79947474  0.11386360
[247]  6.32157107  6.18954225  3.55697102  1.22429422  1.42357659  0.69756481
[253]  2.82498780  1.78370931  1.23504704  7.63082181  6.51476135  1.08137802
[259]  2.86379865  1.98987032  3.57557853  3.06019625  3.18301340  1.09461362
[265]  1.51787329  6.29755937  6.53014124  1.91153119  1.83189718  2.43109595
[271]  1.97905963  0.63161455  5.83248334  3.83468092  2.79700867  0.79374247
[277]  1.89437246  3.59420451  2.36376601  2.13167513  2.08262536  6.11717520
[283]  5.78548044  5.00473700  3.44783943  1.52064723  3.63661235  2.62102002
[289]  3.43906828  2.57804478  6.11059455  5.66303476  5.82678867  0.04168894
[295]  0.14767583  1.64638259  6.21831520  0.57863628  0.75379269  0.74037331
[301]  0.66400811  2.25739669  1.40902649  1.09138094  6.17239659  5.96139323
[307]  0.52717521  2.27894874  1.47174383  0.61859820  6.17689150  3.72165114
[313]  0.13811703  2.22978480  0.92556490  0.82186357  3.25540303  0.82548562
[319]  5.69918273  2.88347253  2.27773464  2.49375606  1.98729633  1.00287611
[325]  0.47486492  5.30701447  3.11195867  2.36621273  4.95710336  1.07340251
[331]  0.14917073  3.67766431  5.89272840  0.41569920  0.58543807  0.18465359
[337]  5.19241958  4.54588282  3.56554683  0.93191405  2.76942005  1.34843753
[343]  1.69852922  4.81702789  2.88166683  1.80834269  1.97954954  2.18806430
[349]  1.24635428  2.11229004  1.12151610  3.21071215  2.32943754  1.28325728
[355]  0.29227998

$PAR
  [1]  NA   1   2   2   2   2   4   4   4   5   7   7  10  10  12  13  13  14
 [19]  14  14  15  15  15  15  15  15  15  16  16  18  19  19  21  22  22  22
 [37]  22  23  24  24  27  27  28  30  32  32  33  33  33  33  33  33  33  33
 [55]  35  36  36  38  40  40  42  43  43  44  47  47  47  51  51  51  54  57
 [73]  58  59  61  62  62  62  62  64  64  64  66  67  68  69  71  73  76  77
 [91]  77  77  77  77  77  78  78  78  78  78  78  78  83  88  88  88  88  89
[109]  90  91  92  93  93  93  93  93  93  93  96  96  96  97  97  97  97  97
[127]  98  98  98 100 101 104 104 104 105 105 105 106 106 107 109 111 111 111
[145] 112 112 112 113 113 113 115 115 115 116 116 117 118 120 120 120 120 121
[163] 121 123 123 124 125 125 126 127 129 130 130 132 132 132 132 133 133 133
[181] 133 135 137 138 138 138 141 141 141 142 142 143 143 144 145 146 146 146
[199] 147 150 151 152 154 154 154 157 158 158 159 160 160 160 160 161 161 161
[217] 162 162 162 164 165 165 165 170 170 170 170 172 173 175 175 176 176 176
[235] 176 177 177 177 179 179 180 180 183 184 188 189 195 195 195 195 196 198
[253] 200 204 204 207 207 207 209 209 210 210 211 211 213 214 215 217 219 220
[271] 220 220 221 222 223 223 224 225 225 228 228 230 232 232 232 232 233 233
[289] 234 235 236 236 239 239 242 245 247 248 249 250 250 253 253 253 256 256
[307] 258 262 263 264 266 266 273 275 275 277 278 280 282 282 283 284 285 286
[325] 286 291 291 291 293 303 304 305 306 307 308 310 311 311 311 311 317 317
[343] 320 326 326 328 333 338 338 339 339 344 344 347 348

$EXTANT
  [1] FALSE FALSE FALSE FALSE FALSE FALSE FALSE FALSE FALSE FALSE FALSE FALSE
 [13] FALSE FALSE FALSE FALSE FALSE FALSE FALSE FALSE FALSE FALSE FALSE FALSE
 [25] FALSE FALSE FALSE FALSE FALSE FALSE FALSE FALSE FALSE FALSE FALSE FALSE
 [37] FALSE FALSE FALSE FALSE FALSE FALSE FALSE FALSE FALSE FALSE FALSE FALSE
 [49] FALSE FALSE FALSE FALSE FALSE FALSE FALSE FALSE FALSE FALSE FALSE FALSE
 [61] FALSE FALSE FALSE FALSE FALSE FALSE FALSE FALSE FALSE FALSE FALSE FALSE
 [73]  TRUE FALSE FALSE FALSE  TRUE FALSE FALSE FALSE FALSE FALSE FALSE FALSE
 [85] FALSE FALSE FALSE  TRUE  TRUE FALSE FALSE  TRUE  TRUE FALSE FALSE FALSE
 [97]  TRUE  TRUE FALSE FALSE  TRUE FALSE FALSE FALSE FALSE  TRUE  TRUE FALSE
[109] FALSE FALSE FALSE  TRUE FALSE FALSE  TRUE  TRUE  TRUE  TRUE FALSE FALSE
[121] FALSE FALSE FALSE  TRUE  TRUE FALSE FALSE FALSE  TRUE FALSE  TRUE FALSE
[133]  TRUE FALSE  TRUE FALSE  TRUE FALSE FALSE  TRUE  TRUE  TRUE  TRUE  TRUE
[145] FALSE  TRUE  TRUE FALSE FALSE FALSE  TRUE  TRUE  TRUE FALSE  TRUE FALSE
[157]  TRUE FALSE FALSE FALSE FALSE  TRUE  TRUE FALSE FALSE  TRUE FALSE  TRUE
[169]  TRUE FALSE  TRUE FALSE  TRUE FALSE  TRUE  TRUE  TRUE FALSE FALSE FALSE
[181]  TRUE  TRUE  TRUE  TRUE  TRUE  TRUE FALSE  TRUE  TRUE FALSE  TRUE  TRUE
[193]  TRUE  TRUE  TRUE FALSE FALSE FALSE  TRUE  TRUE  TRUE  TRUE  TRUE  TRUE
[205]  TRUE  TRUE  TRUE  TRUE  TRUE FALSE  TRUE  TRUE  TRUE FALSE FALSE  TRUE
[217]  TRUE  TRUE  TRUE  TRUE FALSE FALSE  TRUE  TRUE FALSE  TRUE  TRUE  TRUE
[229]  TRUE FALSE  TRUE  TRUE FALSE  TRUE FALSE FALSE FALSE FALSE  TRUE  TRUE
[241]  TRUE  TRUE FALSE  TRUE  TRUE  TRUE FALSE FALSE  TRUE  TRUE  TRUE  TRUE
[253]  TRUE  TRUE  TRUE FALSE  TRUE  TRUE  TRUE  TRUE  TRUE  TRUE FALSE  TRUE
[265] FALSE  TRUE  TRUE  TRUE FALSE  TRUE FALSE  TRUE  TRUE  TRUE  TRUE  TRUE
[277]  TRUE  TRUE  TRUE  TRUE FALSE  TRUE  TRUE  TRUE FALSE  TRUE  TRUE  TRUE
[289] FALSE  TRUE  TRUE  TRUE FALSE  TRUE  TRUE  TRUE FALSE  TRUE  TRUE  TRUE
[301]  TRUE FALSE  TRUE  TRUE  TRUE FALSE  TRUE  TRUE  TRUE  TRUE  TRUE FALSE
[313]  TRUE FALSE FALSE FALSE  TRUE  TRUE  TRUE  TRUE  TRUE FALSE  TRUE  TRUE
[325]  TRUE  TRUE FALSE FALSE FALSE  TRUE  TRUE  TRUE FALSE  TRUE  TRUE  TRUE
[337]  TRUE  TRUE  TRUE  TRUE  TRUE  TRUE FALSE  TRUE  TRUE  TRUE  TRUE  TRUE
[349]  TRUE FALSE  TRUE  TRUE FALSE  TRUE  TRUE

