
Birth-death simulation object with 267 species and 87 extant species

Details for some species:

Extinction times (NA means extant)
[1] 28.91682 44.17749 20.79950 30.25507 35.03771 20.30303


Speciation times 
[1] 49.51846 47.94831 42.78915 39.22984 36.09505 29.10072


Species parents (NA for initial)
[1] NA  1  1  1  1  1


Species status (extinct or extant)
[1] "extinct" "extinct" "extinct" "extinct" "extinct" "extinct"


For more details on vector y, try sim$y, with y one of
TE TS PAR EXTANT



$TE
  [1] 28.91681623 44.17749307 20.79949505 30.25507384 35.03771296 20.30303198
  [7] 40.96015711 39.95487354 38.15344069 25.39883908 34.05847726 28.06385542
 [13] 34.30878722 30.26863237 14.82270581 12.43273249 45.14516224 17.43204000
 [19] 37.53835365 27.35897440 20.22585169 23.39594487 28.44235392 31.01146309
 [25] 21.98955243 15.59600063 14.90553718 13.36874951 41.34370878 41.52872540
 [31] 35.83472417 27.87819349 28.00655079 35.18335443 33.35892458 14.43741098
 [37] 18.17410857 25.44927260 23.58380774 24.23080284 28.10759484 24.78550746
 [43] 14.50854956 33.70218766 24.50370926 11.74764310 15.13185585 29.72143668
 [49] 22.43539719 24.36693866 29.18526908 27.66259257 22.47961609 27.44624960
 [55] 26.75522442 14.15585282 15.30405364 25.34252810 22.14605604 15.07969332
 [61] 25.43734266 27.62526421 19.00903895 13.66071060 24.40200404 12.78773583
 [67] 14.14550366 14.79078413 18.91163860 11.42849389 15.10582627 10.79741027
 [73] 13.93458341 17.27471328 13.27762137 15.59030686 11.31066530 18.65970997
 [79] 12.61875286  9.00561004 14.93860462 13.87173999 13.80028579 14.56505537
 [85] 11.43516317 14.00844881 13.16555040 17.01268312  3.35289806 13.71695470
 [91] 12.34687491 11.32279959 12.76492159  6.12209808  2.33799008  0.19282724
 [97]  2.92624833 12.32476986          NA          NA  6.55352692          NA
[103]          NA  0.96170805  9.19706506          NA          NA  3.51933771
[109]  4.67865980  1.62837114  8.08282008          NA  5.62446058  4.77107433
[115]          NA  2.83761365  1.45928648          NA          NA          NA
[121]          NA          NA  4.87141440  4.72457077          NA          NA
[127]          NA          NA          NA          NA  8.06914955  7.39221672
[133]  2.93060471          NA  0.19873604  0.91848126  6.90362388  2.41870416
[139]          NA  3.45587639  5.89683520  2.52033385          NA  5.34881557
[145]  2.50406967          NA  3.19526559  1.21527772          NA          NA
[151]          NA          NA          NA  7.00390853          NA          NA
[157]  5.76298673          NA          NA          NA          NA  6.21353295
[163]          NA  5.66009683          NA  5.65365709  0.34887648          NA
[169]  5.44551331  2.84175449  3.92053662  4.59888296          NA          NA
[175]  5.27781796          NA  5.88964124  1.90414001  7.08579266          NA
[181]          NA  0.32167857  6.19303271  1.76775079  4.18025549  4.65853308
[187]          NA  3.85929626  3.11470172  1.85670888          NA          NA
[193]          NA  2.46657774          NA  4.51654341          NA  0.68376731
[199]  0.81392463  1.80759138  0.89629562  0.64154413          NA          NA
[205]          NA  4.99028207  0.06638558  0.88554406          NA          NA
[211]  2.55307009  5.31476733          NA          NA          NA  4.71944370
[217]          NA  0.40769821  4.25236092          NA          NA  1.44898708
[223]          NA          NA  5.00829976  0.94004183          NA          NA
[229]          NA  2.57720016          NA  0.62243975          NA          NA
[235]          NA  2.17695503  3.69636165  0.54929906          NA  4.02117024
[241]          NA          NA  3.49337826  0.79979457          NA  3.29767012
[247]  4.05333193          NA          NA  0.01628570          NA  0.05944380
[253]          NA          NA          NA          NA          NA          NA
[259]  0.08280851          NA  0.03948874          NA          NA          NA
[265]  0.05532655          NA          NA

$TS
  [1] 49.51846003 47.94830953 42.78915216 39.22983859 36.09504824 29.10072348
  [7] 45.98767958 41.64191298 40.31732075 35.80645811 35.61412759 30.15610085
 [13] 36.90463647 30.49996334 24.40993336 22.99900332 45.91931400 44.27275298
 [19] 41.14573109 30.45982886 26.48480096 34.29984766 35.96518861 34.82243153
 [25] 24.26129255 18.39008934 21.85676814 16.33467468 42.38483475 41.55298826
 [31] 40.73822665 39.46058330 37.23224024 35.79827177 33.76935019 23.12341348
 [37] 18.73142878 29.52506562 34.14916427 27.40139701 33.80659931 33.61088476
 [43] 16.32578939 33.98995542 29.71981195 16.08075557 27.48607060 32.39700515
 [49] 24.12321637 24.82312587 33.02812762 28.77787354 31.43426605 28.64010658
 [55] 28.25544603 29.19289612 15.46225345 25.86414786 22.18923607 18.16177367
 [61] 27.92439725 30.85195265 27.53595991 23.78850772 25.56781367 24.43166705
 [67] 18.25444685 16.94836827 20.97917975 18.62176507 17.54707534 14.05291952
 [73] 23.67477869 22.16491569 16.10821751 15.99956319 15.71396016 18.99439125
 [79] 13.21666235 11.48470208 21.94604484 19.99693115 15.84957964 15.22875177
 [85] 14.43955392 18.99366567 17.39399716 17.13284602 16.69266206 14.59035283
 [91] 13.92749299 16.82279549 13.57652214  8.42400048  7.83268064  6.69657569
 [97]  6.01679357 12.36379521 14.45717481 11.53503360 12.91493536  5.94740322
[103]  6.10455235  3.44006309  9.40570601  5.73640989  0.91253561 10.42446696
[109]  8.49049802  7.09070077 11.43648457  8.85976361  6.67136204  6.63955305
[115]  3.99252858  6.04766460  4.70902325  4.53897293  1.34018658 10.21919876
[121]  9.83662478  9.07241460  5.76103091  7.22259878  6.12310053  5.45154438
[127]  5.41612686  5.31815146  4.16793540  9.83491673  8.52903464  8.06817407
[133]  4.01708038  1.95713567  0.66421901  9.59166712  9.35506004  7.96199746
[139]  7.59414727  6.89982477  6.46686776  5.65979995  9.81920535  8.16788818
[145]  6.15524650  8.07628289  6.71129366  3.14487936  5.42599446  5.61186155
[151]  2.87690393  0.29495968  2.69638628  9.53871545  8.28811683  7.71890549
[157]  7.22157784  7.20224076  3.77588216  8.00961019  7.14849861  6.66469940
[163]  7.73607279  6.63891889  1.06038662  6.78921563  6.32628948  7.55063154
[169]  6.06030029  7.83912986  5.42435479  7.07766511  3.41783649  2.53782495
[175]  9.41871204  9.27175997  7.37831356  2.30439850  7.24058956  7.17026836
[181]  7.14205545  3.57365847  7.88583016  2.91274239  6.16926949  6.06321753
[187]  7.09649802  6.92585234  6.53618426  6.36787502  0.96280886  0.74628057
[193]  6.60036456  5.43341361  7.74484305  7.11947028  5.75072256  6.61324192
[199]  5.64736960  7.22096116  6.85562982  4.43213278  3.88774621  1.77993159
[205]  0.82076146  6.35199079  6.34754081  6.89865943  6.61064464  2.61599788
[211]  4.89695362  6.04460129  3.83935310  1.32303385  4.62354998  4.96729321
[217]  4.93741122  1.02854106  4.48470262  6.53221397  1.01584216  2.40651026
[223]  2.06285679  6.61491452  6.28038187  5.97791986  3.37036295  6.06985220
[229]  1.11813783  6.11183995  5.54753367  5.15634695  4.55584854  3.90038233
[235]  4.43782925  5.78831828  4.67633120  1.73941269  0.59289227  5.91277957
[241]  3.79414233  5.98680253  5.83226302  2.99580298  0.91742122  3.80554133
[247]  4.88907611  3.44221492  1.05115584  0.58726528  3.28682606  2.88195164
[253]  2.24087747  0.89215393  5.44019876  2.63157856  0.44870029  5.82515022
[259]  1.43606531  0.54926578  2.06933574  1.71022271  0.07049771  0.70752936
[265]  0.41849877  1.38476412  0.46539322

$PAR
  [1]  NA   1   1   1   1   1   2   3   3   3   3   3   4   4   6   6   7   7
 [19]   8  10  10  11  13  13  15  15  16  16  18  18  18  18  18  18  18  18
 [37]  18  20  22  22  23  23  26  32  32  36  38  39  39  40  41  41  42  42
 [55]  42  45  46  47  47  47  52  53  53  53  56  56  56  60  63  64  64  64
 [73]  66  66  67  67  67  69  70  72  74  74  75  77  77  78  81  81  81  82
 [91]  82  87  89  89  89  89  89  91  92  92  93  95  96  97  99  99  99 100
[109] 100 100 101 101 101 101 102 103 103 103 103 108 108 108 108 109 110 110
[127] 110 110 110 111 111 112 117 117 119 120 120 120 120 120 120 120 121 121
[145] 121 122 122 122 123 125 126 126 128 130 130 130 130 130 130 132 136 136
[163] 138 138 139 140 140 143 143 144 145 146 146 146 154 154 154 155 156 156
[181] 156 158 160 160 161 161 163 163 164 164 165 165 168 168 170 170 170 172
[199] 172 176 176 176 176 176 176 180 180 181 181 184 185 186 187 187 188 190
[217] 193 193 194 195 195 197 197 200 200 201 201 208 208 209 209 209 211 211
[235] 219 220 220 224 224 226 226 228 228 228 229 231 232 234 234 234 235 235
[253] 235 238 240 241 241 242 242 242 252 252 256 258 259 261 261

$EXTANT
  [1] FALSE FALSE FALSE FALSE FALSE FALSE FALSE FALSE FALSE FALSE FALSE FALSE
 [13] FALSE FALSE FALSE FALSE FALSE FALSE FALSE FALSE FALSE FALSE FALSE FALSE
 [25] FALSE FALSE FALSE FALSE FALSE FALSE FALSE FALSE FALSE FALSE FALSE FALSE
 [37] FALSE FALSE FALSE FALSE FALSE FALSE FALSE FALSE FALSE FALSE FALSE FALSE
 [49] FALSE FALSE FALSE FALSE FALSE FALSE FALSE FALSE FALSE FALSE FALSE FALSE
 [61] FALSE FALSE FALSE FALSE FALSE FALSE FALSE FALSE FALSE FALSE FALSE FALSE
 [73] FALSE FALSE FALSE FALSE FALSE FALSE FALSE FALSE FALSE FALSE FALSE FALSE
 [85] FALSE FALSE FALSE FALSE FALSE FALSE FALSE FALSE FALSE FALSE FALSE FALSE
 [97] FALSE FALSE  TRUE  TRUE FALSE  TRUE  TRUE FALSE FALSE  TRUE  TRUE FALSE
[109] FALSE FALSE FALSE  TRUE FALSE FALSE  TRUE FALSE FALSE  TRUE  TRUE  TRUE
[121]  TRUE  TRUE FALSE FALSE  TRUE  TRUE  TRUE  TRUE  TRUE  TRUE FALSE FALSE
[133] FALSE  TRUE FALSE FALSE FALSE FALSE  TRUE FALSE FALSE FALSE  TRUE FALSE
[145] FALSE  TRUE FALSE FALSE  TRUE  TRUE  TRUE  TRUE  TRUE FALSE  TRUE  TRUE
[157] FALSE  TRUE  TRUE  TRUE  TRUE FALSE  TRUE FALSE  TRUE FALSE FALSE  TRUE
[169] FALSE FALSE FALSE FALSE  TRUE  TRUE FALSE  TRUE FALSE FALSE FALSE  TRUE
[181]  TRUE FALSE FALSE FALSE FALSE FALSE  TRUE FALSE FALSE FALSE  TRUE  TRUE
[193]  TRUE FALSE  TRUE FALSE  TRUE FALSE FALSE FALSE FALSE FALSE  TRUE  TRUE
[205]  TRUE FALSE FALSE FALSE  TRUE  TRUE FALSE FALSE  TRUE  TRUE  TRUE FALSE
[217]  TRUE FALSE FALSE  TRUE  TRUE FALSE  TRUE  TRUE FALSE FALSE  TRUE  TRUE
[229]  TRUE FALSE  TRUE FALSE  TRUE  TRUE  TRUE FALSE FALSE FALSE  TRUE FALSE
[241]  TRUE  TRUE FALSE FALSE  TRUE FALSE FALSE  TRUE  TRUE FALSE  TRUE FALSE
[253]  TRUE  TRUE  TRUE  TRUE  TRUE  TRUE FALSE  TRUE FALSE  TRUE  TRUE  TRUE
[265] FALSE  TRUE  TRUE

