
Birth-death simulation object with 180 species and 43 extant species

Details for some species:

Extinction times (NA means extant)
[1] 44.07915 33.61437 29.00842 12.03781 36.98274 14.98124


Speciation times 
[1] 49.51846 46.38476 38.62960 38.33630 37.93696 29.60097


Species parents (NA for initial)
[1] NA  1  2  2  3  3


Species status (extinct or extant)
[1] "extinct" "extinct" "extinct" "extinct" "extinct" "extinct"


For more details on vector y, try sim$y, with y one of
TE TS PAR EXTANT



$TE
  [1] 44.07914806 33.61437061 29.00842208 12.03780789 36.98273786 14.98123780
  [7] 35.19168849 28.91760664 15.63621322 14.64721431 14.38402091 18.29981570
 [13] 13.83836603 14.51959740 12.26535736 33.92610157 16.46253772 28.37424770
 [19] 12.82093240 11.73860532 21.69308237 22.07476331 13.52638388 16.70463145
 [25] 15.28055640 15.39512673 14.81203037 13.89686083 15.45772005 13.58902177
 [31] 14.17224695 12.20356984 11.37401095 13.41757841 12.65271475 18.53380160
 [37] 14.71038036 15.60386378 14.26183710 14.13192502 15.30266079 16.74780664
 [43] 15.83601080 11.84033885 12.53337309 13.97704575 14.71998314 11.67067139
 [49] 15.65690294          NA 15.73672915 12.71893837 13.88034154 16.01774997
 [55] 13.91064527 23.63432095 13.17322142 16.76554655 14.57494720 12.18179068
 [61] 11.84734705 13.89941962 15.45158850 14.46573785  4.19395909  9.78241480
 [67]          NA  5.71023517  5.54131722          NA 14.38860099  5.67327188
 [73] 13.18417362 13.69650726 13.55487267 13.09070551 13.87268128 15.08650884
 [79]          NA          NA  5.64638066          NA  5.97169429 11.55233477
 [85]          NA  4.66907084  6.68599480  8.81845706  0.51912868          NA
 [91]  5.96632664 15.48126570 12.51954834 14.79265696          NA          NA
 [97]          NA          NA          NA  7.01294713  4.13105461          NA
[103]          NA  0.72540477  6.43591123          NA  7.37841810  7.01602110
[109]  5.58207935          NA  3.94890713          NA          NA          NA
[115]  1.82991843          NA 15.60842217 14.28893353  0.79715757          NA
[121]          NA  0.52344026  3.92163571  0.16069235          NA          NA
[127]  7.22492786  4.32368569  5.91223405  0.17589101  0.73484779  1.81832366
[133]  6.41853415          NA  4.73380631          NA          NA          NA
[139]  1.37003101  0.02541092  4.35322948  1.78142276  0.67436878          NA
[145]  7.80804313  7.45225415  2.20621359  4.74406369  6.45950441  5.37353084
[151]  1.88919930  2.10458510          NA  3.47463490          NA  2.97421429
[157]          NA          NA  4.31696893          NA          NA          NA
[163]          NA  0.08135757  5.40085527  6.57293371  4.24957348  6.33672197
[169]          NA  1.82456441  1.59289366  3.34560999  2.22056759  6.49720498
[175]  3.76172615  2.49331971          NA          NA          NA          NA

$TS
  [1] 49.5184600 46.3847621 38.6295980 38.3363032 37.9369592 29.6009736
  [7] 37.1065234 29.9865690 26.4089767 24.4824869 23.7752669 23.5559232
 [13] 21.4993381 17.6366953 12.4604307 37.3181438 26.3278398 29.2982127
 [19] 23.0185119 18.5929939 24.3411885 23.5504307 14.9356730 21.3443924
 [25] 16.4494185 17.0499754 15.9889915 22.4437042 19.7160158 29.2750345
 [31] 14.2202047 13.7950527 13.2698326 15.1758751 12.9217411 21.8630211
 [37] 23.2610016 18.2777224 16.9953724 15.5837005 15.3053783 18.1506962
 [43] 16.1671346 14.2433081 18.0376116 25.1278398 23.4242750 15.0336032
 [49] 19.4482841 17.9774132 16.0273592 16.4475003 15.7723473 17.0648625
 [55] 14.8297348 24.1242544 21.8606326 19.7422317 15.5712377 23.0110018
 [61] 19.1974916 17.4242829 17.7076803 14.6652145 11.9719092 10.0497179
 [67]  9.3186971  8.2079648  5.7783023  0.2186499 16.2879848 14.3275623
 [73] 18.9127126 14.6054959 21.5546234 13.3849888 16.0321737 16.6674752
 [79]  6.1215494  4.8487317  6.1020478  4.6223070  6.9695664 12.5746151
 [85] 10.3494462  9.6369595  9.5929002  9.0248739  8.9657053  6.3161350
 [91]  6.1567128 18.1317704 13.1560472 15.8030349  3.1055446  0.9225792
 [97]  0.4534407  4.0013786  2.1337803  8.5231901  7.6710147  7.6376235
[103]  6.7795617  3.4046258  7.1365122  6.6785083  9.2238835  8.0458911
[109]  7.1848779  6.7642384  8.6254121  6.7679429  6.5822115  1.1574695
[115]  4.2479000  1.6591955 15.7241354 15.6692077  3.8965757  2.0689819
[121]  6.2519972  5.8812939  7.3592849  5.7017369  4.4497706  1.2481929
[127]  8.6878086  8.3959763  8.3109896  8.2360312  6.6406881  6.1748842
[133]  6.7300437  6.8426744  6.7809095  5.8001170  0.8169574  2.9586560
[139]  3.7633335  1.9109028  5.3981993  4.0551327  3.2292698  1.6909371
[145]  8.4511013  7.8561627  7.6634672  7.2699795  7.0401133  6.8333732
[151]  6.2251418  4.1343599  5.4100775  6.4686789  1.8212827  6.6099323
[157]  6.2438791  6.2315781  5.5821552  0.7526306  1.2379390  0.8112926
[163]  2.7120220  1.1961790  7.4823167  7.2537471  7.2027458  6.5533626
[169]  5.9697862  5.8312033  4.5518335  4.3463200  5.0008801  6.9548227
[175]  7.0615995  5.7165025  3.6872079  4.2283606  2.8237322  1.0164239

$PAR
  [1]  NA   1   2   2   3   3   4   4   4   4   4   4   4   4   4   5   6   8
 [19]   9   9  10  10  10  11  11  14  14  17  17  18  19  19  19  20  20  21
 [37]  22  24  24  27  27  28  28  28  29  30  30  34  36  37  37  39  39  45
 [55]  45  46  46  46  46  47  47  47  49  50  50  50  50  50  50  50  52  55
 [73]  57  59  60  60  61  62  65  65  67  67  68  72  72  72  72  72  72  72
 [91]  72  73  76  77  79  79  79  82  82  85  85  85  85  85  86  86  87  87
[109]  87  87  89  89  89  89  90  90  94  94  98  99 101 101 102 102 102 102
[127] 107 107 107 107 109 109 110 111 111 111 114 115 119 120 122 123 124 125
[145] 127 127 129 129 130 130 130 130 132 133 134 135 135 135 136 137 138 138
[163] 143 144 146 147 147 148 148 151 156 156 158 166 167 169 169 171 178 179

$EXTANT
  [1] FALSE FALSE FALSE FALSE FALSE FALSE FALSE FALSE FALSE FALSE FALSE FALSE
 [13] FALSE FALSE FALSE FALSE FALSE FALSE FALSE FALSE FALSE FALSE FALSE FALSE
 [25] FALSE FALSE FALSE FALSE FALSE FALSE FALSE FALSE FALSE FALSE FALSE FALSE
 [37] FALSE FALSE FALSE FALSE FALSE FALSE FALSE FALSE FALSE FALSE FALSE FALSE
 [49] FALSE  TRUE FALSE FALSE FALSE FALSE FALSE FALSE FALSE FALSE FALSE FALSE
 [61] FALSE FALSE FALSE FALSE FALSE FALSE  TRUE FALSE FALSE  TRUE FALSE FALSE
 [73] FALSE FALSE FALSE FALSE FALSE FALSE  TRUE  TRUE FALSE  TRUE FALSE FALSE
 [85]  TRUE FALSE FALSE FALSE FALSE  TRUE FALSE FALSE FALSE FALSE  TRUE  TRUE
 [97]  TRUE  TRUE  TRUE FALSE FALSE  TRUE  TRUE FALSE FALSE  TRUE FALSE FALSE
[109] FALSE  TRUE FALSE  TRUE  TRUE  TRUE FALSE  TRUE FALSE FALSE FALSE  TRUE
[121]  TRUE FALSE FALSE FALSE  TRUE  TRUE FALSE FALSE FALSE FALSE FALSE FALSE
[133] FALSE  TRUE FALSE  TRUE  TRUE  TRUE FALSE FALSE FALSE FALSE FALSE  TRUE
[145] FALSE FALSE FALSE FALSE FALSE FALSE FALSE FALSE  TRUE FALSE  TRUE FALSE
[157]  TRUE  TRUE FALSE  TRUE  TRUE  TRUE  TRUE FALSE FALSE FALSE FALSE FALSE
[169]  TRUE FALSE FALSE FALSE FALSE FALSE FALSE FALSE  TRUE  TRUE  TRUE  TRUE

