
Birth-death simulation object with 269 species and 65 extant species

Details for some species:

Extinction times (NA means extant)
[1] 45.55366 40.80602 31.54949 21.03860 44.72230 37.05642


Speciation times 
[1] 49.51846 47.97343 46.64574 45.64681 44.79664 44.51507


Species parents (NA for initial)
[1] NA  1  1  1  2  3


Species status (extinct or extant)
[1] "extinct" "extinct" "extinct" "extinct" "extinct" "extinct"


For more details on vector y, try sim$y, with y one of
TE TS PAR EXTANT



$TE
  [1] 45.55365925 40.80601646 31.54949137 21.03860492 44.72229660 37.05641926
  [7] 33.13730154 35.79273447 34.32639669 26.54139331 34.70743625 34.80917425
 [13] 29.05999421 23.94167477 37.41701385 35.94995097 33.99485929 36.75825453
 [19] 24.30210508 30.21642315 23.70283763 16.03610231 27.81991022 15.05913084
 [25] 34.47485223 34.66503228 32.67120505 27.99473472 27.50894609 15.63699514
 [31] 26.33430294 22.65294925 20.37892507 16.10392291 13.76384012 31.70475560
 [37] 30.70479878 14.53071333 19.38003809 13.51811135 14.84929444 14.84048993
 [43] 24.54921272 27.31041471 32.62091708 14.32476105 20.55026107 14.40040350
 [49] 26.08453996 15.51976885 30.75422652 26.40318941 17.10983264 15.00879405
 [55] 15.87419616 25.47922436 15.21481445 14.21581336 22.03300741 14.38522544
 [61] 15.23536719 19.15388021 15.41861261 15.44890467 15.40309851 14.90001483
 [67] 23.41436506 15.35858160 25.19660425 25.05654980 30.86815055 15.35877069
 [73] 30.54836740 15.41869390 13.19880117 12.71673435 13.94700568 27.07599296
 [79] 22.76366489  4.21376139 15.61010576 14.81324266 25.09162325 19.95304304
 [85] 15.16127755 13.17826339 12.30650296 14.69662196 14.77399667 14.86981658
 [91] 12.95082146 15.61044453 15.31982851 14.52267447 13.50308138 12.62373130
 [97] 13.64296289 24.56315272 25.27538908 23.31417862 10.31987968 14.58965673
[103] 18.48542345 13.35808767 14.18596600 12.27117302 17.50244412 13.38028333
[109] 15.57525364 12.95559135 11.89054713          NA          NA  4.86021335
[115]  2.85046577          NA          NA 14.61324785 15.21212498 12.27237392
[121] 14.38404888 12.37826774 14.48244373 11.24451327 13.64490412 13.82985793
[127] 15.83749014 16.56472848 20.27580371 15.16674231 20.01631654 21.98203009
[133] 15.03949247 15.64468416 15.52678395 14.48917295 15.49885256 14.81538993
[139] 13.60225928 14.15631507 16.51815102 17.50214027 14.45349754  8.30861123
[145]  9.23440976          NA  2.00361536          NA          NA          NA
[151]          NA          NA  0.05263717          NA  0.79779334          NA
[157] 14.63333110 11.73882317 11.89434255 14.51990344 15.45139623 13.06593959
[163] 14.77047790 15.46781355 11.23228227 15.05303715 15.60146153 15.16462471
[169] 13.20433704 12.94454543 16.26517373  8.87395069  5.39599916  3.22854798
[175]  6.75802040  4.23248156          NA          NA          NA          NA
[181]          NA          NA  0.33862760          NA  0.25325182          NA
[187]          NA          NA  3.90560595          NA  0.15092976          NA
[193]          NA 11.68677013 12.96071696 11.68113924 14.60567013 11.25945610
[199]  9.29720882  1.97853371          NA          NA  0.30506922          NA
[205]          NA          NA          NA  1.03619493          NA          NA
[211]          NA          NA          NA 12.38964609          NA          NA
[217]          NA  1.59953745  2.51980404          NA  1.38343482          NA
[223]          NA          NA  0.93243334          NA          NA          NA
[229]  1.91475840          NA 12.27729257  1.08976694  6.74523984          NA
[235]          NA          NA          NA          NA          NA  3.41960954
[241]  2.46681498  0.42349190          NA          NA          NA          NA
[247]  3.84994260  7.33389547  2.13324386  1.89361939  4.91902163  4.39483515
[253]  4.70377637          NA          NA  4.37147923  2.32248094  4.89540173
[259]  6.70176526  6.79901350  4.10432837          NA          NA  1.15113925
[265]  4.12429004          NA          NA          NA          NA

$TS
  [1] 49.51846003 47.97343178 46.64573816 45.64680976 44.79664020 44.51506796
  [7] 36.12811469 40.55004462 40.26916513 28.15970044 39.74177432 39.55445003
 [13] 33.97479244 39.01981574 38.89247896 37.69389332 38.36588384 37.14249071
 [19] 39.54654039 35.92129145 32.90431495 31.22920841 38.54471744 28.67687091
 [25] 37.81295082 37.62543782 36.45067769 34.22797460 32.80996685 31.91549724
 [31] 30.61534098 28.27821076 26.12010925 22.39604619 21.86370104 37.50219021
 [37] 32.62251389 27.10681666 24.62460295 17.75613116 17.37984179 16.31620895
 [43] 34.58728759 36.75424721 34.12714579 29.59211917 30.58992113 29.18457571
 [49] 28.48604008 27.70908843 31.84202311 29.60786457 23.20686273 20.74642107
 [55] 17.78050125 26.96280739 19.35834645 17.74687176 22.91593869 18.59222373
 [61] 24.13120277 20.95861496 16.54305175 16.07256841 16.35881982 15.00402238
 [67] 34.15601057 30.25540191 29.57722978 28.54809057 33.39458835 32.49591348
 [73] 32.92826568 20.95576905 17.66827779 14.53914339 22.26861264 27.73992776
 [79] 23.23971849 18.37512047 17.73463299 15.44373223 26.89753609 20.36598963
 [85] 19.62765303 19.48454876 17.11439874 19.79488349 19.41371937 17.38937657
 [91] 16.19103317 17.36278347 17.01461878 18.64505667 15.61390262 21.00088673
 [97] 19.49970311 29.21418644 26.21065535 27.61177976 24.99692090 26.95581824
[103] 23.16908735 14.62691750 14.34944800 13.64000910 21.70790024 16.98740682
[109] 15.99623320 15.74497907 12.27154652 11.25295733  9.65499848  8.70203582
[115]  6.12039689  5.53726337  4.56378946 19.32468637 16.50988578 12.77934922
[121] 18.71898909 16.55999399 14.48986826 16.82067244 16.58758841 14.73601134
[127] 20.35102048 19.44800198 25.02682667 24.68932923 20.15175002 26.07905180
[133] 20.96150364 17.42938150 22.11412049 19.57268283 19.56749024 19.11802004
[139] 14.06812467 21.12434613 19.68214451 19.39128865 14.50270948 13.51850500
[145] 10.95041000  9.96421847  6.07128224  5.76152325  5.57817484  6.31372174
[151]  3.95883505  7.98470429  5.66950641  3.18822813  3.16056472  1.12197599
[157] 18.62411640 14.65071470 14.60115783 16.05863534 17.18408277 16.99531739
[163] 16.76392645 16.62966196 16.72224584 19.14804416 16.44966228 16.72421579
[169] 15.80255062 13.90470948 18.70218629  9.82590950  9.52314491  7.88916120
[175]  7.64158328  7.02090210  1.24766668  0.42170372  5.67648975  4.74607849
[181]  5.66461339  2.41171451  1.78629185  2.96473221  2.39923428  0.05633752
[187]  1.71877020  0.26465181  6.89045463  2.73333872  2.22792692  2.78633770
[193]  0.51445724 11.79627587 14.77635162 15.60673410 16.67481436 13.88094144
[199]  9.32909640  7.86723823  7.15334404  6.34200966  5.89602859  5.81828480
[205]  3.34897115  1.07421349  2.20433866  1.07891296  0.80526071  1.98761461
[211]  0.25023465  6.62489231  0.03134173 14.79216130 16.39305573  5.59312337
[217]  2.54845064  5.98373336  5.39844817  4.49057215  3.28702717  1.20482933
[223]  5.32249818  2.20997567  1.08477319  0.74623695  6.04425555  4.82939378
[229]  2.79919853  0.75514761 13.72484785 10.35108036  7.79328703  7.73600406
[235]  6.08083003  3.12173288  0.02120419  2.21430315  0.29018461  3.60799009
[241]  2.59755343  0.82135302  2.06752336  0.78466820  2.00268043  2.39917469
[247]  8.58217589  8.51606634  6.43681931  6.37927046  7.35527123  5.77444498
[253]  5.60399958  2.77995201  2.56032228  6.64841728  5.52637849  5.03039441
[259]  8.07554936  8.05697064  6.30222425  6.18644875  4.79947117  1.26919830
[265]  5.90032641  2.83682893  4.58583630  2.71651585  2.68510795

$PAR
  [1]  NA   1   1   1   2   3   3   4   4   4   6   6   7   8   8   8   9   9
 [19]  11  11  13  13  14  14  15  15  17  17  19  19  19  21  21  22  22  23
 [37]  23  24  24  24  24  24  25  26  27  28  29  29  29  29  30  30  30  30
 [55]  30  32  34  34  38  38  39  39  40  40  41  41  43  43  43  43  44  44
 [73]  45  46  46  46  47  48  48  48  48  48  50  50  53  53  53  54  54  54
 [91]  54  55  55  57  57  61  61  67  67  68  68  69  72  75  75  76  77  77
[109]  80  80  80  80  80  80  80  80  80  86  87  87  88  89  91  92  92  94
[127]  96  96  98 101 101 102 102 102 103 103 103 103 104 107 107 107 110 110
[145] 112 112 112 112 112 113 113 114 115 115 117 117 118 122 122 127 128 128
[163] 128 128 134 135 136 137 138 139 141 145 145 146 146 146 146 146 147 147
[181] 148 148 148 149 149 149 150 151 152 152 152 154 154 158 160 166 168 169
[199] 173 173 173 173 174 174 180 182 184 184 184 185 188 189 190 196 197 200
[217] 200 201 201 201 203 203 204 205 205 207 212 212 212 212 215 215 215 215
[235] 215 216 216 217 217 220 221 222 223 223 224 228 232 232 232 232 233 234
[253] 234 236 241 247 247 247 248 248 249 251 253 254 256 257 263 263 266

$EXTANT
  [1] FALSE FALSE FALSE FALSE FALSE FALSE FALSE FALSE FALSE FALSE FALSE FALSE
 [13] FALSE FALSE FALSE FALSE FALSE FALSE FALSE FALSE FALSE FALSE FALSE FALSE
 [25] FALSE FALSE FALSE FALSE FALSE FALSE FALSE FALSE FALSE FALSE FALSE FALSE
 [37] FALSE FALSE FALSE FALSE FALSE FALSE FALSE FALSE FALSE FALSE FALSE FALSE
 [49] FALSE FALSE FALSE FALSE FALSE FALSE FALSE FALSE FALSE FALSE FALSE FALSE
 [61] FALSE FALSE FALSE FALSE FALSE FALSE FALSE FALSE FALSE FALSE FALSE FALSE
 [73] FALSE FALSE FALSE FALSE FALSE FALSE FALSE FALSE FALSE FALSE FALSE FALSE
 [85] FALSE FALSE FALSE FALSE FALSE FALSE FALSE FALSE FALSE FALSE FALSE FALSE
 [97] FALSE FALSE FALSE FALSE FALSE FALSE FALSE FALSE FALSE FALSE FALSE FALSE
[109] FALSE FALSE FALSE  TRUE  TRUE FALSE FALSE  TRUE  TRUE FALSE FALSE FALSE
[121] FALSE FALSE FALSE FALSE FALSE FALSE FALSE FALSE FALSE FALSE FALSE FALSE
[133] FALSE FALSE FALSE FALSE FALSE FALSE FALSE FALSE FALSE FALSE FALSE FALSE
[145] FALSE  TRUE FALSE  TRUE  TRUE  TRUE  TRUE  TRUE FALSE  TRUE FALSE  TRUE
[157] FALSE FALSE FALSE FALSE FALSE FALSE FALSE FALSE FALSE FALSE FALSE FALSE
[169] FALSE FALSE FALSE FALSE FALSE FALSE FALSE FALSE  TRUE  TRUE  TRUE  TRUE
[181]  TRUE  TRUE FALSE  TRUE FALSE  TRUE  TRUE  TRUE FALSE  TRUE FALSE  TRUE
[193]  TRUE FALSE FALSE FALSE FALSE FALSE FALSE FALSE  TRUE  TRUE FALSE  TRUE
[205]  TRUE  TRUE  TRUE FALSE  TRUE  TRUE  TRUE  TRUE  TRUE FALSE  TRUE  TRUE
[217]  TRUE FALSE FALSE  TRUE FALSE  TRUE  TRUE  TRUE FALSE  TRUE  TRUE  TRUE
[229] FALSE  TRUE FALSE FALSE FALSE  TRUE  TRUE  TRUE  TRUE  TRUE  TRUE FALSE
[241] FALSE FALSE  TRUE  TRUE  TRUE  TRUE FALSE FALSE FALSE FALSE FALSE FALSE
[253] FALSE  TRUE  TRUE FALSE FALSE FALSE FALSE FALSE FALSE  TRUE  TRUE FALSE
[265] FALSE  TRUE  TRUE  TRUE  TRUE

