
Birth-death simulation object with 116 species and 25 extant species

Details for some species:

Extinction times (NA means extant)
[1] 26.47922 40.64205 26.45878 23.17972 30.42603 28.69555


Speciation times 
[1] 49.51846 43.26711 36.51010 35.23079 30.82753 33.05575


Species parents (NA for initial)
[1] NA  1  1  1  1  3


Species status (extinct or extant)
[1] "extinct" "extinct" "extinct" "extinct" "extinct" "extinct"


For more details on vector y, try sim$y, with y one of
TE TS PAR EXTANT



$TE
  [1] 26.4792226 40.6420496 26.4587847 23.1797199 30.4260284 28.6955490
  [7] 14.7864952 24.2648767 15.4300833 20.2002705 12.3112374 14.7683263
 [13] 23.4659101 27.3263913 15.0260214 21.8055733 17.3884400 15.0314211
 [19] 13.7245739 24.0403964 21.1652407 22.2662520 16.5618349 15.3166106
 [25] 14.6073293 15.4064319 20.2585940 31.1941546 28.2306947 15.2112350
 [31]  0.5757082 19.8162644 23.4795625 20.5683918 15.2475855 17.4298418
 [37] 22.4674075 15.3423450 23.9590996 17.0544726 14.7034943 24.2781922
 [43] 22.9529128 20.4911295 14.7888782 14.7392283 13.2576422 11.9859401
 [49] 13.8515806 16.1396926 13.8701677 12.4190737         NA  8.1113206
 [55]         NA         NA         NA         NA 18.4457357 11.9441129
 [61] 15.2397645 14.2134467 14.6267921 15.2342438 15.9221656 18.0674997
 [67] 11.1885594  1.8759931 15.3105191         NA  2.2302521  4.6299819
 [73]         NA         NA         NA         NA 14.4194959 13.3438927
 [79] 15.1053127 17.8896395 14.6995254 15.3384721 12.2325601 13.7447005
 [85] 15.4767211 13.8549949 14.5811350 10.1646919 11.4734823 12.3407246
 [91]         NA         NA  0.6885928         NA         NA         NA
 [97]         NA 15.8225950 15.1463992 15.6341274 12.7048968 12.6290719
[103]  6.3494208         NA         NA  0.8984816         NA         NA
[109]         NA         NA 15.1305124 14.5767918 12.7367693         NA
[115]         NA         NA

$TS
  [1] 49.5184600 43.2671124 36.5100958 35.2307861 30.8275317 33.0557471
  [7] 30.8888042 29.5248380 27.6253517 30.5996770 28.9430984 27.2885017
 [13] 26.1552232 32.3796018 18.3303334 25.2981566 24.3775021 25.2983103
 [19] 28.6095191 25.6235725 24.4505250 23.9295849 26.2377696 25.0475432
 [25] 24.1413505 21.8904521 23.4883043 31.2566224 28.9069021 16.2888196
 [31] 23.3095048 22.1488689 24.1373713 23.2550797 20.6754102 18.9329347
 [37] 24.5921829 17.4117019 25.5495325 23.1186194 16.3764326 24.2927561
 [43] 23.6900178 21.7290078 23.6472465 23.2003392 20.2268552 16.9314144
 [49] 18.1669483 18.8116149 18.0741456 13.0412301 10.1627563  9.4331080
 [55]  6.7093180  4.9194339  3.5032226  1.0174573 22.2688647 22.5592623
 [61] 20.5935376 18.4584351 14.8245458 18.1583129 23.0623220 19.4649113
 [67] 13.7863659 12.0298741 16.6200486  5.0837848  6.4621593  5.8414530
 [73]  5.6782685  3.8430011  3.7680164  0.1207794 21.5984142 19.1472058
 [79] 18.5255301 18.8676250 18.6769059 17.4342779 13.8669900 15.4136654
 [85] 16.9207277 15.2232912 15.0814015 12.8810202 12.6026165 12.4854705
 [91]  2.4173004  5.1584622  4.4061545  2.9594353  2.9051953  2.1168444
 [97]  1.9899104 18.1263379 15.3316866 17.0115554 12.7211502 14.1149313
[103] 11.5585217  2.3967900  0.2239169  5.0870843  1.4145357  2.1748855
[109]  2.0679030  0.4690606 16.8796154 16.1497119 13.6765633  2.0899019
[115]  1.8253538  0.1782216

$PAR
  [1]  NA   1   1   1   1   3   3   3   3   4   4   4   4   6   7   8   8   9
 [19]  10  10  10  10  11  11  11  12  13  14  14  15  16  16  17  17  17  17
 [37]  18  18  19  19  19  21  21  21  22  23  23  23  24  31  31  31  31  31
 [55]  31  31  31  31  34  37  40  40  41  45  46  46  47  48  49  53  55  55
 [73]  55  55  55  55  59  59  59  60  60  60  60  61  62  62  62  67  67  67
 [91]  68  73  73  73  73  73  73  77  78  81  83  84  88  91  91  92  93  94
[109]  94  95 100 100 102 108 114 115

$EXTANT
  [1] FALSE FALSE FALSE FALSE FALSE FALSE FALSE FALSE FALSE FALSE FALSE FALSE
 [13] FALSE FALSE FALSE FALSE FALSE FALSE FALSE FALSE FALSE FALSE FALSE FALSE
 [25] FALSE FALSE FALSE FALSE FALSE FALSE FALSE FALSE FALSE FALSE FALSE FALSE
 [37] FALSE FALSE FALSE FALSE FALSE FALSE FALSE FALSE FALSE FALSE FALSE FALSE
 [49] FALSE FALSE FALSE FALSE  TRUE FALSE  TRUE  TRUE  TRUE  TRUE FALSE FALSE
 [61] FALSE FALSE FALSE FALSE FALSE FALSE FALSE FALSE FALSE  TRUE FALSE FALSE
 [73]  TRUE  TRUE  TRUE  TRUE FALSE FALSE FALSE FALSE FALSE FALSE FALSE FALSE
 [85] FALSE FALSE FALSE FALSE FALSE FALSE  TRUE  TRUE FALSE  TRUE  TRUE  TRUE
 [97]  TRUE FALSE FALSE FALSE FALSE FALSE FALSE  TRUE  TRUE FALSE  TRUE  TRUE
[109]  TRUE  TRUE FALSE FALSE FALSE  TRUE  TRUE  TRUE

