
Birth-death simulation object with 355 species and 103 extant species

Details for some species:

Extinction times (NA means extant)
[1] 44.19317 37.71842 31.02402 36.72240 27.83766 29.13411


Speciation times 
[1] 49.51846 48.28407 41.69854 37.25649 35.38700 31.74617


Species parents (NA for initial)
[1] NA  1  2  3  3  3


Species status (extinct or extant)
[1] "extinct" "extinct" "extinct" "extinct" "extinct" "extinct"


For more details on vector y, try sim$y, with y one of
TE TS PAR EXTANT



$TE
  [1] 44.19316862 37.71842339 31.02402202 36.72240145 27.83765814 29.13410891
  [7] 15.61179828 15.20231905 15.65915553 28.93484307 27.15142710 19.26798017
 [13] 24.64939149 19.82466026 24.19392589 18.51881681 23.55573821 19.84940198
 [19] 23.94027450 23.08799093 18.84040296 14.89382853 13.32836124 14.50294884
 [25] 19.82011130 13.83440189 23.31824305 27.15261650 25.14953050 14.28489366
 [31] 13.85623609 15.46004630 17.80739595 23.41757089 15.32328353 22.70661405
 [37] 14.62409918 14.78304540 18.48499978 22.21062120 15.95905473          NA
 [43] 18.58265890 16.85044337 12.99583617 16.75050926 20.34244636 21.00325425
 [49] 19.31565804 18.54583394 17.33690755 14.46854299 25.83334428 15.26749492
 [55] 14.69854506 13.99307085 18.13270409 17.18411945 15.63544509 13.77699439
 [61] 14.93765611 19.18975149 15.02105496 14.88606562 14.19382742 14.85167857
 [67] 15.77956411 14.06542888  6.64479025          NA  0.03884562  4.18159906
 [73]  1.08186460  0.87815640 15.42730805 13.48244076 14.58560737 21.62707942
 [79] 20.42365132 23.48327139          NA 17.75159930 14.52145685 16.04978688
 [85] 15.56078828 11.44130710 14.51265184 15.74192951 14.79114361 13.58812395
 [91] 17.49634818 14.70523708 18.77287601 15.10393102 15.62802992 18.91518403
 [97] 15.50107269 19.53100583 14.79026283 14.85629051  5.92521185  0.67243269
[103]          NA          NA          NA          NA          NA          NA
[109] 13.86899875 16.79780325  7.74397759 25.98604105 14.28129028  7.47323310
[115] 14.54167650 15.81855026 19.51421762 21.14955276 13.29816074 12.94566772
[121]  2.80199589  8.36377756  5.17826022          NA          NA 19.00901845
[127] 15.63506707 14.89452809 14.11822619 18.22596198 14.49766135 11.79910827
[133] 12.42468429 14.16362112 13.46217418 13.48994776 15.03330288 15.46304595
[139] 13.97527966 13.63130417          NA          NA          NA 14.98528309
[145] 19.44122984 24.03193344 13.40767344          NA  5.45192325 16.77426185
[151] 17.65156286 14.90907635          NA 14.96900193 14.93824479 12.02644502
[157]  4.91218447  2.24013944          NA 15.47351685 15.26335091 14.79736244
[163] 15.62485622 14.28237328 15.44000596          NA 24.05500628 24.02920397
[169] 20.91274023 24.88056770  7.22360607          NA 15.01877232 18.95214027
[175] 19.47425435 14.75363803 14.79364825  5.84830974  7.04631623  1.22732173
[181]  4.93131764          NA          NA  1.56685455  4.30609521          NA
[187]  2.38591285  1.52444206          NA 14.88544860  4.18529788          NA
[193]          NA 13.42988067 14.29517310 16.56495968 17.18034081 24.20036517
[199] 18.90963117 12.65517895          NA  2.73360764  6.67089666  6.64519402
[205] 15.30723695 17.25207975 12.72406279  6.21521947          NA          NA
[211]  0.36287302  0.26068232          NA  4.12327367  6.63428946          NA
[217]  6.84648204          NA          NA          NA  3.03682493  3.04651501
[223]  3.82591354          NA          NA          NA 11.41894366 14.21755003
[229] 14.27297164 21.66583563 14.91097292 15.11704302 14.75938806 15.18869645
[235] 15.98304482  3.80951737          NA          NA          NA  1.87663792
[241]  2.28699799  7.53057687 19.63584392 15.47560143 14.26529899          NA
[247]  4.40911145          NA          NA  7.64162548  1.64208552  1.27967231
[253]  1.64892950          NA  4.53855480  3.78889000          NA  4.40929964
[259]  2.63252409  3.70026227          NA          NA          NA 13.11700535
[265] 11.65841168 13.25934467 15.39340396 16.24104582 15.11727185 17.15050919
[271] 14.78523279  4.57796158          NA          NA          NA          NA
[277]  2.56865007          NA  2.26245998  0.37832237          NA          NA
[283]          NA          NA          NA          NA          NA          NA
[289]  2.42246914  4.83528724          NA  4.80791079          NA  5.35266640
[295]          NA          NA          NA          NA          NA  0.18822846
[301] 14.19828091 12.03976845 11.82660310 14.82092935 15.60121115 15.21526521
[307] 15.56053355          NA          NA  3.19439686  0.88256901          NA
[313]          NA          NA          NA          NA  3.08175998          NA
[319]          NA          NA          NA          NA  0.25913894          NA
[325]  3.29926702  3.92480110          NA          NA          NA          NA
[331]          NA  2.17679863          NA          NA          NA          NA
[337]          NA          NA          NA          NA  1.17722185  2.49219614
[343]          NA  1.02951351          NA          NA          NA          NA
[349]          NA          NA          NA          NA  0.02491076  0.45985349
[355]          NA

$TS
  [1] 49.518460031 48.284074503 41.698537844 37.256489103 35.386996568
  [6] 31.746167013 34.038073773 33.721726718 32.627501895 32.574714367
 [11] 29.453407234 28.013712116 29.264900005 29.748182572 28.037589717
 [16] 26.571510178 25.062266394 23.240815834 28.848007117 26.041955752
 [21] 19.774535307 19.459308414 18.411532524 15.541614791 23.882429585
 [26] 16.809344716 30.338045652 27.650843579 26.963544563 19.384356914
 [31] 29.086553244 28.481200208 26.025586004 25.354649142 21.731811005
 [36] 25.803212014 24.018182255 21.982159908 24.488846635 22.874878626
 [41] 24.407718950 23.463770138 19.696225463 19.126500775 21.625054711
 [46] 29.062678862 27.648214044 27.296696453 25.864612781 27.317558882
 [51] 26.086230598 19.171883068 27.033613069 19.147135117 17.068082820
 [56] 16.557474423 24.635224586 20.258718755 21.728910787 15.260148909
 [61] 15.586437700 22.889551623 18.704706094 19.739264878 19.152964490
 [66] 23.114178413 17.636508928 15.231268057  7.368509443  6.360855426
 [71]  4.900999520  4.673979689  2.556242847  2.540920609 18.904839505
 [76] 20.752680249 27.752431407 22.103834252 24.864548989 24.750402917
 [81] 25.701138365 23.988407481 22.854092876 19.349846126 16.322941215
 [86] 19.089083060 18.445313703 17.542148367 15.388683166 15.005533612
 [91] 19.252048388 20.224913950 19.712009998 17.972459249 16.393583950
 [96] 19.068569152 19.077854503 22.615616309 16.481389963 16.051760568
[101]  6.183748008  4.338128879  4.142212963  2.940260573  1.889521318
[106]  2.538406153  1.963925933  2.397633414 15.462166611 18.278103681
[111] 13.670964493 27.338924024 22.503880527 19.892180718 16.317487229
[116] 20.545614117 24.631156034 23.989535918 19.871774917 19.687281397
[121] 10.445156341  8.624250813  6.999726419  1.886611653  1.495693684
[126] 23.640631142 19.998483685 17.655729487 17.301564715 18.263400306
[131] 17.409584919 11.876265626 16.160609145 15.090398354 18.670472489
[136] 16.139084272 19.594748546 16.296633498 15.521167988 15.062119919
[141]  3.951548349  1.564070916  0.775543215 17.500441800 27.246854943
[146] 26.313853155 13.798810356 10.360292137  7.728515058 19.208574349
[151] 22.766521203 18.398597557 16.182104428 15.970518409 18.946124718
[156] 15.180988465  9.227693064  3.783347084  0.009432367 22.880024467
[161] 17.143188273 15.145902824 18.379327645 17.368583135 15.886146037
[166]  0.425207230 27.082581653 26.738410406 23.832763319 26.263132016
[171] 10.296002688  6.079704296 17.960484114 20.769494914 19.638950848
[176] 15.296347021 15.134961172 10.418283854  9.876569576  9.550180764
[181]  8.936414603  8.045222782  7.968542987  7.273092021  6.780250414
[186]  6.547652269  2.431498039  2.276372684  1.965398646 15.352503448
[191]  6.503751486  5.768343107  3.259195705 20.888996235 17.002829792
[196] 18.287688373 25.756635599 25.281652810 23.776277818 25.047049691
[201]  8.688046254  8.557742226  8.200878266  7.698718847 20.586967875
[206] 20.441223954 14.961741264  8.192024896  7.287151930  7.217060344
[211]  6.430415855  5.919139448  9.813403792  9.046333263  8.955191599
[216]  6.355814391  8.794481691  7.766091531  7.510244762  6.985431815
[221]  7.517598237  6.533595815  4.733066285  1.702715486  0.053637286
[226]  5.371655660 15.241112488 14.591468162 23.761185196 23.405422190
[231] 18.083320161 17.609900087 23.123212837 24.094869820 20.299178377
[236]  8.366798372  1.932543815  0.502213567  8.197224307  7.946411728
[241]  6.966213161  7.625774681 19.816568168 15.928414051 14.314273549
[246]  2.327788419  5.702300950  2.486325160  2.249195267  9.599065748
[251]  2.193752973  8.238345590  7.028480801  6.921504792  8.519997535
[256]  7.391979509  0.966391042  7.132619194  7.124161402  5.944356046
[261]  4.742242844  6.109697454  5.790315298 14.397740133 12.265560853
[266] 23.396463713 22.784393163 17.713906078 19.032972810 19.256132834
[271] 17.260723444  6.410407404  7.772991003  6.095462207  5.734018143
[276]  5.336359803  4.932981712  4.639512125  2.466434959  6.903098496
[281]  6.811152073  6.661107841  2.216935851  7.195014722  4.927561122
[286]  6.644657522  5.174864898  6.913501046  5.293787399  6.728509726
[291]  6.519080977  6.247233527  6.018724919  5.878304890  6.033504539
[296]  5.492845958  0.788129343  0.047685618  0.721158585  0.464995865
[301] 17.959268206 14.477018150 17.577862081 16.915879692 15.776147142
[306] 17.557964072 15.626724066  1.055096358  0.673973903  5.948300188
[311]  4.030633669  2.813587008  1.026913291  0.742034416  2.364348163
[316]  3.478708229  3.217395766  3.577422490  3.333200229  6.620206633
[321]  4.069967757  2.580708571  1.781187293  6.958195532  6.775941101
[326]  5.973387136  0.173200877  6.189132572  5.929254239  1.795335167
[331]  4.419505723  5.144092446  0.176308555  1.075767740  3.453098641
[336]  1.379480428  1.939559073  1.555134481  0.578527709  1.061571103
[341]  1.549848838  4.706899423  6.029514417  5.304251427  5.810250726
[346]  0.596766789  3.691221044  1.436414924  0.943958555  1.688498205
[351]  0.303826661  1.185448064  1.332604001  0.797673535  0.840845023

$PAR
  [1]  NA   1   2   3   3   3   5   5   5   5   5   5   6   7   7   7   7   7
 [19]   8   8   8   8   8   8   9   9  10  11  12  12  13  14  14  14  14  16
 [37]  16  16  17  18  19  20  21  22  25  27  27  27  27  28  31  31  32  32
 [55]  32  32  33  35  37  37  38  39  39  41  41  42  42  42  42  42  42  42
 [73]  42  42  43  45  46  46  47  47  49  49  50  51  52  54  54  54  54  56
 [91]  57  59  59  59  63  64  65  66  66  67  70  70  71  71  71  73  73  74
[109]  75  76  76  77  77  77  77  79  80  80  81  81  81  81  81  81  81  82
[127]  82  84  84  86  86  86  87  87  92  94  98  99 100 100 102 104 106 110
[145] 112 112 114 114 114 116 117 119 119 119 120 120 121 121 125 126 131 131
[163] 137 137 137 142 145 145 145 146 148 149 150 151 151 152 152 153 153 153
[181] 153 153 153 153 153 153 153 153 153 154 157 157 158 160 161 163 167 167
[199] 169 170 171 171 171 171 174 174 176 178 178 178 178 178 179 179 180 180
[217] 181 181 181 181 182 182 182 186 186 191 194 195 197 197 197 197 199 200
[235] 200 201 201 201 202 202 203 204 205 205 207 210 211 212 212 213 213 214
[253] 214 214 215 215 216 217 219 219 220 221 221 227 227 229 229 231 233 235
[271] 235 236 239 239 239 239 239 239 239 241 241 241 248 252 252 253 253 254
[289] 254 256 256 256 258 258 262 262 262 262 263 263 266 266 267 268 269 270
[307] 271 273 273 274 274 274 274 274 276 277 277 278 278 280 280 282 283 284
[325] 284 284 284 288 293 293 295 296 313 315 316 316 318 321 321 322 323 325
[343] 328 328 329 329 331 331 331 335 338 343 347 350 353

$EXTANT
  [1] FALSE FALSE FALSE FALSE FALSE FALSE FALSE FALSE FALSE FALSE FALSE FALSE
 [13] FALSE FALSE FALSE FALSE FALSE FALSE FALSE FALSE FALSE FALSE FALSE FALSE
 [25] FALSE FALSE FALSE FALSE FALSE FALSE FALSE FALSE FALSE FALSE FALSE FALSE
 [37] FALSE FALSE FALSE FALSE FALSE  TRUE FALSE FALSE FALSE FALSE FALSE FALSE
 [49] FALSE FALSE FALSE FALSE FALSE FALSE FALSE FALSE FALSE FALSE FALSE FALSE
 [61] FALSE FALSE FALSE FALSE FALSE FALSE FALSE FALSE FALSE  TRUE FALSE FALSE
 [73] FALSE FALSE FALSE FALSE FALSE FALSE FALSE FALSE  TRUE FALSE FALSE FALSE
 [85] FALSE FALSE FALSE FALSE FALSE FALSE FALSE FALSE FALSE FALSE FALSE FALSE
 [97] FALSE FALSE FALSE FALSE FALSE FALSE  TRUE  TRUE  TRUE  TRUE  TRUE  TRUE
[109] FALSE FALSE FALSE FALSE FALSE FALSE FALSE FALSE FALSE FALSE FALSE FALSE
[121] FALSE FALSE FALSE  TRUE  TRUE FALSE FALSE FALSE FALSE FALSE FALSE FALSE
[133] FALSE FALSE FALSE FALSE FALSE FALSE FALSE FALSE  TRUE  TRUE  TRUE FALSE
[145] FALSE FALSE FALSE  TRUE FALSE FALSE FALSE FALSE  TRUE FALSE FALSE FALSE
[157] FALSE FALSE  TRUE FALSE FALSE FALSE FALSE FALSE FALSE  TRUE FALSE FALSE
[169] FALSE FALSE FALSE  TRUE FALSE FALSE FALSE FALSE FALSE FALSE FALSE FALSE
[181] FALSE  TRUE  TRUE FALSE FALSE  TRUE FALSE FALSE  TRUE FALSE FALSE  TRUE
[193]  TRUE FALSE FALSE FALSE FALSE FALSE FALSE FALSE  TRUE FALSE FALSE FALSE
[205] FALSE FALSE FALSE FALSE  TRUE  TRUE FALSE FALSE  TRUE FALSE FALSE  TRUE
[217] FALSE  TRUE  TRUE  TRUE FALSE FALSE FALSE  TRUE  TRUE  TRUE FALSE FALSE
[229] FALSE FALSE FALSE FALSE FALSE FALSE FALSE FALSE  TRUE  TRUE  TRUE FALSE
[241] FALSE FALSE FALSE FALSE FALSE  TRUE FALSE  TRUE  TRUE FALSE FALSE FALSE
[253] FALSE  TRUE FALSE FALSE  TRUE FALSE FALSE FALSE  TRUE  TRUE  TRUE FALSE
[265] FALSE FALSE FALSE FALSE FALSE FALSE FALSE FALSE  TRUE  TRUE  TRUE  TRUE
[277] FALSE  TRUE FALSE FALSE  TRUE  TRUE  TRUE  TRUE  TRUE  TRUE  TRUE  TRUE
[289] FALSE FALSE  TRUE FALSE  TRUE FALSE  TRUE  TRUE  TRUE  TRUE  TRUE FALSE
[301] FALSE FALSE FALSE FALSE FALSE FALSE FALSE  TRUE  TRUE FALSE FALSE  TRUE
[313]  TRUE  TRUE  TRUE  TRUE FALSE  TRUE  TRUE  TRUE  TRUE  TRUE FALSE  TRUE
[325] FALSE FALSE  TRUE  TRUE  TRUE  TRUE  TRUE FALSE  TRUE  TRUE  TRUE  TRUE
[337]  TRUE  TRUE  TRUE  TRUE FALSE FALSE  TRUE FALSE  TRUE  TRUE  TRUE  TRUE
[349]  TRUE  TRUE  TRUE  TRUE FALSE FALSE  TRUE

