
Birth-death simulation object with 142 species and 24 extant species

Details for some species:

Extinction times (NA means extant)
[1] 42.65963 20.12031 13.22442 26.13237 14.53179 25.86884


Speciation times 
[1] 49.26651 46.86716 39.11457 37.84392 32.43091 30.51413


Species parents (NA for initial)
[1] NA  1  2  2  2  2


Species status (extinct or extant)
[1] "extinct" "extinct" "extinct" "extinct" "extinct" "extinct"


For more details on vector y, try sim$y, with y one of
TE TS PAR EXTANT



$TE
  [1] 42.659626 20.120308 13.224415 26.132369 14.531788 25.868840 29.817084
  [8] 27.311087 26.227356 15.121150 17.738213 14.368503 15.330317 11.509706
 [15] 14.002133  4.341303  9.520548 27.482288 25.779098 12.593601 13.968843
 [22] 23.373663 24.214241 12.585412 26.683311 15.122755 18.856463 18.516559
 [29] 25.217715 18.044279 15.309708 32.085262 28.524617 27.109489 23.550671
 [36] 14.374408 14.976530 10.908102 21.223575 13.622758 27.903756 22.968076
 [43] 11.157517 11.648506 17.239629 24.957471 24.405883 20.047799 18.397572
 [50] 11.390262 16.437487 11.655004 14.464177 10.538235 14.264075 14.875953
 [57] 10.852726 12.044210  8.025916 25.066384 14.174949 13.588920 18.554620
 [64] 12.090489 13.412224 27.489761 11.177633 21.256259 25.687069 24.088469
 [71] 23.060622 15.311703 12.487398 12.790282 14.560861 14.714200 11.180524
 [78] 12.737943 15.197999  9.320116        NA 14.071403 14.842809 15.148733
 [85] 15.088835 14.758206 16.197298 14.629740 13.296744        NA        NA
 [92] 15.330442  9.072455        NA 14.857511 14.245953  6.231331 13.810822
 [99] 14.286628        NA        NA        NA        NA        NA 13.875505
[106] 13.887648 16.113992 12.854697 14.872289  6.080789 14.379866        NA
[113]        NA 12.647043 11.211784        NA  4.339845  4.091498 12.392764
[120] 13.246156 11.076191  3.571002  7.399532  2.759160        NA  3.513068
[127] 12.413324  2.395017        NA        NA        NA        NA  3.251434
[134]  2.807036        NA        NA        NA  5.044301        NA        NA
[141]        NA        NA

$TS
  [1] 49.26651148 46.86716417 39.11457421 37.84392047 32.43090584 30.51413215
  [7] 30.12112778 36.47618682 31.15526843 30.50437116 26.08483886 21.06682962
 [13] 15.93383713 15.77967459 15.01972694 34.95899645 32.66719449 30.93928020
 [19] 30.92398268 18.97661016 18.47171589 26.03805208 32.45430263 29.37706391
 [25] 28.63692550 22.31948620 19.30243993 26.06552972 25.24521090 18.74827072
 [31] 18.38462145 34.74700965 30.90655312 29.08524341 26.36377528 19.15008951
 [37] 18.96717400 14.84859856 32.58271156 20.23173843 29.04272318 27.29846256
 [43] 14.88002441 13.95739633 17.46338177 30.55804646 28.24594373 26.62053834
 [49] 21.30730669 20.12096408 19.90155750 18.55098641 15.14334316 16.15980247
 [55] 17.16110150 16.42415827 14.77295506 12.22694354 11.42475889 26.69705185
 [61] 25.34573392 22.26717397 19.41505259 18.86419214 17.82289729 28.76624634
 [67] 13.22299327 28.49925969 27.28564677 26.27022219 24.26706957 17.54367858
 [73] 18.39289346 18.03320032 16.87470132 15.40171303 13.73598391 16.99846751
 [79] 16.15904922 11.77975855 10.20960975 21.95246677 18.97630676 18.91168934
 [85] 16.21719860 24.39015025 22.05838654 15.53174675 14.61628978 14.96659307
 [91] 14.69819361 15.57328365  9.86633795  1.91049597 15.82118138 19.21230360
 [97] 20.60545577 20.59740669 14.68137673  2.35346395  1.25725755  1.11482690
[103]  7.17848892  1.67078233 15.44283096 14.97189500 17.38574960 14.61119019
[109] 19.15454920 10.31319164 17.99515395  0.96775377  0.35246510 17.05302114
[115] 13.71833199  9.56024695  8.86353659  6.73885499 12.79000118 13.33726614
[121] 12.02982574  8.28660106  8.26949027  7.07140082  7.40250796  5.46411464
[127] 12.59440395  5.50152256  5.36520743  4.49832200  2.80113245  5.82491972
[133]  4.61869874  5.32933866  5.20067613  1.70097849  0.01693441  5.17252304
[139]  3.96130404  1.84485388  1.28763121  1.02045511

$PAR
  [1]  NA   1   2   2   2   2   2   3   3   3   3   3   3   3   3   4   4   4
 [19]   4   5   5   6   8   8   9  10  10  11  11  11  11  16  16  16  16  16
 [37]  16  16  17  17  19  19  20  20  21  23  23  23  24  24  24  24  26  31
 [55]  36  36  36  38  38  39  39  39  40  40  40  41  43  46  46  46  48  50
 [73]  52  52  52  52  52  55  56  57  59  62  63  63  65  68  68  73  73  74
 [91]  78  79  80  81  84  86  87  87  88  90  90  90  91  91  92  95  96  96
[109]  97  97  98 102 102 107 108 110 110 110 114 115 115 116 116 116 117 117
[127] 119 122 122 124 124 125 125 126 126 130 131 132 133 135 135 141

$EXTANT
  [1] FALSE FALSE FALSE FALSE FALSE FALSE FALSE FALSE FALSE FALSE FALSE FALSE
 [13] FALSE FALSE FALSE FALSE FALSE FALSE FALSE FALSE FALSE FALSE FALSE FALSE
 [25] FALSE FALSE FALSE FALSE FALSE FALSE FALSE FALSE FALSE FALSE FALSE FALSE
 [37] FALSE FALSE FALSE FALSE FALSE FALSE FALSE FALSE FALSE FALSE FALSE FALSE
 [49] FALSE FALSE FALSE FALSE FALSE FALSE FALSE FALSE FALSE FALSE FALSE FALSE
 [61] FALSE FALSE FALSE FALSE FALSE FALSE FALSE FALSE FALSE FALSE FALSE FALSE
 [73] FALSE FALSE FALSE FALSE FALSE FALSE FALSE FALSE  TRUE FALSE FALSE FALSE
 [85] FALSE FALSE FALSE FALSE FALSE  TRUE  TRUE FALSE FALSE  TRUE FALSE FALSE
 [97] FALSE FALSE FALSE  TRUE  TRUE  TRUE  TRUE  TRUE FALSE FALSE FALSE FALSE
[109] FALSE FALSE FALSE  TRUE  TRUE FALSE FALSE  TRUE FALSE FALSE FALSE FALSE
[121] FALSE FALSE FALSE FALSE  TRUE FALSE FALSE FALSE  TRUE  TRUE  TRUE  TRUE
[133] FALSE FALSE  TRUE  TRUE  TRUE FALSE  TRUE  TRUE  TRUE  TRUE

