
Birth-death simulation object with 301 species and 120 extant species

Details for some species:

Extinction times (NA means extant)
[1] 46.124406        NA 37.536987 30.148929 32.582595  4.176412


Speciation times 
[1] 49.26651 47.88252 46.52332 43.72759 36.53086 10.34914


Species parents (NA for initial)
[1] NA  1  2  2  2  2


Species status (extinct or extant)
[1] "extinct" "extant"  "extinct" "extinct" "extinct" "extinct"


For more details on vector y, try sim$y, with y one of
TE TS PAR EXTANT



$TE
  [1] 46.12440571          NA 37.53698701 30.14892949 32.58259518  4.17641164
  [7]  8.50033375  1.59688406  6.31475310  4.41050012  0.03787549 42.42651823
 [13] 10.08442263  4.76279806  1.07443081          NA          NA          NA
 [19]  2.42774550          NA  3.33394425 41.61370788 28.52719282          NA
 [25]          NA          NA          NA  3.95145978  2.45672792 32.12819954
 [31] 20.83720199 19.59495001          NA          NA          NA  2.37126068
 [37] 23.70664428 33.54052036 23.41941623 23.61157042 11.46240262  7.17773556
 [43] 25.76496259 20.26246645 14.45487525          NA 30.15983261 25.15534994
 [49] 22.59489668 27.72072049 14.29003061 13.31133945  7.52585775 16.47752492
 [55] 11.68204996 16.90356622 11.83445613 23.71481311 19.26721332 14.99492548
 [61]  4.78768434 15.22820711 24.36090472 11.81637288 13.07394066 12.32504820
 [67] 12.39733146 20.03957125 17.51773661 11.55179762 21.44058074 15.33005699
 [73] 13.71404367 15.01136504 13.81384864          NA 14.33839789 20.85357628
 [79] 13.87332756 17.85409689 12.85441837 13.11618153 21.55385350 11.72914560
 [85] 15.03798923 12.20394841 14.89215413 12.20787647 19.18193304 14.69657587
 [91] 11.17522074 13.84578208 13.32500876 13.78220720          NA          NA
 [97]  0.94182425  5.93663184  4.21499806  4.62744541          NA 20.65454529
[103] 14.81983821 17.59912118 18.90618611 14.90165689 14.47412759  1.02978897
[109]  8.08475963 23.51357817 15.05507128 11.74785293 20.65373226 13.17390180
[115] 18.37083026 15.68397182 11.55260233 13.79035370 11.97511234 13.44660862
[121] 13.62260846  4.20711606          NA          NA          NA  7.39762548
[127]  4.00638830          NA  6.18697431          NA          NA          NA
[133]          NA  5.07848320  5.87422723  1.28969301 12.99610836          NA
[139] 15.02635417 12.64180793 12.40643889  9.02592547 15.26973469 15.06992727
[145]  3.18912604 17.11705824 14.19895693 15.84141860 13.69383902 11.82197048
[151] 11.78980254 11.20532216 14.64791706  4.81126717  2.02034835  0.57208794
[157]  1.49749407  5.67181092          NA          NA          NA  3.48388993
[163]          NA          NA          NA          NA  2.36434741          NA
[169]          NA  2.58960667          NA 12.03074538          NA  3.28910366
[175] 13.00982600 11.91210575 12.26604362          NA          NA          NA
[181]  5.07911185  4.49890705          NA  2.67295198 14.42829227 14.51210648
[187] 13.90486448 16.97108937 13.57064131 13.18882945          NA  1.05130013
[193]  4.47941645          NA          NA          NA          NA  0.52430998
[199]          NA          NA  0.86016534  2.11130041          NA  1.11229952
[205]          NA          NA          NA 12.29013843          NA          NA
[211]          NA 12.38478195 10.92694652          NA          NA          NA
[217]          NA          NA          NA  0.67405626          NA  0.82250840
[223] 14.80049762 13.81645145  6.37101381          NA          NA          NA
[229]          NA  1.98252593  1.86018304          NA  4.05769484  0.08027019
[235]          NA  1.83658808          NA          NA          NA  6.75249202
[241]          NA  0.72218582  6.23803946          NA          NA          NA
[247]          NA          NA          NA          NA          NA          NA
[253]  3.79840329  0.05294527          NA          NA          NA          NA
[259]          NA          NA  1.18807590          NA          NA  8.73970909
[265]  5.99411758          NA          NA          NA          NA          NA
[271]  0.31808478  2.45107262          NA          NA          NA          NA
[277]  1.25667752          NA          NA          NA  6.66866542          NA
[283]          NA          NA          NA          NA          NA          NA
[289]          NA          NA          NA          NA          NA  0.60709499
[295]          NA          NA          NA          NA          NA          NA
[301]          NA

$TS
  [1] 49.26651148 47.88252448 46.52332358 43.72759436 36.53086296 10.34914011
  [7] 10.15559015  8.63294052  7.26740854  6.96284772  0.78525948 45.73692868
 [13] 10.10376501  8.54006345  8.03480071  5.80920684  7.12627867  5.93538523
 [19]  3.03698500  6.32861928  5.36271805 44.88969680 43.37681958  6.50531621
 [25]  3.72661484  1.98994352  0.04806041  6.14735563  3.45373606 43.33314561
 [31] 33.95249120 32.93325542  1.32876502  2.38972066  0.26203563  2.75945672
 [37] 37.36422909 34.85196195 33.28168614 29.73503578 25.62528563 21.14926553
 [43] 27.60358773 27.29870412 25.50975846  0.67567454 34.10466611 30.77279409
 [49] 27.31495191 28.77600853 16.15289188 13.83279584 13.08929583 18.20359304
 [55] 18.08203617 27.59856979 27.06454783 26.39760616 27.29152845 23.89517589
 [61] 14.89177777 29.47101554 26.30258366 13.49624281 15.74967240 14.49745909
 [67] 12.60802249 27.16532481 26.98383297 25.10153821 24.52946568 19.83532783
 [73] 19.87976922 18.79930606 14.72297883 13.47589497 25.18550561 25.44597003
 [79] 21.92261191 20.60493081 19.38009897 26.26031119 26.10630519 13.11454392
 [85] 15.73410324 12.44874519 24.34027997 25.06361538 22.72973318 17.71281247
 [91] 12.55339315 18.00953240 19.04537250 16.67055283 11.18061523 10.24864676
 [97]  7.73721076  7.51292103  6.98747597  6.03368894  0.31551048 23.64908870
[103] 22.13945547 20.79660626 19.91265291 15.28891241 15.21020415 17.54168569
[109] 15.33326592 23.90966730 21.41735266 14.45554533 22.38114968 23.13203074
[115] 21.86132422 20.59257182 14.97162320 15.06109467 15.81347209 13.52910927
[121] 15.81684863  8.89241700  7.70760405  0.78260062  0.69478471  8.68266757
[127]  7.36914409  7.28258186  7.00208123  6.20973990  5.55916435  4.33912610
[133]  1.73605759  6.64089370  6.92467062  4.91317441 14.37075569  4.39878196
[139] 15.32347564 12.85991845 12.60873007 12.42341284 15.65534459 20.76050889
[145] 22.25743427 19.26872199 15.56210728 18.55137704 14.69688709 14.61624129
[151] 12.15012793 12.07059315 15.30250661  8.11151867  6.34117093  5.32222777
[157]  5.10370753  7.53975840  7.21023765  7.21519856  6.82647967  5.14495626
[163]  3.63743951  6.14136225  4.44542984  0.14164142  3.56660130  0.43463401
[169]  5.88331742  3.57227929  1.98552778 13.10887524  1.91777027 11.60298980
[175] 14.90372400 13.44514413 12.44789852  9.05637102  8.93872121  8.59389707
[181]  8.40269258  7.90377380  5.99900752  4.73918010 17.73822840 17.35076034
[187] 17.29413151 17.33339506 14.64600353 13.23872812 11.61465325  6.20477981
[193]  5.11351348  1.99011366  3.93592502  4.48172399  3.22549784  2.41695512
[199]  5.68798267  5.41795562  4.65331238  2.15660386  5.31628585  4.27376806
[205]  1.83883178  1.98590430  3.47474821 12.84685574  1.43383659  0.66878983
[211]  9.71164391 13.31167533 12.41124443  3.52470799  8.32312684  4.55169328
[217]  8.17776571  4.61313633  1.60741605  1.38809255  1.32300132  1.24332412
[223] 15.27095125 14.48200485 10.68972287 10.27278060  6.95651677  6.92804327
[229]  1.53780569  5.72906590  2.65386837  1.97970305  5.10034091  1.47266470
[235]  4.62769423  3.43762128  2.30788459  1.55114772  0.93901981  9.08152559
[241]  1.03610695  2.25676095  7.53924451  3.54503567  2.38008214  1.25572066
[247]  3.68567402  2.96972922  1.14938783  9.76105922  9.40007370  8.87709018
[253]  7.85191578  6.11127608  6.07706244  2.24499797  3.16429413  0.08337162
[259]  4.57387223  4.40743972  3.86172291  0.52852294  2.12589734  9.03385929
[265]  7.70047345  0.03401850  2.76044679  0.19347590  7.61186885  5.83689483
[271]  5.06006222  3.25166179  2.09420732  0.84690953  0.43660962  1.31900808
[277]  3.62701842  0.78360492  3.07209787  6.60479991  7.37025103  7.08612084
[283]  3.92499638  5.57708644  1.87196007  1.57332995  1.74866949  2.48257161
[289]  2.34167300  1.93469056  0.47336231  1.62161777  1.46072298  0.92305971
[295]  1.14152644  0.06166915  1.50219805  0.39244011  1.24343356  0.46791119
[301]  0.17541816

$PAR
  [1]  NA   1   2   2   2   2   2   2   2   2   2   3   6   6   6   6   8   8
 [19]   8  10  10  12  12  14  15  15  16  20  21  23  23  23  24  25  26  29
 [37]  30  30  31  31  31  31  32  32  32  33  37  37  37  39  41  41  41  42
 [55]  42  43  43  43  44  45  45  48  49  52  55  55  55  56  56  56  56  56
 [73]  57  57  57  57  58  59  60  60  60  63  63  64  65  67  68  69  70  70
 [91]  70  72  73  73  76  76  76  76  76  76  76  77  77  77  79  79  79  81
[109]  81  82  82  82  83  87  87  88  88  90  93  93  94  95  95  95  95  96
[127]  97  97  97  97  97  97  97  98  99 100 108 108 109 109 109 109 111 113
[145] 114 114 114 115 117 118 119 119 121 122 122 122 122 123 123 127 127 128
[163] 128 130 130 130 131 131 134 136 136 137 138 142 145 145 145 145 145 145
[181] 145 145 145 145 146 146 146 148 149 150 152 155 156 156 157 159 159 159
[199] 160 161 161 163 164 164 164 165 170 172 173 173 174 175 177 178 180 180
[217] 181 182 183 183 183 183 187 187 191 191 191 191 191 192 192 192 200 200
[235] 201 203 204 206 207 211 211 214 215 217 217 217 218 218 220 226 226 226
[253] 226 226 227 227 228 228 230 235 235 235 237 240 240 244 250 250 252 254
[271] 255 255 255 255 256 259 260 260 261 265 269 269 269 270 270 270 277 282
[289] 282 282 282 283 283 283 286 289 290 291 292 292 292

$EXTANT
  [1] FALSE  TRUE FALSE FALSE FALSE FALSE FALSE FALSE FALSE FALSE FALSE FALSE
 [13] FALSE FALSE FALSE  TRUE  TRUE  TRUE FALSE  TRUE FALSE FALSE FALSE  TRUE
 [25]  TRUE  TRUE  TRUE FALSE FALSE FALSE FALSE FALSE  TRUE  TRUE  TRUE FALSE
 [37] FALSE FALSE FALSE FALSE FALSE FALSE FALSE FALSE FALSE  TRUE FALSE FALSE
 [49] FALSE FALSE FALSE FALSE FALSE FALSE FALSE FALSE FALSE FALSE FALSE FALSE
 [61] FALSE FALSE FALSE FALSE FALSE FALSE FALSE FALSE FALSE FALSE FALSE FALSE
 [73] FALSE FALSE FALSE  TRUE FALSE FALSE FALSE FALSE FALSE FALSE FALSE FALSE
 [85] FALSE FALSE FALSE FALSE FALSE FALSE FALSE FALSE FALSE FALSE  TRUE  TRUE
 [97] FALSE FALSE FALSE FALSE  TRUE FALSE FALSE FALSE FALSE FALSE FALSE FALSE
[109] FALSE FALSE FALSE FALSE FALSE FALSE FALSE FALSE FALSE FALSE FALSE FALSE
[121] FALSE FALSE  TRUE  TRUE  TRUE FALSE FALSE  TRUE FALSE  TRUE  TRUE  TRUE
[133]  TRUE FALSE FALSE FALSE FALSE  TRUE FALSE FALSE FALSE FALSE FALSE FALSE
[145] FALSE FALSE FALSE FALSE FALSE FALSE FALSE FALSE FALSE FALSE FALSE FALSE
[157] FALSE FALSE  TRUE  TRUE  TRUE FALSE  TRUE  TRUE  TRUE  TRUE FALSE  TRUE
[169]  TRUE FALSE  TRUE FALSE  TRUE FALSE FALSE FALSE FALSE  TRUE  TRUE  TRUE
[181] FALSE FALSE  TRUE FALSE FALSE FALSE FALSE FALSE FALSE FALSE  TRUE FALSE
[193] FALSE  TRUE  TRUE  TRUE  TRUE FALSE  TRUE  TRUE FALSE FALSE  TRUE FALSE
[205]  TRUE  TRUE  TRUE FALSE  TRUE  TRUE  TRUE FALSE FALSE  TRUE  TRUE  TRUE
[217]  TRUE  TRUE  TRUE FALSE  TRUE FALSE FALSE FALSE FALSE  TRUE  TRUE  TRUE
[229]  TRUE FALSE FALSE  TRUE FALSE FALSE  TRUE FALSE  TRUE  TRUE  TRUE FALSE
[241]  TRUE FALSE FALSE  TRUE  TRUE  TRUE  TRUE  TRUE  TRUE  TRUE  TRUE  TRUE
[253] FALSE FALSE  TRUE  TRUE  TRUE  TRUE  TRUE  TRUE FALSE  TRUE  TRUE FALSE
[265] FALSE  TRUE  TRUE  TRUE  TRUE  TRUE FALSE FALSE  TRUE  TRUE  TRUE  TRUE
[277] FALSE  TRUE  TRUE  TRUE FALSE  TRUE  TRUE  TRUE  TRUE  TRUE  TRUE  TRUE
[289]  TRUE  TRUE  TRUE  TRUE  TRUE FALSE  TRUE  TRUE  TRUE  TRUE  TRUE  TRUE
[301]  TRUE

