
Birth-death simulation object with 327 species and 130 extant species

Details for some species:

Extinction times (NA means extant)
[1] 18.46046 47.97133 39.42081 33.58843 14.45732 26.61259


Speciation times 
[1] 49.26651 48.34543 44.27231 43.76655 33.05202 31.99192


Species parents (NA for initial)
[1] NA  1  1  1  1  1


Species status (extinct or extant)
[1] "extinct" "extinct" "extinct" "extinct" "extinct" "extinct"


For more details on vector y, try sim$y, with y one of
TE TS PAR EXTANT



$TE
  [1] 18.4604567 47.9713313 39.4208056 33.5884265 14.4573207 26.6125868
  [7] 17.3739009 28.9010545 27.1680787 20.8532962 17.5916606 19.3419886
 [13] 14.5101957 42.3506016 27.5967312 27.4184483 23.0011940 14.4248389
 [19] 12.7484456 19.8785411 13.0870561 20.2369676 25.7057530 20.1245081
 [25] 21.1442915 23.7709253 16.2246823 15.0591560 31.6451784 19.3248204
 [31] 12.6406282 14.8358904 12.3039815 26.8483691 14.6278055 17.7958765
 [37] 14.4497823 21.3393143 14.1393886 17.3714229 26.7470861 10.6733553
 [43] 19.7760781 18.9288400 18.5135238 10.7593418 13.8327504  2.5292599
 [49] 12.4228703 15.0539637 17.2999530 14.7192160 15.2241016 15.4011731
 [55] 14.0775882 18.3432741 15.0801298 17.3700954 11.7464284 12.2220384
 [61] 13.9916520 15.9567067 13.9676215 16.6140403 15.8403271 11.1262261
 [67]  4.0020757 10.7685842 14.4477492         NA  4.0018287 11.6848265
 [73] 11.8430034 14.0894084 13.5836909         NA 16.9030352 14.9372111
 [79] 12.6303628 14.4596973 15.1549430 13.7036619 12.5185009  2.6573385
 [85]         NA 11.0436864 13.8567799  0.4054584  4.0620761  3.4111961
 [91]         NA         NA 11.0891407  4.9936488         NA         NA
 [97]         NA         NA 10.4081277 11.8666873 11.5735342  5.0340450
[103]  9.4374374 13.9783066 16.5724528 14.1942123 14.4179475         NA
[109]  7.5214051 10.5202118  6.9194959  6.2654086         NA  0.6189986
[115]  4.0227360  3.9578276  2.1208363  0.7371774 15.2123686 13.9600019
[121]  5.7434831         NA         NA         NA         NA         NA
[127]         NA  4.2690595         NA  3.1207860         NA         NA
[133]  1.3909873  4.3891140  1.0824092         NA         NA  4.1519250
[139]         NA  6.9101954  9.4042353 11.5314224  9.3596542  3.4951688
[145]  7.3848714  1.2718952 14.8826098 16.5885582 13.4221452 16.2723361
[151] 12.0876447 12.5781923  9.9480231 12.0075897 11.1825092         NA
[157]         NA  1.0783269 10.9175880  6.6892680  5.8778909  6.4271397
[163]         NA         NA  1.1178934  4.1284456         NA         NA
[169]         NA         NA  0.7706015  2.1886676  4.7387009         NA
[175]  1.0274287         NA  3.5550264         NA  4.2860170  2.4927405
[181]  5.3907815         NA         NA  1.4504631         NA         NA
[187]         NA         NA  0.6344047         NA         NA 11.9625507
[193]  8.6538999         NA 13.8799138 11.4138891  2.3165141  9.4691923
[199]         NA  4.3191062         NA         NA  1.8224391  0.7371514
[205]         NA  1.0427935         NA  1.4360914         NA  1.0452897
[211]         NA  2.5056403         NA         NA         NA         NA
[217]         NA         NA         NA         NA         NA         NA
[223]         NA         NA  4.5736363         NA  1.8915611         NA
[229]  6.5148360  1.4034440  0.7659725         NA  1.8659393         NA
[235]         NA         NA  7.6305965  5.1337073         NA  1.9274701
[241]         NA         NA         NA  3.2380655 11.4707579         NA
[247]  2.8350283         NA  0.4239076         NA  3.1205151         NA
[253]         NA         NA         NA  2.1461904  2.2586245         NA
[259]         NA         NA         NA         NA         NA         NA
[265]         NA         NA  0.4802971         NA         NA         NA
[271]         NA         NA         NA  4.2369545         NA         NA
[277]         NA         NA  4.1573157         NA         NA         NA
[283]         NA  0.3558454  1.8956674  5.0817198         NA         NA
[289]         NA  1.5246805         NA  0.8635748  2.9830252  1.1392435
[295]         NA  2.8147850         NA         NA  2.3053382  0.5745069
[301]         NA  0.2639944         NA         NA         NA  5.0956657
[307]         NA         NA         NA         NA         NA         NA
[313]         NA         NA         NA         NA         NA  0.1882331
[319]         NA         NA  1.3547955  0.8468447         NA  4.1607530
[325]         NA         NA         NA

$TS
  [1] 49.26651148 48.34543204 44.27231278 43.76655340 33.05201929 31.99192102
  [7] 30.08430559 29.42799047 27.94414444 26.24041244 25.75542752 23.14498631
 [13] 21.59327464 42.87423260 40.32349829 30.96433032 30.75081781 21.57199862
 [19] 14.81768510 29.85786458 28.17551366 28.84634314 26.92780693 29.10325610
 [25] 23.30872771 24.39215554 21.58358436 20.59734932 33.81476939 23.17395411
 [31] 16.03181767 15.34472730 14.62600951 27.07868950 23.59682824 22.68420461
 [37] 26.89289026 22.32223974 16.43763556 28.53287860 27.42770571 22.43302188
 [43] 21.47273720 20.56846456 22.66842441 16.45291036 16.42946808 13.32829149
 [49] 12.92786524 21.50610315 20.33489537 19.75861774 19.04473443 18.89924117
 [55] 23.16350144 19.63082459 15.79995728 18.43019326 20.83734149 19.72769369
 [61] 15.08058896 20.15364306 20.08753532 19.38626102 20.46672292 12.46651865
 [67] 11.16212169 15.32034492 15.26630681 13.12154843  9.17667756 17.40021425
 [73] 18.89563718 14.96567193 16.74995130 18.36253927 19.37156952 15.32825183
 [79] 17.51177984 17.67134676 17.47961011 19.72005884 16.57864842 14.76139143
 [85] 14.35424319 12.75092929 19.25831741 16.64573574 10.20640326  7.36667428
 [91]  6.64114110  4.20938150 12.36420797  9.07477392  5.02130451  4.48797667
 [97]  1.54589420  6.76748950 16.83246161 18.48383190 12.18692701 11.40724028
[103] 10.38321703 18.71918464 18.50175516 17.65729869 17.27208266 14.46578843
[109] 18.87576460 12.65611191 11.70499623 10.22771014  7.73326402  7.58636493
[115]  6.76139096  6.34733101  2.53539185  1.14524901 15.40775111 14.55626226
[121]  7.39327426  5.99184233  5.26636962  2.86240039  1.58386350  9.58276994
[127]  8.71958552  8.43877638  6.68598645  5.08350857  5.72253697  8.77979876
[133]  7.77818424  7.14639078  7.05009342  6.92513314  5.51743938  4.44206886
[139]  2.13665375 11.21266035 11.12179106 15.08593075 12.01421391  9.72636362
[145]  8.21503882  6.34860063 15.31317782 17.25763385 16.82136285 17.59754174
[151] 15.72235229 16.44727927 16.39067289 12.82312235 11.95751340  7.67528202
[157]  2.51496117  7.73704615 10.99733823 10.26850786  9.89811085  7.23645046
[163]  6.44854356  4.97213274  1.50582123  7.14373124  6.09992371  2.14438482
[169]  5.07090542  5.97515327  4.58070039  6.82758920  6.17594540  4.18020925
[175]  1.62674232  0.54775070  6.81807082  6.53034076  6.22955194  6.44170606
[181]  6.74251619  5.05229824  3.10956855  5.18574227  7.44783120  5.02139334
[187]  5.91938765  1.58412306  0.74127077  0.43620986 11.08197617 14.15850839
[193]  8.71182541  4.86191163 15.81670058 14.43126985 10.13571005 10.07880022
[199] 12.01556226  5.93343278  1.82702329  0.30665424  4.39741275  6.62234272
[205]  5.85162375  5.56303569  4.18805765  2.72514124  1.59441529  1.44467465
[211]  0.61320980  5.15494011  4.32752646  5.59667775  3.95555728  5.98934296
[217]  5.78178865  5.63142177  4.91169845  2.39067276  2.58702393  4.80021858
[223]  3.51592882  3.50651287  5.64891677  2.65491201  2.02124832  0.19268100
[229]  7.25462332  3.97259269  3.27027066  1.44638346  5.00435565  2.70099717
[235]  1.59577909  0.88387583  8.50548224  8.35354490  8.11516321  5.57301529
[241]  3.90845527  2.71546872  4.55590145  3.26268714 11.52145207  8.41137957
[247]  9.69876558  7.44688755  5.51997772  4.82804778  3.93984751  3.48585139
[253]  2.91142405  2.21158566  4.70138441  6.61862854  6.30712055  0.78963292
[259]  3.95956339  1.21471172  0.18180802  3.27427803  2.67682740  1.29779723
[265]  0.40033964  5.35498424  2.77756274  2.16714352  5.35036899  0.18566573
[271]  1.52564739  3.28546189  0.09694403  4.61667940  0.78600306  0.34929366
[277]  0.93316881  8.30678614  6.79652028  0.73389605  3.43766731  4.91215905
[283]  2.87810843  1.08497984  8.20806626  6.62731101  6.25387500  5.73328489
[289]  4.35644215  2.75162499  1.60664220  0.88019791  3.46275941  4.22241339
[295]  0.02191811  3.96029538  2.99092469  5.08791095  4.41354471  0.72930539
[301]  1.04446351  0.78214433  0.98473271  2.74479753  0.37106505  6.80113660
[307]  6.60228327  2.82291811  5.06720382  3.88480767  3.81729310  2.34438593
[313]  3.51687800  0.71074371  0.16260906  5.72437445  5.40719439  2.70286217
[319]  1.27671298  0.29601047  1.74571906  0.97218084  1.71337886  4.68376519
[325]  2.43921788  0.28962096  0.04019228

$PAR
  [1]  NA   1   1   1   1   1   1   1   1   1   1   1   1   3   4   5   5   5
 [19]   5   6   6   7   7   8  10  11  12  12  15  17  18  18  18  20  20  20
 [37]  21  21  21  24  24  24  24  24  25  27  27  31  31  35  35  35  35  35
 [55]  37  37  39  40  42  42  42  43  44  44  45  46  46  47  47  48  48  50
 [73]  51  52  53  54  55  57  58  59  59  60  60  60  60  60  65  65  67  67
 [91]  67  67  70  70  70  70  70  71  72  73  76  76  76  77  77  77  77  80
[109]  82  83  84  84  84  84  85  85  85  85  87  87  88  88  88  88  88  89
[127]  89  89  90  90  91  94  94  94  94  94  94  96  98  99  99 100 101 102
[145] 102 102 104 105 105 106 106 107 107 108 108 108 108 109 111 111 111 112
[163] 112 113 113 114 114 114 115 116 116 121 121 123 123 123 126 126 126 127
[181] 128 131 131 132 133 134 136 136 136 137 141 142 144 146 149 149 153 153
[199] 154 156 157 157 158 161 163 163 163 163 163 163 164 167 169 170 170 172
[217] 172 172 172 172 174 177 178 178 181 182 182 183 185 185 185 185 187 187
[235] 187 187 191 191 191 191 191 191 194 194 196 197 198 199 199 199 199 199
[253] 199 199 200 204 204 204 205 205 207 212 213 213 213 214 214 214 216 216
[271] 217 224 224 225 234 234 235 238 239 239 240 246 246 246 247 248 248 248
[289] 249 249 249 250 251 255 255 256 256 257 257 259 260 263 264 267 268 278
[307] 279 285 287 287 289 289 298 298 305 306 307 307 309 310 312 312 313 317
[325] 318 325 325

$EXTANT
  [1] FALSE FALSE FALSE FALSE FALSE FALSE FALSE FALSE FALSE FALSE FALSE FALSE
 [13] FALSE FALSE FALSE FALSE FALSE FALSE FALSE FALSE FALSE FALSE FALSE FALSE
 [25] FALSE FALSE FALSE FALSE FALSE FALSE FALSE FALSE FALSE FALSE FALSE FALSE
 [37] FALSE FALSE FALSE FALSE FALSE FALSE FALSE FALSE FALSE FALSE FALSE FALSE
 [49] FALSE FALSE FALSE FALSE FALSE FALSE FALSE FALSE FALSE FALSE FALSE FALSE
 [61] FALSE FALSE FALSE FALSE FALSE FALSE FALSE FALSE FALSE  TRUE FALSE FALSE
 [73] FALSE FALSE FALSE  TRUE FALSE FALSE FALSE FALSE FALSE FALSE FALSE FALSE
 [85]  TRUE FALSE FALSE FALSE FALSE FALSE  TRUE  TRUE FALSE FALSE  TRUE  TRUE
 [97]  TRUE  TRUE FALSE FALSE FALSE FALSE FALSE FALSE FALSE FALSE FALSE  TRUE
[109] FALSE FALSE FALSE FALSE  TRUE FALSE FALSE FALSE FALSE FALSE FALSE FALSE
[121] FALSE  TRUE  TRUE  TRUE  TRUE  TRUE  TRUE FALSE  TRUE FALSE  TRUE  TRUE
[133] FALSE FALSE FALSE  TRUE  TRUE FALSE  TRUE FALSE FALSE FALSE FALSE FALSE
[145] FALSE FALSE FALSE FALSE FALSE FALSE FALSE FALSE FALSE FALSE FALSE  TRUE
[157]  TRUE FALSE FALSE FALSE FALSE FALSE  TRUE  TRUE FALSE FALSE  TRUE  TRUE
[169]  TRUE  TRUE FALSE FALSE FALSE  TRUE FALSE  TRUE FALSE  TRUE FALSE FALSE
[181] FALSE  TRUE  TRUE FALSE  TRUE  TRUE  TRUE  TRUE FALSE  TRUE  TRUE FALSE
[193] FALSE  TRUE FALSE FALSE FALSE FALSE  TRUE FALSE  TRUE  TRUE FALSE FALSE
[205]  TRUE FALSE  TRUE FALSE  TRUE FALSE  TRUE FALSE  TRUE  TRUE  TRUE  TRUE
[217]  TRUE  TRUE  TRUE  TRUE  TRUE  TRUE  TRUE  TRUE FALSE  TRUE FALSE  TRUE
[229] FALSE FALSE FALSE  TRUE FALSE  TRUE  TRUE  TRUE FALSE FALSE  TRUE FALSE
[241]  TRUE  TRUE  TRUE FALSE FALSE  TRUE FALSE  TRUE FALSE  TRUE FALSE  TRUE
[253]  TRUE  TRUE  TRUE FALSE FALSE  TRUE  TRUE  TRUE  TRUE  TRUE  TRUE  TRUE
[265]  TRUE  TRUE FALSE  TRUE  TRUE  TRUE  TRUE  TRUE  TRUE FALSE  TRUE  TRUE
[277]  TRUE  TRUE FALSE  TRUE  TRUE  TRUE  TRUE FALSE FALSE FALSE  TRUE  TRUE
[289]  TRUE FALSE  TRUE FALSE FALSE FALSE  TRUE FALSE  TRUE  TRUE FALSE FALSE
[301]  TRUE FALSE  TRUE  TRUE  TRUE FALSE  TRUE  TRUE  TRUE  TRUE  TRUE  TRUE
[313]  TRUE  TRUE  TRUE  TRUE  TRUE FALSE  TRUE  TRUE FALSE FALSE  TRUE FALSE
[325]  TRUE  TRUE  TRUE

