
Birth-death simulation object with 132 species and 52 extant species

Details for some species:

Extinction times (NA means extant)
[1] 35.72228 32.25336 37.50190 29.91047 11.73840 14.57820


Speciation times 
[1] 49.26651 38.70038 37.82983 34.51369 32.67944 28.01945


Species parents (NA for initial)
[1] NA  1  1  2  2  5


Species status (extinct or extant)
[1] "extinct" "extinct" "extinct" "extinct" "extinct" "extinct"


For more details on vector y, try sim$y, with y one of
TE TS PAR EXTANT



$TE
  [1] 35.7222797 32.2533596 37.5018979 29.9104680 11.7383975 14.5781961
  [7] 26.0894019 15.0640418 14.3944185  6.7711803 13.9271262 21.3945982
 [13] 12.6870409 19.5157817 20.1321572  0.5385726 15.0861767  5.5706126
 [19]         NA  2.0327407  6.8644504 21.2824470 14.5503275  8.1850772
 [25] 15.1870917 12.7954215 12.8375254 12.2326567  1.6547043  6.8807238
 [31]         NA         NA  3.5095329 12.9218430  7.4304691         NA
 [37]         NA  0.9700955  3.2210629 14.7549030 19.2725610 14.5359429
 [43] 13.0119263         NA  4.6052801 14.8513065 12.2257478  8.5654589
 [49]  0.2600717  7.4050097  4.6976292  2.2622528         NA  6.6405746
 [55]         NA         NA         NA         NA         NA 13.7081077
 [61]         NA         NA         NA         NA  4.0786415         NA
 [67] 14.1355592  9.3955342         NA  0.9039071  0.1269099  2.1726286
 [73]  6.4953964 12.1558757  2.7041458         NA         NA         NA
 [79]  3.6506166         NA  5.6750008  5.1908365         NA         NA
 [85]         NA         NA  3.5561117         NA         NA  3.3536056
 [91]         NA         NA  3.0006279  9.2693641 11.7967867  6.2664668
 [97]         NA         NA         NA         NA         NA  1.1135862
[103]  1.1975050         NA         NA  3.6653994         NA  0.9098640
[109]  2.6830119         NA         NA         NA  1.4619273  3.6318773
[115]  2.8638368         NA         NA         NA         NA         NA
[121]  0.7092304  4.9999662  1.6748733         NA         NA         NA
[127]         NA  1.6656881         NA  4.1911187  1.8336414         NA

$TS
  [1] 49.26651148 38.70038458 37.82982659 34.51368531 32.67943928 28.01945277
  [7] 27.92934770 25.24956439 24.04316137 14.96612687 24.63404624 22.52041033
 [13] 17.86750377 21.59540147 20.49191796 18.37829674 17.64007935 10.63436536
 [19]  8.07925021  7.99937262  7.00443888 21.42342477 19.52566294 21.95612462
 [25] 16.40908226 15.32688437 13.74114658 13.49697913 13.21203937 11.40685737
 [31]  5.54229439  4.24548756  4.16011408 16.60252179 10.19099367  8.52248440
 [37]  6.47441436  2.60083635  7.41900487 16.20204421 21.18249236 15.96404859
 [43] 13.90495399 10.59152412  8.99996607 15.68855369 13.33736257  9.72374037
 [49]  8.92158744  8.69901587  7.65536850  7.16483254  4.13525100  8.74337076
 [55]  7.47452196  1.32529321  0.06664246  0.02004299  3.97781701 14.11839154
 [61]  6.11681778  5.62393691  4.89590725  0.77377326  5.59010083  1.47721436
 [67] 15.37346125 10.02293489  8.18699282  6.76360356  6.44062698  6.42830981
 [73]  7.99319401 12.79500966  9.15289709  3.35337800  7.60449097  7.05789366
 [79]  6.67135294  6.68259458  6.67968559  6.40497763  0.04142559  5.42033860
 [85]  3.48993915  1.64595540  5.15451999  0.85210430  2.10278348  6.01201916
 [91]  5.74005259  0.93460471  3.48458486 12.48895083 12.25991689  6.61275725
 [97]  3.22174763  1.59492832  7.30720417  6.35418534  4.87138654  2.18705925
[103]  6.22370221  6.00255668  5.21704162  4.87755377  3.49360949  5.21615711
[109]  4.18256819  2.73954147  1.99262373  3.05266344  3.96044521  6.44076852
[115]  2.91531835  3.82949733  2.26384965  2.22763791  2.92448836  2.03013262
[121]  5.53016617  5.21658086  3.71555339  2.58368556  2.67682368  3.93099604
[127]  0.84186996  4.58718105  2.81472594  5.44073528  2.33334899  0.14032950

$PAR
  [1]  NA   1   1   2   2   5   5   5   5   5   8   8   8   9   9   9   9  10
 [19]  10  10  10  11  11  12  13  13  13  16  16  16  16  16  16  17  18  18
 [37]  18  19  20  23  24  24  24  24  24  25  26  29  29  29  29  29  29  30
 [55]  30  31  31  31  33  34  36  36  36  36  37  38  42  44  44  44  44  44
 [73]  45  47  48  49  51  51  52  54  55  55  61  62  63  63  69  69  70  71
 [91]  71  71  72  74  74  75  75  76  77  77  77  77  78  78  78  78  78  80
[109]  80  80  84  85  87  96  97  99  99  99 100 101 104 105 106 107 108 109
[127] 112 114 116 121 121 124

$EXTANT
  [1] FALSE FALSE FALSE FALSE FALSE FALSE FALSE FALSE FALSE FALSE FALSE FALSE
 [13] FALSE FALSE FALSE FALSE FALSE FALSE  TRUE FALSE FALSE FALSE FALSE FALSE
 [25] FALSE FALSE FALSE FALSE FALSE FALSE  TRUE  TRUE FALSE FALSE FALSE  TRUE
 [37]  TRUE FALSE FALSE FALSE FALSE FALSE FALSE  TRUE FALSE FALSE FALSE FALSE
 [49] FALSE FALSE FALSE FALSE  TRUE FALSE  TRUE  TRUE  TRUE  TRUE  TRUE FALSE
 [61]  TRUE  TRUE  TRUE  TRUE FALSE  TRUE FALSE FALSE  TRUE FALSE FALSE FALSE
 [73] FALSE FALSE FALSE  TRUE  TRUE  TRUE FALSE  TRUE FALSE FALSE  TRUE  TRUE
 [85]  TRUE  TRUE FALSE  TRUE  TRUE FALSE  TRUE  TRUE FALSE FALSE FALSE FALSE
 [97]  TRUE  TRUE  TRUE  TRUE  TRUE FALSE FALSE  TRUE  TRUE FALSE  TRUE FALSE
[109] FALSE  TRUE  TRUE  TRUE FALSE FALSE FALSE  TRUE  TRUE  TRUE  TRUE  TRUE
[121] FALSE FALSE FALSE  TRUE  TRUE  TRUE  TRUE FALSE  TRUE FALSE FALSE  TRUE

