
Birth-death simulation object with 341 species and 98 extant species

Details for some species:

Extinction times (NA means extant)
[1] 31.513681 29.481694 16.653995 15.074457 23.982279  9.199377


Speciation times 
[1] 49.26651 37.74638 33.62845 32.87720 35.03706 31.80030


Species parents (NA for initial)
[1] NA  1  1  1  2  2


Species status (extinct or extant)
[1] "extinct" "extinct" "extinct" "extinct" "extinct" "extinct"


For more details on vector y, try sim$y, with y one of
TE TS PAR EXTANT



$TE
  [1] 31.51368063 29.48169426 16.65399482 15.07445707 23.98227907  9.19937660
  [7] 21.84038936 24.81783553 27.55901393 20.89961261 15.37357304 16.08575171
 [13] 19.59899158 21.98217437 26.02772792 14.23786221 15.34282483 10.81585403
 [19] 15.30433465 26.46317754 24.09654167 26.67875471 18.89193461 12.35365151
 [25] 16.01945244 14.53656895  8.50379175 14.63738585 15.89598710 12.00998037
 [31]  6.91343481 28.84800367 29.29053588 26.55983871 23.69832252 13.86749424
 [37] 13.14459714 16.47428507 13.50181057 12.43038629 17.18123749 19.07951250
 [43] 14.50852896 16.22639641 27.20876708 18.44815349 13.26308606 16.33361873
 [49] 20.09729732 11.11718741  9.86327490 19.04627440 14.36099019 15.46757878
 [55] 16.37766282 15.07882086 25.63304316 20.75037999 18.97444873 14.83944956
 [61] 14.34384977 10.98548769 15.14579132 19.10634862 15.38744406 19.93584402
 [67] 14.33159441 13.39972526 12.64376581 26.23704240 18.85707742 13.04093453
 [73]  4.28092391 26.20223812 20.93255586 16.82912930 14.20567382 14.87622006
 [79] 14.01867676  1.02955397 12.75724456 12.86435707 21.03669901 14.98191505
 [85] 16.22300425  9.57022864 14.04664795 16.14027649 12.04408859 16.41838767
 [91] 11.76060040 15.27558755 13.24681711 14.87844788 12.66681525 12.93876483
 [97] 14.29730724 15.95788005 14.76360683  6.42823679 14.85254095 19.63370412
[103] 15.32300258 11.43624715  6.84755242 14.95217916 18.76339545 18.88732314
[109] 16.64609896 15.78559755 13.00192229 14.11361633 15.18867960 12.03264672
[115]          NA          NA  6.61927913  3.06091176 10.69474307 12.78776980
[121] 14.76666602 23.84784771 19.56740519 13.61237628  2.76199603 15.47755554
[127]  9.82033836          NA 18.55685429 16.29419915 17.03460702 13.80009074
[133] 13.99293729 10.84364255 15.32136652 14.15315741  9.17823131 14.22629354
[139] 11.10643053 13.24447294  7.42597406 15.91452222  5.81770364 13.40481818
[145] 15.32787186 15.21767303  5.66454406          NA  4.17540555          NA
[151]  3.14260494  6.23151332 13.41323435 14.17055979 13.59979517          NA
[157]  2.48427115  0.68251408  0.26737894 18.17913076 14.38624184 14.11199268
[163] 11.17671731  7.82891287          NA          NA          NA 17.14979315
[169] 15.29018628  1.75213066  3.96710698          NA          NA  5.09020955
[175]          NA 17.59220514 18.54154020 18.33591098 14.81875140 14.50841000
[181] 17.90768726 14.71412639 13.57689862 13.14727538  1.71151907 10.75985508
[187]  6.59859130 13.67672007 11.04085626  5.83590101 14.56626031  9.08073925
[193]          NA          NA          NA          NA  5.53267648  6.94151361
[199]  6.62060743          NA  5.46477112          NA 13.85619506 14.21046805
[205]  9.60589626 14.74161342          NA          NA          NA          NA
[211]  4.08284053  0.20501506          NA          NA          NA          NA
[217]          NA 10.45534537  8.75723520          NA  6.46637416          NA
[223]          NA  3.23184879          NA  4.54784056 13.71216811 20.14651164
[229] 17.89711184 13.90186359 14.81262879 14.53097616 14.34903851 11.22240486
[235]          NA          NA 12.75960155  5.19204559  5.16943077  3.25447325
[241]  3.09040786  1.54669470          NA  2.98250775  3.73471184          NA
[247]          NA          NA  6.11072821          NA          NA 12.86401926
[253]          NA          NA          NA          NA  1.49047822          NA
[259]          NA          NA          NA 11.21890341  6.62204156          NA
[265]          NA  2.16343168  2.92494605  4.08759541 12.27847083 19.44553166
[271] 14.44623662 15.16329770  1.50613295          NA          NA          NA
[277]  0.61840090  6.39172144          NA  1.08348167          NA  3.68016919
[283]          NA  1.64359870          NA          NA          NA          NA
[289]          NA          NA          NA          NA          NA          NA
[295]          NA          NA          NA  4.15379175          NA  4.99409643
[301]          NA          NA  0.02496114  1.29381268  0.15569024          NA
[307]          NA          NA          NA          NA  0.38873085  0.63005168
[313]          NA          NA  0.95207005          NA          NA          NA
[319]  0.54261606          NA          NA  0.84035696          NA          NA
[325]          NA          NA          NA          NA          NA          NA
[331]          NA  1.02679346  2.00105966          NA  0.78906902          NA
[337]          NA          NA          NA  0.07036025          NA

$TS
  [1] 49.266511476 37.746378563 33.628454489 32.877202390 35.037064155
  [6] 31.800303278 31.583026197 32.216968605 31.391203358 29.720869079
 [11] 20.923938133 20.224170171 19.792702449 28.209143054 27.505457701
 [16] 17.212243693 15.938486024 15.109378080 31.055709772 30.915104183
 [21] 26.095536421 26.717528798 23.261161255 22.289563640 19.282268268
 [26] 18.652766178  9.885967548 27.595488332 30.402618209 28.890550441
 [31] 30.416810757 30.303694804 29.587355614 29.086216103 26.684778968
 [36] 21.445924069 20.001009607 19.009566237 28.117939157 14.830637131
 [41] 27.729402101 27.409424778 27.225290987 18.897620691 28.310547996
 [46] 20.524403189 19.559468624 21.814465646 20.871958730 15.122320329
 [51] 12.482619259 19.236807349 19.145841908 17.870055115 17.509344237
 [56] 16.372851514 27.434295817 22.381053787 20.852934987 20.511432609
 [61] 15.989598468 20.676629669 19.329932694 27.679383356 27.639741699
 [66] 20.922512075 17.972372384 14.762857814 13.866111184 27.063238434
 [71] 20.140774882 14.649580197 10.412566798 27.447258919 27.362240886
 [76] 25.332279204 14.452864624 19.185286142 15.307496806 18.113694364
 [81] 13.588865797 13.332734064 26.185233479 25.384496144 23.724467375
 [86] 25.598436127 23.850631544 21.141282625 16.450885633 18.888184128
 [91] 19.216460414 18.863687765 18.735261230 18.166576433 17.753104086
 [96] 17.857920677 15.467069935 22.140124641 20.360475324 14.792446665
[101] 16.584145582 20.526726562 17.422256582 12.990213156  6.951010434
[106] 22.841476795 21.133035394 20.568555960 20.460777596 18.386855106
[111] 14.563726500 17.493131825 17.224878601 15.505771390 11.177790287
[116]  9.155528168  7.478976561  5.987114215 13.165447028 13.163044920
[121] 24.533702210 24.444396635 19.578305471 17.419403448 19.744786756
[126] 24.541831715 11.553289911  9.864865537 23.560973278 21.139078739
[131] 19.614879622 14.811013652 17.833658767 17.838540007 18.100892984
[136] 17.523530971 17.507783340 17.205257153 13.712173111 13.691771732
[141] 13.412874057 16.145620241 17.784932859 17.358686244 17.041278505
[146] 16.190849000 11.132086268 10.115677791  8.428073480  6.743321161
[151]  6.674966815 18.589537281 15.869660428 16.651806859 14.234504833
[156]  2.867021371  8.234066138  4.765465984  6.911668042 19.124652623
[161] 16.656238107 16.008931406 13.967238118  8.736254324  7.375891331
[166]  5.176838975  4.610231190 22.614044867 18.416813877 10.893284165
[171]  7.329646313  6.515509671  6.067532307  5.223465457  1.011226639
[176] 22.711027233 22.012509247 20.913426886 20.650067229 18.875596693
[181] 17.911093223 17.146082895 15.370032037 17.101784813 14.736453830
[186] 14.604416377 10.675762718 14.809469824 11.417824785  8.270033313
[191] 15.091002747  9.997047621  8.243853318  7.766115827  9.246892925
[196]  2.644981435  8.352568389  7.415481671  6.671016475  1.086278074
[201]  6.515556799  5.944648762 17.274648098 14.701197103 10.228382409
[206] 15.873939605  3.087985469  6.422163754  4.619079240  6.915909220
[211]  5.525583912  5.501956271  5.326186753  3.546952103  3.944859585
[216]  2.458078786  0.825317900 21.515846142 10.558965233  9.163504761
[221]  6.582445143  5.719316652  5.481784034  5.600904675  0.179646799
[226]  5.942047437 22.609059160 21.215518615 19.747960383 16.441288372
[231] 16.609685401 16.592624733 15.644118358 11.261395241  8.206596486
[236]  6.202656436 14.275041387  8.683987138  6.872354145  6.847539881
[241]  7.247219685  1.809731592  6.842206162  5.813914422  7.998842741
[246]  4.304536020  3.481767073  2.558412437  7.337222322  3.435743180
[251]  0.768398433 17.173800453  2.807554935  1.940171038  5.409656788
[256]  4.705700650  4.834476510  2.954075872  1.484279981  0.230468267
[261]  0.672655947 12.581459827  8.384677398  1.046075863  0.316613095
[266]  6.581754191  3.002386812  5.101920368 14.684914879 20.174219846
[271] 15.252720796 15.188119289  6.566596472  4.437673228  3.511069326
[276]  1.701689671  8.679632597  7.606014131  5.846450793  5.913086878
[281]  4.846025986  5.436656545  0.905578446  4.961704512  1.234492331
[286]  0.879281676  0.183476111  0.455121739  0.224211699  0.119021074
[291]  5.655814956  3.664683872  3.341479531  2.142213727  3.547285653
[296]  0.027658102  0.717765161  5.316111117  7.044889667  5.208613181
[301]  3.582496607  2.051869734  1.786015672  1.581193538  2.878664318
[306]  1.369984464  0.759105719  5.355270178  0.577331577  4.463844528
[311]  2.286217208  1.917251896  0.005870178  1.170929104  2.063259521
[316]  0.479931325  1.804180778  1.548040745  1.001154599  3.301117433
[321]  0.043058932  1.431415719  1.064590730  1.053341325  0.554284127
[326]  4.453198242  3.292603006  0.958564796  0.697449659  0.084045992
[331]  4.079961110  1.515041757  2.817203786  0.408620206  0.939831221
[336]  0.021517777  2.739399481  2.289626317  0.268745906  1.350730673
[341]  0.141913254

$PAR
  [1]  NA   1   1   1   2   2   2   3   3   3   3   3   3   4   4   4   4   4
 [19]   5   5   5   6   6   6   6   6   6   7   8   8   9   9   9   9  10  10
 [37]  11  12  14  18  19  19  19  19  20  23  23  24  24  24  24  25  25  25
 [55]  25  25  28  28  28  28  28  29  29  30  30  30  30  30  30  31  31  31
 [73]  31  34  34  35  36  37  37  39  40  40  41  41  41  42  42  42  43  46
 [91]  47  47  47  47  47  48  53  58  59  61  63  65  65  69  73  76  76  76
[109]  76  78  79  80  80  80  80  80  80  80  81  81  83  84  84  84  85  86
[127]  86  86  87  87  87  89  90  91  92  92  93  95  95  95  95  96  98  99
[145]  99  99 100 100 100 100 100 106 106 112 114 115 116 116 117 121 125 125
[163] 125 125 125 125 125 126 126 127 128 128 128 128 128 129 129 129 129 130
[181] 131 133 135 136 137 137 137 138 141 141 143 143 143 143 148 148 149 149
[199] 150 150 151 151 152 152 152 154 157 159 159 165 165 165 165 165 166 167
[217] 167 168 170 170 171 171 171 172 172 173 176 176 176 179 182 182 182 185
[235] 185 185 186 187 187 187 190 193 194 194 195 195 195 195 197 202 202 203
[253] 208 208 210 211 213 214 215 215 217 218 220 220 220 221 222 226 227 228
[271] 230 231 235 235 235 236 238 238 239 240 240 243 243 245 246 247 248 255
[289] 260 264 273 273 273 273 274 274 275 277 278 279 279 279 279 279 280 281
[307] 281 282 285 291 291 291 291 292 293 293 295 295 295 301 302 305 305 305
[325] 307 310 310 311 314 318 326 326 327 328 331 331 333 333 334 337 337

$EXTANT
  [1] FALSE FALSE FALSE FALSE FALSE FALSE FALSE FALSE FALSE FALSE FALSE FALSE
 [13] FALSE FALSE FALSE FALSE FALSE FALSE FALSE FALSE FALSE FALSE FALSE FALSE
 [25] FALSE FALSE FALSE FALSE FALSE FALSE FALSE FALSE FALSE FALSE FALSE FALSE
 [37] FALSE FALSE FALSE FALSE FALSE FALSE FALSE FALSE FALSE FALSE FALSE FALSE
 [49] FALSE FALSE FALSE FALSE FALSE FALSE FALSE FALSE FALSE FALSE FALSE FALSE
 [61] FALSE FALSE FALSE FALSE FALSE FALSE FALSE FALSE FALSE FALSE FALSE FALSE
 [73] FALSE FALSE FALSE FALSE FALSE FALSE FALSE FALSE FALSE FALSE FALSE FALSE
 [85] FALSE FALSE FALSE FALSE FALSE FALSE FALSE FALSE FALSE FALSE FALSE FALSE
 [97] FALSE FALSE FALSE FALSE FALSE FALSE FALSE FALSE FALSE FALSE FALSE FALSE
[109] FALSE FALSE FALSE FALSE FALSE FALSE  TRUE  TRUE FALSE FALSE FALSE FALSE
[121] FALSE FALSE FALSE FALSE FALSE FALSE FALSE  TRUE FALSE FALSE FALSE FALSE
[133] FALSE FALSE FALSE FALSE FALSE FALSE FALSE FALSE FALSE FALSE FALSE FALSE
[145] FALSE FALSE FALSE  TRUE FALSE  TRUE FALSE FALSE FALSE FALSE FALSE  TRUE
[157] FALSE FALSE FALSE FALSE FALSE FALSE FALSE FALSE  TRUE  TRUE  TRUE FALSE
[169] FALSE FALSE FALSE  TRUE  TRUE FALSE  TRUE FALSE FALSE FALSE FALSE FALSE
[181] FALSE FALSE FALSE FALSE FALSE FALSE FALSE FALSE FALSE FALSE FALSE FALSE
[193]  TRUE  TRUE  TRUE  TRUE FALSE FALSE FALSE  TRUE FALSE  TRUE FALSE FALSE
[205] FALSE FALSE  TRUE  TRUE  TRUE  TRUE FALSE FALSE  TRUE  TRUE  TRUE  TRUE
[217]  TRUE FALSE FALSE  TRUE FALSE  TRUE  TRUE FALSE  TRUE FALSE FALSE FALSE
[229] FALSE FALSE FALSE FALSE FALSE FALSE  TRUE  TRUE FALSE FALSE FALSE FALSE
[241] FALSE FALSE  TRUE FALSE FALSE  TRUE  TRUE  TRUE FALSE  TRUE  TRUE FALSE
[253]  TRUE  TRUE  TRUE  TRUE FALSE  TRUE  TRUE  TRUE  TRUE FALSE FALSE  TRUE
[265]  TRUE FALSE FALSE FALSE FALSE FALSE FALSE FALSE FALSE  TRUE  TRUE  TRUE
[277] FALSE FALSE  TRUE FALSE  TRUE FALSE  TRUE FALSE  TRUE  TRUE  TRUE  TRUE
[289]  TRUE  TRUE  TRUE  TRUE  TRUE  TRUE  TRUE  TRUE  TRUE FALSE  TRUE FALSE
[301]  TRUE  TRUE FALSE FALSE FALSE  TRUE  TRUE  TRUE  TRUE  TRUE FALSE FALSE
[313]  TRUE  TRUE FALSE  TRUE  TRUE  TRUE FALSE  TRUE  TRUE FALSE  TRUE  TRUE
[325]  TRUE  TRUE  TRUE  TRUE  TRUE  TRUE  TRUE FALSE FALSE  TRUE FALSE  TRUE
[337]  TRUE  TRUE  TRUE FALSE  TRUE

