
Birth-death simulation object with 275 species and 99 extant species

Details for some species:

Extinction times (NA means extant)
[1] 39.48193 34.91541 37.89631 30.64026 29.42503 14.51781


Speciation times 
[1] 49.26651 44.15852 41.85697 40.72988 40.34251 39.21952


Species parents (NA for initial)
[1] NA  1  1  1  3  3


Species status (extinct or extant)
[1] "extinct" "extinct" "extinct" "extinct" "extinct" "extinct"


For more details on vector y, try sim$y, with y one of
TE TS PAR EXTANT



$TE
  [1] 39.4819311 34.9154129 37.8963149 30.6402607 29.4250291 14.5178127
  [7] 37.7675105 24.0887429 31.1867309 32.0188489 29.3688108 36.1798612
 [13] 14.7720864 20.1245250 14.4206632 25.5908770 17.9492508 34.6891846
 [19] 37.3301393 14.8112456 26.4924865 35.3801148 16.2698847 12.7126750
 [25] 13.1761264 27.7993426 21.8531134 13.7800496 28.1667926 25.7164474
 [31] 29.7847076  2.8798960 25.8476822 30.6876387 19.8276203 22.7620718
 [37] 21.0994286 12.6507298 19.9421403 21.0117202  7.1817060 23.0171800
 [43] 25.2736256 19.6100155 14.0447413 10.4520955         NA  5.9904160
 [49] 22.5921687 28.1404447 21.3513998 20.9617723 21.3088684 12.7954913
 [55] 22.2294842 14.6314584 20.8596945 15.5007060 10.6066776  8.2815872
 [61]  3.1024692 31.8753455 29.6086001 22.2270530  6.9582706         NA
 [67]         NA 24.6548898 10.4518617 23.7534492 18.4580364 13.2650506
 [73] 14.3078457 15.2990941 16.3508771 12.8684938 23.6998050 14.5882557
 [79] 13.4620292         NA  8.8997569         NA  6.3717315  3.7559666
 [85] 28.1333661 14.9369700 18.3401750         NA         NA         NA
 [91] 17.7746631  7.6248186 17.5606403 14.7923561         NA 16.8699689
 [97] 13.5583209         NA 16.1328365 16.8097723 14.6392936 15.1752461
[103] 19.2567522 12.1599260 12.2240905         NA         NA  7.6748717
[109]  7.2813172         NA 31.5630552 19.7356284 28.8095298 13.1665428
[115] 18.6464798  1.7277017         NA         NA  2.3929014  2.5850888
[121]         NA 10.2358176 19.3303058  1.3148259         NA         NA
[127]         NA 15.3319211 14.6035970 14.5052313 15.5320770 14.0646188
[133] 14.2220615 14.5844731 10.2523634 11.8345144 11.5960298 12.7137093
[139]  7.8036258  8.5432463  7.1155964 16.4749125 14.1949617 16.4339327
[145]  6.7943840         NA         NA 29.3019382 19.8421203 15.2939111
[151] 15.1516456 15.1324572         NA  1.8782787         NA  6.0465193
[157]  1.3189044         NA  3.7744660  3.0715417         NA 15.3052434
[163] 15.9389564 11.4554427 15.8355843 11.9577960         NA  5.6983699
[169]         NA         NA         NA         NA         NA 14.4100850
[175] 15.0077657         NA  2.9538588  0.5887838         NA         NA
[181]         NA         NA         NA  2.5102189  5.5001772         NA
[187]         NA  1.3014966         NA 10.8071169         NA 12.1543562
[193]         NA  5.8928453  9.6947335  0.8559469         NA  4.7513344
[199]  2.2323910         NA         NA  3.7021851         NA         NA
[205]  1.9788083         NA         NA         NA         NA 14.7944144
[211]  2.1519584  1.9744363         NA         NA         NA         NA
[217]         NA  5.9934725         NA         NA         NA         NA
[223]         NA         NA         NA         NA  0.9097132  3.5209619
[229]         NA         NA         NA         NA         NA  0.8406456
[235]         NA  3.0917854         NA  3.1015316         NA         NA
[241]  4.1833823         NA         NA         NA 14.9738882         NA
[247]  2.2000624         NA  2.9690822         NA         NA         NA
[253]         NA         NA         NA  1.7183408         NA         NA
[259]  1.2116982         NA         NA         NA  2.0696127         NA
[265]         NA         NA  0.5173309         NA         NA         NA
[271] 14.4685130         NA         NA         NA         NA

$TS
  [1] 49.266511476 44.158518909 41.856966159 40.729883245 40.342513881
  [6] 39.219516428 37.890545821 35.072899540 34.870763132 33.130031641
 [11] 33.089272031 39.908516997 30.689817214 20.386161469 15.536697400
 [16] 30.237918979 25.284489810 38.877064463 37.924079983 37.378027110
 [21] 37.001679161 36.496678385 21.629888073 15.459796361 14.487110557
 [26] 28.034338761 23.836617810 22.816107640 35.742503653 31.464544734
 [31] 30.136200711 23.951888729 36.939240972 36.466395422 28.300588125
 [36] 28.164178587 27.316019115 13.429352730 23.032921401 22.736183754
 [41] 15.615412034 33.705562142 29.845413829 26.053331210 14.797560823
 [46] 13.226458482 11.076899185  8.054621255 31.647641584 28.902758230
 [51] 32.329023635 31.980940502 27.028205613 22.362022552 25.547702400
 [56] 21.747269817 22.149386718 21.799069288 13.751384155 10.352195822
 [61]  9.624715772 33.006649369 31.659076906 27.962177731  9.886926723
 [66]  8.718600964  0.114407565 27.779019181 24.203974332 28.354205607
 [71] 23.638728598 22.468631011 24.449053350 21.724044187 19.408705158
 [76] 14.421230051 25.089949998 24.832418229 13.500372359 11.282032478
 [81]  9.489318028  9.480450296  6.504508813  4.318203210 32.596568406
 [86] 30.855663852 22.738147677  8.254180396  4.589751386  4.327750220
 [91] 19.242390705 10.682437118 19.056145378 22.319480035 16.826455738
 [96] 23.081791133 22.926103050 16.014953828 20.437904826 19.185587472
[101] 15.455682440 18.512222224 21.904238969 19.893457912 17.589721783
[106]  8.778005072  9.070656061  8.865736808  8.635777379  1.340123440
[111] 32.481076539 30.838519728 30.664918360 17.614390433 21.978033664
[116]  3.876564473  0.500484518  1.025109566  4.072423370  3.347330758
[121] 10.620358554 10.500239549 21.815809661  7.069363122  6.854671043
[126]  3.974800689  0.106252777 19.351489003 18.464945276 17.148760320
[131] 21.243764336 16.616696757 16.438774465 14.900665246 14.609327758
[136] 15.524447808 14.585448604 13.194309138 11.384634494  9.427956674
[141]  8.965702396 20.386013522 18.669461632 18.438542605  7.626806629
[146]  1.519292368  8.674083994 30.296789739 24.028912762 22.507754028
[151] 16.252816095 19.090571978  3.416722460 10.238740033  3.646596556
[156]  6.179503506  6.044812770  4.469608777  4.218249332  6.527590742
[161]  0.008816599 18.204710278 15.975127637 15.449859914 16.014985965
[166] 12.425148585 11.350432432 14.301002959 10.604826395  9.613468032
[171]  9.313447778  9.018943107  8.738473918 17.821743845 15.631851859
[176]  1.368968801  7.404261358  7.293636600  6.924566187  6.702079092
[181]  1.354421899  2.448691164  0.305150859  7.794708083  6.514588898
[186]  5.713135428  5.610484076  5.561886118  3.212115645 10.893708872
[191]  0.524406545 13.351946976  8.960331974  6.515214103 10.324403668
[196]  4.287430524  0.208941224  6.513635022  5.609041420  1.534047601
[201]  6.552072562  4.643279368  3.392228598  8.408675314  7.992635661
[206]  7.531315852  3.737501843  1.407592687  1.259752475 17.264797920
[211]  5.573726900  3.827515669  2.224319055  3.704086756  5.591354071
[216]  0.845201368  1.072690980  7.665612509  6.850188924  5.554258283
[221]  5.194492105  6.511864726  4.032132343  3.476082923  2.714797201
[226]  5.450304174  1.642819910  6.050736422  5.319805795  4.917708065
[231]  3.958012407  6.705391983  3.606530254  2.222714995  1.936804999
[236]  6.751916613  6.343794865  5.758736539  4.461411065  3.359978691
[241]  5.445877907  2.263455445  0.882566293  0.706319867 16.317167864
[246]  5.477146983  3.694023937  2.155038148  4.904363526  0.940126432
[251]  0.570938401  0.543886921  0.535795379  0.656504665  0.227598838
[256]  4.139792384  1.392811827  0.863176479  1.959204820  3.062067510
[261]  0.771614273  2.356428474  2.196736354  1.077959580  0.063788258
[266]  1.245386159  0.745077251  1.086898670  1.946249706  0.528146011
[271] 15.618198760  0.169718836  1.518757258  0.754228797  0.346310313

$PAR
  [1]  NA   1   1   1   3   3   4   4   4   4   4   5   5   6   6   8   8  12
 [19]  12  12  12  12  13  13  15  16  17  17  20  20  20  20  21  21  21  21
 [37]  21  25  27  28  28  29  29  30  32  32  32  32  33  33  34  34  35  35
 [55]  37  37  40  40  41  41  41  42  42  43  47  47  47  49  49  51  51  51
 [73]  52  54  54  54  55  55  59  59  60  60  61  61  62  63  64  66  66  66
 [91]  69  69  71  72  72  73  73  73  74  74  74  75  78  78  78  80  82  82
[109]  82  82  85  85  85  86  87  88  88  89  90  90  92  92  94  95  95  95
[127]  95  96  96  96  97  97  97  97  97  98  98  98  98  98  98  99 104 104
[145] 107 107 108 112 112 112 114 115 116 121 121 124 124 124 124 125 126 128
[163] 128 128 131 135 135 137 139 139 139 139 139 143 143 146 147 147 147 147
[181] 147 153 153 154 154 154 154 154 155 167 167 168 168 168 169 169 169 170
[199] 170 171 172 172 172 173 173 173 173 173 173 174 178 178 178 179 180 181
[217] 182 184 184 184 184 185 186 186 186 188 188 194 198 199 199 204 204 204
[235] 204 205 205 205 205 205 206 207 207 209 210 211 211 212 215 215 215 215
[253] 215 219 219 220 220 220 221 222 222 224 225 226 230 237 237 240 242 244
[271] 245 252 259 264 264

$EXTANT
  [1] FALSE FALSE FALSE FALSE FALSE FALSE FALSE FALSE FALSE FALSE FALSE FALSE
 [13] FALSE FALSE FALSE FALSE FALSE FALSE FALSE FALSE FALSE FALSE FALSE FALSE
 [25] FALSE FALSE FALSE FALSE FALSE FALSE FALSE FALSE FALSE FALSE FALSE FALSE
 [37] FALSE FALSE FALSE FALSE FALSE FALSE FALSE FALSE FALSE FALSE  TRUE FALSE
 [49] FALSE FALSE FALSE FALSE FALSE FALSE FALSE FALSE FALSE FALSE FALSE FALSE
 [61] FALSE FALSE FALSE FALSE FALSE  TRUE  TRUE FALSE FALSE FALSE FALSE FALSE
 [73] FALSE FALSE FALSE FALSE FALSE FALSE FALSE  TRUE FALSE  TRUE FALSE FALSE
 [85] FALSE FALSE FALSE  TRUE  TRUE  TRUE FALSE FALSE FALSE FALSE  TRUE FALSE
 [97] FALSE  TRUE FALSE FALSE FALSE FALSE FALSE FALSE FALSE  TRUE  TRUE FALSE
[109] FALSE  TRUE FALSE FALSE FALSE FALSE FALSE FALSE  TRUE  TRUE FALSE FALSE
[121]  TRUE FALSE FALSE FALSE  TRUE  TRUE  TRUE FALSE FALSE FALSE FALSE FALSE
[133] FALSE FALSE FALSE FALSE FALSE FALSE FALSE FALSE FALSE FALSE FALSE FALSE
[145] FALSE  TRUE  TRUE FALSE FALSE FALSE FALSE FALSE  TRUE FALSE  TRUE FALSE
[157] FALSE  TRUE FALSE FALSE  TRUE FALSE FALSE FALSE FALSE FALSE  TRUE FALSE
[169]  TRUE  TRUE  TRUE  TRUE  TRUE FALSE FALSE  TRUE FALSE FALSE  TRUE  TRUE
[181]  TRUE  TRUE  TRUE FALSE FALSE  TRUE  TRUE FALSE  TRUE FALSE  TRUE FALSE
[193]  TRUE FALSE FALSE FALSE  TRUE FALSE FALSE  TRUE  TRUE FALSE  TRUE  TRUE
[205] FALSE  TRUE  TRUE  TRUE  TRUE FALSE FALSE FALSE  TRUE  TRUE  TRUE  TRUE
[217]  TRUE FALSE  TRUE  TRUE  TRUE  TRUE  TRUE  TRUE  TRUE  TRUE FALSE FALSE
[229]  TRUE  TRUE  TRUE  TRUE  TRUE FALSE  TRUE FALSE  TRUE FALSE  TRUE  TRUE
[241] FALSE  TRUE  TRUE  TRUE FALSE  TRUE FALSE  TRUE FALSE  TRUE  TRUE  TRUE
[253]  TRUE  TRUE  TRUE FALSE  TRUE  TRUE FALSE  TRUE  TRUE  TRUE FALSE  TRUE
[265]  TRUE  TRUE FALSE  TRUE  TRUE  TRUE FALSE  TRUE  TRUE  TRUE  TRUE

