
Birth-death simulation object with 286 species and 93 extant species

Details for some species:

Extinction times (NA means extant)
[1] 37.18332 26.78081 28.57614 21.24982 24.52502 35.86547


Speciation times 
[1] 49.26651 44.62880 40.72102 40.17126 38.64169 37.58003


Species parents (NA for initial)
[1] NA  1  1  1  1  2


Species status (extinct or extant)
[1] "extinct" "extinct" "extinct" "extinct" "extinct" "extinct"


For more details on vector y, try sim$y, with y one of
TE TS PAR EXTANT



$TE
  [1] 37.18331823 26.78081194 28.57614272 21.24982001 24.52502189 35.86547493
  [7] 36.82499564 19.62909182 32.33902450 37.16122073 33.35927028 14.40675633
 [13] 11.02343083 23.25153489 20.26847127 26.05337218 33.10197613 23.93176893
 [19] 28.69537853 27.58832047 26.80802701 16.61891279 31.34588005 17.79095266
 [25] 33.93558082 17.68445669          NA 17.62388146 20.68798255 28.47676680
 [31] 13.81156030 14.91998223 14.67624761 13.07685277 17.97843114  6.88709681
 [37] 13.11701635 29.57515175 19.21809902  9.26107987 11.16831839          NA
 [43]          NA          NA          NA 21.03156093 31.84664252 13.83396779
 [49] 17.87826800  4.80931466 14.75063661 14.42610600  8.80125265 14.21065650
 [55] 12.68163335 10.81263123          NA 10.87120389 21.62072837  8.17736330
 [61]  2.01029314          NA 14.46794926          NA  8.10158609  5.80763016
 [67]  0.54878030 15.29170215 14.16094250  6.07595022  6.68653569  3.23653919
 [73]          NA  0.27237698  1.41495662          NA 19.16456114 18.11555396
 [79] 15.27675345 13.92410870 14.12163153 10.03913885 16.39258750  7.64365370
 [85]          NA  2.19952674          NA          NA  5.15461171          NA
 [91]  2.23469401          NA 14.53781826  7.31988203 10.66711498  0.78244450
 [97]          NA  3.26991382  0.10833036  0.74764603          NA  2.49597165
[103] 19.85791568  8.28578255 14.92134745 12.16936675 10.89463810 15.35890239
[109] 10.80472484 20.49846698  4.75104308          NA  4.24932291  3.20648129
[115]          NA  0.73039980          NA          NA  4.84795609          NA
[121]  4.40976915          NA  3.28712781  5.58270501  5.29057690  2.53892050
[127]          NA          NA          NA          NA  2.90023859 21.57430269
[133] 16.55411208 21.74817547 19.16020468 12.63025726 12.87928267  3.03350048
[139] 17.62574825 15.07803031 14.26331431 15.11542504 14.11755445 17.80994596
[145]  3.99779665  4.47603121  0.07268931  2.87327458  3.75034883          NA
[151]  5.04051237  4.34499612          NA  5.66165784  4.66151435          NA
[157]  8.41868136          NA          NA  2.83711106          NA          NA
[163]  6.80799781  6.99618511  2.14977087          NA          NA          NA
[169]          NA  7.31307380 13.33822023 17.56494996          NA  7.83730154
[175]          NA 10.67187024 14.92192615 14.76255777  3.12624940          NA
[181]          NA  8.78726832  1.49279308          NA  5.14354875          NA
[187]  4.07113033          NA          NA  1.91276487          NA          NA
[193]  4.72361490  0.30309749          NA          NA          NA  1.00912512
[199]          NA          NA          NA 15.01313473          NA  0.49568121
[205]  4.30176651  3.07853352  5.91015102          NA  3.34349098          NA
[211]          NA  1.45604653  2.02924920          NA          NA 15.79739534
[217] 13.34016296 11.32656762 12.36332282          NA  3.64087901          NA
[223]          NA          NA  4.83031015 13.63803745          NA          NA
[229]  0.38091353  2.79027493  1.78621947  5.41576544  3.85158423  0.83461712
[235]  1.88192570          NA  3.66534757  1.09374819          NA 12.09865132
[241] 12.99102273  5.11413022          NA  6.91440774  1.66671872  6.02631925
[247]          NA  0.08569317          NA          NA          NA          NA
[253]          NA          NA          NA          NA  1.79522819          NA
[259] 11.65455779  7.80170499          NA  4.08692029  7.64467224          NA
[265]          NA  4.52585720  0.44805274          NA          NA          NA
[271]          NA  1.47048240  1.57367153          NA  8.56510232          NA
[277]  1.41046795  0.56550347          NA  4.87473047          NA  2.15472295
[283]          NA          NA  1.00812924          NA

$TS
  [1] 49.2665115 44.6288031 40.7210179 40.1712640 38.6416867 37.5800303
  [7] 38.3687856 36.0232534 35.0891781 39.7964440 36.8941350 36.4535017
 [13] 25.8977022 25.3951912 23.4089936 34.5881736 33.7836524 26.8119874
 [19] 34.7683257 29.7397739 28.3318859 24.2499934 34.9883142 38.1950969
 [25] 35.6125492 22.7054205 21.3289990 17.6639936 24.9483247 33.3480881
 [31] 29.2970547 21.2106245 20.9120982 19.6048118 19.3734009 17.9922481
 [37] 17.8324647 32.9296078 28.9059862 11.4361611 11.1863626  7.1341106
 [43]  7.0937724  5.3057214  2.0385365 21.1099561 31.9799175 16.5112348
 [49] 19.0913542 15.8202746 19.2264365 18.2931922 15.2691372 14.8182368
 [55] 13.0544225 11.0389396 10.0198404 25.3311443 22.9359226 11.0639221
 [61]  5.5781390  0.7174403 14.6363037 12.2651354  9.8420437  7.5334427
 [67]  5.9730236 15.7101522 16.9052965 12.3447983 11.9713420  9.6117536
 [73]  8.9630831  4.4654769  1.5821583  0.7829357 23.7239417 23.6978050
 [79] 17.1596432 15.5000958 14.2110410 11.8451752 22.5800105  9.6645714
 [85]  9.6422268  4.1236460  2.3147933  9.6371454  5.8971742  3.9324494
 [91]  3.9087062  0.8949176 16.3162485 11.8250347 11.7099630  9.6050878
 [97]  7.6955511  5.7554642  2.4409063  1.5107001  0.2799253 19.4076603
[103] 22.8452765 22.4813651 22.1809973 21.8140106 20.5613216 19.5702023
[109] 11.4451845 22.1464300  8.2562417  7.1069266  6.5978423  5.8801055
[115]  2.9394951  2.5494815  0.8353902 11.6646854  9.2840661  8.9063012
[121]  7.5020103  6.7958731  5.8148695  5.6849037  5.6166214  4.3692733
[127]  1.3589618  0.9775759  0.9781267  0.8968449  8.9210461 22.4375776
[133] 21.9580904 21.7818209 21.3000022 19.3752669 12.8919046 15.4383383
[139] 19.5474210 18.8665416 18.2392661 17.3752028 17.1675302 21.7790467
[145]  5.8171086  4.4974632  3.6208719  6.1138938  6.0557808  5.0608316
[151]  9.1588133  7.5449463  6.6489650  8.6873632  7.5156566  5.8642036
[157]  8.8016069  8.0335393  6.3466433  4.4319942  2.8426972  1.7089943
[163]  7.2139679  7.2122588  6.7829015  5.6114148  6.2685660  3.4104861
[169]  2.5768898  8.2133046 18.8192221 18.7059898 11.0229208  7.9158130
[175]  4.6861697 14.8439775 16.0493687 19.1129883  5.4658296  1.3081524
[181]  5.8222058  8.8184330  6.0543966  8.3280357  6.8174749  6.2987261
[187]  5.4709624  2.4502606  6.0096971  4.3907529  3.8381786  3.5622958
[193]  7.1103917  5.4351988  5.6853162  0.8488031  1.3909677 17.6413758
[199]  8.9879932  6.7424320  5.4303067 15.8429913  0.5691277  0.7647002
[205]  4.9811363  4.2838068  6.6548934  5.9401215  4.4384273  2.4501900
[211]  6.9280741  6.4451518  6.1209109  4.8964432  0.4379600 16.7908811
[217] 14.4291562 13.5585406 12.8023590 10.3852618  3.7385135  1.3511074
[223]  5.9125980  0.8625271  6.2270505 15.5022836  0.4584907  0.6778413
[229]  5.5527379  3.3893384  6.1682068  5.8024732  4.4817031  2.6892037
[235]  6.0798782  2.7436328  4.4848751  1.6360886  0.1837077 16.2878615
[241] 13.2710993 11.4514880  9.6986567  9.3010436  7.1843612  6.1065799
[247]  3.9208534  0.4187845  3.7400722  3.1111061  1.7774590  0.9876023
[253]  3.7715560  5.8445720  5.3699300  3.3802510  1.9855092  1.3779598
[259] 12.1068420  7.8383232  5.4987735  5.2861973  8.1910732  2.7756895
[265]  2.2943075  5.5654233  3.5861570  3.0433610  1.8355149  1.2797718
[271]  4.0830809  1.9518328  1.7584515  2.5100913 11.6774724  3.9863663
[277]  2.0944687  7.7365691  0.9705696 10.3203789  1.9324362  4.7637149
[283]  2.9403774  7.5057304  1.2326012  3.7163213

$PAR
  [1]  NA   1   1   1   1   2   3   3   3   4   4   4   4   4   4   5   5   5
 [19]   8   8   8   8   9  10  12  12  13  13  18  19  19  22  22  22  22  22
 [37]  22  23  24  27  27  27  27  27  27  29  30  32  33  33  34  34  34  34
 [55]  36  36  36  39  39  40  43  44  50  50  50  50  50  51  52  53  53  53
 [73]  57  57  57  57  58  58  58  58  58  58  59  60  64  64  64  65  67  67
 [91]  67  67  69  70  70  70  71  72  73  73  76  77  78  78  78  78  78  78
[109]  82  83  85  85  88  88  91  91  92  94  96  96  96  96  96  96  96  96
[127]  96  96  97 100 102 103 103 104 104 105 106 107 108 108 108 108 108 110
[145] 112 112 112 113 113 113 118 118 118 119 119 119 120 120 120 120 120 120
[163] 121 121 121 121 122 122 126 131 136 136 138 138 138 141 142 144 145 147
[181] 149 151 153 154 154 154 155 156 158 159 159 159 163 165 167 168 169 172
[199] 173 173 173 178 180 181 183 184 185 185 186 189 193 193 193 193 194 198
[217] 198 198 198 198 198 198 199 199 200 202 203 210 211 211 212 212 212 212
[235] 213 213 214 214 214 216 218 218 220 220 220 220 220 222 223 223 223 223
[253] 229 231 231 231 235 238 240 242 242 242 243 243 243 245 247 247 250 250
[271] 254 255 255 256 259 261 261 263 265 275 276 278 278 280 283 284

$EXTANT
  [1] FALSE FALSE FALSE FALSE FALSE FALSE FALSE FALSE FALSE FALSE FALSE FALSE
 [13] FALSE FALSE FALSE FALSE FALSE FALSE FALSE FALSE FALSE FALSE FALSE FALSE
 [25] FALSE FALSE  TRUE FALSE FALSE FALSE FALSE FALSE FALSE FALSE FALSE FALSE
 [37] FALSE FALSE FALSE FALSE FALSE  TRUE  TRUE  TRUE  TRUE FALSE FALSE FALSE
 [49] FALSE FALSE FALSE FALSE FALSE FALSE FALSE FALSE  TRUE FALSE FALSE FALSE
 [61] FALSE  TRUE FALSE  TRUE FALSE FALSE FALSE FALSE FALSE FALSE FALSE FALSE
 [73]  TRUE FALSE FALSE  TRUE FALSE FALSE FALSE FALSE FALSE FALSE FALSE FALSE
 [85]  TRUE FALSE  TRUE  TRUE FALSE  TRUE FALSE  TRUE FALSE FALSE FALSE FALSE
 [97]  TRUE FALSE FALSE FALSE  TRUE FALSE FALSE FALSE FALSE FALSE FALSE FALSE
[109] FALSE FALSE FALSE  TRUE FALSE FALSE  TRUE FALSE  TRUE  TRUE FALSE  TRUE
[121] FALSE  TRUE FALSE FALSE FALSE FALSE  TRUE  TRUE  TRUE  TRUE FALSE FALSE
[133] FALSE FALSE FALSE FALSE FALSE FALSE FALSE FALSE FALSE FALSE FALSE FALSE
[145] FALSE FALSE FALSE FALSE FALSE  TRUE FALSE FALSE  TRUE FALSE FALSE  TRUE
[157] FALSE  TRUE  TRUE FALSE  TRUE  TRUE FALSE FALSE FALSE  TRUE  TRUE  TRUE
[169]  TRUE FALSE FALSE FALSE  TRUE FALSE  TRUE FALSE FALSE FALSE FALSE  TRUE
[181]  TRUE FALSE FALSE  TRUE FALSE  TRUE FALSE  TRUE  TRUE FALSE  TRUE  TRUE
[193] FALSE FALSE  TRUE  TRUE  TRUE FALSE  TRUE  TRUE  TRUE FALSE  TRUE FALSE
[205] FALSE FALSE FALSE  TRUE FALSE  TRUE  TRUE FALSE FALSE  TRUE  TRUE FALSE
[217] FALSE FALSE FALSE  TRUE FALSE  TRUE  TRUE  TRUE FALSE FALSE  TRUE  TRUE
[229] FALSE FALSE FALSE FALSE FALSE FALSE FALSE  TRUE FALSE FALSE  TRUE FALSE
[241] FALSE FALSE  TRUE FALSE FALSE FALSE  TRUE FALSE  TRUE  TRUE  TRUE  TRUE
[253]  TRUE  TRUE  TRUE  TRUE FALSE  TRUE FALSE FALSE  TRUE FALSE FALSE  TRUE
[265]  TRUE FALSE FALSE  TRUE  TRUE  TRUE  TRUE FALSE FALSE  TRUE FALSE  TRUE
[277] FALSE FALSE  TRUE FALSE  TRUE FALSE  TRUE  TRUE FALSE  TRUE

