
Birth-death simulation object with 248 species and 55 extant species

Details for some species:

Extinction times (NA means extant)
[1] 33.30790 43.96168 19.36440 24.30588 31.71279 30.52203


Speciation times 
[1] 49.26651 45.40093 38.64394 36.21316 34.54956 37.40302


Species parents (NA for initial)
[1] NA  1  1  1  1  3


Species status (extinct or extant)
[1] "extinct" "extinct" "extinct" "extinct" "extinct" "extinct"


For more details on vector y, try sim$y, with y one of
TE TS PAR EXTANT



$TE
  [1] 33.3079047 43.9616847 19.3644036 24.3058758 31.7127921 30.5220285
  [7] 16.1452654 26.9661409 14.2349521 18.6219172 13.2495598 14.6773680
 [13] 11.4608077 16.9275357 14.8979157 28.0077240 12.8698905 22.0615691
 [19] 14.0098342 14.0679907 14.1737061 14.3485560 14.4420338 18.0629319
 [25] 13.0694947 28.9307125 18.5909443 26.1556390 20.7062948 14.6399028
 [31] 21.3770093 15.1677439 12.0386983 13.8546310 13.0377355 23.3136029
 [37] 24.7391236 10.8181232 16.6458654 15.8109872 17.1305048 15.2996583
 [43] 27.0181275 14.5483468 14.9010143 13.5063126 11.9392227 20.8536822
 [49] 13.6374690 12.9097829 19.2137045 13.5740234 15.3156560 14.7356784
 [55] 18.4084303 13.0340936 21.9225532 14.5435675         NA 18.1532172
 [61] 14.4759858 13.3422945 13.3194949 15.1160682 15.0090569 12.4772999
 [67] 14.3880513 12.4686548 14.2904462 14.0361924 22.5736912 14.5677116
 [73] 16.4165838 17.5616035 18.2018985 12.2537892 16.1651640 16.4255568
 [79] 13.4772802 11.4683061 12.5469712 14.2441936 10.2420355  4.7963732
 [85] 14.9656630 15.3834046 15.1656254  2.9844219 14.3374981 11.7251928
 [91] 12.7008291  4.9249409  3.8170774 20.8766060 14.3385073 13.6250156
 [97] 14.1411581         NA 14.3095077  7.4735552 11.9729079 13.4787697
[103] 15.9964612  5.8197215 16.6513118 17.9062903 12.7963316  6.4115468
[109]  5.3080483 15.9271800 17.5188302  2.0893967 11.7045127  3.4916137
[115]  1.6112036         NA  8.1822607  9.4682096 13.8887126 10.5490102
[121] 14.5593967 18.3562366 14.8087395         NA 12.7893221         NA
[127]  8.8176760         NA  4.9975709  0.6525032         NA         NA
[133]         NA 14.4922528 21.6522509 17.4402269 13.0425647 14.6696551
[139] 13.4297174  4.2570538 11.2397359 13.0878367         NA  8.4765611
[145]  5.8753224  6.3656767         NA  3.4440804 13.2749835 13.8779073
[151] 13.9052962  3.0437871  5.2565327         NA  6.9175273  3.8467356
[157]  4.7043357         NA         NA         NA 11.5595709  6.3443353
[163] 12.5310512 12.2833337 12.1915987  3.9829965         NA         NA
[169]  6.1896066         NA         NA         NA         NA 15.1704558
[175] 12.0803446 11.5036122 12.5233772 12.1757757         NA  9.3287222
[181]         NA  1.6795907  2.1438128         NA         NA         NA
[187]         NA 13.8334097         NA  5.2506195         NA         NA
[193]  4.3198350         NA  3.1400234 12.9230930  7.4613321  4.0331839
[199]  6.1488785  3.0647094         NA  0.2696764         NA         NA
[205]         NA 14.6328418 12.7294150         NA  0.2463300  0.6186956
[211]  3.8995642  6.2849726         NA  1.5841092         NA  2.5959105
[217]         NA         NA 13.3940416  1.1299839         NA  0.4356851
[223]  2.3848462         NA 12.4049131         NA 15.0188077 11.8287591
[229] 13.5756056  2.2382554  3.4411601         NA  4.3075871         NA
[235]         NA         NA         NA  8.4509361 11.8001050         NA
[241]         NA         NA 10.8954815  3.9643506         NA         NA
[247]         NA         NA

$TS
  [1] 49.266511476 45.400933050 38.643937796 36.213155694 34.549560422
  [6] 37.403023808 32.842005103 31.078114132 28.904864001 26.711147507
 [11] 26.559508085 32.292705181 32.305499581 30.627542418 21.756505127
 [16] 28.929596258 28.376309039 24.744293248 18.816127088 18.017564300
 [21] 17.597126495 15.314061239 14.622143830 24.743436346 16.874989744
 [26] 29.515868352 28.313062529 28.312978063 22.208437961 30.156569336
 [31] 24.550529564 21.081185516 20.156546412 14.291727432 13.605670820
 [36] 26.626854296 26.625438336 20.801033692 20.592581419 16.965568486
 [41] 21.519663546 17.545711316 28.541886393 15.023832476 15.253085464
 [46] 14.633010550 16.692758565 25.624658125 24.131946592 18.966958854
 [51] 21.836331675 26.717824305 24.058990236 20.992091224 20.390507127
 [56] 19.491506507 23.215176298 21.028683602 13.445267824 24.991122430
 [61] 24.295199917 14.320410370 13.539932105 22.587496593 19.507581879
 [66] 17.667346411 15.252047175 16.032481350 14.744802134 25.173704330
 [71] 22.711637957 22.000469853 17.015743505 23.987053206 22.609595596
 [76] 15.901988382 19.341783683 17.732869093 15.342627144 14.821879415
 [81] 13.676273940 19.042476424 10.420998789  6.838417531 22.459855616
 [86] 21.805164303 20.576493322 19.803566165 23.538831883 13.427903823
 [91] 13.516457778 15.829989074 15.578978253 24.621353895 22.897843420
 [96] 17.889795865 16.226318422 21.854374443 15.010967046 22.304071375
[101] 15.618361049 18.881373028 16.034491503  6.220415183 17.646239183
[106] 18.190562122 15.350480727 11.783392793  6.915184225 22.987960749
[111] 18.735747681 11.758580410 11.713342534 10.905631913  8.878783684
[116]  8.847857208 14.567665670 11.117857167 21.340573754 17.335554918
[121] 14.570664933 21.825193094 20.530975841 13.331683608 13.031751277
[126] 11.160882421  9.769278038  8.232808231  6.721948610  6.006500595
[131]  3.463315888  2.758291165  0.865708665 14.839397218 21.951106876
[136] 21.542894688 18.589095439 18.437344076 16.053030459  8.211707759
[141] 13.494863769 16.030937048 11.405035942  9.981170708  8.294708464
[146]  8.080277352  6.528173821  6.140284255 21.219117053 16.526182701
[151] 16.334450172  8.261220226  5.808540771  8.621767784  7.923281194
[156]  3.938166363  8.344730540  7.289249838  1.707255469  0.954128618
[161] 11.866907655  9.904968928 15.094776390 13.080856553 12.784503831
[166] 11.400474655  9.026700665  3.208277080  6.302278040  3.920332339
[171]  1.068528304  2.080887776  0.052269606 18.300720318 14.588221233
[176] 17.346984996 15.032330163 13.506819100  6.959963122 12.347017670
[181]  9.513755019  8.518529236  7.594763543  6.609672532  0.661365642
[186]  1.699228129  5.524534667 14.404795623  4.466782720  5.310649547
[191]  1.033337606  7.074812199  5.415728949  3.429034324  7.414761725
[196] 13.518515599  8.837226101  8.660611635  6.348610792  4.770511741
[201]  0.003316743  2.854031658  1.931839789  0.274873038  0.257597644
[206] 15.951140683 16.031037951  8.191549129  5.597911349  3.717441596
[211]  7.525703759  6.714526336  6.592057092  1.621440057  3.183573574
[216]  2.890514565  1.369805118  1.025101632 14.219978401  4.429251182
[221]  0.270214180  0.805032857  2.643692698  2.037953378 13.112851657
[226]  4.530867274 15.358497879 15.283129751 14.938454682  6.356147566
[231]  4.894085037  2.025806295  7.132508479  3.015068896  0.543989422
[236]  0.504424562  3.687255866 14.379671540 13.031855953  0.289237903
[241]  0.125990402  8.716634176 11.883160432  4.654958011  4.010347272
[246]  2.976606083  2.912447007  2.148115052

$PAR
  [1]  NA   1   1   1   1   3   3   3   3   3   3   4   5   7   7   8   8   9
 [19]   9   9   9   9   9  10  11  12  12  12  12  13  13  13  13  13  13  14
 [37]  14  14  14  14  15  15  16  19  21  21  25  27  27  27  29  30  30  30
 [55]  30  30  31  32  33  36  36  47  47  48  49  49  49  50  50  52  52  52
 [73]  52  53  53  53  54  56  56  56  56  58  59  59  60  60  60  60  61  62
 [91]  63  64  65  70  70  70  70  72  72  74  76  82  82  84  87  88  88  88
[109]  88  89  89  92  92  92  92  92  93  93  95  96  97  98  98  98  98  98
[127]  98  98  98  98  98  98  98  99 100 100 100 100 100 100 101 102 108 108
[145] 108 108 109 109 110 110 110 112 112 114 115 115 116 116 116 116 117 117
[163] 119 120 120 124 124 126 128 130 130 132 132 137 137 138 138 139 140 141
[181] 143 143 143 143 143 147 148 149 152 154 154 158 158 158 162 163 167 167
[199] 167 167 168 170 170 170 170 174 176 181 181 182 183 183 184 186 187 187
[217] 187 187 188 189 189 192 194 194 196 198 206 206 206 208 209 209 211 213
[235] 213 222 226 228 228 236 237 238 239 242 242 242 242 242

$EXTANT
  [1] FALSE FALSE FALSE FALSE FALSE FALSE FALSE FALSE FALSE FALSE FALSE FALSE
 [13] FALSE FALSE FALSE FALSE FALSE FALSE FALSE FALSE FALSE FALSE FALSE FALSE
 [25] FALSE FALSE FALSE FALSE FALSE FALSE FALSE FALSE FALSE FALSE FALSE FALSE
 [37] FALSE FALSE FALSE FALSE FALSE FALSE FALSE FALSE FALSE FALSE FALSE FALSE
 [49] FALSE FALSE FALSE FALSE FALSE FALSE FALSE FALSE FALSE FALSE  TRUE FALSE
 [61] FALSE FALSE FALSE FALSE FALSE FALSE FALSE FALSE FALSE FALSE FALSE FALSE
 [73] FALSE FALSE FALSE FALSE FALSE FALSE FALSE FALSE FALSE FALSE FALSE FALSE
 [85] FALSE FALSE FALSE FALSE FALSE FALSE FALSE FALSE FALSE FALSE FALSE FALSE
 [97] FALSE  TRUE FALSE FALSE FALSE FALSE FALSE FALSE FALSE FALSE FALSE FALSE
[109] FALSE FALSE FALSE FALSE FALSE FALSE FALSE  TRUE FALSE FALSE FALSE FALSE
[121] FALSE FALSE FALSE  TRUE FALSE  TRUE FALSE  TRUE FALSE FALSE  TRUE  TRUE
[133]  TRUE FALSE FALSE FALSE FALSE FALSE FALSE FALSE FALSE FALSE  TRUE FALSE
[145] FALSE FALSE  TRUE FALSE FALSE FALSE FALSE FALSE FALSE  TRUE FALSE FALSE
[157] FALSE  TRUE  TRUE  TRUE FALSE FALSE FALSE FALSE FALSE FALSE  TRUE  TRUE
[169] FALSE  TRUE  TRUE  TRUE  TRUE FALSE FALSE FALSE FALSE FALSE  TRUE FALSE
[181]  TRUE FALSE FALSE  TRUE  TRUE  TRUE  TRUE FALSE  TRUE FALSE  TRUE  TRUE
[193] FALSE  TRUE FALSE FALSE FALSE FALSE FALSE FALSE  TRUE FALSE  TRUE  TRUE
[205]  TRUE FALSE FALSE  TRUE FALSE FALSE FALSE FALSE  TRUE FALSE  TRUE FALSE
[217]  TRUE  TRUE FALSE FALSE  TRUE FALSE FALSE  TRUE FALSE  TRUE FALSE FALSE
[229] FALSE FALSE FALSE  TRUE FALSE  TRUE  TRUE  TRUE  TRUE FALSE FALSE  TRUE
[241]  TRUE  TRUE FALSE FALSE  TRUE  TRUE  TRUE  TRUE

