
Birth-death simulation object with 249 species and 115 extant species

Details for some species:

Extinction times (NA means extant)
[1] 20.79437 34.39265 16.35842 29.56949 13.87267 16.39366


Speciation times 
[1] 49.26651 35.86386 31.79979 31.11317 26.44533 24.38142


Species parents (NA for initial)
[1] NA  1  1  3  3  3


Species status (extinct or extant)
[1] "extinct" "extinct" "extinct" "extinct" "extinct" "extinct"


For more details on vector y, try sim$y, with y one of
TE TS PAR EXTANT



$TE
  [1] 20.794372489 34.392650454 16.358424573 29.569487685 13.872671643
  [6] 16.393656772 21.662010214 14.533623312 16.621001644 12.436449708
 [11] 16.724376522 15.888824308 13.923193030  8.169836520 21.898710593
 [16] 14.174334244 19.465025965 21.953105078 15.142891384 10.758777674
 [21]  9.322609116  1.443238496 19.126386238  6.503440672  2.690438873
 [26]  5.902023815 10.751679047  8.128049514  7.715775961  8.142082122
 [31] 16.602341303 13.608615729 16.921633346 13.147927526 11.967991618
 [36] 14.702960547 13.861540735 10.625343488 11.198655682           NA
 [41] 12.580410448  1.727443132  6.464056070 12.667118576           NA
 [46]  5.929890107  3.855029182  5.778217677           NA 19.683662407
 [51] 14.976373537 15.302156598 11.933294515 15.268139654 14.279000841
 [56] 13.621415352           NA           NA           NA           NA
 [61]  7.471809025           NA  5.996550253  1.071642436           NA
 [66]  7.017074134           NA           NA           NA           NA
 [71]           NA           NA 13.394822667 12.382324851 14.177716404
 [76] 13.815466574 14.899265722 15.662045849 14.800225298           NA
 [81] 14.482877842           NA           NA           NA           NA
 [86]           NA           NA  6.639407581           NA           NA
 [91]  1.565148684           NA           NA           NA  1.159970260
 [96]  0.439832229  1.904122354           NA           NA  3.199091040
[101] 15.165375529 13.273632446 14.926182796 14.982590388  5.878790670
[106]  1.506709190           NA           NA           NA           NA
[111]           NA  4.706411290  2.008002206           NA           NA
[116]           NA           NA           NA           NA  2.165749750
[121]           NA  6.540514407 13.478547817 13.635291089           NA
[126]           NA           NA           NA           NA  6.200561304
[131]           NA           NA           NA           NA           NA
[136]  0.380152961           NA           NA           NA  0.513342772
[141]  0.002178575           NA  6.432297129  4.497399943           NA
[146] 13.880601521 16.390395193 13.427439959  2.241067556  4.665864569
[151]           NA           NA  1.043884978  4.569484012           NA
[156]           NA           NA           NA  0.605351838           NA
[161]           NA           NA           NA           NA           NA
[166]           NA  5.288532803           NA  1.305985814           NA
[171]           NA  4.534000788           NA  5.593856091           NA
[176] 14.700986849  8.471837288  4.266328975           NA  0.136137521
[181]           NA           NA           NA           NA           NA
[186]  6.060195790  1.703464633  2.792730908           NA 12.681029344
[191] 11.069351795  1.407769702           NA  0.617106510  6.136040398
[196]  6.455109121  1.858474175  0.205996624           NA  3.673666238
[201]           NA           NA           NA  3.094342205  0.328948279
[206]  4.444382943           NA           NA           NA           NA
[211]  5.931671805           NA           NA           NA           NA
[216]           NA  7.104407802           NA  3.031978614  0.265547265
[221]  4.178738697  1.168706406  3.698591622  0.789434686  1.647767659
[226]           NA           NA           NA  5.091870118           NA
[231]           NA  6.591412388           NA           NA           NA
[236]           NA  0.626491643  2.175579154           NA  3.667710017
[241]           NA           NA           NA           NA           NA
[246]           NA           NA           NA           NA

$TS
  [1] 49.26651148 35.86385781 31.79979086 31.11316767 26.44532623 24.38141617
  [7] 23.03307096 16.98605554 24.37820534 23.02768883 21.84508027 17.33952882
 [13] 14.62745292 19.85613353 23.00156604 14.62534629 24.15587630 22.33288177
 [19] 19.40058781 18.21312689 13.09789396 21.80756109 21.36128746 14.15147617
 [25] 13.21896012 12.03100176 11.31751009 10.46438781  9.73245297  9.21814552
 [31] 22.19929869 23.73901490 17.85912310 13.96708736 18.78622817 18.57228802
 [37] 18.39160800 14.33286148 11.94993771  5.20673509 20.39764981 11.53396674
 [43]  8.14583286 13.11183438  9.56698653  6.15073380  8.50070899  8.45192700
 [49]  8.86587431 20.20210769 17.94756150 17.11034735 22.48351202 21.93515344
 [55] 15.79080343 14.06233926  5.00534645  2.93375816  9.62768655  8.85928734
 [61]  7.57783574  7.17860508  8.25952815  5.95293981  8.21251424  7.23940890
 [67]  5.79617062  8.34266825  8.19033698  8.56089514  3.20872014  1.38529313
 [73] 15.36618576 15.30367459 20.83772240 17.81939139 17.04068625 19.01881850
 [79] 16.84816111 15.67383127 14.57273512  1.33986588  8.68877550  8.41310109
 [85]  5.43868993  1.60623130  2.82643922  8.25599302  4.10530120  1.51698956
 [91]  6.07520463  5.97968121  3.16783663  4.18663059  3.05514886  1.58062364
 [97]  4.43738416  4.27728854  4.08939476  3.27929539 19.43899860 15.39901307
[103] 16.37048253 17.43263766  9.79867564  5.76033444  0.35452254  8.64413646
[109]  7.70341370  5.52092944  1.83069683  7.52424615  6.08066766  0.95311378
[115]  0.30366599  7.57055822  0.65722499  1.65804586  2.48636604  2.24843079
[121]  2.18860767 18.31188828 16.13810843 13.71830409  8.34438722  5.73276774
[127]  5.46264866  3.75031436  0.17141094  6.65676532  1.74202489  5.73745768
[133]  1.72082935  2.12338451  2.07734805  1.36398040  0.72184696  1.18727226
[139]  5.71709038  4.97933982  0.01759813  7.56380853  7.50969789  7.15412381
[145]  0.23899126 18.13331521 18.05893118 14.79387974 10.09186462  7.70053539
[151]  4.64990105  2.82945213  1.45324104  5.50034873  3.41945364  5.45166139
[157]  1.40099518  5.24819250  2.30196184  1.43268552  0.66717547  0.28628382
[163]  2.13551896  1.13727083  2.64966582  1.77666332  7.07069979  5.84760893
[169]  5.61428080  1.64672907  0.66300326  6.92997126  6.29220315  5.62160063
[175] 13.93858239 17.98729554  9.01178747  8.83976316  3.30241292  7.16816868
[181]  1.66267912  2.72675122  0.12547816  0.36695149  1.43832855  6.35351738
[187]  6.61286882  5.63867618  3.55850547 12.81389179 11.28371679 10.79938863
[193] 10.02816798  6.34572330  8.17173710  6.46806350  3.53168944  0.77676067
[199]  4.91711380  4.49483224  2.16499382  2.07055804  8.67919507  8.49671478
[205]  8.03626598  6.00679233  5.83614862  3.76248758  5.20456534  7.56777433
[211]  6.98403458  6.64477266  3.44192403  4.44810857  4.31749974  0.25255764
[217]  7.11798692  0.85168612  8.07097770  6.15387121  5.58918297  3.60358913
[223]  7.89082288  6.32954732  5.85444982  1.20374998  1.67415562  7.38862414
[229]  7.20690613  3.34101389  3.13673430  6.74164024  1.93217479  0.21192857
[235]  0.09795810  6.01809835  5.20968404  3.37388153  1.73740950  4.22686997
[241]  0.88284509  2.81800620  1.77016407  0.64662699  0.73221332  5.75229154
[247]  1.43309228  0.25198090  0.01061186

$PAR
  [1]  NA   1   1   3   3   3   3   3   5   5   5   5   5   6   7   8   9   9
 [19]   9  10  10  11  11  13  14  14  14  14  14  14  15  17  20  20  22  22
 [37]  22  22  22  22  23  24  24  25  25  25  26  26  28  31  31  31  32  32
 [55]  35  35  40  40  42  42  42  43  45  46  47  47  47  48  48  49  49  49
 [73]  51  51  53  53  53  54  54  54  55  58  59  60  60  60  62  63  64  64
 [91]  65  65  65  68  69  69  70  70  70  70  75  75  76  78  80  80  82  83
[109]  83  83  83  84  84  84  86  88  90  92  93  95  98 101 101 102 105 106
[127] 106 106 107 108 108 109 109 110 110 110 110 111 112 112 114 116 116 116
[145] 119 122 122 122 122 122 125 125 125 126 126 127 127 132 132 132 134 135
[163] 139 139 140 140 142 142 142 142 142 143 144 144 146 147 149 149 149 150
[181] 151 152 160 163 166 167 172 173 173 175 175 175 175 175 178 178 180 182
[199] 187 187 187 189 193 193 193 193 193 193 194 195 195 195 197 199 199 201
[217] 203 203 204 204 204 204 205 205 206 208 209 210 210 210 210 211 212 213
[235] 215 220 220 220 222 223 227 230 230 230 231 236 236 246 246

$EXTANT
  [1] FALSE FALSE FALSE FALSE FALSE FALSE FALSE FALSE FALSE FALSE FALSE FALSE
 [13] FALSE FALSE FALSE FALSE FALSE FALSE FALSE FALSE FALSE FALSE FALSE FALSE
 [25] FALSE FALSE FALSE FALSE FALSE FALSE FALSE FALSE FALSE FALSE FALSE FALSE
 [37] FALSE FALSE FALSE  TRUE FALSE FALSE FALSE FALSE  TRUE FALSE FALSE FALSE
 [49]  TRUE FALSE FALSE FALSE FALSE FALSE FALSE FALSE  TRUE  TRUE  TRUE  TRUE
 [61] FALSE  TRUE FALSE FALSE  TRUE FALSE  TRUE  TRUE  TRUE  TRUE  TRUE  TRUE
 [73] FALSE FALSE FALSE FALSE FALSE FALSE FALSE  TRUE FALSE  TRUE  TRUE  TRUE
 [85]  TRUE  TRUE  TRUE FALSE  TRUE  TRUE FALSE  TRUE  TRUE  TRUE FALSE FALSE
 [97] FALSE  TRUE  TRUE FALSE FALSE FALSE FALSE FALSE FALSE FALSE  TRUE  TRUE
[109]  TRUE  TRUE  TRUE FALSE FALSE  TRUE  TRUE  TRUE  TRUE  TRUE  TRUE FALSE
[121]  TRUE FALSE FALSE FALSE  TRUE  TRUE  TRUE  TRUE  TRUE FALSE  TRUE  TRUE
[133]  TRUE  TRUE  TRUE FALSE  TRUE  TRUE  TRUE FALSE FALSE  TRUE FALSE FALSE
[145]  TRUE FALSE FALSE FALSE FALSE FALSE  TRUE  TRUE FALSE FALSE  TRUE  TRUE
[157]  TRUE  TRUE FALSE  TRUE  TRUE  TRUE  TRUE  TRUE  TRUE  TRUE FALSE  TRUE
[169] FALSE  TRUE  TRUE FALSE  TRUE FALSE  TRUE FALSE FALSE FALSE  TRUE FALSE
[181]  TRUE  TRUE  TRUE  TRUE  TRUE FALSE FALSE FALSE  TRUE FALSE FALSE FALSE
[193]  TRUE FALSE FALSE FALSE FALSE FALSE  TRUE FALSE  TRUE  TRUE  TRUE FALSE
[205] FALSE FALSE  TRUE  TRUE  TRUE  TRUE FALSE  TRUE  TRUE  TRUE  TRUE  TRUE
[217] FALSE  TRUE FALSE FALSE FALSE FALSE FALSE FALSE FALSE  TRUE  TRUE  TRUE
[229] FALSE  TRUE  TRUE FALSE  TRUE  TRUE  TRUE  TRUE FALSE FALSE  TRUE FALSE
[241]  TRUE  TRUE  TRUE  TRUE  TRUE  TRUE  TRUE  TRUE  TRUE

