
Birth-death simulation object with 224 species and 98 extant species

Details for some species:

Extinction times (NA means extant)
[1] 30.54927 41.25329 11.63428 30.82185 13.42382 28.37132


Speciation times 
[1] 49.26651 46.06226 36.76822 32.43128 31.86577 35.90511


Species parents (NA for initial)
[1] NA  1  1  1  1  3


Species status (extinct or extant)
[1] "extinct" "extinct" "extinct" "extinct" "extinct" "extinct"


For more details on vector y, try sim$y, with y one of
TE TS PAR EXTANT



$TE
  [1] 30.5492677 41.2532923 11.6342802 30.8218510 13.4238151 28.3713163
  [7] 27.2537356 15.0585178 25.1816661 14.6284232 16.7458996 10.8544830
 [13] 13.9635290 14.9252669 14.6682821 24.8922035 25.8872372 25.5026825
 [19] 19.5948520 15.1909213 14.2619354 13.4640500 13.1909495 13.8372588
 [25] 11.6122453         NA 26.6679555 13.9379833 13.6124876 15.3155666
 [31] 14.5423987 16.6879487 17.3691735 13.2017867 13.1703995 10.5972764
 [37] 13.3240361 14.7528180  8.3651571  2.4308783  5.3531310         NA
 [43]         NA         NA 15.1668788 25.7319624 22.8195826 14.2655925
 [49] 13.3619471 15.3494278 13.8939185 15.3150640 17.0195091  4.0846134
 [55] 13.0107182 12.8821594         NA         NA         NA         NA
 [61]         NA  5.5903297  4.7581885 15.2110195 21.8647922 21.2370897
 [67]  8.5434493 16.4510067 15.2809528 16.4409456 13.9615438 10.8876098
 [73]         NA 12.6649896 14.7245111 12.1737781         NA         NA
 [79]  0.8633405         NA         NA  7.3085334         NA  6.8510685
 [85]         NA         NA  2.7804746  1.5328055         NA         NA
 [91]         NA         NA  4.9184400 15.1197139 13.5076868         NA
 [97] 13.3076560  8.1761482  2.2281207         NA  0.1554053 15.3278498
[103] 12.5791110 13.9430699         NA         NA         NA         NA
[109]         NA         NA         NA         NA         NA         NA
[115] 15.2330681 13.6945673 10.9093334  4.1547887         NA         NA
[121]  6.3739965 11.4550164         NA  1.7355819  1.6398346  4.0422650
[127]         NA         NA         NA         NA 13.6907318 15.1739919
[133] 11.8046205         NA         NA         NA         NA  5.8785462
[139]  6.8554354  2.8324837  2.9115324  9.8200617         NA         NA
[145]         NA  2.0320382  3.6574875         NA         NA         NA
[151]  5.3897852         NA         NA  0.5681171  0.6624698         NA
[157] 11.7399534         NA  0.9165242         NA  7.0834677         NA
[163]  6.3454090  5.7883060         NA         NA         NA         NA
[169]         NA  6.1873115  4.7195918         NA  2.5444964  6.5710592
[175]         NA         NA  2.5435761         NA         NA         NA
[181]  4.3435298         NA         NA  0.4741366         NA         NA
[187]         NA  3.5791420         NA  0.8952371         NA  1.6599145
[193]         NA  2.5212768         NA         NA         NA  4.0290948
[199]         NA         NA         NA         NA  0.5274875         NA
[205]         NA  4.0972375  1.6862453         NA         NA         NA
[211]         NA         NA         NA         NA         NA  6.6256874
[217]  3.6618763  3.4582399         NA         NA         NA         NA
[223]         NA         NA

$TS
  [1] 49.2665115 46.0622582 36.7682213 32.4312783 31.8657691 35.9051057
  [7] 33.2156378 29.5673443 26.5467983 20.9005012 19.7859584 16.4966878
 [13] 21.5302112 20.8880340 15.1914967 30.8615342 30.5548355 30.3175196
 [19] 30.2773700 25.1982210 17.3059614 17.1618949 17.0588869 14.2999011
 [25] 11.6876046 16.4557643 28.6913859 29.2102444 25.9892019 21.5433237
 [31] 21.3643837 21.2114086 20.7809222 16.3988079 17.0131965 16.5353694
 [37] 14.6191734 15.6140207 12.8879254  8.7219959  8.5185130  7.6176019
 [43]  3.9617775  0.1157706 28.3157315 27.9352696 25.2050979 21.2517755
 [49] 23.9201935 18.0035784 16.6633965 16.6375007 18.9483660 18.0782870
 [55] 19.4065128 14.0869224 10.2750235 10.0665021  9.1710290  5.5872401
 [61]  3.0409633  6.8689134  5.5851008 15.4576759 24.7162004 23.6195997
 [67] 18.2866767 18.8272435 16.4856465 18.7824572 17.2703621 11.7050142
 [73] 10.9989305 18.7085433 15.1706149 13.8605983  9.7213718  8.2738334
 [79]  7.9561112  4.6912975  0.6935676  9.9094175  0.6480716  9.0396588
 [85]  1.6265762  1.2706631  5.5338594  2.9676137  2.5948918  2.3970031
 [91]  2.0824534  0.1123422  6.1278225 16.9486828 15.4474091 14.2637875
 [97] 14.1718203  9.9389884  7.6903437  6.2226638  4.0097644 16.4410780
[103] 16.1994333 15.7135103  2.6229444  1.0521867  0.1400929  4.4128925
[109]  0.2979035  6.8152639  0.2794449  4.0416353  0.7293362  6.0050736
[115] 16.4002481 15.3507107 13.6278883 11.5966716 11.1268875 10.1552643
[121]  8.4382577 13.3473322  7.6237058  7.2580562  6.1332018  6.1195283
[127]  0.8387979  3.9883278  2.8760334  0.2768431 14.9013399 15.6678073
[133] 14.9042521  2.5821712  0.6283883  3.8638203  0.2055340 13.1934447
[139] 10.2961514  7.7327438  7.7208869 10.0455519  6.0628483  5.5945375
[145]  2.6537454  7.3577864  4.5712525  3.4639697  8.2939580  7.9786512
[151]  7.4560178  7.2963142  5.6744847  4.1003282  5.6755687  1.1225520
[157] 12.3080884  1.3218244  1.0319344  9.2777250  7.6906859  7.0947557
[163]  7.6397525  6.2258162  1.4943163  3.8194762  1.7810635  6.3887620
[169]  4.1661184  6.7020761  6.1739783  4.1640565  3.0411446  7.6148685
[175]  5.2222077  7.2765064  6.6349119  6.8019107  1.7805286  1.1786289
[181]  8.9731464  4.8450287  3.8190303  2.4264840  2.1715068  1.0908025
[187]  5.4335235  5.8555689  4.4035795  3.2023530  0.1178923  2.4819790
[193]  4.9203675  5.9049682  4.0510841  2.5737750  3.4474067  8.5409246
[199]  8.2059911  2.9102310  2.2343512  1.9465667  3.1859948  0.2999679
[205]  1.8831616  4.5397933  2.1913750  1.8721256  1.8146044  1.1012690
[211]  4.1785563  3.5070835  1.8701958  0.1633600  1.1982802  6.8964762
[217]  4.5366469  4.3279325  0.7931863  0.3543384  1.6010518  1.6595809
[223]  3.4085030  0.3130867

$PAR
  [1]  NA   1   1   1   1   3   3   3   3   3   3   3   5   5   5   6   6   6
 [19]   6   8   8  10  10  12  12  13  16  18  19  19  20  20  20  21  22  22
 [37]  22  23  26  26  26  26  26  26  27  28  28  28  29  29  29  31  32  32
 [55]  33  34  39  39  39  40  40  41  42  45  47  47  48  49  51  53  54  54
 [73]  54  55  55  55  57  57  57  57  57  58  58  59  59  59  60  61  61  61
 [91]  61  61  62  70  71  71  71  73  73  73  73  74  74  74  77  77  77  78
[109]  78  79  83  87  91  93  94  94  96  96  96  96  96  97  99  99  99  99
[127] 100 101 101 101 103 104 104 105 106 108 111 117 118 118 118 119 119 119
[145] 119 120 120 120 121 121 123 123 123 123 125 129 133 134 136 138 138 138
[163] 140 141 143 144 144 146 146 149 149 149 149 150 150 151 151 152 152 154
[181] 160 160 160 160 160 160 162 168 168 169 169 175 176 177 177 177 178 181
[199] 181 182 182 182 183 183 187 188 189 189 189 190 193 193 193 193 196 198
[217] 199 199 201 201 205 208 212 215

$EXTANT
  [1] FALSE FALSE FALSE FALSE FALSE FALSE FALSE FALSE FALSE FALSE FALSE FALSE
 [13] FALSE FALSE FALSE FALSE FALSE FALSE FALSE FALSE FALSE FALSE FALSE FALSE
 [25] FALSE  TRUE FALSE FALSE FALSE FALSE FALSE FALSE FALSE FALSE FALSE FALSE
 [37] FALSE FALSE FALSE FALSE FALSE  TRUE  TRUE  TRUE FALSE FALSE FALSE FALSE
 [49] FALSE FALSE FALSE FALSE FALSE FALSE FALSE FALSE  TRUE  TRUE  TRUE  TRUE
 [61]  TRUE FALSE FALSE FALSE FALSE FALSE FALSE FALSE FALSE FALSE FALSE FALSE
 [73]  TRUE FALSE FALSE FALSE  TRUE  TRUE FALSE  TRUE  TRUE FALSE  TRUE FALSE
 [85]  TRUE  TRUE FALSE FALSE  TRUE  TRUE  TRUE  TRUE FALSE FALSE FALSE  TRUE
 [97] FALSE FALSE FALSE  TRUE FALSE FALSE FALSE FALSE  TRUE  TRUE  TRUE  TRUE
[109]  TRUE  TRUE  TRUE  TRUE  TRUE  TRUE FALSE FALSE FALSE FALSE  TRUE  TRUE
[121] FALSE FALSE  TRUE FALSE FALSE FALSE  TRUE  TRUE  TRUE  TRUE FALSE FALSE
[133] FALSE  TRUE  TRUE  TRUE  TRUE FALSE FALSE FALSE FALSE FALSE  TRUE  TRUE
[145]  TRUE FALSE FALSE  TRUE  TRUE  TRUE FALSE  TRUE  TRUE FALSE FALSE  TRUE
[157] FALSE  TRUE FALSE  TRUE FALSE  TRUE FALSE FALSE  TRUE  TRUE  TRUE  TRUE
[169]  TRUE FALSE FALSE  TRUE FALSE FALSE  TRUE  TRUE FALSE  TRUE  TRUE  TRUE
[181] FALSE  TRUE  TRUE FALSE  TRUE  TRUE  TRUE FALSE  TRUE FALSE  TRUE FALSE
[193]  TRUE FALSE  TRUE  TRUE  TRUE FALSE  TRUE  TRUE  TRUE  TRUE FALSE  TRUE
[205]  TRUE FALSE FALSE  TRUE  TRUE  TRUE  TRUE  TRUE  TRUE  TRUE  TRUE FALSE
[217] FALSE FALSE  TRUE  TRUE  TRUE  TRUE  TRUE  TRUE

