
Birth-death simulation object with 362 species and 143 extant species

Details for some species:

Extinction times (NA means extant)
[1] 37.82736 41.76746 41.91230 36.87153 34.94485 38.72914


Speciation times 
[1] 49.26651 45.10619 44.41794 42.22439 41.82376 40.40681


Species parents (NA for initial)
[1] NA  1  1  1  2  4


Species status (extinct or extant)
[1] "extinct" "extinct" "extinct" "extinct" "extinct" "extinct"


For more details on vector y, try sim$y, with y one of
TE TS PAR EXTANT



$TE
  [1] 37.82736337 41.76745853 41.91230333 36.87152835 34.94484801 38.72913822
  [7] 23.06612554 28.30959910 38.60905040 37.98321132 22.84121786 24.68885107
 [13] 19.30909768 18.74094692 24.93718442 36.41822347 30.55936997 16.30738150
 [19] 20.55225259 14.70835435  2.13059345 16.30915961 26.16583141          NA
 [25] 31.35665508 15.10595382 14.87637444 21.28353289 12.23274803 17.60599520
 [31] 20.22675476 15.96943830 15.33417906 14.25517132 14.57591322  0.05895467
 [37] 29.86085767 23.97356800 13.81634779 15.27037900 14.73261350 34.20845012
 [43] 33.51292286 26.56078461 20.12197608 17.60615161 23.51945885 12.56627359
 [49] 12.74647318  6.80308696  8.93825791          NA 14.57798330 19.03512846
 [55] 15.94320936          NA 13.76828895 11.40934812 15.18213633          NA
 [61]          NA          NA  1.92376149  0.65621242 12.29754293 21.34929905
 [67] 14.97270119 13.54589535 15.00006442 14.82886280 14.59374948 26.37627131
 [73] 24.13049225 16.31082908 20.28153602 19.15547743 13.97018996 16.60049740
 [79] 10.17336071 11.87268752  2.56773953          NA  2.34823620 10.49353335
 [85] 21.98457723 19.91838420 10.27752936          NA  7.87810232  3.92877654
 [91]  7.84952711 18.97163507 14.95740964          NA  5.37602348          NA
 [97]  0.60037766          NA          NA          NA 23.73473257 18.16458096
[103] 14.49550729 15.13452889  0.31885163 10.53485618 19.56227868 12.23924508
[109] 15.69490691 11.68007718 12.98316520 18.09116847 15.92802854  7.93072252
[115]  0.23561022  3.18330798          NA  8.19530852          NA  1.50092551
[121]  2.97135319 20.78461450 18.16689148  2.86529820  3.09715575  0.37875356
[127] 12.19044578 12.72681670 16.95160725 15.16241160  7.52181325 10.11675709
[133] 12.83786755 13.71493656 15.02701903 17.39248582 12.57421235 15.01535486
[139] 14.86641231  8.09091760 12.04536789 11.53588950 10.52745149 11.56455108
[145]  8.10922839  4.91023649          NA          NA  0.05447263          NA
[151]          NA  0.17998591          NA  3.54986432          NA  5.89739099
[157]          NA          NA 14.81020378 12.47761654  5.64430103  7.50457883
[163] 14.89510144 14.46686308 12.57991959 14.14947815 14.91605953 13.91469459
[169]          NA          NA 12.31984527  7.23028480 11.16764522  0.66265825
[175]  3.85091161          NA          NA          NA          NA  0.37646054
[181]  1.31388680  0.83087202          NA          NA          NA  1.51303915
[187]  1.01680286          NA          NA          NA          NA          NA
[193]          NA  3.51595578  3.92007149          NA  7.42485986 13.66987149
[199] 14.45292591 13.42460679  0.73898949  2.15366773          NA  6.44422232
[205]  4.26274725  4.60662837          NA          NA          NA          NA
[211]          NA          NA          NA  3.85460364          NA          NA
[217]  0.08881914          NA          NA  0.67691941          NA  3.69158404
[223]          NA  0.77197722  2.16547451          NA          NA          NA
[229]          NA  1.26703986          NA          NA  2.80971421  0.91108379
[235]  3.41777812          NA  0.50201758          NA          NA          NA
[241]          NA  8.65646844  3.66791941          NA          NA  6.03665579
[247]          NA          NA          NA          NA          NA          NA
[253]          NA  1.53706029  3.01959239          NA          NA  1.71166308
[259]  6.08234532          NA  0.86210349  2.45355498  4.96244853  0.09115217
[265]          NA  0.94529200          NA          NA          NA          NA
[271]  4.19796747          NA  2.29418458          NA          NA          NA
[277]  2.18344766          NA          NA          NA          NA  3.18509328
[283]  2.10732188          NA          NA          NA          NA          NA
[289]  0.44673204  0.99539511          NA          NA          NA  0.52336431
[295]  0.65535174          NA          NA          NA          NA          NA
[301]          NA  0.70306854          NA  2.61375499          NA  4.07174394
[307]          NA          NA  5.34460258  1.29642811          NA  0.77354283
[313]          NA  7.64381856          NA          NA          NA          NA
[319]          NA          NA          NA  1.27969351          NA  1.14948088
[325]  5.72537284  0.70771544          NA          NA          NA          NA
[331]          NA  1.93153547          NA          NA  2.67373213          NA
[337]          NA  2.51103887          NA          NA  1.63558503  1.26047749
[343]          NA          NA          NA          NA          NA  4.33567224
[349]  3.27692504  2.80928402          NA          NA          NA  0.42653117
[355]          NA          NA          NA          NA          NA          NA
[361]          NA  0.47656652

$TS
  [1] 49.266511476 45.106193919 44.417941117 42.224388394 41.823762611
  [6] 40.406809299 40.216145731 37.170796038 39.685078577 39.651587558
 [11] 38.143442052 37.415978054 29.554634113 24.978612983 28.669700694
 [16] 37.106762609 34.849455334 32.559795117 28.345543893 25.757893410
 [21] 35.726831402 35.563326915 35.190621418 33.166756547 32.252060421
 [26] 20.372116092 24.302975458 25.033546190 31.806894583 22.094376688
 [31] 20.978240620 17.685578291 17.159125905 15.152020998 14.741058122
 [36]  9.034830395 35.263906572 28.364889824 25.581462714 20.345671594
 [41] 18.455521998 34.777996960 33.958184321 29.070898808 28.757459391
 [46] 27.277138865 24.677786869 20.285568582 18.584479547 16.231919837
 [51] 13.477403599  6.737119674 18.398362500 22.541928034 24.894200731
 [56] 17.449034030 16.981346481 12.491964973 21.590124328  8.940232674
 [61]  6.609641525  5.652761951  5.231403987  1.347880474 31.731717067
 [66] 23.083018792 20.365700074 16.134605433 17.221783929 16.381885392
 [71] 15.578314005 27.476981274 24.450559296 24.080897979 23.974175050
 [76] 23.105051723 22.648604350 21.630024868 18.140430080 12.943940417
 [81] 10.026494376  6.145963604  3.203998551 23.147822483 22.131952806
 [86] 20.694871098 16.639376148  9.018154724  8.746356531  6.337241690
 [91] 12.326476611 20.412751560 20.057710637  6.777928000  5.563944617
 [96]  3.720453164  2.358083592  5.859274692  5.579500763  2.416424280
[101] 24.274746597 20.831487135 19.931320047 19.587088649 17.855113156
[106] 15.664095157 21.687244981 21.945340760 21.346564920 20.523096659
[111] 18.980272901 18.343887414 17.172454470 16.957171160  9.427467683
[116]  4.083142243 10.872116812  8.841012920  8.439865271  2.054566462
[121]  5.184411317 24.244344383 19.333028266  9.901850953  8.145864373
[126]  3.489683275 14.297707717 20.754275493 17.437769913 15.454758137
[131] 14.614883713 20.935401160 18.671918589 18.135266464 16.472758139
[136] 19.509879885 19.405880997 17.964478930 17.022513376 16.782452103
[141] 16.120398656 11.818905640 14.031241920 13.215649296  8.245271754
[146]  9.294872034  6.078844757  8.013357905  4.733748432  4.483086032
[151]  1.800526569  9.620916945  8.957753785  8.556479633  5.992529783
[156]  8.104832987  7.617805305  6.699682306 16.133092861 13.323309506
[161]  7.612481704 11.965173735 16.661000571 15.606521656 14.085938074
[166] 17.116724577 16.247178116 14.652904311 11.328495112  9.893265636
[171] 13.369098302 12.794124739 12.057317262  6.274245873  5.252968557
[176]  0.916347675  2.474884983  0.116173899  1.154203623  6.266643270
[181]  6.135291741  4.215809004  3.143377131  1.154111596  7.642765394
[186]  6.817779830  7.536848798  4.805397193  4.267571071  3.676383121
[191]  5.797468020  5.549470981  6.708785592  5.915394119  9.973316473
[196]  9.342015110  8.318527956 16.523878850 16.829915380 14.324128450
[201] 10.450927104  2.468219708  1.232757873  8.871359608  6.690386109
[206]  9.543991846  3.088884754  0.266453493  1.233624922  5.616887317
[211]  1.387466506  1.170895081  0.794572250  4.157486917  3.302508456
[216]  3.093601351  6.157320196  2.804754045  1.243131563  6.731078449
[221]  6.673645473  4.440975920  4.423461609  2.807160957  3.561103899
[226]  2.224977704  2.388900456  0.397427117  1.474065671  5.047610226
[231]  6.774985394  6.482211218  6.285440227  4.212644911  8.776540003
[236]  6.940598736  6.745740226  6.158612911  5.288668854  1.711230045
[241]  1.710464341  9.643505638  6.583782492  2.703090672  9.200397103
[246]  6.218207793  2.085199096  2.238840684  1.741866113  6.615263301
[251]  5.586544578  4.907282394  3.830146667  4.542523222  3.037170792
[256]  1.522765620  5.371707852  3.047422860  8.722451231  7.885459483
[261]  7.236289061  6.046619393  5.510532909  4.078823892  2.961073074
[266]  1.009016842  2.407916215  2.684649847  0.375949039  0.073237553
[271]  6.569272286  9.035360424  7.466563276  7.204629362  0.442050789
[276]  5.858128273  3.767436808  0.757099928  1.410467547  3.500681528
[281]  2.197589195  3.545872627  8.043565766  1.366817635  6.703456569
[286]  6.416920893  5.744360518  5.660991735  3.433327390  3.286766678
[291]  1.579316588  2.330275547  2.151932949  1.079136774  6.436794467
[296]  8.966827629  0.791599490  5.862068109  6.586666439  0.271734673
[301]  1.654564955  5.806276029  4.027321273  3.714987561  2.637221666
[306]  5.604400065  2.923520204  2.358378418  5.828506241  1.457041162
[311]  1.402309529  0.890265145  0.008558676  8.916543016  8.260241992
[316]  2.114848472  0.510229236  3.895414526  2.061595922  0.088279833
[321]  3.861728219  2.588418872  3.372070576  7.243053817  6.824486319
[326]  5.592812088  2.247573986  0.472615820  3.724329202  1.220110585
[331]  5.736494280  3.632054069  1.273247989  5.999009217  4.803790575
[336]  2.073378903  3.232936573  4.316693201  0.357073361  5.613567143
[341]  5.515844251  5.438977976  3.491827782  3.105197991  0.667178550
[346]  0.540880832  5.107207504  4.766699309  5.330910607  4.202702281
[351]  2.248521768  0.949852509  4.781443995  3.671750121  2.124552923
[356]  0.530985762  0.256069386  2.417806858  1.028619007  0.750774727
[361]  1.656946730  1.310717177

$PAR
  [1]  NA   1   1   1   2   4   4   4   7   7   7   7   7   7   8  11  11  11
 [19]  11  11  12  12  12  12  12  13  14  15  17  18  18  18  20  21  21  21
 [37]  22  22  22  22  22  23  23  24  24  24  24  24  24  24  24  24  27  28
 [55]  29  29  29  29  30  36  36  36  36  36  37  39  39  39  40  41  41  45
 [73]  45  45  45  46  46  46  46  50  51  52  52  55  55  55  55  56  56  56
 [91]  58  59  59  60  60  60  60  61  61  62  65  65  67  67  67  68  75  77
[109]  77  78  78  78  78  78  81  82  87  88  91  94  98 101 104 105 105 105
[127] 106 107 108 108 108 109 109 109 109 110 110 110 110 110 110 110 111 114
[145] 114 117 117 119 119 119 119 124 124 124 124 125 125 125 128 128 131 132
[163] 133 134 134 138 140 140 140 140 141 141 143 146 146 148 150 150 151 152
[181] 152 152 152 152 153 153 154 154 154 157 158 158 161 161 162 162 162 163
[199] 166 168 169 169 169 170 170 172 174 176 177 180 180 180 180 181 181 183
[217] 185 185 185 186 186 187 187 187 189 189 190 191 192 194 195 195 195 195
[235] 196 196 196 196 196 196 196 201 201 201 206 206 207 218 218 220 220 220
[253] 220 221 223 224 233 234 235 235 235 236 236 236 236 236 238 239 241 241
[271] 243 245 245 245 249 250 250 250 251 252 253 254 259 260 261 261 261 262
[289] 262 264 264 265 267 268 271 272 272 273 274 279 280 283 283 283 283 285
[307] 285 285 286 290 290 291 292 296 296 296 296 298 298 300 302 303 304 315
[325] 315 315 318 319 321 321 324 324 324 325 326 326 329 331 333 334 334 334
[343] 334 334 334 334 340 340 341 341 341 344 347 347 347 352 352 353 354 354
[361] 355 355

$EXTANT
  [1] FALSE FALSE FALSE FALSE FALSE FALSE FALSE FALSE FALSE FALSE FALSE FALSE
 [13] FALSE FALSE FALSE FALSE FALSE FALSE FALSE FALSE FALSE FALSE FALSE  TRUE
 [25] FALSE FALSE FALSE FALSE FALSE FALSE FALSE FALSE FALSE FALSE FALSE FALSE
 [37] FALSE FALSE FALSE FALSE FALSE FALSE FALSE FALSE FALSE FALSE FALSE FALSE
 [49] FALSE FALSE FALSE  TRUE FALSE FALSE FALSE  TRUE FALSE FALSE FALSE  TRUE
 [61]  TRUE  TRUE FALSE FALSE FALSE FALSE FALSE FALSE FALSE FALSE FALSE FALSE
 [73] FALSE FALSE FALSE FALSE FALSE FALSE FALSE FALSE FALSE  TRUE FALSE FALSE
 [85] FALSE FALSE FALSE  TRUE FALSE FALSE FALSE FALSE FALSE  TRUE FALSE  TRUE
 [97] FALSE  TRUE  TRUE  TRUE FALSE FALSE FALSE FALSE FALSE FALSE FALSE FALSE
[109] FALSE FALSE FALSE FALSE FALSE FALSE FALSE FALSE  TRUE FALSE  TRUE FALSE
[121] FALSE FALSE FALSE FALSE FALSE FALSE FALSE FALSE FALSE FALSE FALSE FALSE
[133] FALSE FALSE FALSE FALSE FALSE FALSE FALSE FALSE FALSE FALSE FALSE FALSE
[145] FALSE FALSE  TRUE  TRUE FALSE  TRUE  TRUE FALSE  TRUE FALSE  TRUE FALSE
[157]  TRUE  TRUE FALSE FALSE FALSE FALSE FALSE FALSE FALSE FALSE FALSE FALSE
[169]  TRUE  TRUE FALSE FALSE FALSE FALSE FALSE  TRUE  TRUE  TRUE  TRUE FALSE
[181] FALSE FALSE  TRUE  TRUE  TRUE FALSE FALSE  TRUE  TRUE  TRUE  TRUE  TRUE
[193]  TRUE FALSE FALSE  TRUE FALSE FALSE FALSE FALSE FALSE FALSE  TRUE FALSE
[205] FALSE FALSE  TRUE  TRUE  TRUE  TRUE  TRUE  TRUE  TRUE FALSE  TRUE  TRUE
[217] FALSE  TRUE  TRUE FALSE  TRUE FALSE  TRUE FALSE FALSE  TRUE  TRUE  TRUE
[229]  TRUE FALSE  TRUE  TRUE FALSE FALSE FALSE  TRUE FALSE  TRUE  TRUE  TRUE
[241]  TRUE FALSE FALSE  TRUE  TRUE FALSE  TRUE  TRUE  TRUE  TRUE  TRUE  TRUE
[253]  TRUE FALSE FALSE  TRUE  TRUE FALSE FALSE  TRUE FALSE FALSE FALSE FALSE
[265]  TRUE FALSE  TRUE  TRUE  TRUE  TRUE FALSE  TRUE FALSE  TRUE  TRUE  TRUE
[277] FALSE  TRUE  TRUE  TRUE  TRUE FALSE FALSE  TRUE  TRUE  TRUE  TRUE  TRUE
[289] FALSE FALSE  TRUE  TRUE  TRUE FALSE FALSE  TRUE  TRUE  TRUE  TRUE  TRUE
[301]  TRUE FALSE  TRUE FALSE  TRUE FALSE  TRUE  TRUE FALSE FALSE  TRUE FALSE
[313]  TRUE FALSE  TRUE  TRUE  TRUE  TRUE  TRUE  TRUE  TRUE FALSE  TRUE FALSE
[325] FALSE FALSE  TRUE  TRUE  TRUE  TRUE  TRUE FALSE  TRUE  TRUE FALSE  TRUE
[337]  TRUE FALSE  TRUE  TRUE FALSE FALSE  TRUE  TRUE  TRUE  TRUE  TRUE FALSE
[349] FALSE FALSE  TRUE  TRUE  TRUE FALSE  TRUE  TRUE  TRUE  TRUE  TRUE  TRUE
[361]  TRUE FALSE

