
Birth-death simulation object with 334 species and 107 extant species

Details for some species:

Extinction times (NA means extant)
[1]  2.71440 43.21924 40.92276 33.12263 14.17564 19.00161


Speciation times 
[1] 49.26651 47.34911 46.55436 35.48887 33.24340 30.79108


Species parents (NA for initial)
[1] NA  1  1  1  1  1


Species status (extinct or extant)
[1] "extinct" "extinct" "extinct" "extinct" "extinct" "extinct"


For more details on vector y, try sim$y, with y one of
TE TS PAR EXTANT



$TE
  [1]  2.71439970 43.21924211 40.92275775 33.12263372 14.17564337 19.00160872
  [7] 22.61455282 11.85465783 14.76126550 26.52835553 22.03973066 12.27001652
 [13]  9.66471441  5.80713602          NA  5.88363960  4.26212416  1.10480097
 [19] 16.83562881 17.20464699 12.32805103 17.84818091 10.72793586 16.37629346
 [25] 16.96786691 11.59824770 14.19491661 24.65442017 14.73220062 18.43544695
 [31] 18.82625809 14.83136229  5.74783033 18.86712448 18.68605164 13.35105913
 [37] 14.71014603 14.87196387 12.07956977          NA          NA          NA
 [43]          NA          NA  7.34583308  5.67598212          NA  2.19881134
 [49] 27.67276680 15.38644400 15.10712354 21.83047618 20.35959925 10.48702420
 [55] 14.63806233 12.69124188 17.32386248 22.67701962 15.05669706 16.04381608
 [61] 12.81214187 14.28969083  7.18906163 14.92468246 17.91381011 18.66915717
 [67]  9.72749616          NA  7.67224325          NA  1.82386694  5.94909422
 [73] 15.28644187 17.70838873  0.92750974  4.24666723          NA  4.43472568
 [79]          NA          NA 14.66961894 15.02049579 20.31846283 11.64557063
 [85]  9.81717346 11.99590109  7.55798836 13.98941609 16.50349663 13.92277738
 [91]  8.02617723  7.15137714 16.11262503 12.06349710          NA          NA
 [97]  3.71108577  2.24544850  1.10207943          NA          NA  1.63982809
[103] 18.20717374 15.28320608  2.82132789          NA  4.31726666          NA
[109]          NA 29.28673416 14.14949277 14.17935491 14.45138491 14.20774412
[115] 20.70495079  6.51639552 15.06745778 17.17079775 15.16597504 14.00427781
[121]  2.75936087          NA 20.60699434 17.92248186  1.41547033 15.45019618
[127] 15.00404871  0.96541446  5.02081297          NA          NA          NA
[133]          NA          NA          NA          NA          NA 26.41530673
[139] 15.64843156 13.98952013 20.44733439 14.51648563 19.46602798 15.00497121
[145] 17.45095412 13.16161651 15.60149309 14.03521902 11.84288099 13.17541286
[151] 12.55684304 19.08376263 19.37366639 14.01190841 13.76417617          NA
[157] 15.15291951 15.83083016 15.36199611          NA 17.24328652          NA
[163]          NA          NA 14.17148775          NA  4.14976726          NA
[169]          NA  0.42030557          NA  1.26330650 14.63204966 15.36413707
[175]  4.59896234 14.51281170 14.49497887 17.95767759 14.85561830 14.79673216
[181] 13.26788415 11.41728925 14.45838427  9.72190764 14.41465264 13.99401733
[187] 12.49982838 11.59024651 18.39856943          NA 16.81015103 14.19661262
[193] 14.20332636 13.43516633          NA 15.66684928 14.84023317 15.24851059
[199]          NA          NA 12.92498951 12.20288204  0.77857668          NA
[205]  3.43737733  2.88815595  0.06943415          NA 16.00208197 14.74573052
[211] 15.85563002 12.37371134 15.00441545  2.17512265  2.03572597  6.64880348
[217] 18.27332741 11.37004310 11.60451062 14.99327997 11.12779797  6.01035319
[223] 12.23865537          NA 14.91378124 11.52845877 13.96223720 11.12178322
[229]  1.02800421 14.55664841 11.47857878          NA          NA          NA
[235]  1.41469087  4.29247520          NA          NA  9.92644641 15.37801368
[241] 14.98935704 12.31023467          NA          NA          NA          NA
[247]          NA          NA  8.13076609 10.44135908 11.26434659 11.14211098
[253]  6.02415058          NA 13.11438752          NA          NA          NA
[259]          NA          NA          NA 14.74755424 13.97857731 10.42159401
[265]  3.42776270 14.08215371          NA          NA          NA  4.70047253
[271]  0.21406859  2.41427105          NA          NA          NA  8.42817426
[277]          NA  4.80371897  4.25701091  3.00640262          NA          NA
[283]          NA          NA          NA          NA          NA 14.61560992
[289] 14.53122649          NA          NA          NA  0.20667703  6.51096544
[295]          NA  0.20494460          NA  0.23719104          NA  2.04244009
[301]          NA          NA          NA 13.87010685  6.06986146          NA
[307]  0.81846781          NA          NA          NA  3.72190856          NA
[313]          NA          NA  4.23843302  2.21532278  1.49313822          NA
[319]          NA          NA  0.12012678          NA          NA          NA
[325]          NA          NA          NA          NA          NA          NA
[331]          NA          NA          NA  0.46604544

$TS
  [1] 49.26651148 47.34910556 46.55436378 35.48887095 33.24339793 30.79108018
  [7] 30.25520662 29.40499508 27.51906701 27.16307819 24.36752972 20.82757059
 [13] 15.76254796  9.99964765  8.50020349  7.74670896  7.01982231  4.22026716
 [19] 32.97242551 30.64645324 28.38550049 24.21087292 24.07892707 21.79069446
 [25] 18.52444602 17.38150304 16.93797828 24.76522805 20.67276081 20.56865447
 [31] 24.49474025 20.67230834 18.19204146 23.69231632 19.37594390 15.99249311
 [37] 15.19228728 15.51540916 13.32607717  9.97487725  7.59189253  7.27033143
 [43]  8.20381776  4.03680035  7.39512910  6.17726360  6.08563809  2.45131276
 [49] 31.74933237 24.53030407 20.10054601 23.68479271 23.24146303 18.12715321
 [55] 17.05843889 22.92738679 17.93152469 23.37257071 22.73686638 17.08452932
 [61] 14.91214936 16.42267306 16.35804872 15.35281808 22.83795600 19.84451615
 [67] 12.09632143 10.12941182  9.33932012  8.96603670  8.10368003  7.32237060
 [73] 20.45426310 19.39404937  1.10245703  4.86636703  8.17749296  5.74997259
 [79]  0.25691561  0.97735860 31.73162606 27.79701361 21.10552840 11.91478348
 [85] 10.51420248 14.69388074 13.53428094 22.67628229 17.35705971 16.89085621
 [91] 10.15368964  9.80777877 21.84784491 19.90320551  8.34848151  3.78590050
 [97]  5.81243398  4.67170178  3.80373990  0.80334076  3.00214697  2.26886979
[103] 19.11871676 16.89952339  4.33643089  6.63723434  6.06498284  0.46751776
[109]  5.55700371 31.20317242 27.37765931 27.18862935 25.07484098 20.24761888
[115] 25.16554139 20.13414705 19.09937705 17.29989442 20.67822254 14.08732306
[121]  9.47758860  7.90980602 21.45098811 19.49464854  9.23294711 17.12789769
[127] 16.83105551  8.27463951  6.28281954  1.42922662  0.06919363  2.55026880
[133]  1.80329889  3.63859988  2.06021298  3.34351679  1.81236107 29.42982699
[139] 18.85944541 18.77348365 22.68784344 21.92987700 21.86722402 20.33146936
[145] 20.26678422 18.41211081 17.40416682 15.53643865 21.48812320 17.82104818
[151] 24.75762101 24.17611688 19.73628170 19.53828594 15.26042085 10.12676701
[157] 16.05291799 19.20236278 17.79350821  3.49597511 21.13606585  8.48385641
[163]  6.33688174  5.63933853 15.56451486  8.19370290  7.17355768  5.54629894
[169]  5.50827296  3.08383591  1.89275044  1.85167336 28.26282149 20.31895231
[175] 20.37538291 17.32358800 19.23351143 18.04088620 17.39058159 15.54170803
[181] 14.31447604 16.80005636 15.95959995 12.30389208 15.02090268 14.83527882
[187] 14.58909711 14.19251686 18.92167502 17.56725869 17.38207955 17.33335031
[193] 15.19943947 14.41778168  5.14363194 17.45102057 15.93171283 16.58985520
[199]  1.48586270  1.34176490 19.04598150 18.09474414  6.53495344  0.14843683
[205]  7.88916471  6.19504667  5.67126938  1.25823150 20.22567369 17.78951608
[211] 18.17437087 17.16730298 16.68734801  9.22004146  8.76103872  6.86934677
[217] 18.65042180 15.64114192 15.48302804 15.24670084 13.14046230 11.00526563
[223] 12.88989343  9.60268931 17.11361808 14.28073447 14.30385517 14.40718752
[229]  1.80524644 17.51582109 15.53760773  6.40701983  3.85474419  2.53070189
[235]  6.30457580  6.03885190  4.01257848  0.19060320 18.06191875 16.99245111
[241] 16.89839193 12.38619237  9.21304034  6.12520231  4.03342360  3.55993298
[247]  2.44294345  2.16084857 14.01576577 11.51531713 11.70479817 12.37622358
[253] 10.68444669  6.77432960 14.18650744  2.75613333  1.92720215  2.49280864
[259]  2.20221865  5.67986881  2.08287471 17.34124723 14.03829110 12.58855777
[265] 10.32975615 16.72096265  8.63033497  5.20089206  1.71619784  5.77368679
[271]  4.72618401  2.87424847  0.28473294  0.95593745  0.31964178  9.85320694
[277]  7.66409678  6.13867969  6.58258908  3.54174087  0.68340795  1.89704423
[283]  2.46991326  1.55081370  1.18772036  1.01916455  0.95600440 17.25712947
[289] 14.98237965 12.09178518  7.39429564  6.52971925  5.48741252  7.20791669
[295]  7.12365262  0.33441087  4.01540077  2.49764419  0.67174651  8.79147183
[301]  5.97384772  1.70184432  0.54495589 16.11154625 15.06179805  5.89827612
[307]  0.95333071  6.21126482  5.67895382  2.27386696  5.48257716  6.50227683
[313]  1.02960661  0.52383605  7.40853486  6.80451504  4.10210029  4.63864695
[319] 12.00374022  1.80392591  6.51071215  6.02496429  5.84464634  2.92558664
[325]  4.38389811  2.47692767  0.70055506  1.29986621  0.61434273  1.49573799
[331]  1.38608152  0.76521096  0.46500730  0.61811975

$PAR
  [1]  NA   1   1   1   1   1   1   1   1   1   1   1   1   1   1   1   1   1
 [19]   5   5   5   5   5   5   5   5   5   6   6   6   7   8   8   9   9   9
 [37]   9  12  12  14  14  14  15  15  16  16  16  18  19  19  20  21  21  21
 [55]  21  22  22  23  23  24  26  27  27  27  31  32  33  33  33  33  33  33
 [73]  34  34  40  41  43  43  43  47  49  49  50  54  54  55  56  59  59  60
 [91]  63  63  65  65  68  68  70  70  70  70  71  71  73  73  76  77  77  77
[109]  78  81  81  81  81  81  82  82  82  82  83  86  87  87  88  88  91  93
[127]  94  95  95  95  95  96  96  99 101 109 109 110 111 111 112 112 112 112
[145] 112 112 112 112 113 113 115 115 116 116 116 116 117 119 119 121 123 125
[163] 125 125 127 128 128 128 128 128 132 135 138 142 143 144 145 145 146 146
[181] 148 149 149 149 150 150 150 150 151 151 151 151 155 155 156 158 158 159
[199] 160 160 161 161 162 164 166 166 167 169 173 173 175 175 175 175 175 175
[217] 177 177 180 182 182 184 187 190 192 192 193 194 195 201 202 203 203 203
[235] 205 206 206 207 209 211 212 212 214 214 215 215 215 215 218 218 219 221
[253] 222 222 228 232 232 234 235 236 237 239 239 239 239 240 243 243 243 244
[271] 244 244 245 246 247 253 253 253 254 254 254 257 258 259 260 261 261 262
[289] 262 264 265 265 265 267 267 267 268 268 274 276 278 282 282 288 288 290
[307] 291 292 292 292 293 295 298 299 300 300 300 301 305 309 315 316 316 317
[325] 321 321 321 323 323 324 325 326 330 331

$EXTANT
  [1] FALSE FALSE FALSE FALSE FALSE FALSE FALSE FALSE FALSE FALSE FALSE FALSE
 [13] FALSE FALSE  TRUE FALSE FALSE FALSE FALSE FALSE FALSE FALSE FALSE FALSE
 [25] FALSE FALSE FALSE FALSE FALSE FALSE FALSE FALSE FALSE FALSE FALSE FALSE
 [37] FALSE FALSE FALSE  TRUE  TRUE  TRUE  TRUE  TRUE FALSE FALSE  TRUE FALSE
 [49] FALSE FALSE FALSE FALSE FALSE FALSE FALSE FALSE FALSE FALSE FALSE FALSE
 [61] FALSE FALSE FALSE FALSE FALSE FALSE FALSE  TRUE FALSE  TRUE FALSE FALSE
 [73] FALSE FALSE FALSE FALSE  TRUE FALSE  TRUE  TRUE FALSE FALSE FALSE FALSE
 [85] FALSE FALSE FALSE FALSE FALSE FALSE FALSE FALSE FALSE FALSE  TRUE  TRUE
 [97] FALSE FALSE FALSE  TRUE  TRUE FALSE FALSE FALSE FALSE  TRUE FALSE  TRUE
[109]  TRUE FALSE FALSE FALSE FALSE FALSE FALSE FALSE FALSE FALSE FALSE FALSE
[121] FALSE  TRUE FALSE FALSE FALSE FALSE FALSE FALSE FALSE  TRUE  TRUE  TRUE
[133]  TRUE  TRUE  TRUE  TRUE  TRUE FALSE FALSE FALSE FALSE FALSE FALSE FALSE
[145] FALSE FALSE FALSE FALSE FALSE FALSE FALSE FALSE FALSE FALSE FALSE  TRUE
[157] FALSE FALSE FALSE  TRUE FALSE  TRUE  TRUE  TRUE FALSE  TRUE FALSE  TRUE
[169]  TRUE FALSE  TRUE FALSE FALSE FALSE FALSE FALSE FALSE FALSE FALSE FALSE
[181] FALSE FALSE FALSE FALSE FALSE FALSE FALSE FALSE FALSE  TRUE FALSE FALSE
[193] FALSE FALSE  TRUE FALSE FALSE FALSE  TRUE  TRUE FALSE FALSE FALSE  TRUE
[205] FALSE FALSE FALSE  TRUE FALSE FALSE FALSE FALSE FALSE FALSE FALSE FALSE
[217] FALSE FALSE FALSE FALSE FALSE FALSE FALSE  TRUE FALSE FALSE FALSE FALSE
[229] FALSE FALSE FALSE  TRUE  TRUE  TRUE FALSE FALSE  TRUE  TRUE FALSE FALSE
[241] FALSE FALSE  TRUE  TRUE  TRUE  TRUE  TRUE  TRUE FALSE FALSE FALSE FALSE
[253] FALSE  TRUE FALSE  TRUE  TRUE  TRUE  TRUE  TRUE  TRUE FALSE FALSE FALSE
[265] FALSE FALSE  TRUE  TRUE  TRUE FALSE FALSE FALSE  TRUE  TRUE  TRUE FALSE
[277]  TRUE FALSE FALSE FALSE  TRUE  TRUE  TRUE  TRUE  TRUE  TRUE  TRUE FALSE
[289] FALSE  TRUE  TRUE  TRUE FALSE FALSE  TRUE FALSE  TRUE FALSE  TRUE FALSE
[301]  TRUE  TRUE  TRUE FALSE FALSE  TRUE FALSE  TRUE  TRUE  TRUE FALSE  TRUE
[313]  TRUE  TRUE FALSE FALSE FALSE  TRUE  TRUE  TRUE FALSE  TRUE  TRUE  TRUE
[325]  TRUE  TRUE  TRUE  TRUE  TRUE  TRUE  TRUE  TRUE  TRUE FALSE

