
Birth-death simulation object with 122 species and 24 extant species

Details for some species:

Extinction times (NA means extant)
[1] 45.04307 38.28429 42.85757 42.36737 34.39480 38.95517


Speciation times 
[1] 49.26651 48.66038 45.95734 46.01162 43.30650 39.81147


Species parents (NA for initial)
[1] NA  1  1  2  2  2


Species status (extinct or extant)
[1] "extinct" "extinct" "extinct" "extinct" "extinct" "extinct"


For more details on vector y, try sim$y, with y one of
TE TS PAR EXTANT



$TE
  [1] 45.0430701 38.2842882 42.8575699 42.3673714 34.3947975 38.9551675
  [7] 32.0290342 42.6585294 39.0381007 39.0748970 38.1003267 27.2516901
 [13] 29.0916500 36.5363133  8.5271618 29.2295762 38.4951734 35.0105256
 [19] 27.5240134 31.1947249 28.6076294 29.1735236 33.9209207 20.8765966
 [25] 26.1644680  7.8232832 11.7594983         NA 15.1083675 27.2564276
 [31] 25.6683606 31.6350502 15.7624282 16.3343357 11.6719220  4.5832558
 [37] 20.9911349  9.3148453 17.4360437 18.3287013 15.2887063 15.0002284
 [43] 10.4413247 26.0167029 13.1813198 11.0846291         NA         NA
 [49] 20.6818000  2.3724224 19.1364653 12.0452085 15.3295695 23.6401851
 [55] 15.0702439 14.1436907 15.6709230 10.8479729 14.9057366 25.1925474
 [61] 14.4116164  0.1968030         NA         NA         NA 20.6022732
 [67]  7.9865776  1.5568494 24.8840384 10.7561010 16.8571960 17.2115457
 [73] 12.4448204 11.2830668         NA  9.8160525         NA         NA
 [79] 13.8162383 16.9919499 14.5746332 14.7454359         NA  9.7822451
 [85]  1.8042358 19.9773408 11.0780788  1.1403842 13.9157894 10.5730309
 [91]  4.9998727         NA  5.1598659  3.1201871         NA         NA
 [97] 11.1270778 14.2756585 12.5095433  1.4688120  0.5581074         NA
[103]  8.0518857  2.1723421  0.2349064  0.4406044         NA  2.6013054
[109]  2.8595491         NA  0.8531337  7.2151448         NA         NA
[115]         NA         NA  2.3367512  2.7702131         NA         NA
[121]         NA         NA

$TS
  [1] 49.26651148 48.66037925 45.95734476 46.01162285 43.30649743 39.81146944
  [7] 44.97112298 44.02400128 44.28506356 39.85312473 38.76274873 37.18817061
 [13] 33.65718285 39.74182730 38.65895197 38.59977399 38.55775928 35.66949383
 [19] 31.82884199 32.43019488 29.78809206 29.37039951 35.60443410 34.48487036
 [25] 27.21491640 22.41490570 12.62615079  8.91057574 38.51181179 37.75158415
 [31] 29.04979388 33.39082356 20.73784155 19.74508771 11.86456541  6.01187328
 [37] 28.92967225 26.43463127 24.29876276 21.75821347 18.83554139 16.40981081
 [43] 16.06072720 28.48908300 18.42832159 18.14956332  5.15816266  4.94103652
 [49] 26.71543171 23.66804895 26.27457127 17.54494674 16.18140063 24.11722803
 [55] 20.26912592 20.18616258 18.09952039 15.89868194 16.01393224 28.37043080
 [61] 14.78743329  2.69652210  3.14956900  2.40324123  1.17895212 20.86115505
 [67]  9.01392901  5.98314661 25.46574847 25.04522659 20.24342093 17.98414669
 [73] 16.65602188 12.16762482 10.93133121 14.41417877  2.54676502  5.80204825
 [79] 23.71065546 20.82022021 19.76876043 17.63543726 10.83528516 10.38411706
 [85]  7.56045262 21.98356117 19.15284730 18.25000868 19.05478069 10.76975593
 [91]  9.87397706  4.03234170 10.15755971  6.34763696  6.01431327  4.73290326
 [97] 12.93488881 15.79714823 15.17838680  6.95954488  5.91324375  4.13092658
[103]  9.11045843  5.30815851  5.64081137  1.50254536  0.56667717  6.68306559
[109]  4.63309762  3.87623780  1.35246189  8.42269015  4.86070434  3.84064780
[115]  0.80836003  0.05515891  5.68296609  5.58681860  3.42209966  1.96351814
[121]  3.00846719  2.95415784

$PAR
  [1]  NA   1   1   2   2   2   3   3   4   5   5   5   7  10  11  11  11  12
 [19]  12  13  13  13  15  15  15  15  15  15  16  16  19  24  26  26  26  28
 [37]  29  29  29  29  29  29  29  31  34  34  36  36  37  37  38  38  38  39
 [55]  39  40  41  41  43  44  46  47  48  48  48  50  50  50  51  51  55  55
 [73]  56  58  58  61  62  68  70  70  70  70  75  75  75  79  80  80  81  83
 [91]  83  83  84  85  85  85  87  88  88  88  88  88  93  93  94  96  96 100
[109] 100 100 102 103 104 105 106 107 108 108 110 110 117 121

$EXTANT
  [1] FALSE FALSE FALSE FALSE FALSE FALSE FALSE FALSE FALSE FALSE FALSE FALSE
 [13] FALSE FALSE FALSE FALSE FALSE FALSE FALSE FALSE FALSE FALSE FALSE FALSE
 [25] FALSE FALSE FALSE  TRUE FALSE FALSE FALSE FALSE FALSE FALSE FALSE FALSE
 [37] FALSE FALSE FALSE FALSE FALSE FALSE FALSE FALSE FALSE FALSE  TRUE  TRUE
 [49] FALSE FALSE FALSE FALSE FALSE FALSE FALSE FALSE FALSE FALSE FALSE FALSE
 [61] FALSE FALSE  TRUE  TRUE  TRUE FALSE FALSE FALSE FALSE FALSE FALSE FALSE
 [73] FALSE FALSE  TRUE FALSE  TRUE  TRUE FALSE FALSE FALSE FALSE  TRUE FALSE
 [85] FALSE FALSE FALSE FALSE FALSE FALSE FALSE  TRUE FALSE FALSE  TRUE  TRUE
 [97] FALSE FALSE FALSE FALSE FALSE  TRUE FALSE FALSE FALSE FALSE  TRUE FALSE
[109] FALSE  TRUE FALSE FALSE  TRUE  TRUE  TRUE  TRUE FALSE FALSE  TRUE  TRUE
[121]  TRUE  TRUE

