
Birth-death simulation object with 222 species and 65 extant species

Details for some species:

Extinction times (NA means extant)
[1] 39.39058 39.02370 42.35063 44.79745 36.13740 35.67789


Speciation times 
[1] 49.26651 45.66953 42.48013 45.33652 44.17668 39.72354


Species parents (NA for initial)
[1] NA  1  1  2  2  2


Species status (extinct or extant)
[1] "extinct" "extinct" "extinct" "extinct" "extinct" "extinct"


For more details on vector y, try sim$y, with y one of
TE TS PAR EXTANT



$TE
  [1] 39.39058141 39.02369711 42.35063331 44.79745152 36.13740383 35.67788925
  [7] 25.02451082 14.24643124 20.59494720 27.08036721 33.63993495 29.91010275
 [13] 14.90318609 15.05334714 25.49222159 21.23295411 25.02629664 20.04427810
 [19] 14.92671071 37.55625893 15.24362503 22.04540133 21.92545657 28.19728736
 [25] 15.34924775 13.66711242 13.26283103 16.39335061 16.06136926 14.81883093
 [31] 15.86195291  5.13536397 29.35674051 25.05108878 20.27663300 15.34401657
 [37] 14.23879901 12.66541937 15.28788712 19.64403026 19.42161104 13.36065004
 [43] 14.34671637 18.25551638 14.47483211          NA 21.05387747 15.40414990
 [49] 12.52828216 13.14001840 16.20774360 13.97982163 12.99684029 15.05922303
 [55] 11.68835137 20.06242253 14.60374425 14.30108866 12.39588758 10.99007473
 [61]          NA          NA  6.42083948  7.46178199 19.82475407 24.94869462
 [67] 22.08530164 14.31489341 14.62751357 14.64448210 17.68980830 15.06793071
 [73] 13.17223412 13.53617217 12.48359759 27.51486397 13.89693804 25.64376200
 [79] 16.59121392 15.99087043 15.00907621          NA  6.28642686 12.69772995
 [85] 16.45491131 14.74484694 11.09615643          NA          NA          NA
 [91]  1.02679936  1.63691110 11.56806972 16.90698487 12.60561336 15.16081280
 [97] 15.44342138 13.88266684  3.25117102          NA  5.55701736  6.46743250
[103]          NA          NA 14.16763004 13.01998903 22.67307296 11.70855939
[109] 12.89825014 14.91597036 14.06408762 14.20793649 25.16190791 22.97870186
[115] 21.85054426 14.08591181 11.60604144          NA          NA  6.62438415
[121] 12.99353233 14.27334051          NA          NA  4.36821125          NA
[127] 12.62366121  1.79176623 11.67108218 15.20237072 15.09644088  3.20648986
[133]  2.51478048          NA          NA          NA  1.37379189          NA
[139]          NA          NA  0.96447260          NA 15.28493702 23.80574068
[145] 21.07977872 15.79141038 12.17681027 13.21793891 13.08634111 13.84284695
[151] 14.45678357 11.28826552 15.74403370 21.59827283          NA          NA
[157]  6.89541522          NA          NA  3.39439465          NA          NA
[163]  4.87507402  1.43157129          NA          NA          NA 13.76735001
[169] 11.54622238 12.76609952 17.11539381 12.13389783          NA 15.27600493
[175] 10.32062550 10.41476595          NA          NA          NA  5.45399565
[181]  7.07095958  2.24421879          NA  4.59441381          NA          NA
[187]  0.74643045          NA 20.04068294 12.26918106          NA  0.81442345
[193]          NA          NA          NA  7.48124887          NA          NA
[199]          NA          NA          NA  5.68142611          NA          NA
[205]          NA  1.79550055          NA  7.83867684          NA          NA
[211]          NA          NA          NA          NA          NA          NA
[217]  0.03122729          NA          NA          NA          NA          NA

$TS
  [1] 49.26651148 45.66953174 42.48012905 45.33652353 44.17667526 39.72353562
  [7] 42.63551286 41.78749009 38.33016797 36.41178757 37.08166013 35.40640238
 [13] 27.44522919 35.82476431 35.42174003 31.14520126 31.10899597 20.21154894
 [19] 15.97068221 38.00265104 31.61898511 25.74152372 31.04571986 31.42802760
 [25] 25.15665519 20.04398112 19.62556953 17.27474866 24.40401976 18.67709059
 [31] 18.05750316 15.28674872 32.82284153 27.88690196 27.52166632 29.71725470
 [37] 24.12722823 20.10054808 30.93873415 19.98363257 19.52367595 17.27939900
 [43] 22.75667031 25.62353054 24.91625141 24.02886307 21.08273975 20.16611245
 [49] 18.93342160 18.23920168 17.06005866 17.90881829 17.21083985 16.98749566
 [55] 16.46656571 23.74701557 21.45921868 14.87569589 12.63700967 11.25968941
 [61] 11.23465773  9.76665119  8.87634910  8.68582449 26.50538085 26.14323717
 [67] 29.55303341 18.91366425 17.63359347 17.00121145 20.47013141 16.46677938
 [73] 16.18310117 14.63609966 18.37816328 30.28764130 27.81834154 27.60068172
 [79] 19.57867798 18.20059753 16.37288892 16.17136664 13.49477988 17.43835763
 [85] 16.78925920 17.95105295 16.21480008 10.95828498  7.78643902  7.17777035
 [91]  2.51684785  1.76467176 19.16631704 18.43988525 16.24870405 15.82569468
 [97] 16.04265000 16.66801374 15.85326149  8.91471694  8.57356829  8.46165059
[103]  7.66451952  8.39545154 24.27959195 25.93607012 23.14304482 14.71248631
[109] 14.71088703 20.20500360 16.27369979 28.47310758 27.75928290 24.95637771
[115] 23.09937274 15.62244131 11.80170535  0.80694560  9.16636662  8.10034476
[121] 13.71671244 15.14827359  2.98069517  6.36453309  5.79189810  2.12760832
[127] 12.63691834 11.91769931 11.87822866 16.47759676 15.67758041  5.06184233
[133]  7.41279762  7.14957758  5.20340183  4.70138227  5.82922509  1.17878980
[139]  0.81273319  0.80031819  5.79375047  0.37144779 22.75857070 24.32813949
[145] 23.58043342 16.23903029 13.05665316 14.35670991 15.94057681 14.12986886
[151] 21.72307124 14.42365797 23.64974409 22.75888189 11.61611514  0.12855594
[157]  8.93132309  8.32498922  6.96935512  6.25901144  4.04925180  6.07383215
[163]  6.99157955  6.94148704  5.65603321  1.69770601  1.26476597 18.76101612
[169] 17.60452381 13.26349584 19.38891723 12.25331531 23.14601038 22.48498972
[175] 16.52248213 11.11852307  6.36909951  2.78746265  0.02587747  7.92405297
[181]  7.15075941  3.16791155  3.32208170  5.75821068  6.79990620  5.43769568
[187]  3.83583532  0.24395618 20.41944070 12.61072522  6.69916413  5.65183084
[193]  4.27955611  2.63721227  1.16459158 13.05746344  4.83757477  4.78078548
[199]  1.38287516  3.19838218  6.38919340  5.91300381  3.88804754  2.25792586
[205]  3.08064365  2.29319684  0.13628912  9.39065252  8.08565048  1.54502562
[211]  0.64580407  0.44194851  4.22583855  0.93220021  0.33501329  2.96205501
[217]  1.84195125  5.70165194  4.12999019  0.37031973  0.07341668  1.38226823

$PAR
  [1]  NA   1   1   2   2   2   5   5   5   5   7   7   7   8   8   8   8   8
 [19]   8   9   9   9  10  12  13  13  13  13  14  14  14  14  15  15  15  16
 [37]  16  18  21  21  21  21  22  23  25  25  25  25  25  25  26  27  27  28
 [55]  28  29  29  32  32  32  32  32  32  32  34  34  36  36  36  36  37  37
 [73]  37  37  38  39  39  39  39  39  39  39  42  43  43  45  46  46  46  46
 [91]  46  46  48  49  49  49  50  53  53  61  61  61  62  63  65  67  67  70
[109]  70  71  72  76  76  77  77  81  82  82  83  83  84  86  88  90  90  91
[127]  93  93  93  98  99  99 100 100 100 100 103 103 103 103 104 104 105 106
[145] 106 106 106 108 111 111 112 112 114 115 117 118 119 128 128 128 128 133
[163] 134 134 134 134 134 143 143 148 151 152 153 153 153 155 155 155 156 157
[181] 158 158 161 162 164 165 165 167 173 173 173 173 173 173 173 175 185 185
[199] 185 187 191 191 191 192 193 193 193 196 196 197 197 197 198 199 199 200
[217] 200 201 209 209 210 216

$EXTANT
  [1] FALSE FALSE FALSE FALSE FALSE FALSE FALSE FALSE FALSE FALSE FALSE FALSE
 [13] FALSE FALSE FALSE FALSE FALSE FALSE FALSE FALSE FALSE FALSE FALSE FALSE
 [25] FALSE FALSE FALSE FALSE FALSE FALSE FALSE FALSE FALSE FALSE FALSE FALSE
 [37] FALSE FALSE FALSE FALSE FALSE FALSE FALSE FALSE FALSE  TRUE FALSE FALSE
 [49] FALSE FALSE FALSE FALSE FALSE FALSE FALSE FALSE FALSE FALSE FALSE FALSE
 [61]  TRUE  TRUE FALSE FALSE FALSE FALSE FALSE FALSE FALSE FALSE FALSE FALSE
 [73] FALSE FALSE FALSE FALSE FALSE FALSE FALSE FALSE FALSE  TRUE FALSE FALSE
 [85] FALSE FALSE FALSE  TRUE  TRUE  TRUE FALSE FALSE FALSE FALSE FALSE FALSE
 [97] FALSE FALSE FALSE  TRUE FALSE FALSE  TRUE  TRUE FALSE FALSE FALSE FALSE
[109] FALSE FALSE FALSE FALSE FALSE FALSE FALSE FALSE FALSE  TRUE  TRUE FALSE
[121] FALSE FALSE  TRUE  TRUE FALSE  TRUE FALSE FALSE FALSE FALSE FALSE FALSE
[133] FALSE  TRUE  TRUE  TRUE FALSE  TRUE  TRUE  TRUE FALSE  TRUE FALSE FALSE
[145] FALSE FALSE FALSE FALSE FALSE FALSE FALSE FALSE FALSE FALSE  TRUE  TRUE
[157] FALSE  TRUE  TRUE FALSE  TRUE  TRUE FALSE FALSE  TRUE  TRUE  TRUE FALSE
[169] FALSE FALSE FALSE FALSE  TRUE FALSE FALSE FALSE  TRUE  TRUE  TRUE FALSE
[181] FALSE FALSE  TRUE FALSE  TRUE  TRUE FALSE  TRUE FALSE FALSE  TRUE FALSE
[193]  TRUE  TRUE  TRUE FALSE  TRUE  TRUE  TRUE  TRUE  TRUE FALSE  TRUE  TRUE
[205]  TRUE FALSE  TRUE FALSE  TRUE  TRUE  TRUE  TRUE  TRUE  TRUE  TRUE  TRUE
[217] FALSE  TRUE  TRUE  TRUE  TRUE  TRUE

