
Birth-death simulation object with 258 species and 89 extant species

Details for some species:

Extinction times (NA means extant)
[1] 14.88939 30.39955 29.31886 24.62577 27.66090 23.25222


Speciation times 
[1] 49.26651 43.70354 35.95567 32.60902 29.97325 27.58431


Species parents (NA for initial)
[1] NA  1  1  1  1  1


Species status (extinct or extant)
[1] "extinct" "extinct" "extinct" "extinct" "extinct" "extinct"


For more details on vector y, try sim$y, with y one of
TE TS PAR EXTANT



$TE
  [1] 14.88938816 30.39954599 29.31885902 24.62577291 27.66090424 23.25222103
  [7] 19.87148588  4.44092790 23.05140267 12.60577811 35.10918213 30.66076330
 [13] 32.48669792 29.61844926 33.04966878 24.68340649 10.81933840 24.21702303
 [19] 24.15872577 12.92005013 13.68395494 14.92474729 15.42312560 12.57715514
 [25] 13.36187060 10.81774178 10.64400858  8.19663769  8.90889437          NA
 [31]  0.48206143  1.36734077 15.30776526 14.09112662 13.49346914 12.70714065
 [37] 13.47739763 31.55256210 23.09122782 26.23754289 24.00427866 18.31294959
 [43] 16.37155578 14.98623988 12.57380278 17.18401069  4.50293017 11.04337717
 [49] 10.81322378  5.66197173          NA  2.05216656  0.56258065          NA
 [55]  4.97962864          NA 18.39918357  2.92660437 15.38613644 13.59234982
 [61] 11.18730322 34.10496312 34.30574982 28.22903066 11.95820336 15.92117936
 [67] 30.79675286 18.21769397 16.30019592 14.21273315 14.89520487 16.98480257
 [73] 13.71722827 10.69277690  3.15900443  3.50513528          NA  3.93726602
 [79]  4.93053640          NA  5.46728814          NA          NA          NA
 [85]  3.86170475          NA 16.98997415 11.26123284  0.41234325          NA
 [91] 11.35522729 12.80526353 11.50471302  0.20765784 32.04246023 26.06489804
 [97] 23.58643212  7.93420723 20.25760292 13.26572156 15.03190805 22.82783623
[103] 16.16523349 20.65568044 15.03848109 15.35331709 14.89791148 13.95523190
[109] 14.04289625 12.35277100 14.06733250 14.71426418  7.16952846  8.26479261
[115]          NA          NA          NA          NA  0.06850209  1.24824873
[121]  4.46219826  2.92160572  1.92657871          NA          NA  0.11694032
[127] 11.29783325          NA          NA          NA          NA          NA
[133]          NA 25.74774133 24.31595499 22.74112524 15.19003134 14.63432713
[139] 12.71715351          NA 12.39459584 10.45391375  9.58213855          NA
[145] 12.12033460 14.24029843 15.80026921 13.58661545 14.48661466 14.87867555
[151] 14.24476917  2.36270706  3.04995474          NA          NA          NA
[157]  1.67640810          NA          NA  0.05201083          NA  1.33080898
[163]  4.43509359          NA          NA          NA          NA          NA
[169]          NA          NA          NA          NA  6.32020367          NA
[175]          NA          NA          NA          NA 12.18466546 14.22732160
[181] 15.57735638 12.88455063          NA 14.73058414 11.82053249          NA
[187]          NA          NA  2.75207033          NA          NA          NA
[193]          NA          NA          NA          NA          NA          NA
[199] 15.39367314 15.36883372 10.84542553 11.58616194          NA  6.47885296
[205]  3.34445471 13.28537977 11.99427245 12.02458544          NA          NA
[211]          NA          NA          NA 12.42805753  1.76052602  2.38970340
[217]          NA  4.43637606  8.38503667  7.02248829          NA 17.88275260
[223]  1.92111239          NA          NA  3.73620442          NA  5.22342810
[229]          NA  4.78516899  8.69468492 12.42529301 12.18291977  3.51608534
[235]          NA          NA          NA  4.95386425          NA          NA
[241]  1.39312525          NA  3.55174977          NA          NA  0.71043434
[247]          NA  3.11870114          NA          NA          NA          NA
[253]          NA          NA          NA          NA          NA          NA

$TS
  [1] 49.26651148 43.70354172 35.95566711 32.60902495 29.97325056 27.58430812
  [7] 26.85848684 23.98914962 23.17273691 20.05525650 41.55747571 36.98705580
 [13] 34.33316044 30.73605384 33.59348976 26.91644752 26.33420211 29.19694394
 [19] 24.83659490 23.95507143 20.62796079 19.89734606 18.71667104 15.30816197
 [25] 14.33120047 12.50318074 11.40373060  9.89290044  9.40929642  8.91265653
 [31]  8.18474323  5.08044358 19.95355468 17.30208049 15.44605709 14.16736509
 [37] 13.67337030 38.74850136 37.70496985 36.55006961 30.85147315 25.00886448
 [43] 17.68550465 28.36782603 14.35467223 18.04845393 15.99201656 11.80526407
 [49] 10.82413497  9.40000042  6.63786072  4.90506283  0.64034679  6.47219451
 [55]  6.46977342  2.36467993 19.89935356 18.71203566 17.73549209 15.95299799
 [61] 14.52092585 37.08533107 35.47377636 32.24412306 27.71010902 34.39470827
 [67] 34.08395825 21.24248788 17.26893428 25.90870792 22.36755727 21.71547909
 [73] 20.91807657 11.47186159  9.69095104  7.81387515  6.87110642  8.37813766
 [79]  7.07662538  6.49705252  5.96781980  4.55018031  5.55154186  5.02284396
 [85]  4.39477362  2.27133269 18.70015824 12.70819071  5.23203786  4.28494775
 [91] 13.84849064 14.35271537 12.74037742 11.79118421 34.24698523 30.08114362
 [97] 30.03808807 28.60739473 21.55171981 13.53949018 31.66243269 24.45181706
[103] 17.04086234 25.86115022 22.04231038 16.08036986 15.23096420 14.32391012
[109] 17.95988954 15.68736949 19.02276011 16.62268009  9.60731359  8.49687053
[115]  5.68207962  5.67885107  4.12431924  5.12318928  4.70935172  3.94324373
[121]  6.46504110  6.06356130  4.11123186  2.89520293  0.52017946  4.04509267
[127] 11.59326833  1.30500335 10.18572771  7.24593548  5.75719836  4.64470204
[133]  1.26616746 26.87433230 27.83241044 24.68097691 18.26352609 15.43514159
[139] 15.03066896 14.57032594 13.48316317 11.71279107 10.92502261  9.15565464
[145] 30.39747996 15.78207382 16.70193772 16.22239076 17.02302394 15.09465544
[151] 14.49803157  3.31483424  4.13454930  0.90149072  0.07530469  1.74669563
[157]  4.56757000  3.49854093  0.82891087  0.43472734  3.45763526  6.12580212
[163]  5.34038552  4.70907133  4.18494602  2.09896237  2.77542988  0.89401340
[169]  5.26566938  1.79885791  1.15730158  7.06045793  6.75374347  5.86036135
[175]  2.04939019  1.41465049  1.02947220  2.91253444 26.29055674 16.82159624
[181] 16.20864507 12.94030262 12.89602862 21.67576946 14.65411530  0.71228789
[187]  4.56664661  2.78105924  5.97903492  1.07200471  0.18920474  1.62181160
[193]  0.59944650  4.74055971  4.13433106  0.77431713  0.99294644  0.08892595
[199] 25.37217174 15.60518416 15.58126730 12.21071285 10.68044389  9.58527171
[205]  5.89046746 20.43928725 15.59825062 12.47966929  1.15620390  0.15496059
[211]  5.64922374  2.68667669  0.11317704 13.17300151 10.25921695  9.83493820
[217]  0.79857296  9.25550884  8.86103407  8.71395048  4.09246116 18.22756299
[223] 16.20420124  9.61645685  5.55845490  5.51781323  4.23774838  7.52627826
[229]  0.11596721  8.87103689 14.93679786 13.31474805 12.44068326  8.77398670
[235]  6.01830863  4.29795151  9.55960065  9.49999945  7.74739712  5.57569757
[241]  4.36353032  3.09639065  5.17370915  5.16335818  1.78952261  1.27206018
[247]  1.57562935  5.01521630  1.75945361  1.33541720  0.68080299  2.07651955
[253]  4.74812948  3.89285682  1.82727630  0.23175280  0.92557029  0.79701643

$PAR
  [1]  NA   1   1   1   1   1   1   1   1   1   2   2   2   2   3   4   4   5
 [19]   6   6   8   8   8   8   8   8   8   8   8   8   8   8  10  10  10  10
 [37]  10  11  11  11  12  17  17  18  21  23  23  26  27  28  30  30  30  31
 [55]  31  31  33  33  33  34  35  39  39  39  39  40  40  42  43  44  44  44
 [73]  44  47  47  47  47  50  50  50  51  52  54  54  54  54  58  58  58  58
 [91]  60  61  61  61  62  64  64  64  65  65  66  66  66  70  70  70  70  70
[109]  71  71  72  73  75  75  75  75  75  78  78  78  80  80  80  82  82  84
[127]  88  89  94  94  94  94  94  96  98  98  98  98  98  98  98  98  98  98
[145] 101 101 103 103 105 109 110 115 116 116 116 117 119 119 119 119 120 121
[163] 121 121 122 123 126 128 129 129 129 130 130 130 130 131 131 132 135 137
[181] 137 141 141 145 146 154 157 161 162 164 164 167 168 169 169 169 175 177
[199] 179 180 180 183 183 183 183 184 184 185 188 188 189 195 196 201 203 203
[217] 203 204 204 204 205 206 206 215 215 215 215 216 217 218 223 223 223 223
[235] 223 223 224 224 224 224 225 227 230 234 236 236 237 238 239 239 239 241
[253] 243 243 244 245 252 255

$EXTANT
  [1] FALSE FALSE FALSE FALSE FALSE FALSE FALSE FALSE FALSE FALSE FALSE FALSE
 [13] FALSE FALSE FALSE FALSE FALSE FALSE FALSE FALSE FALSE FALSE FALSE FALSE
 [25] FALSE FALSE FALSE FALSE FALSE  TRUE FALSE FALSE FALSE FALSE FALSE FALSE
 [37] FALSE FALSE FALSE FALSE FALSE FALSE FALSE FALSE FALSE FALSE FALSE FALSE
 [49] FALSE FALSE  TRUE FALSE FALSE  TRUE FALSE  TRUE FALSE FALSE FALSE FALSE
 [61] FALSE FALSE FALSE FALSE FALSE FALSE FALSE FALSE FALSE FALSE FALSE FALSE
 [73] FALSE FALSE FALSE FALSE  TRUE FALSE FALSE  TRUE FALSE  TRUE  TRUE  TRUE
 [85] FALSE  TRUE FALSE FALSE FALSE  TRUE FALSE FALSE FALSE FALSE FALSE FALSE
 [97] FALSE FALSE FALSE FALSE FALSE FALSE FALSE FALSE FALSE FALSE FALSE FALSE
[109] FALSE FALSE FALSE FALSE FALSE FALSE  TRUE  TRUE  TRUE  TRUE FALSE FALSE
[121] FALSE FALSE FALSE  TRUE  TRUE FALSE FALSE  TRUE  TRUE  TRUE  TRUE  TRUE
[133]  TRUE FALSE FALSE FALSE FALSE FALSE FALSE  TRUE FALSE FALSE FALSE  TRUE
[145] FALSE FALSE FALSE FALSE FALSE FALSE FALSE FALSE FALSE  TRUE  TRUE  TRUE
[157] FALSE  TRUE  TRUE FALSE  TRUE FALSE FALSE  TRUE  TRUE  TRUE  TRUE  TRUE
[169]  TRUE  TRUE  TRUE  TRUE FALSE  TRUE  TRUE  TRUE  TRUE  TRUE FALSE FALSE
[181] FALSE FALSE  TRUE FALSE FALSE  TRUE  TRUE  TRUE FALSE  TRUE  TRUE  TRUE
[193]  TRUE  TRUE  TRUE  TRUE  TRUE  TRUE FALSE FALSE FALSE FALSE  TRUE FALSE
[205] FALSE FALSE FALSE FALSE  TRUE  TRUE  TRUE  TRUE  TRUE FALSE FALSE FALSE
[217]  TRUE FALSE FALSE FALSE  TRUE FALSE FALSE  TRUE  TRUE FALSE  TRUE FALSE
[229]  TRUE FALSE FALSE FALSE FALSE FALSE  TRUE  TRUE  TRUE FALSE  TRUE  TRUE
[241] FALSE  TRUE FALSE  TRUE  TRUE FALSE  TRUE FALSE  TRUE  TRUE  TRUE  TRUE
[253]  TRUE  TRUE  TRUE  TRUE  TRUE  TRUE

