
Birth-death simulation object with 190 species and 30 extant species

Details for some species:

Extinction times (NA means extant)
[1] 38.57123 42.50156 37.58996 30.23350 39.11573 42.07293


Speciation times 
[1] 49.26651 45.75494 45.19775 44.12544 44.11808 43.54624


Species parents (NA for initial)
[1] NA  1  2  2  3  4


Species status (extinct or extant)
[1] "extinct" "extinct" "extinct" "extinct" "extinct" "extinct"


For more details on vector y, try sim$y, with y one of
TE TS PAR EXTANT



$TE
  [1] 38.57122889 42.50155950 37.58996025 30.23350475 39.11572633 42.07293229
  [7] 32.02513698 35.50055481 18.95862723 28.85913896 32.91867919 39.66242587
 [13] 15.07417130 21.33460277 29.20408982 27.83908135 26.98079190 20.68216002
 [19] 11.70905312 16.36195521 19.25651669 22.91245562 39.81260487 36.28122809
 [25] 27.07507401 19.42247466 18.81402633 14.22842932 28.31559700 21.03915727
 [31] 31.00294737 26.00930826 13.73394353 14.07328788 14.07372331 19.38615505
 [37] 15.30281341 18.25250190 13.41003122 15.24402012 13.69733775 13.14481667
 [43] 21.25370349 22.15026317 13.24875168 20.71638297 22.91683208 17.68223003
 [49] 10.74187468 20.13063119  1.18516211 13.47299153 11.05807796 17.78139002
 [55] 14.40512188 10.79343388 16.39550393 18.82906381 15.25906903 11.44968223
 [61] 15.04536010  2.69217386 24.49993599 23.63925438 20.59777961 25.47609866
 [67] 15.01169782 22.83036018 20.12670172 21.55547663 22.58862690 20.06663616
 [73] 13.70214866 10.83622700 14.89761581 14.13478142 13.78357546  1.53172312
 [79] 13.61056614 16.56516626 12.51288207 14.87767721 14.76307955 13.46628104
 [85] 12.50858682  6.09317006  1.06531535          NA 12.40883058 22.76453417
 [91] 22.18374221  5.83573760 19.81940862 12.75114886 23.26310001 13.89476461
 [97] 14.21831287 11.44496605 14.17870073 11.94787722 20.33659775 13.29840758
[103] 15.03964288 15.32730215 12.56221247          NA  6.03373333          NA
[109] 20.45594093 14.59214869 12.53986287 20.86672914 12.25429148 12.50070662
[115] 13.15855931  6.38002621  9.23058371 17.51112786 20.97000168 14.04497090
[121] 12.33542588 10.53746647 13.81928721 12.68204326 13.96643086 14.60978837
[127]  0.03694064          NA          NA          NA  5.60517210          NA
[133] 13.90421952 11.97493864 15.24430948 16.10160577 13.32007453 11.89896124
[139] 10.87327557 11.40130029 14.96463003  4.07430859          NA          NA
[145]          NA          NA 11.71741615 13.57851393 12.32644049 14.13505887
[151] 12.83015255  7.99819665  1.48883622          NA 13.41563218 13.71270924
[157]          NA  0.58941000  1.12845342 13.83621114 11.37809925          NA
[163]  6.78874333  5.98001381  2.13664088  2.97535302          NA 12.80769937
[169]  4.39759288          NA          NA          NA  3.64240487          NA
[175]  1.31660212          NA  9.00850439  4.33160785          NA          NA
[181]          NA          NA          NA          NA          NA          NA
[187]          NA          NA  0.80873834  1.06954448

$TS
  [1] 49.2665115 45.7549374 45.1977546 44.1254412 44.1180797 43.5462384
  [7] 38.8565865 37.8635233 33.2475317 30.4401815 43.7924727 40.8683037
 [13] 37.0809574 34.8580530 36.5833749 31.8037401 31.6653526 29.7604377
 [19] 27.9225740 24.4493927 22.8595542 29.0638228 42.0719851 36.8660275
 [25] 27.9756163 23.6864463 21.9622075 17.4535986 33.2495536 21.7690076
 [31] 31.8253672 29.9155289 30.8351630 21.7576494 14.7439895 22.0261768
 [37] 20.7219692 26.0119728 21.4642030 19.9892581 16.9100592 16.6228445
 [43] 29.5742459 28.4787715 28.4741116 28.4153709 25.4529500 21.1859591
 [49] 17.7135745 21.5351509 16.9508271 14.2149714 14.1421575 19.1483445
 [55] 15.6792745 22.2400443 22.1832070 20.4675539 16.4379351 19.2229762
 [61] 16.0093111 15.8908002 27.3735674 24.5578490 25.8976515 27.8152305
 [67] 26.3375254 26.1351211 24.3972239 22.4175077 25.3217831 23.0332255
 [73] 17.1862267 13.8429574 16.6154658 14.3939187 14.1942758  2.9533257
 [79] 21.2875269 20.2295383 13.4418466 16.8844198 16.3047522 14.9259630
 [85] 12.5700951 10.8320134  7.2762792  4.8176827 23.7502776 23.3719726
 [91] 23.2929492 19.0420635 24.8940948 21.5910153 23.3763535 16.6805544
 [97] 14.7323251 12.1732326 14.3842652 14.1929352 20.7776683 14.3267991
[103] 18.4559516 18.4092881 13.3456614  9.3396484  6.1704610  0.2516847
[109] 23.7333960 14.8261236 12.7860949 23.0263029 15.3503004 14.6440351
[115] 13.3771691 10.6329218  9.4088509 22.7569567 21.8732976 21.2079218
[121] 19.9416621 11.5587872 13.9314026 17.3559226 16.7401577 16.6887915
[127]  5.8530223  3.0493953  1.0685560  0.1291971  6.8167966  6.5066319
[133] 19.1407904 19.8328109 18.1815857 16.4391486 16.2819779 13.0536931
[139] 11.4325690 17.2028097 16.3232271 15.8054918 15.8380383  2.7246462
[145]  0.5564905  5.6447138 14.6271890 16.9556146 12.6023282 15.6378271
[151] 14.1464435 11.1261652  9.5731926  5.2516085 14.7388982 14.4605165
[157]  9.7233958  8.6630617  5.1864709 14.1845236 12.6934550  8.0180602
[163]  8.8366417  6.9761363  4.9148520  4.8635045  2.0449945 13.7471858
[169]  8.5448628  8.2472719  4.8717629  4.3245797  3.6983181 13.0882208
[175]  4.6875831  1.5698246 10.3305894  9.9176652  5.3592755  2.4492943
[181]  2.1027147  0.8198811  1.0789802  0.8695519  0.3116950  1.9744925
[187]  1.9311537  1.8011469  0.9544226  1.5389623

$PAR
  [1]  NA   1   2   2   3   4   4   4   4   4   5   5   7   7   8   9   9   9
 [19]   9   9   9  10  11  11  13  13  13  13  14  14  15  15  17  18  19  20
 [37]  20  22  26  26  28  28  33  33  33  33  33  33  33  34  34  34  35  37
 [55]  37  38  38  39  39  40  40  40  43  43  45  46  46  46  46  46  47  47
 [73]  49  49  51  51  51  51  56  56  56  57  59  60  60  62  62  62  64  65
 [91]  65  67  68  69  71  73  73  74  76  77  79  79  80  80  81  86  87  88
[109]  89  89  89  91  92  92  92  92  92  93  93  94  94  98 100 104 104 104
[127] 106 106 106 106 116 116 118 121 121 121 121 121 122 124 124 124 125 127
[145] 127 132 133 134 134 137 140 142 142 142 143 143 143 143 146 147 147 152
[163] 153 153 153 153 154 155 157 158 159 159 166 168 170 172 174 174 174 179
[181] 179 179 180 180 180 181 181 181 183 186

$EXTANT
  [1] FALSE FALSE FALSE FALSE FALSE FALSE FALSE FALSE FALSE FALSE FALSE FALSE
 [13] FALSE FALSE FALSE FALSE FALSE FALSE FALSE FALSE FALSE FALSE FALSE FALSE
 [25] FALSE FALSE FALSE FALSE FALSE FALSE FALSE FALSE FALSE FALSE FALSE FALSE
 [37] FALSE FALSE FALSE FALSE FALSE FALSE FALSE FALSE FALSE FALSE FALSE FALSE
 [49] FALSE FALSE FALSE FALSE FALSE FALSE FALSE FALSE FALSE FALSE FALSE FALSE
 [61] FALSE FALSE FALSE FALSE FALSE FALSE FALSE FALSE FALSE FALSE FALSE FALSE
 [73] FALSE FALSE FALSE FALSE FALSE FALSE FALSE FALSE FALSE FALSE FALSE FALSE
 [85] FALSE FALSE FALSE  TRUE FALSE FALSE FALSE FALSE FALSE FALSE FALSE FALSE
 [97] FALSE FALSE FALSE FALSE FALSE FALSE FALSE FALSE FALSE  TRUE FALSE  TRUE
[109] FALSE FALSE FALSE FALSE FALSE FALSE FALSE FALSE FALSE FALSE FALSE FALSE
[121] FALSE FALSE FALSE FALSE FALSE FALSE FALSE  TRUE  TRUE  TRUE FALSE  TRUE
[133] FALSE FALSE FALSE FALSE FALSE FALSE FALSE FALSE FALSE FALSE  TRUE  TRUE
[145]  TRUE  TRUE FALSE FALSE FALSE FALSE FALSE FALSE FALSE  TRUE FALSE FALSE
[157]  TRUE FALSE FALSE FALSE FALSE  TRUE FALSE FALSE FALSE FALSE  TRUE FALSE
[169] FALSE  TRUE  TRUE  TRUE FALSE  TRUE FALSE  TRUE FALSE FALSE  TRUE  TRUE
[181]  TRUE  TRUE  TRUE  TRUE  TRUE  TRUE  TRUE  TRUE FALSE FALSE

