
Birth-death simulation object with 196 species and 78 extant species

Details for some species:

Extinction times (NA means extant)
[1] 36.75583 19.43171 22.23096 12.72076 15.00353 11.89242


Speciation times 
[1] 49.26651 49.08716 33.65660 21.28135 32.83053 23.86523


Species parents (NA for initial)
[1] NA  1  2  2  3  3


Species status (extinct or extant)
[1] "extinct" "extinct" "extinct" "extinct" "extinct" "extinct"


For more details on vector y, try sim$y, with y one of
TE TS PAR EXTANT



$TE
  [1] 36.75583136 19.43171307 22.23096434 12.72075727 15.00353317 11.89241791
  [7] 16.60685965 22.86708037 20.26624098 11.88515975 22.57690773 15.83681189
 [13] 11.06036349 13.03972997 12.58039620 15.99589578 17.00020558 13.61741903
 [19] 15.88929450 13.60154828 27.10644671 21.86559685 14.58336408 13.01596532
 [25] 18.46379361 17.32447641 14.79682453 19.45277943 18.12458838 23.03597617
 [31] 14.89793745 14.54188905 15.17711881 14.76450603 14.69845974  6.49700215
 [37] 12.86469438 14.79002332 15.30538946 10.02280813 13.70652841 13.75312591
 [43]          NA 17.68200547 14.37540070 16.19470795 14.64766827 11.28765566
 [49]          NA 10.56580788          NA          NA  6.18018312 12.48155155
 [55] 11.36451331 11.78343652 11.22178690 15.21320902 11.88257417 11.69575427
 [61]          NA  5.48917188 13.88886268  6.86464940          NA          NA
 [67]          NA 11.64740281 12.52330837 12.15655421 10.53276844 10.72163163
 [73]  0.51796881  4.61130034  1.98657154          NA  2.70953820  1.00557959
 [79]  3.76500955  2.66474819 14.17581887  5.21715363  9.33459583          NA
 [85] 15.54714852 13.59935396 14.17846968 12.24955619          NA  2.98858681
 [91]          NA  1.38711616  6.95231554  4.78403107          NA          NA
 [97]          NA  3.98377062          NA          NA  5.33624300          NA
[103]  3.01698111  9.73160732          NA 11.62573234 13.26618881  5.56176649
[109]          NA 13.74293498  2.75418308          NA          NA          NA
[115]  1.89467396          NA          NA          NA  5.25768816          NA
[121]  2.58214334          NA  1.77566542          NA          NA          NA
[127]          NA          NA          NA          NA          NA  5.57309576
[133]          NA 12.03535175          NA          NA          NA          NA
[139]          NA          NA          NA          NA          NA  5.48643640
[145]          NA          NA  6.06861222  5.39808023          NA          NA
[151]          NA  2.89526423  0.56944920          NA          NA          NA
[157]          NA          NA  3.27385081  3.78289577          NA          NA
[163]          NA          NA  7.89447591  6.42668178  2.35108146  5.00057488
[169]          NA  4.44511900          NA          NA          NA          NA
[175]  3.79032595  0.08537339  0.15381980          NA          NA          NA
[181]          NA          NA          NA          NA  5.41634087  2.63805371
[187]          NA          NA          NA  0.18435975  5.08298896          NA
[193]  2.79762479          NA          NA  3.33993491

$TS
  [1] 49.2665115 49.0871594 33.6565979 21.2813529 32.8305285 23.8652265
  [7] 19.8024503 28.7261624 28.6351164 24.5308385 23.8718238 22.9411622
 [13] 19.0203499 17.8248975 16.8180531 18.5438618 17.4634312 15.9469143
 [19] 19.4754442 18.5449248 27.9750680 27.8302785 26.9732943 23.0647375
 [25] 21.9932011 21.2674325 21.2069797 20.3441446 23.9931131 23.7819704
 [31] 21.8922040 20.4915793 19.6361282 17.0926368 14.9896136 19.5058333
 [37] 17.1127086 16.4520352 18.1395561 20.9912251 17.5019088 15.0515565
 [43] 17.6864032 18.8085030 19.0075153 16.3484338 19.3216857 17.6647724
 [49] 13.6257651 11.3717994  8.4286928  8.1006138  7.7361204 16.9832497
 [55] 14.9633686 12.9222002 20.9066873 18.2947282 15.5887584 13.5914263
 [61] 11.0110885 10.4333500 14.0664063  9.2750113  7.4582088  6.1644326
 [67]  4.8609327 15.7105600 12.5480104 12.2615012 11.9776717 10.8547666
 [73]  6.9556019  6.0451279  7.6248600  2.5808864  5.4468122  4.1379946
 [79]  4.0230523  3.3766129 14.5325340 12.7782038 18.1240973 11.6098499
 [85] 17.9487708 16.0499307 15.4445841 12.7274622  9.1875952  2.9921224
 [91]  7.4132027  7.9215481  7.9215471  7.2270835  6.9207146  6.5572175
 [97]  5.4930560  4.6554567  2.1703735  5.9448987  5.4570838  5.3648470
[103]  3.5792819 10.9796415  7.4241687 16.4296972 13.6145818 12.6003940
[109]  3.2602825 14.6767506  5.7117260  5.6122667  2.3607381  6.6367974
[115]  2.1617436  7.5883950  7.2823089  6.1256344  7.7230864  6.8427565
[121]  6.0069315  0.8347403  2.5624665  2.3388893  4.6339623  4.0637492
[127]  2.8340400  2.4512480  2.2776629  3.3902265  7.3734141  7.1791648
[133]  0.5587409 13.0852471 10.1029930  9.4185566  7.5461619  0.3321872
[139]  3.2573483  2.2809574  6.3490107  4.7890976  1.6321799  6.7491135
[145]  4.5655209  1.7146255  6.7890785  5.9831042  2.6496622  1.6249636
[151]  2.4795791  4.0103201  2.1671961  3.3117611  2.4551779  1.6408093
[157]  0.7097815  5.7985345  5.4975476  4.1931744  3.3746147  2.1102608
[163]  0.1757597  9.9423740  9.1010640  6.9743642  6.4466264  6.2001367
[169]  2.7860729  6.7457881  3.5861163  2.4670248  1.9878208  3.0554196
[175]  5.3787825  2.6240486  2.2179531  1.4582211  5.7438096  0.1047821
[181]  1.0551819  0.5431879  1.2456007  0.6468255  5.6325209  3.9756917
[187]  1.4525070  1.0814224  0.1291734  6.5563660  6.6043149  6.2359904
[193]  6.0045890  2.5496713  0.5846820  6.1192284

$PAR
  [1]  NA   1   2   2   3   3   4   5   5   5   5   5   5   5   5   6   6   6
 [19]   7   7   8   8   8   8   9   9   9   9  10  10  10  10  10  10  10  12
 [37]  14  16  23  24  24  24  26  27  29  31  36  36  36  36  36  36  36  37
 [55]  37  37  40  40  40  40  40  40  43  43  43  43  43  47  48  48  49  49
 [73]  49  49  51  51  52  52  52  52  54  54  57  57  58  58  59  60  61  61
 [91]  62  64  64  65  65  65  65  67  67  74  74  75  78  82  82  83  83  83
[109]  84  86  89  89  89  91  91  92  92  92  93  95  95  95  96 100 102 102
[127] 102 102 102 103 105 105 105 106 108 108 108 109 111 113 114 114 116 117
[145] 117 118 119 119 120 124 125 126 127 130 130 130 130 131 131 131 131 131
[163] 131 135 135 135 135 135 135 136 136 136 136 137 141 141 142 143 144 146
[181] 150 157 161 162 164 164 164 164 164 166 170 170 170 179 183 190

$EXTANT
  [1] FALSE FALSE FALSE FALSE FALSE FALSE FALSE FALSE FALSE FALSE FALSE FALSE
 [13] FALSE FALSE FALSE FALSE FALSE FALSE FALSE FALSE FALSE FALSE FALSE FALSE
 [25] FALSE FALSE FALSE FALSE FALSE FALSE FALSE FALSE FALSE FALSE FALSE FALSE
 [37] FALSE FALSE FALSE FALSE FALSE FALSE  TRUE FALSE FALSE FALSE FALSE FALSE
 [49]  TRUE FALSE  TRUE  TRUE FALSE FALSE FALSE FALSE FALSE FALSE FALSE FALSE
 [61]  TRUE FALSE FALSE FALSE  TRUE  TRUE  TRUE FALSE FALSE FALSE FALSE FALSE
 [73] FALSE FALSE FALSE  TRUE FALSE FALSE FALSE FALSE FALSE FALSE FALSE  TRUE
 [85] FALSE FALSE FALSE FALSE  TRUE FALSE  TRUE FALSE FALSE FALSE  TRUE  TRUE
 [97]  TRUE FALSE  TRUE  TRUE FALSE  TRUE FALSE FALSE  TRUE FALSE FALSE FALSE
[109]  TRUE FALSE FALSE  TRUE  TRUE  TRUE FALSE  TRUE  TRUE  TRUE FALSE  TRUE
[121] FALSE  TRUE FALSE  TRUE  TRUE  TRUE  TRUE  TRUE  TRUE  TRUE  TRUE FALSE
[133]  TRUE FALSE  TRUE  TRUE  TRUE  TRUE  TRUE  TRUE  TRUE  TRUE  TRUE FALSE
[145]  TRUE  TRUE FALSE FALSE  TRUE  TRUE  TRUE FALSE FALSE  TRUE  TRUE  TRUE
[157]  TRUE  TRUE FALSE FALSE  TRUE  TRUE  TRUE  TRUE FALSE FALSE FALSE FALSE
[169]  TRUE FALSE  TRUE  TRUE  TRUE  TRUE FALSE FALSE FALSE  TRUE  TRUE  TRUE
[181]  TRUE  TRUE  TRUE  TRUE FALSE FALSE  TRUE  TRUE  TRUE FALSE FALSE  TRUE
[193] FALSE  TRUE  TRUE FALSE

