
Birth-death simulation object with 221 species and 67 extant species

Details for some species:

Extinction times (NA means extant)
[1] 41.41000       NA 32.71831 33.28001 38.53469 25.78049


Speciation times 
[1] 49.26651 44.63665 41.45399 42.93226 41.20667 36.68617


Species parents (NA for initial)
[1] NA  1  1  2  2  2


Species status (extinct or extant)
[1] "extinct" "extant"  "extinct" "extinct" "extinct" "extinct"


For more details on vector y, try sim$y, with y one of
TE TS PAR EXTANT



$TE
  [1] 41.4100042         NA 32.7183149 33.2800129 38.5346923 25.7804928
  [7] 17.7147549 29.0371753 21.9811321 19.9507223 13.2287294 13.6648478
 [13]         NA  3.0403368  1.6505861  7.6190188 35.3165939 30.7710034
 [19] 37.9810284 28.4979979 26.7325702 29.9093119 22.4072066 27.6975884
 [25] 32.0132142 32.4418497 15.1105093 14.3651671 18.3337597 20.8859728
 [31] 20.6865541 15.1341392 12.9118367         NA         NA         NA
 [37] 25.3363076 35.0647764 14.7205560 22.4213684 30.1313388 19.8720001
 [43] 27.5805866 19.4132208 32.2529990 20.8626492 19.0200205 15.5240889
 [49] 13.0366344 15.2985578 14.2060882         NA         NA 26.4339454
 [55] 20.6505944 16.7953669 33.0482063 14.3032349 25.5885896 22.6435492
 [61] 22.2694476 13.7897925 23.8274056 26.9156574 24.9547943 20.3716351
 [67] 23.0859949 17.9717327 11.6673855 12.1184624 15.1011203 14.5443722
 [73] 14.6504463         NA 15.1117517 23.9847147 23.9800194         NA
 [79] 14.0672802 19.8953627 13.5650692 20.1810682 21.0884642 13.8417635
 [85] 12.6898252 11.5778507 14.3250505 15.2662091 23.4728839 16.8848794
 [91] 24.9155901 14.5895816 14.7270400 11.8514697 14.7878855 13.4657369
 [97] 14.8942041 17.2833000 15.2749786 12.9251771  7.0345734  3.3275754
[103]         NA 14.1081053 15.7368110 14.6078047 16.3222048 13.2620132
[109] 22.1054890 14.0228751 13.8906356 14.7311529 12.4419088 14.9844812
[115] 12.7789546 14.4747804 14.8954446  1.9312707         NA         NA
[121] 11.7887779 17.6681299 14.3311125 14.6645359 14.5559488 22.9690180
[127] 16.3208404 14.1674687 14.0658578 13.9844860 13.5409372         NA
[133] 14.7235438 11.6020705 10.7257543 11.7785800         NA 11.4661880
[139] 13.8343322 13.5300327         NA  7.6693844  7.1254670         NA
[145]         NA         NA 10.8202371 10.5789123  7.3926976 11.1443220
[151] 11.7981542  7.4363922         NA         NA         NA         NA
[157]         NA  6.1719555  8.2133680  7.2507738  5.0893517  2.3958591
[163]  0.1214907         NA  1.2866977         NA         NA         NA
[169]  1.0053051         NA  4.6880688  8.8736822         NA         NA
[175]  3.0727307         NA  0.1197919         NA         NA         NA
[181]         NA         NA         NA         NA  0.1249485  4.4428969
[187]         NA  2.6568453         NA         NA  4.5281696         NA
[193]         NA         NA         NA         NA         NA         NA
[199]  2.5710036         NA         NA         NA         NA         NA
[205]  3.9931505         NA         NA         NA  3.7236727         NA
[211]         NA         NA         NA  0.8596771         NA         NA
[217]         NA         NA         NA         NA         NA

$TS
  [1] 49.26651148 44.63664983 41.45398683 42.93226006 41.20666669 36.68616891
  [7] 36.08486491 35.11886255 24.16521039 22.88072715 22.83649849 14.57050407
 [13] 10.89738533  9.79967404  9.59137698  8.32137010 40.01534902 42.45815943
 [19] 39.18250515 37.83391509 33.77159225 34.77980840 34.65180429 34.64693509
 [25] 33.76508649 33.98128000 28.29949857 24.22962584 22.14067722 22.20194654
 [31] 22.24906194 21.39757696 15.87129377  2.17380341  5.60966247  2.34524912
 [37] 41.70833235 38.13467059 37.53642509 30.90998680 30.97646561 30.03302950
 [43] 28.61158263 27.99699114 33.79516900 24.76311380 22.57848510 16.16874856
 [49] 18.58985063 21.27787881 18.24224165  2.21818709  0.78123583 32.58771277
 [55] 30.18508403 28.91638052 34.96941423 27.48888853 26.06481468 24.53830396
 [61] 22.88883567 22.84374976 26.83905667 27.44741149 25.18628404 24.67661421
 [67] 24.20640971 22.37223272 14.27090452 13.50093083 18.59747789 18.18067373
 [73] 15.82386719  0.28853679 32.44220075 26.07308320 24.17729603 20.13442824
 [79] 26.85495382 26.43409059 24.85801979 23.10591031 21.40875668 19.16187323
 [85] 23.19060580 17.03795494 15.54352438 26.72122301 26.37528656 25.80554758
 [91] 25.18487528 21.75702190 19.08126094 12.66931251 16.39878284 16.80628178
 [97] 22.04379261 17.48904169 17.01227669 13.83796661  9.50366830  4.16718161
[103]  3.63412933 16.66265721 16.11502985 15.42930257 21.99826070 14.88095219
[109] 23.65066727 22.65450206 19.26578739 18.09785727 12.56537963 15.58705770
[115] 13.68692098 16.57029408 16.32451443  2.57206183  0.85719892  0.31820833
[121] 15.48360114 21.37022244 18.33028809 17.95876626 16.88160635 23.46039729
[127] 18.30751551 17.67972438 14.56532934 16.12254481 16.11592478 15.13253887
[133] 14.75712942 15.19165949 12.84304358 15.72475538  2.14436120 16.26243904
[139] 17.36607721 14.39220362 10.66424987 10.25488599  7.51429747  3.72920670
[145]  1.19703440  0.82779499 14.23718662 12.58381925 11.65266238 11.36373295
[151] 12.25519175 10.28061634 10.20911384  9.92941542  6.20001559  1.27851444
[157]  0.88726566  7.94209052  9.71552302  7.68850537  6.69487610  6.68365131
[163]  9.48906219  8.87427543  4.69290673  1.30430816  5.94756494  0.18048846
[169]  6.89751351  6.68103757  6.25029060  9.04830612  8.83374000  5.93385195
[175]  3.97665776  8.51227815  1.73600801  5.57386296  3.06621872  5.61760969
[181]  3.49478568  6.17158282  2.92505219  1.35976969  0.68536010  8.01166437
[187]  5.46695750  2.94451313  2.23579722  2.11696563  8.08659999  4.67052226
[193]  0.77290922  1.26154131  5.51283266  2.04693101  1.29444216  2.70285373
[199]  3.12648998  6.05022372  0.69305743  1.06216143  4.67646715  2.90766654
[205]  5.85201572  0.74054138  4.71427567  3.90224864  4.89984650  0.90995013
[211]  3.18154486  1.36895590  2.85029976  2.71509994  1.60876252  3.11921837
[217]  1.64427670  0.07167038  0.61019709  1.42021566  0.28830586

$PAR
  [1]  NA   1   1   2   2   2   2   2   2   2   2   2   2   2   2   2   3   4
 [19]   4   4   4   6   6   6   6   7   7   7   7  10  11  11  11  13  14  15
 [37]  18  18  18  18  21  22  23  23  24  27  27  27  29  31  32  36  36  37
 [55]  37  37  39  39  39  39  39  39  40  44  44  46  46  47  49  49  50  51
 [73]  51  52  54  55  55  56  58  58  58  58  58  58  60  62  62  63  63  63
 [91]  63  66  68  70  71  72  75  75  78  78  78  78  78  84  84  84  85  87
[109]  88  90  90  90  94  95  96  97  99 103 103 103 104 107 107 107 107 109
[127] 110 110 110 111 111 111 111 114 115 117 118 123 124 129 132 132 132 132
[145] 132 132 134 135 135 135 138 141 141 141 141 141 144 149 152 153 153 153
[163] 154 154 154 154 155 156 158 158 158 159 159 161 162 163 163 164 165 167
[181] 167 169 169 170 170 173 173 173 173 173 176 176 176 177 178 178 179 180
[199] 181 182 182 184 186 188 191 192 195 195 200 202 203 203 204 204 204 207
[217] 207 212 213 217 217

$EXTANT
  [1] FALSE  TRUE FALSE FALSE FALSE FALSE FALSE FALSE FALSE FALSE FALSE FALSE
 [13]  TRUE FALSE FALSE FALSE FALSE FALSE FALSE FALSE FALSE FALSE FALSE FALSE
 [25] FALSE FALSE FALSE FALSE FALSE FALSE FALSE FALSE FALSE  TRUE  TRUE  TRUE
 [37] FALSE FALSE FALSE FALSE FALSE FALSE FALSE FALSE FALSE FALSE FALSE FALSE
 [49] FALSE FALSE FALSE  TRUE  TRUE FALSE FALSE FALSE FALSE FALSE FALSE FALSE
 [61] FALSE FALSE FALSE FALSE FALSE FALSE FALSE FALSE FALSE FALSE FALSE FALSE
 [73] FALSE  TRUE FALSE FALSE FALSE  TRUE FALSE FALSE FALSE FALSE FALSE FALSE
 [85] FALSE FALSE FALSE FALSE FALSE FALSE FALSE FALSE FALSE FALSE FALSE FALSE
 [97] FALSE FALSE FALSE FALSE FALSE FALSE  TRUE FALSE FALSE FALSE FALSE FALSE
[109] FALSE FALSE FALSE FALSE FALSE FALSE FALSE FALSE FALSE FALSE  TRUE  TRUE
[121] FALSE FALSE FALSE FALSE FALSE FALSE FALSE FALSE FALSE FALSE FALSE  TRUE
[133] FALSE FALSE FALSE FALSE  TRUE FALSE FALSE FALSE  TRUE FALSE FALSE  TRUE
[145]  TRUE  TRUE FALSE FALSE FALSE FALSE FALSE FALSE  TRUE  TRUE  TRUE  TRUE
[157]  TRUE FALSE FALSE FALSE FALSE FALSE FALSE  TRUE FALSE  TRUE  TRUE  TRUE
[169] FALSE  TRUE FALSE FALSE  TRUE  TRUE FALSE  TRUE FALSE  TRUE  TRUE  TRUE
[181]  TRUE  TRUE  TRUE  TRUE FALSE FALSE  TRUE FALSE  TRUE  TRUE FALSE  TRUE
[193]  TRUE  TRUE  TRUE  TRUE  TRUE  TRUE FALSE  TRUE  TRUE  TRUE  TRUE  TRUE
[205] FALSE  TRUE  TRUE  TRUE FALSE  TRUE  TRUE  TRUE  TRUE FALSE  TRUE  TRUE
[217]  TRUE  TRUE  TRUE  TRUE  TRUE

