
Birth-death simulation object with 237 species and 71 extant species

Details for some species:

Extinction times (NA means extant)
[1] 33.14457 29.25500 13.85092 39.63791 36.39366 32.45452


Speciation times 
[1] 49.26651 45.93173 42.25995 45.36478 45.09811 41.55761


Species parents (NA for initial)
[1] NA  1  1  2  2  2


Species status (extinct or extant)
[1] "extinct" "extinct" "extinct" "extinct" "extinct" "extinct"


For more details on vector y, try sim$y, with y one of
TE TS PAR EXTANT



$TE
  [1] 33.1445718 29.2549966 13.8509160 39.6379123 36.3936630 32.4545172
  [7] 38.3716298 28.3017650 29.5397839 26.6574411 25.2407272 13.3806129
 [13] 14.1367150 11.8147865 21.3278322 29.3660708 20.3597368 13.5824205
 [19] 15.3968176 16.4796307 35.1242065 20.2505172 29.5910439 30.6482934
 [25] 15.2201250 15.2260584 14.6626707 25.0379171 24.0902059 14.9090540
 [31] 14.4077633 24.0556816 13.6034651 21.3526263 24.8602446 13.8640987
 [37] 15.1157728 20.8071574 24.0230525 19.5378830 17.0194431 14.9560432
 [43] 13.7054660         NA 26.3438756 21.4734995 28.9399302 28.8362182
 [49] 19.7825251 14.7796349 12.9771424 13.3850842 17.9394910 13.8434786
 [55] 19.5209131 21.8972068 21.1972107 13.9518810 14.9166063  6.9701313
 [61] 13.8667709 22.5646853 12.0070528         NA         NA  3.0336346
 [67]         NA  1.5295992         NA         NA 21.9237536 25.1517742
 [73] 23.9655875 15.7641233  2.7851169 11.7442047 12.0861440 20.1668866
 [79] 12.8721993  9.4222122 18.9285723  2.5020675         NA         NA
 [85]         NA         NA  0.5338890  4.8701112         NA  0.7756001
 [91] 15.8086370 18.1745474  3.7729230 21.7640431 13.7964083 20.7501098
 [97] 13.9281620 16.5067779 14.9244314         NA         NA         NA
[103]  5.4335463  9.8856930 10.5707983 13.0993781 20.0721134  0.1500103
[109]         NA         NA  0.9016302         NA 18.6811644 14.4728798
[115] 13.6115663 14.2938393 13.6996647  5.9391952         NA  0.1288880
[121]  6.8957333 12.6772421 18.8286478 13.3085670 12.2438191 12.3968127
[127]  2.5914751         NA         NA         NA  6.0072361  5.1144700
[133]         NA         NA         NA         NA         NA 15.9549105
[139]  3.3891403         NA 14.1828437 14.1064690 12.8555162 11.2828545
[145]         NA  2.5160545         NA         NA 15.7731646 14.3148962
[151] 21.0905444 17.0745026 20.3733506 13.2346170         NA  1.6302486
[157]         NA         NA         NA  0.6023121  0.3123971  0.2038528
[163]         NA         NA  1.4975527         NA 16.4648594         NA
[169] 15.2916945  4.6669442 10.9831414  4.5809179  3.6017869         NA
[175] 15.1880004         NA         NA         NA         NA  3.0440573
[181]         NA         NA         NA         NA 13.5666272  7.1921867
[187]  3.4537460  8.0067037  4.7436047         NA 14.8534201 11.8708780
[193] 14.7020207 14.0054088  2.2589088  1.4811880         NA         NA
[199]         NA 16.0924578         NA  5.4438281  7.9269077         NA
[205]  6.1628391  0.4947747         NA         NA 13.8854034  4.6313803
[211]         NA         NA  4.0608307         NA         NA  2.0386749
[217]         NA         NA         NA  5.2547767         NA         NA
[223]  2.2286357  3.7558413         NA  0.7551465         NA  0.3667284
[229]         NA  4.6860488         NA  2.7729927         NA  0.8344532
[235]  2.3877866         NA         NA

$TS
  [1] 49.26651148 45.93172559 42.25995046 45.36478229 45.09811224 41.55760513
  [7] 39.64407563 33.40679276 30.85298622 35.68714660 27.19582951 26.46735118
 [13] 20.11821320 17.66398445 37.49183557 29.58841381 27.13629581 24.51945062
 [19] 15.83032126 18.58510490 35.31250592 34.91294194 32.60755449 31.69501732
 [25] 27.93845053 24.65233287 26.87523858 26.36847865 25.39125619 21.79216192
 [31] 18.33761851 34.32195889 29.94607255 29.97389140 25.96941166 24.40105161
 [37] 23.70040505 25.07925574 26.11242463 21.21121156 17.74821055 15.38878264
 [43] 17.18108920 14.89065047 33.97773934 33.00803230 31.24444395 30.60702989
 [49] 30.15162361 16.87201059 14.11008290 13.80720887 26.26949579 26.09916921
 [55] 25.73750035 22.47085256 22.40146003 23.25538029 17.82856811 15.03290903
 [61] 14.75625215 24.52722875 12.12582439 10.12545110  9.63898611  6.95600977
 [67]  5.63089440  4.99025838  3.52964121  0.05793825 28.47381548 28.99643914
 [73] 26.21422859 24.57955920 23.04271590 15.61511368 15.05465539 21.16540575
 [79] 15.47699833 10.23955852 24.18284884  5.42405506  3.43728390  0.71844881
 [85]  5.81432817  3.29023408  1.32616010  6.76883933  3.76745349  3.22675358
 [91] 22.10641721 24.75311660 22.98871693 22.40804908 19.83248098 22.71815589
 [97] 22.65310685 16.63566350 16.53985849  9.29392393  8.05809962  6.26641262
[103]  5.53148337 13.13136760 13.22423031 15.31915729 21.74670743  1.36546108
[109]  4.39110019  3.85050386  1.62300355  1.17216614 19.80463860 18.27792148
[115] 20.62796834 14.61861034 14.58941686 13.33001879  9.53976620  8.94818425
[121]  8.41590605 18.10046995 21.92355285 21.85890939 18.56877748 14.59629383
[127]  8.22668270  8.02582639  7.71520726  6.72491617  6.47662634  6.47157276
[133]  5.80598428  0.28153243  7.52670204  5.13982161  4.52916330 20.52964998
[139]  3.48311552  1.10920764 16.98185872 14.40793873 14.26019292 12.96142676
[145] 10.45370662  3.96312254  0.96428961  0.61133679 16.56960480 15.10784723
[151] 21.63230193 21.39484354 20.56467547 13.81863789  7.89733552  6.67926232
[157]  4.27653929  5.16737953  6.60084874  3.46457108  1.27009201  3.51583388
[163]  1.74049714  3.39278314  1.99138629  1.85849950 18.89630613  0.08071618
[169] 15.67959276 11.90741640 11.56381422  7.10763223  5.49197507  0.14941912
[175] 19.02241857  6.01134473  3.26291246  0.91229481  5.03690161  3.16163819
[181]  0.82411682  1.54702431  2.63219840  0.64990628 18.18035518 11.57182107
[187]  9.65140393  8.44365655  6.21055069  4.68595689 16.75426419 16.44155367
[193] 16.35877721 15.49751483  4.03587083  2.06913199  0.56861734  0.32831433
[199]  0.12513849 16.66457543 10.25776441  7.61480032  8.20884303  6.37787468
[205]  6.16623778  5.60753872  2.70714623  1.64574173 15.41690615  8.87245582
[211]  6.57434226  1.86599579  7.20483444  6.62270598  6.53566257  5.92044783
[217]  3.14592812  1.94107082  0.86940780  5.83531544  5.36898061  0.19090424
[223]  6.17133613  5.98054938  2.63055032  2.16965433  0.58863348  5.55911401
[229]  5.49700089  5.91620794  5.42730122  4.41336343  3.24246399  2.17956778
[235]  3.28804511  2.96387167  0.04753780

$PAR
  [1]  NA   1   1   2   2   2   2   2   2   3   3   3   3   3   5   9  11  12
 [19]  12  13  15  15  15  15  15  15  17  17  17  17  18  22  22  23  25  26
 [37]  26  27  28  30  30  30  31  31  32  32  32  32  32  33  33  33  34  34
 [55]  34  34  34  36  36  36  36  39  44  44  44  44  44  44  44  44  45  49
 [73]  49  49  49  50  50  58  59  60  62  64  64  64  65  65  65  66  66  66
 [91]  71  73  74  74  74  75  75  75  75  75  75  75  75  76  77  79  81  83
[109]  85  85  86  86  91  92  93  93  93  93  93  93  93  95  96  97  97  97
[127] 100 100 100 100 100 100 100 100 101 102 102 107 110 110 114 117 117 118
[145] 118 119 119 120 122 122 123 123 123 126 127 127 127 129 130 130 130 133
[163] 133 135 135 136 138 140 141 144 144 145 145 148 152 155 155 155 156 156
[181] 159 160 164 164 167 170 170 170 170 173 175 175 175 175 179 179 179 182
[199] 184 185 186 186 187 187 189 189 190 190 192 201 201 201 202 202 202 204
[217] 204 206 208 211 211 211 214 215 216 217 219 220 220 223 223 224 228 231
[235] 232 232 236

$EXTANT
  [1] FALSE FALSE FALSE FALSE FALSE FALSE FALSE FALSE FALSE FALSE FALSE FALSE
 [13] FALSE FALSE FALSE FALSE FALSE FALSE FALSE FALSE FALSE FALSE FALSE FALSE
 [25] FALSE FALSE FALSE FALSE FALSE FALSE FALSE FALSE FALSE FALSE FALSE FALSE
 [37] FALSE FALSE FALSE FALSE FALSE FALSE FALSE  TRUE FALSE FALSE FALSE FALSE
 [49] FALSE FALSE FALSE FALSE FALSE FALSE FALSE FALSE FALSE FALSE FALSE FALSE
 [61] FALSE FALSE FALSE  TRUE  TRUE FALSE  TRUE FALSE  TRUE  TRUE FALSE FALSE
 [73] FALSE FALSE FALSE FALSE FALSE FALSE FALSE FALSE FALSE FALSE  TRUE  TRUE
 [85]  TRUE  TRUE FALSE FALSE  TRUE FALSE FALSE FALSE FALSE FALSE FALSE FALSE
 [97] FALSE FALSE FALSE  TRUE  TRUE  TRUE FALSE FALSE FALSE FALSE FALSE FALSE
[109]  TRUE  TRUE FALSE  TRUE FALSE FALSE FALSE FALSE FALSE FALSE  TRUE FALSE
[121] FALSE FALSE FALSE FALSE FALSE FALSE FALSE  TRUE  TRUE  TRUE FALSE FALSE
[133]  TRUE  TRUE  TRUE  TRUE  TRUE FALSE FALSE  TRUE FALSE FALSE FALSE FALSE
[145]  TRUE FALSE  TRUE  TRUE FALSE FALSE FALSE FALSE FALSE FALSE  TRUE FALSE
[157]  TRUE  TRUE  TRUE FALSE FALSE FALSE  TRUE  TRUE FALSE  TRUE FALSE  TRUE
[169] FALSE FALSE FALSE FALSE FALSE  TRUE FALSE  TRUE  TRUE  TRUE  TRUE FALSE
[181]  TRUE  TRUE  TRUE  TRUE FALSE FALSE FALSE FALSE FALSE  TRUE FALSE FALSE
[193] FALSE FALSE FALSE FALSE  TRUE  TRUE  TRUE FALSE  TRUE FALSE FALSE  TRUE
[205] FALSE FALSE  TRUE  TRUE FALSE FALSE  TRUE  TRUE FALSE  TRUE  TRUE FALSE
[217]  TRUE  TRUE  TRUE FALSE  TRUE  TRUE FALSE FALSE  TRUE FALSE  TRUE FALSE
[229]  TRUE FALSE  TRUE FALSE  TRUE FALSE FALSE  TRUE  TRUE

