
Birth-death simulation object with 396 species and 140 extant species

Details for some species:

Extinction times (NA means extant)
[1] 46.78326 27.14199 19.13828 39.16562 28.15514 26.70624


Speciation times 
[1] 49.26651 46.78699 44.58137 39.58292 39.55880 39.27618


Species parents (NA for initial)
[1] NA  1  2  2  2  2


Species status (extinct or extant)
[1] "extinct" "extinct" "extinct" "extinct" "extinct" "extinct"


For more details on vector y, try sim$y, with y one of
TE TS PAR EXTANT



$TE
  [1] 46.78326141 27.14199490 19.13827826 39.16561699 28.15514020 26.70623800
  [7] 28.02703280 21.12005231 28.36152049 33.20626318 36.28236879 35.97911908
 [13] 35.96694651 25.94705211 14.53780176  4.20325539 31.50013056 14.51104171
 [19] 26.04940918 13.37414378 18.36956095 30.87862317 30.47761854 35.05700346
 [25] 35.98248815 28.44713328 29.65699628 25.34664016 29.43280557 14.52436459
 [31] 32.90511580 23.30963076 16.93672084 18.00993630 14.56886065 21.64331422
 [37] 19.97763740 15.20085541          NA 12.59927240  2.13312972  5.47154622
 [43] 20.73769120  6.96850516 19.97389998 17.94600518 11.07363674 21.30899816
 [49] 14.72003574 24.86400992 28.12389497 15.84595964 20.62755163 15.87778112
 [55] 29.75698846 21.70593517 25.87055628 24.99255616 15.20326918  5.30131165
 [61] 21.10771619 23.27655749 17.58577963 11.45307486 10.35742533 15.39450546
 [67] 14.82266223 32.85375375 14.63445218 13.37063414 17.55298321 13.80252553
 [73] 11.85447650          NA 13.42200875 23.38192007 14.95838417 19.23728021
 [79] 14.82024843          NA 10.85090342          NA  2.02573453          NA
 [85]          NA 14.36793249 18.51247201 13.18253440 18.82244924  6.40491372
 [91] 14.26034446 13.59327059 11.51795054 13.41333828 12.50515587 22.23340996
 [97] 21.38651891 27.80837620 18.51273301 13.21099900 30.57644580 13.06838252
[103] 27.84704089 20.03429707 25.23305979 15.21216678 14.91121205 16.05563731
[109] 15.54454599 13.68878341 13.17352392 11.57536566  3.17707526 14.09641411
[115] 14.76274294 13.83701572 11.07715444 13.98950518 11.41980905 17.54332753
[121] 13.15426398          NA 25.70625354 17.69342772 14.29014495 15.20556399
[127]  6.13485242 16.14697670 16.48554601 17.56879870 19.66197608          NA
[133]          NA  6.73294388  0.62632529  8.17382373          NA          NA
[139]  5.13276588          NA          NA 14.65758051 13.25037055 15.02033170
[145]          NA 11.83163365 11.18579452  5.01458959  5.81060518 11.32311416
[151] 21.12063846 23.91271099 15.83905527 12.09854963 16.17373961 19.80382717
[157] 13.47248544 13.85714598  0.36977356 14.29902868 16.47506650  3.53838149
[163] 14.99502436  1.25195878 15.21634890          NA 12.09825120  5.57555502
[169]          NA          NA  1.75103591 20.22795988 23.34545731 14.85309513
[175]          NA  2.79208542          NA  2.32287050  2.11315704          NA
[181]  0.07297840          NA 18.69756970 13.46467767 14.59102920 13.62974347
[187] 12.23733296          NA  1.67289870          NA          NA          NA
[193]  3.76017371  3.68660105 16.11431944 11.53454896 15.58694790 15.35863109
[199] 15.68388405 11.78396217  3.58144607  4.20952278 15.08152736 14.51942816
[205] 14.21851187 15.33627765          NA  4.29752766          NA 15.28283198
[211] 12.62779042          NA          NA          NA  3.88696486  1.42793284
[217]  3.74186619          NA  5.52608104  2.68855355          NA          NA
[223]          NA          NA          NA          NA  1.59521117          NA
[229]  3.18020880  2.78047126  0.78774704          NA  0.57188405          NA
[235]          NA          NA  2.00421555          NA  0.60485442 11.03754007
[241] 11.34003562          NA  1.02204760  2.90159795  0.18683772          NA
[247]          NA          NA          NA          NA          NA          NA
[253]  0.35026204  3.88132538          NA 13.68610403  0.01810124  5.91858350
[259] 13.68506638 16.02957392 15.07684893 15.01827750 16.31397503 14.07199082
[265]  3.84636160          NA          NA          NA  6.95362871          NA
[271] 12.51040203          NA          NA          NA          NA          NA
[277]          NA          NA          NA          NA          NA          NA
[283]  6.74299959  3.81288380          NA          NA          NA  2.00900739
[289]          NA          NA          NA          NA  1.48769753  4.93947603
[295]          NA          NA  2.07793901 13.99393563  8.90637925          NA
[301]          NA          NA          NA  4.43664507          NA          NA
[307]          NA          NA  5.04616124          NA 14.12602277  8.25742203
[313]  1.43407161          NA 14.07824217 10.74784641          NA  3.72214177
[319]          NA          NA          NA  1.85386808          NA          NA
[325]          NA          NA          NA          NA          NA          NA
[331]          NA  4.94756925          NA          NA          NA  2.74965780
[337]          NA          NA  0.51290485          NA  0.13520370          NA
[343]  5.41822697          NA          NA  0.63281891          NA  5.58423257
[349]  1.13624819          NA          NA          NA  0.75464122  2.10591911
[355]  3.84736131          NA          NA  0.53244571  2.58970803          NA
[361]          NA          NA          NA          NA  0.35841244          NA
[367]  1.28589848  1.50758027          NA          NA  3.09329924  3.19993447
[373]  0.44072561          NA          NA  1.18889510  0.52462326          NA
[379]          NA  1.33492074          NA          NA          NA          NA
[385]          NA          NA          NA  0.49514286          NA          NA
[391]          NA          NA          NA          NA          NA  1.57028258

$TS
  [1] 49.266511476 46.786994563 44.581373184 39.582922106 39.558798136
  [6] 39.276179396 29.765522786 29.646040000 43.890648905 41.810547983
 [11] 39.790976396 38.408185066 37.805887458 30.106978599 27.199964346
 [16] 24.037590768 33.381029189 32.960760723 30.811327730 28.762474810
 [21] 36.621490335 35.319706864 31.447719470 37.479333807 36.958973935
 [26] 35.792023861 32.122975249 30.529254234 30.464979277 33.214346481
 [31] 38.057397816 26.970436300 18.417676464 18.146829683 17.848713185
 [36] 23.628878679 23.214678206 22.194721304 16.379023889 13.275316062
 [41]  9.630598310  9.557496866 29.479840594 26.387223191 25.058510904
 [46] 24.090528556 21.848050931 22.398988514 19.994147370 34.554080258
 [51] 31.757951826 28.560172161 23.114952661 20.371336072 32.639057706
 [56] 35.123072710 30.727896441 26.986836631 26.387516499 25.778488421
 [61] 24.444772863 24.391709493 20.956976977 19.087448249 18.044342405
 [66] 15.628132650 15.041897327 35.630927475 17.187572317 21.816059291
 [71] 19.713847315 15.061449005 12.199488992  3.093933229 28.966778716
 [76] 28.128124968 26.554753301 21.882875542 15.502141533 12.876729963
 [81] 10.864434101 10.152971992 10.072697761  7.955675495  7.674068164
 [86] 24.383251646 23.736611425 20.079158789 19.829615957 18.709715908
 [91] 21.054576800 16.930095137 15.947400529 14.865543561 16.792538099
 [96] 25.621357558 25.385084609 29.071540895 20.630885229 31.887053828
[101] 30.746071130 29.915592192 29.804747846 23.681462203 26.846574875
[106] 21.476143586 19.916978730 19.169784630 18.421069217 18.348010718
[111] 18.360261688 11.854619006  6.292720481 23.210100591 18.706856332
[116] 17.566011679 11.709034780 17.401937551 14.139103843 18.216402365
[121] 18.002016922  0.083076205 27.770400543 22.834521599 22.551322975
[126] 15.647966794 13.462273111 26.651984187 18.778312814 18.425315547
[131] 21.085039166  9.957541050  8.481303578  8.306206182  6.068087959
[136]  9.683475793  9.368543162  7.132166781  6.908324532  1.789612161
[141]  1.361426506 20.015756396 16.087792597 18.396521693 18.174548536
[146] 13.223209531 12.462281506  7.632841961  7.095001664 11.755143723
[151] 25.003829062 28.821525658 19.481146551 19.457850078 18.648978746
[156] 21.925857726 15.081192103 14.661363077 14.134245288 25.644568494
[161] 18.411917532  5.885424615 22.125051562 18.218563144 16.425665235
[166] 13.357525218 12.319397958 12.109156164 11.409216605 10.004294511
[171]  8.496780152 26.043682802 25.846475351 20.793916322  5.730572052
[176]  4.411875222  7.258201592  5.157138853  8.233167800  0.351930023
[181]  4.525307024  0.773929809 19.747739336 16.212183426 16.938354390
[186] 15.396140956 15.085164988  8.757816580  8.239725532  7.209363944
[191]  7.196329522  5.948212642  7.276214080  6.007261954 23.969903273
[196] 16.050838519 18.513532033 17.602877934 15.964563907 12.879361567
[201]  9.895059566  5.530980131 17.088416643 20.129768448 19.692866857
[206] 19.027410208  9.751770780  9.259757422  8.645075286 16.191359639
[211] 15.676422193  8.974584991  8.092922821  7.648188544  7.271219871
[216]  2.572856978  9.019622159  5.731081867  8.638272947  7.430912488
[221]  5.879273227  2.902582701  1.776628402  1.131503684  0.937682732
[226]  0.515578766  8.336979540  5.768713240  5.737582292  3.817319827
[231]  3.498702045  2.784194069  0.907803744  0.420179682  6.915981439
[236]  7.476580065  4.996881773  3.330789774  1.888612946 15.247368777
[241] 13.462192635  3.432543485  2.315976966  8.179878549  1.976639077
[246]  6.040417027  4.544043850  0.943014703  0.381510220  4.433152853
[251]  2.936009312  5.564821796  2.820758330  3.909047613  4.453966636
[256] 16.198979857  9.760638681  6.556287514 17.034402939 16.162711851
[261] 15.895104053 15.490207981 17.964306925 17.606130472  6.415828411
[266]  5.476954355  8.499853424  8.458209488  8.457135829  3.271464374
[271] 13.709937832  6.465457000  7.935035862  2.539123203  2.152439510
[276]  1.631245919  7.145896107  6.198570030  1.438159856  5.779378210
[281]  5.746945031  5.551631388  7.821364502  6.672566731  6.223326671
[286]  6.222306900  5.798021619  3.385518586  0.145564797  0.558934001
[291]  2.218572142  1.428681338  2.049977685  5.469327004  7.265602325
[296]  6.994284071  6.917887912 14.162450005 12.167186572  2.005497690
[301]  1.530375017  1.332948703  7.043324737  6.628505871  3.772001964
[306]  1.747504118  3.620012794  1.418133082  5.259368430  2.278845857
[311] 14.158342874  9.124477340  6.036292646  3.289098463 16.734407326
[316] 15.847962003  2.653545180  5.843914910  1.640301814  7.823393050
[321]  6.467289349  4.065306944  1.325249959  2.066674659  0.009072481
[326]  4.876524118  3.829936687  5.449322356  5.156732019  4.759504462
[331]  7.444899222  5.511318416  4.944448161  1.016963016  4.039053346
[336]  4.272336841  1.257158538  8.966439298  0.727705320  0.471625963
[341]  0.580456109  6.761593935  6.004497616  5.282937807  2.140705945
[346]  2.063111008  4.924464591  5.953200282  4.076039773  3.447127655
[351]  6.353101472  4.249734222  0.944140657  2.265109732  5.151932185
[356]  1.332760741  0.767687530  2.996312234  5.988848536  4.500660488
[361]  0.885142719  3.223019839  0.995668188  7.803619159  5.197398789
[366]  0.149481544  2.990947407  3.188440999  0.745577745  0.264207919
[371]  3.978467365  3.727479117  2.636795743  5.944420059  2.974590744
[376]  4.857894857  2.553612846  3.603876403  5.814401479  2.900369481
[381]  0.894596154  0.852776446  1.659792855  0.785462121  0.143112002
[386]  3.887803283  3.616825355  2.074246301  2.361929627  4.288583081
[391]  0.308915311  0.001790582  0.512381047  0.749590418  1.582052813
[396]  2.409446551

$PAR
  [1]  NA   1   2   2   2   2   2   2   3   3   3   3   3   3   3   3   5   5
 [19]   5   5   6   6   6   9   9   9   9   9   9  10  12  15  15  15  15  16
 [37]  16  16  16  16  16  16  18  18  18  18  18  20  20  21  21  21  21  21
 [55]  22  24  26  28  28  30  30  30  30  30  30  30  30  31  33  36  38  39
 [73]  39  39  43  43  43  44  44  44  44  44  44  44  44  45  45  45  46  46
 [91]  47  47  47  47  49  50  50  51  52  55  55  55  56  56  58  59  59  59
[109]  59  59  60  60  60  61  63  64  64  65  65  70  71  74  75  75  75  75
[127]  75  76  77  77  78  80  80  80  80  83  83  83  84  85  85  88  88  90
[145]  90  90  90  90  90  93  96  98  99  99  99 100 100 102 102 105 109 113
[163] 114 114 115 127 127 127 127 127 127 128 128 128 132 132 134 135 136 137
[181] 138 138 142 142 144 144 144 145 145 145 145 145 148 148 152 153 154 154
[199] 154 159 159 159 160 163 163 163 164 164 164 165 165 166 166 166 166 166
[217] 168 168 169 169 169 169 169 169 169 169 170 170 170 170 170 170 170 175
[235] 177 179 179 181 181 185 187 188 188 189 189 190 190 190 190 191 191 192
[253] 192 193 194 198 201 201 203 203 203 204 205 206 207 207 208 208 208 209
[271] 211 212 213 213 214 214 215 215 216 217 217 217 219 220 220 220 220 220
[289] 221 225 227 228 232 235 236 236 236 240 240 242 242 243 244 244 244 245
[307] 247 251 252 253 256 257 257 257 259 259 267 268 268 269 273 273 273 274
[325] 278 281 281 282 282 282 283 285 287 291 295 296 296 299 301 301 302 303
[343] 304 304 307 310 313 320 320 320 321 326 326 327 328 328 328 329 331 333
[361] 335 336 337 338 338 340 342 344 344 345 347 347 347 348 349 351 351 352
[379] 359 359 362 363 364 365 370 371 374 375 377 379 383 383 384 386 388 390

$EXTANT
  [1] FALSE FALSE FALSE FALSE FALSE FALSE FALSE FALSE FALSE FALSE FALSE FALSE
 [13] FALSE FALSE FALSE FALSE FALSE FALSE FALSE FALSE FALSE FALSE FALSE FALSE
 [25] FALSE FALSE FALSE FALSE FALSE FALSE FALSE FALSE FALSE FALSE FALSE FALSE
 [37] FALSE FALSE  TRUE FALSE FALSE FALSE FALSE FALSE FALSE FALSE FALSE FALSE
 [49] FALSE FALSE FALSE FALSE FALSE FALSE FALSE FALSE FALSE FALSE FALSE FALSE
 [61] FALSE FALSE FALSE FALSE FALSE FALSE FALSE FALSE FALSE FALSE FALSE FALSE
 [73] FALSE  TRUE FALSE FALSE FALSE FALSE FALSE  TRUE FALSE  TRUE FALSE  TRUE
 [85]  TRUE FALSE FALSE FALSE FALSE FALSE FALSE FALSE FALSE FALSE FALSE FALSE
 [97] FALSE FALSE FALSE FALSE FALSE FALSE FALSE FALSE FALSE FALSE FALSE FALSE
[109] FALSE FALSE FALSE FALSE FALSE FALSE FALSE FALSE FALSE FALSE FALSE FALSE
[121] FALSE  TRUE FALSE FALSE FALSE FALSE FALSE FALSE FALSE FALSE FALSE  TRUE
[133]  TRUE FALSE FALSE FALSE  TRUE  TRUE FALSE  TRUE  TRUE FALSE FALSE FALSE
[145]  TRUE FALSE FALSE FALSE FALSE FALSE FALSE FALSE FALSE FALSE FALSE FALSE
[157] FALSE FALSE FALSE FALSE FALSE FALSE FALSE FALSE FALSE  TRUE FALSE FALSE
[169]  TRUE  TRUE FALSE FALSE FALSE FALSE  TRUE FALSE  TRUE FALSE FALSE  TRUE
[181] FALSE  TRUE FALSE FALSE FALSE FALSE FALSE  TRUE FALSE  TRUE  TRUE  TRUE
[193] FALSE FALSE FALSE FALSE FALSE FALSE FALSE FALSE FALSE FALSE FALSE FALSE
[205] FALSE FALSE  TRUE FALSE  TRUE FALSE FALSE  TRUE  TRUE  TRUE FALSE FALSE
[217] FALSE  TRUE FALSE FALSE  TRUE  TRUE  TRUE  TRUE  TRUE  TRUE FALSE  TRUE
[229] FALSE FALSE FALSE  TRUE FALSE  TRUE  TRUE  TRUE FALSE  TRUE FALSE FALSE
[241] FALSE  TRUE FALSE FALSE FALSE  TRUE  TRUE  TRUE  TRUE  TRUE  TRUE  TRUE
[253] FALSE FALSE  TRUE FALSE FALSE FALSE FALSE FALSE FALSE FALSE FALSE FALSE
[265] FALSE  TRUE  TRUE  TRUE FALSE  TRUE FALSE  TRUE  TRUE  TRUE  TRUE  TRUE
[277]  TRUE  TRUE  TRUE  TRUE  TRUE  TRUE FALSE FALSE  TRUE  TRUE  TRUE FALSE
[289]  TRUE  TRUE  TRUE  TRUE FALSE FALSE  TRUE  TRUE FALSE FALSE FALSE  TRUE
[301]  TRUE  TRUE  TRUE FALSE  TRUE  TRUE  TRUE  TRUE FALSE  TRUE FALSE FALSE
[313] FALSE  TRUE FALSE FALSE  TRUE FALSE  TRUE  TRUE  TRUE FALSE  TRUE  TRUE
[325]  TRUE  TRUE  TRUE  TRUE  TRUE  TRUE  TRUE FALSE  TRUE  TRUE  TRUE FALSE
[337]  TRUE  TRUE FALSE  TRUE FALSE  TRUE FALSE  TRUE  TRUE FALSE  TRUE FALSE
[349] FALSE  TRUE  TRUE  TRUE FALSE FALSE FALSE  TRUE  TRUE FALSE FALSE  TRUE
[361]  TRUE  TRUE  TRUE  TRUE FALSE  TRUE FALSE FALSE  TRUE  TRUE FALSE FALSE
[373] FALSE  TRUE  TRUE FALSE FALSE  TRUE  TRUE FALSE  TRUE  TRUE  TRUE  TRUE
[385]  TRUE  TRUE  TRUE FALSE  TRUE  TRUE  TRUE  TRUE  TRUE  TRUE  TRUE FALSE

