
Birth-death simulation object with 199 species and 54 extant species

Details for some species:

Extinction times (NA means extant)
[1] 19.35741 39.22479 26.18338 13.63080 22.63307 23.31592


Speciation times 
[1] 49.26651 43.86979 41.40116 40.61840 25.26757 23.36696


Species parents (NA for initial)
[1] NA  1  1  1  1  1


Species status (extinct or extant)
[1] "extinct" "extinct" "extinct" "extinct" "extinct" "extinct"


For more details on vector y, try sim$y, with y one of
TE TS PAR EXTANT



$TE
  [1] 19.3574084 39.2247878 26.1833781 13.6308022 22.6330693 23.3159226
  [7] 19.7172139 21.3199651 19.3385540 35.0913889 25.3838912 28.6424034
 [13] 31.0916803 22.8898031 14.9246868 24.7481892 14.2801689 16.4134790
 [19] 19.0046398 27.2078422 27.4949979 25.7721899 22.8097662 22.9909421
 [25] 16.4992243 15.5875847 13.7795632 16.2217241 34.6566317 26.8081930
 [31] 15.2728353 11.0542648 11.9586905 24.1992495 23.4595362 16.9457087
 [37] 12.8200173 15.0642271  7.8476304 24.6842812 14.1060821 23.4030474
 [43] 16.8051210 22.4971779 15.9452391 14.9965400         NA         NA
 [49] 19.2859386 22.5549016 11.9666703 10.1270491 15.0242079 16.8000566
 [55] 17.5895597 14.6889858 14.6862485 15.1688184 20.2427233 17.6225272
 [61] 13.2125404 10.5345231  2.8751001         NA         NA         NA
 [67]  3.0315524         NA         NA 18.2729176 22.1303453 13.3369206
 [73] 12.2827060 17.4820278 15.3104164 14.1267464 14.6159160 15.7475584
 [79] 16.1462132 15.1994261 14.0809496 14.5765435 13.3285990         NA
 [85]  1.5619659 21.5889192 10.6627011 14.3811896         NA 11.8578933
 [91] 14.6714029 11.5681130 13.4538242 14.7498949 14.4610339 14.8000358
 [97]         NA         NA         NA  7.1025099 10.7734236 13.9810906
[103]  3.6767661 14.9699606 14.6001676         NA         NA         NA
[109] 18.1957086 13.0382863  2.3501550 14.5591535 13.6685932 14.6189099
[115] 11.8118911  8.2133934  4.4619434         NA  0.6554283  2.8155489
[121] 18.8628680 19.7673020 14.8866634  7.9994194 14.7943052         NA
[127]  5.2029921  0.7863002         NA         NA  2.5428913  0.6703015
[133]  1.0634303 13.1665201 14.3448041 11.7948112  7.7356870         NA
[139]         NA  0.4359081         NA 13.7117337  8.0307734         NA
[145]  1.1666590         NA 10.7266787 13.9310366         NA 12.7515750
[151]  5.4028259 12.5436060  6.4256866  0.8128346 11.1982607  9.5532037
[157]         NA         NA  8.9580500  3.5629182  5.8247463         NA
[163]  1.9787019         NA         NA         NA  6.8755681  5.4263927
[169]         NA  4.0763266  1.7274434         NA         NA  4.2918180
[175]  1.0610443         NA         NA         NA  2.5268012         NA
[181]         NA         NA         NA         NA  0.1497721         NA
[187]  2.3279231         NA         NA         NA         NA         NA
[193]         NA         NA         NA         NA         NA  0.2088435
[199]         NA

$TS
  [1] 49.26651148 43.86979081 41.40116441 40.61840348 25.26757172 23.36695959
  [7] 23.31696489 22.83647500 22.27912527 40.83547035 31.58992140 31.29240752
 [13] 39.08904683 32.01653169 27.02371034 25.64052124 21.99275041 18.46490704
 [19] 30.20156660 36.47299487 28.01758341 27.57272734 24.95103235 23.43961373
 [25] 23.05782216 15.79158774 20.07264382 19.04242562 35.76346519 33.76058948
 [31] 27.02833070 17.84438697 15.95311104 29.74966770 26.48991454 24.39622735
 [37] 16.30907092 15.35245600 13.47532498 28.32861668 27.71876427 25.98802235
 [43] 25.53912164 26.05345314 19.40816555 17.02879831 13.91988405  9.88989061
 [49] 25.99621759 25.58128990 24.69153431 23.59313270 22.64748659 19.95994132
 [55] 18.05582132 15.38042865 14.84769261 18.80723120 25.14251521 18.00762911
 [61] 16.31673782 11.01682488  6.81734695  6.79759696  1.10411541  0.46106613
 [67]  4.22945942  3.94669615  0.06140194 25.43224494 23.81565974 18.49157097
 [73] 13.69049761 21.29253839 17.26091408 15.16350823 14.88313812 21.73973844
 [79] 19.40429852 18.35546822 14.77117089 14.74704580 17.70337101  6.48797488
 [85]  3.26719961 25.41993865 21.97727975 15.46001093 14.29882219 13.49875140
 [91] 19.36253895 17.83725817 17.47599300 17.07366856 15.76394965 17.45328414
 [97]  3.82653013  2.19820157  0.07299924 22.38735721 17.60878819 16.90376054
[103]  4.12730737 15.20693382 16.59701255 14.97251007  1.13969709  0.49951737
[109] 21.74257871 19.76802127  7.43189489 17.29611830 13.89691735 16.01489660
[115] 13.83131023  8.47506754  7.71724445  6.16390877  5.94588158  2.94291131
[121] 20.59712508 20.52448690 19.31282272 15.15751865 15.02802932  6.79872378
[127]  6.01932933  4.87347202  4.49708030  6.92046957  5.66436719  3.81910827
[133]  1.34913044 16.88037861 14.95637839 12.29913019  9.41664954  3.66359172
[139]  4.47883606  2.56535724  1.65715991 16.35225331  8.56864404  2.01396906
[145]  2.66452125  0.17742551 15.60163041 14.62151743  0.39695401 15.06670588
[151] 14.29677433 13.52694603  7.99602613  5.64165700 13.24182952 12.80317549
[157] 12.42560166 10.24080759  9.24056691  8.73885604  8.05036040  5.21701747
[163]  5.96133517  2.68436453  2.43557850  8.36529529  7.47854693  6.83457793
[169]  6.80915361  6.18544360  6.33034232  0.56649866  7.60863218  6.57834774
[175]  4.66953303  5.53619252  4.01092928  1.53014568  4.44600767  6.79614557
[181]  6.39530511  3.49903817  0.36700937  0.05495234  3.07396975  5.53581242
[187]  3.22877699  2.24229722  4.37457218  2.23086264  3.87982880  1.67745571
[193]  2.18208234  0.08447569  1.66652345  1.42605601  1.14744411  1.07695162
[199]  0.13843251

$PAR
  [1]  NA   1   1   1   1   1   1   1   1   3   3   3   4   4   4   4   4   4
 [19]  12  13  14  14  14  14  15  15  17  19  20  20  22  25  27  30  31  31
 [37]  31  31  32  34  34  34  34  35  36  36  37  39  40  41  41  41  41  41
 [55]  41  41  41  43  44  45  45  47  47  47  47  47  48  48  48  49  50  51
 [73]  51  52  52  52  52  53  53  53  57  57  60  64  67  70  70  72  72  73
 [91]  79  79  79  80  80  83  84  84  84  86  87  87  89  91  96  96  97  98
[109] 100 100 100 101 101 102 106 106 106 106 106 106 109 109 110 110 110 111
[127] 111 111 111 117 117 118 119 123 124 124 124 126 128 128 128 134 137 138
[145] 139 141 142 142 144 147 147 150 151 151 152 152 156 156 157 157 157 157
[163] 158 158 158 160 160 160 160 160 161 164 166 166 166 169 169 169 170 173
[181] 173 173 173 173 175 176 177 177 181 182 186 188 189 190 192 193 193 193
[199] 193

$EXTANT
  [1] FALSE FALSE FALSE FALSE FALSE FALSE FALSE FALSE FALSE FALSE FALSE FALSE
 [13] FALSE FALSE FALSE FALSE FALSE FALSE FALSE FALSE FALSE FALSE FALSE FALSE
 [25] FALSE FALSE FALSE FALSE FALSE FALSE FALSE FALSE FALSE FALSE FALSE FALSE
 [37] FALSE FALSE FALSE FALSE FALSE FALSE FALSE FALSE FALSE FALSE  TRUE  TRUE
 [49] FALSE FALSE FALSE FALSE FALSE FALSE FALSE FALSE FALSE FALSE FALSE FALSE
 [61] FALSE FALSE FALSE  TRUE  TRUE  TRUE FALSE  TRUE  TRUE FALSE FALSE FALSE
 [73] FALSE FALSE FALSE FALSE FALSE FALSE FALSE FALSE FALSE FALSE FALSE  TRUE
 [85] FALSE FALSE FALSE FALSE  TRUE FALSE FALSE FALSE FALSE FALSE FALSE FALSE
 [97]  TRUE  TRUE  TRUE FALSE FALSE FALSE FALSE FALSE FALSE  TRUE  TRUE  TRUE
[109] FALSE FALSE FALSE FALSE FALSE FALSE FALSE FALSE FALSE  TRUE FALSE FALSE
[121] FALSE FALSE FALSE FALSE FALSE  TRUE FALSE FALSE  TRUE  TRUE FALSE FALSE
[133] FALSE FALSE FALSE FALSE FALSE  TRUE  TRUE FALSE  TRUE FALSE FALSE  TRUE
[145] FALSE  TRUE FALSE FALSE  TRUE FALSE FALSE FALSE FALSE FALSE FALSE FALSE
[157]  TRUE  TRUE FALSE FALSE FALSE  TRUE FALSE  TRUE  TRUE  TRUE FALSE FALSE
[169]  TRUE FALSE FALSE  TRUE  TRUE FALSE FALSE  TRUE  TRUE  TRUE FALSE  TRUE
[181]  TRUE  TRUE  TRUE  TRUE FALSE  TRUE FALSE  TRUE  TRUE  TRUE  TRUE  TRUE
[193]  TRUE  TRUE  TRUE  TRUE  TRUE FALSE  TRUE

