
Birth-death simulation object with 146 species and 45 extant species

Details for some species:

Extinction times (NA means extant)
[1] 33.68556 26.57892 21.41742 37.59110 32.05772 32.22783


Speciation times 
[1] 49.26651 41.78181 33.80755 40.04577 38.10664 32.70981


Species parents (NA for initial)
[1] NA  1  1  2  2  2


Species status (extinct or extant)
[1] "extinct" "extinct" "extinct" "extinct" "extinct" "extinct"


For more details on vector y, try sim$y, with y one of
TE TS PAR EXTANT



$TE
  [1] 33.68556373 26.57891889 21.41741809 37.59110351 32.05772225 32.22782810
  [7] 18.50400312 28.27439826 17.33139343 10.25286109 23.61177922 19.51117847
 [13] 30.92707011 25.71470091 24.66474012 18.70879283 19.31985995 13.66919768
 [19] 20.35822759 30.60566511 12.54956788 23.39682492 26.83488362 16.49669616
 [25] 21.26745783  3.81319144 22.76252754 22.78717313 27.02967623 19.30345203
 [31] 24.18229475 22.39308728 14.68759886 14.85252457 19.59741455 12.38022936
 [37] 15.36169617 14.08839253 13.74434403          NA 23.49323469 15.30836338
 [43]  5.73331259  1.73977948 27.25642312 26.45841829 16.19268053 20.30721483
 [49] 15.86864951 21.97858042 18.23657216 13.61774460 14.83499638 19.73551447
 [55]  5.42402089 12.49727550 13.89531545          NA  4.45378246  1.90280658
 [61]  3.74390035  1.42470455          NA  3.28595456  4.35276595          NA
 [67] 22.76766465 15.05671913 14.08382280 13.80050649 20.17116627 13.63051839
 [73] 12.63939714 15.84335036  2.89038143  7.98155786          NA          NA
 [79]          NA          NA  5.66801287          NA          NA          NA
 [85]  4.31117778          NA  4.87695776  5.05124435          NA 16.67871713
 [91] 11.14825008 14.32580715 13.44985805  6.65997608  4.62074982  1.00247167
 [97]  2.42664041          NA  4.89185746  4.41392504  0.06721694          NA
[103]          NA          NA          NA          NA          NA  4.25310765
[109]          NA          NA          NA          NA          NA          NA
[115] 13.45548297 12.76763324  5.52454076  4.38847259          NA  1.36083739
[121]          NA          NA          NA          NA          NA          NA
[127]  0.02659733  2.41372949  3.84694244  2.93721858  4.64266659          NA
[133]          NA          NA          NA          NA  1.14792090  3.07684478
[139]          NA          NA          NA          NA  0.34208652          NA
[145]          NA          NA

$TS
  [1] 49.2665115 41.7818146 33.8075522 40.0457688 38.1066409 32.7098143
  [7] 30.7205995 28.4385347 33.0132774 32.8143818 30.9302509 29.4087534
 [13] 34.6586560 29.0103854 25.3763952 23.6620839 23.6325368 19.9311495
 [19] 32.3072163 32.1478597 26.9323039 27.3061146 27.0345575 23.2818925
 [25] 21.9715056 10.2987491 30.6870398 30.2804887 27.4885578 27.6469395
 [31] 31.1806506 27.8493547 25.0254801 23.0184460 21.7620619 20.3710750
 [37] 16.1931119 15.9203547 14.9682799 13.3528423 27.1239911 20.0311981
 [43]  9.9748459  3.8737654 28.7604975 26.7271025 24.9720984 22.6920716
 [49] 21.8691345 25.4553753 19.0232688 15.4600007 19.9444163 20.2246332
 [55] 15.1922176 14.7088852 14.5103333 10.0572631  8.0654885  7.9954213
 [61]  6.1124197  2.6914095  1.7110846  9.3271541  7.8850505  7.6385041
 [67] 28.0100480 23.6371897 16.4755587 17.5128677 22.1267943 13.8466917
 [73] 19.4254734 17.8514871 10.0506002  9.5179498  8.6524846  7.6197276
 [79]  6.1763325  5.4622972  8.2168141  2.9530048  0.1726989  7.7923204
 [85]  4.6122311  7.6866334  6.9215712  5.5545233  6.7320802 22.2422964
 [91] 17.1336136 16.8617807 14.6684757  6.7120164  9.1126170  8.0440423
 [97]  7.8186952  6.8073066  5.2503340  4.9365557  3.9774983  1.8042720
[103]  0.8565306  0.1580460  3.3860791  2.4263911  1.6373314  6.8092133
[109]  3.8406469  4.4866274  1.9506828  1.8701565  6.6337282  5.6612296
[115] 14.0417719 14.3293051  7.2374004  5.6888362  4.9186770  4.6315104
[121]  3.1563066  0.3546020  0.1553487  0.2577051  1.5080873  1.2166239
[127]  6.1958069  4.7086933 13.1765541  5.5560910  5.0627800  3.6090971
[133]  0.6368870  3.0419909  1.1114639  9.1665369  6.0185295  4.3465250
[139]  2.3192583  0.3986064  2.4001861  0.4407764  1.7434196  1.3917542
[145]  0.9476323  0.1570518

$PAR
  [1]  NA   1   1   2   2   2   2   2   3   3   3   3   5   7   7   7   7   7
 [19]   9   9   9  10  10  10  10  10  11  11  11  12  13  14  15  16  17  17
 [37]  18  18  18  21  22  24  26  26  28  28  30  30  30  31  34  34  35  36
 [55]  38  39  39  40  40  40  40  40  40  43  43  43  45  47  47  49  50  52
 [73]  53  53  55  55  55  55  55  55  58  58  58  60  60  64  65  65  66  68
 [91]  68  68  73  75  76  77  77  77  77  77  78  78  78  78  79  80  80  84
[109]  84  86  86  86  87  87  91  93  95  96  96  96  97 101 106 107 110 112
[127] 113 113 116 117 118 119 121 127 127 129 129 129 132 132 134 135 136 136
[145] 144 145

$EXTANT
  [1] FALSE FALSE FALSE FALSE FALSE FALSE FALSE FALSE FALSE FALSE FALSE FALSE
 [13] FALSE FALSE FALSE FALSE FALSE FALSE FALSE FALSE FALSE FALSE FALSE FALSE
 [25] FALSE FALSE FALSE FALSE FALSE FALSE FALSE FALSE FALSE FALSE FALSE FALSE
 [37] FALSE FALSE FALSE  TRUE FALSE FALSE FALSE FALSE FALSE FALSE FALSE FALSE
 [49] FALSE FALSE FALSE FALSE FALSE FALSE FALSE FALSE FALSE  TRUE FALSE FALSE
 [61] FALSE FALSE  TRUE FALSE FALSE  TRUE FALSE FALSE FALSE FALSE FALSE FALSE
 [73] FALSE FALSE FALSE FALSE  TRUE  TRUE  TRUE  TRUE FALSE  TRUE  TRUE  TRUE
 [85] FALSE  TRUE FALSE FALSE  TRUE FALSE FALSE FALSE FALSE FALSE FALSE FALSE
 [97] FALSE  TRUE FALSE FALSE FALSE  TRUE  TRUE  TRUE  TRUE  TRUE  TRUE FALSE
[109]  TRUE  TRUE  TRUE  TRUE  TRUE  TRUE FALSE FALSE FALSE FALSE  TRUE FALSE
[121]  TRUE  TRUE  TRUE  TRUE  TRUE  TRUE FALSE FALSE FALSE FALSE FALSE  TRUE
[133]  TRUE  TRUE  TRUE  TRUE FALSE FALSE  TRUE  TRUE  TRUE  TRUE FALSE  TRUE
[145]  TRUE  TRUE

