
Birth-death simulation object with 359 species and 123 extant species

Details for some species:

Extinction times (NA means extant)
[1] 42.57128 39.01816 43.80424 34.47566 18.59646 36.18552


Speciation times 
[1] 49.26651 49.04293 48.47891 45.57941 44.31208 47.90899


Species parents (NA for initial)
[1] NA  1  2  2  2  3


Species status (extinct or extant)
[1] "extinct" "extinct" "extinct" "extinct" "extinct" "extinct"


For more details on vector y, try sim$y, with y one of
TE TS PAR EXTANT



$TE
  [1] 42.57128327 39.01815555 43.80423681 34.47565817 18.59646031 36.18552154
  [7] 36.47900705 31.74287543 30.88169071 32.64733250 34.64157143 31.68625451
 [13] 29.84612492 14.64082535 22.26425651 18.49557664 40.18034142 37.62659352
 [19] 39.60778218 38.27924592 31.72963189 37.06210313 17.97239247 30.75162327
 [25] 29.05005870 20.53449499 25.48970695  9.23359179 14.33296857 20.44079160
 [31] 35.78096579 37.28279112 27.02620543 29.15330746 14.74654593 22.77735288
 [37] 16.39612707 28.90008075 26.84295241 21.93999979 30.28615402 13.16024496
 [43] 25.04855273 22.86349237 14.97307072 29.61517296 25.66423983 32.44900504
 [49] 27.81206542 27.92013066 24.73031131 21.60897058 24.68001704 20.26724499
 [55] 14.34283183 14.19095701 27.91562515 14.95640685 10.72730698 12.24417418
 [61] 12.64420023 23.20710568 18.74063719 13.18516787 36.87420392 32.07770416
 [67] 20.69597076 33.05435778 25.39037206 26.42494798 26.65741884 23.02086429
 [73] 11.92322332 16.99947836 20.69157794 20.11259379 21.03043043 15.00953939
 [79] 19.53942329 13.65673253 13.97416382 13.34385156 28.09714029 14.71135794
 [85] 14.36205254 13.50279108 14.66894671          NA  8.66161201  7.03438127
 [91] 12.20028030 19.88487118 22.25800758 24.59498904 26.73355682 17.04225743
 [97] 14.37962911 15.40300607 15.09638178 11.39656916  5.76655930  2.28124117
[103]          NA 23.35907467 19.52805782 12.54848128 12.89992138 15.28330382
[109] 12.81336872 14.31885898 13.75207280 23.72443495 11.33172519 15.57957878
[115] 13.41845452          NA  9.51707716          NA          NA          NA
[121]  2.21428856          NA          NA  7.31488977          NA  8.30605875
[127] 26.57056845          NA 15.25464180 15.27799963 12.59004125 13.54315979
[133] 14.68166161          NA 14.86718670 13.07872329          NA  7.64467144
[139]  7.55688055          NA 15.80067062 12.56814807          NA 20.35114152
[145] 14.73257692 13.28812679 13.31800258 21.66858525 14.66171783 22.68210012
[151] 12.56853078          NA 11.63591465          NA 12.13923580 10.36347309
[157] 11.66280662  6.53376284          NA  0.46743940          NA          NA
[163]  5.89861307          NA  6.81602613          NA          NA          NA
[169]          NA          NA  3.01295530  5.70698993          NA  1.88747294
[175]          NA          NA 27.48218376 15.10314238          NA          NA
[181] 17.19212522 15.39507418  5.74171855 13.17319217 12.17998927          NA
[187]          NA 17.12017349  8.15633639          NA 16.44030612 14.31189235
[193] 19.59007200          NA          NA          NA  4.97927091  4.04973111
[199]          NA          NA  5.75401714 11.46075651          NA          NA
[205]          NA          NA  4.19641089          NA          NA  1.46655307
[211]  5.76592509          NA  4.27223450  1.65903836          NA          NA
[217]  4.64710353  1.60765197  1.40721807          NA          NA          NA
[223]          NA          NA          NA 15.56704456 15.39374347 15.04707362
[229] 17.37360180  2.75825918          NA 13.23750445  3.72205505  5.53873955
[235]          NA          NA  4.20165581          NA  9.44165877 12.55892854
[241]          NA  4.46278144  0.04167288          NA          NA  1.10224344
[247]  5.23620807  1.75637300  5.38346495  0.87347866          NA          NA
[253]          NA          NA          NA  0.43978276          NA  1.96466659
[259]  0.34137717          NA  2.73892927  2.55303469          NA          NA
[265]          NA          NA  5.14315493  4.84856498          NA 14.30327206
[271] 12.02409806  5.72840219  2.39768389          NA          NA  9.28251086
[277]          NA          NA          NA  0.35286123          NA          NA
[283]          NA  1.96968260  5.72931997  3.61834932  4.51763899          NA
[289]          NA  3.18520566  1.97655038          NA          NA          NA
[295]          NA          NA  2.38713399          NA          NA          NA
[301]          NA  0.55497986  2.40174748  2.39906598  1.06872877  1.85896785
[307]          NA          NA  0.42913664          NA          NA          NA
[313]  4.07666754          NA  7.38663724  2.38172186          NA  0.12557621
[319]          NA  0.90601060  2.12322698  1.59828089          NA          NA
[325]          NA          NA  5.09319790          NA          NA  1.02457183
[331]          NA  2.82331622          NA  0.51056456          NA  0.75674711
[337]  2.42369511  3.62049236          NA          NA          NA  0.77494908
[343]          NA  0.87838099          NA          NA          NA          NA
[349]          NA  1.51516803          NA          NA          NA  1.21768165
[355]          NA  1.95915282          NA  0.37954997          NA

$TS
  [1] 49.2665115 49.0429342 48.4789057 45.5794102 44.3120813 47.9089913
  [7] 43.4851368 38.3651453 43.8027174 37.4667669 37.1644079 35.7784608
 [13] 31.5206311 26.6090618 22.9862569 18.9258241 44.6553234 39.3495247
 [19] 41.1984865 39.8132464 36.0669341 42.6176197 35.8418000 35.5256952
 [25] 34.1439138 34.3381039 29.9944016 17.2047597 16.9457018 44.5619780
 [31] 43.4607186 38.0744686 37.8284717 29.7830151 23.8593812 23.0576293
 [37] 20.5440509 35.4612740 33.9191592 29.6219668 31.7424340 25.6344373
 [43] 25.0961450 29.5660534 28.0603723 43.3833674 35.7992673 32.5090046
 [49] 32.3449015 28.1616706 25.8983566 23.0920170 30.6301217 20.3908624
 [55] 19.4180381 34.4168988 33.9808948 28.5694393 22.6896910 16.8621278
 [61] 14.1886337 24.4792403 21.2208089 20.3044648 37.8090295 35.3711004
 [67] 31.8763853 33.9947800 31.2236210 30.3133502 28.4620139 25.7235785
 [73] 22.4772384 26.8222259 26.5569359 25.4525127 23.0350748 22.6277901
 [79] 21.5770851 18.3544318 17.5070542 15.8349760 29.9763458 25.3852460
 [85] 19.9242412 17.0430912 16.5063562 12.8824968 12.2059152 11.4781261
 [91] 13.0139976 20.5956184 33.0700382 27.9584971 29.1537276 19.7797033
 [97] 18.7182635 16.4208930 15.6908808 13.9124560 20.9046938 25.0475642
[103] 21.5669758 23.8051865 21.6271471 18.8063456 17.9992003 17.4300763
[109] 14.6271039 14.5337768 29.8188863 28.8269716 18.1140119 16.2154104
[115] 14.8996604 12.3918136 12.1455956  7.0664846  3.3142889  1.6259507
[121] 10.7984802  9.6252755  9.3678485  9.0665424  8.8171325 10.2972672
[127] 30.9956799 22.3551788 26.9511215 19.4958574 17.1404588 15.1087944
[133] 14.9817380  6.3919615 17.7460741 13.4854529  9.4180627  7.9904578
[139]  7.9638243  4.7893243 18.2932933 15.1147510  4.2869421 21.6174908
[145] 15.8551090 15.8140496 16.6018263 23.6360726 17.9481460 25.4785646
[151] 14.0237619 13.9148804 12.3287154 11.4043818 14.0990281 10.5233718
[157] 12.0446340 10.9509296  5.6129337  1.0198344  9.9683003  9.3603315
[163]  7.9417946  5.6240221  7.9730810  6.6638647  1.3762427  8.4645431
[169]  8.4063851  7.2703964  5.5841179  7.3253773  8.5514465  2.6147526
[175]  1.6617033  0.5983848 27.8861115 16.8825355  4.3664074  4.1380336
[181] 21.9253281 15.7535895 16.3980796 13.7388911 13.3266560  6.7952707
[187]  5.8208474 17.3736567 13.6032143  4.2114502 23.5833968 17.5761776
[193] 23.5707236  2.8015049  1.0406048  0.4180405  8.7022832  7.6958213
[199]  7.5565895  1.2559446 12.4549804 11.7548587  9.9210620  8.1880781
[205]  8.0167439  3.8723937  5.5951463  7.3078519  6.1775292  5.7831344
[211]  6.5910056  3.9610034  4.5487357  2.7944755  0.3857383  7.2773088
[217]  5.0773242  4.1242394  6.9670535  6.7671195  6.2470997  5.6243715
[223]  2.2545854  1.3712867  0.4692151 16.1968486 21.0180363 18.4231312
[229] 17.6708457 12.9470771  8.2155016 13.4471074 13.2282729  6.1486471
[235]  5.7777477  5.5087434  5.0405230  3.7417141 11.0513959 16.2574576
[241]  1.0049568  5.3581436  5.1287386  7.3530594  6.6227212  6.4289401
[247]  8.8364080  8.2691436  5.9687962  7.5546143  4.8559748  2.4666517
[253]  0.8642127  3.4730463  0.6820825  7.5145988  6.9736429  6.4396504
[259]  0.7440055  3.5282780  2.8930991  2.9147097  3.5420369  6.7472002
[265]  0.5060683  5.0271206  5.6233762  4.9723906  4.6259836 18.3132947
[271] 15.8941153  6.7731443  4.9181022  3.1822585  6.1416677 10.3969269
[277]  7.6909191  2.1095434  0.9322647  0.6777916  4.7365053  2.2718819
[283]  2.1257076  6.9727807  5.9887666  4.1563958  5.9669610  4.6217247
[289]  3.9518320  3.5745171  5.1870323  2.2189342  6.3506580  6.2215538
[295]  5.6435768  4.4251422  5.3650119  4.6751166  2.7986872  2.0277456
[301]  3.2748188  2.9163704  4.2172563  6.3947950  4.3086423  2.1132226
[307]  2.0717436  2.5970348  1.6202442  1.3715094  4.4083144  0.6012162
[313]  5.0335820  0.8547176  7.5468886  3.0152779  1.5097569  0.3370737
[319]  2.9441338  1.9035399  4.5245853  3.2061586  4.7206202  1.6557535
[325]  0.1948703  4.9813283  6.1220834  5.4527663  1.1271485  1.8887002
[331]  1.1129925  3.8915398  3.4100588  2.3403112  4.6810302  2.2191263
[337]  3.9947821  4.5780910  2.0526952  2.0014807  1.7146666  1.2756535
[343]  5.9656053  4.4473664  3.5917696  0.2399423  1.1891390  0.9725409
[349]  1.6973112  3.3512221  2.5364040  3.8764957  5.3784973  2.5275558
[355]  2.6397339  2.3861889  4.0118012  1.6848278  1.3504389

$PAR
  [1]  NA   1   2   2   2   3   4   4   5   5   5   5   5   5   5   5   6   6
 [19]   7   7   8   9   9  10  10  12  13  14  14  17  17  22  22  23  23  23
 [37]  23  24  24  25  26  26  26  27  27  30  30  30  30  30  30  30  33  37
 [55]  37  38  38  39  40  42  42  44  45  45  46  46  46  47  47  47  49  51
 [73]  52  53  53  56  56  56  56  56  56  56  57  58  58  58  59  59  59  59
 [91]  60  63  66  69  70  73  73  73  73  73  74  75  75  76  76  78  78  78
[109]  80  80  83  83  85  85  86  88  88  88  88  88  89  89  89  89  89  90
[127]  93  93  94  96  96  97 101 101 102 102 102 102 102 102 103 103 103 105
[145] 106 106 108 111 111 112 113 113 113 113 115 116 117 117 118 120 121 121
[163] 121 121 122 122 122 123 123 123 123 124 125 125 125 125 127 128 128 128
[181] 129 129 130 132 136 137 137 141 142 143 148 149 150 152 152 152 154 154
[199] 154 154 155 157 158 158 158 159 161 162 162 162 163 164 166 166 167 168
[217] 168 168 169 172 172 173 173 173 175 178 181 181 181 183 183 184 184 186
[235] 186 186 186 187 189 192 195 197 197 199 199 199 201 201 201 203 203 203
[253] 203 204 204 205 205 205 205 206 206 208 212 216 216 219 220 220 221 228
[271] 228 230 230 230 231 233 233 235 235 235 236 236 236 244 244 244 245 245
[289] 245 245 246 246 247 247 248 248 250 250 250 250 251 254 256 257 257 257
[307] 257 264 264 264 269 269 275 275 277 277 277 279 281 282 284 284 287 289
[325] 289 293 294 294 295 296 296 298 298 299 304 311 321 323 323 323 323 323
[343] 327 328 328 329 333 334 336 337 337 338 343 343 345 351 353 353 355

$EXTANT
  [1] FALSE FALSE FALSE FALSE FALSE FALSE FALSE FALSE FALSE FALSE FALSE FALSE
 [13] FALSE FALSE FALSE FALSE FALSE FALSE FALSE FALSE FALSE FALSE FALSE FALSE
 [25] FALSE FALSE FALSE FALSE FALSE FALSE FALSE FALSE FALSE FALSE FALSE FALSE
 [37] FALSE FALSE FALSE FALSE FALSE FALSE FALSE FALSE FALSE FALSE FALSE FALSE
 [49] FALSE FALSE FALSE FALSE FALSE FALSE FALSE FALSE FALSE FALSE FALSE FALSE
 [61] FALSE FALSE FALSE FALSE FALSE FALSE FALSE FALSE FALSE FALSE FALSE FALSE
 [73] FALSE FALSE FALSE FALSE FALSE FALSE FALSE FALSE FALSE FALSE FALSE FALSE
 [85] FALSE FALSE FALSE  TRUE FALSE FALSE FALSE FALSE FALSE FALSE FALSE FALSE
 [97] FALSE FALSE FALSE FALSE FALSE FALSE  TRUE FALSE FALSE FALSE FALSE FALSE
[109] FALSE FALSE FALSE FALSE FALSE FALSE FALSE  TRUE FALSE  TRUE  TRUE  TRUE
[121] FALSE  TRUE  TRUE FALSE  TRUE FALSE FALSE  TRUE FALSE FALSE FALSE FALSE
[133] FALSE  TRUE FALSE FALSE  TRUE FALSE FALSE  TRUE FALSE FALSE  TRUE FALSE
[145] FALSE FALSE FALSE FALSE FALSE FALSE FALSE  TRUE FALSE  TRUE FALSE FALSE
[157] FALSE FALSE  TRUE FALSE  TRUE  TRUE FALSE  TRUE FALSE  TRUE  TRUE  TRUE
[169]  TRUE  TRUE FALSE FALSE  TRUE FALSE  TRUE  TRUE FALSE FALSE  TRUE  TRUE
[181] FALSE FALSE FALSE FALSE FALSE  TRUE  TRUE FALSE FALSE  TRUE FALSE FALSE
[193] FALSE  TRUE  TRUE  TRUE FALSE FALSE  TRUE  TRUE FALSE FALSE  TRUE  TRUE
[205]  TRUE  TRUE FALSE  TRUE  TRUE FALSE FALSE  TRUE FALSE FALSE  TRUE  TRUE
[217] FALSE FALSE FALSE  TRUE  TRUE  TRUE  TRUE  TRUE  TRUE FALSE FALSE FALSE
[229] FALSE FALSE  TRUE FALSE FALSE FALSE  TRUE  TRUE FALSE  TRUE FALSE FALSE
[241]  TRUE FALSE FALSE  TRUE  TRUE FALSE FALSE FALSE FALSE FALSE  TRUE  TRUE
[253]  TRUE  TRUE  TRUE FALSE  TRUE FALSE FALSE  TRUE FALSE FALSE  TRUE  TRUE
[265]  TRUE  TRUE FALSE FALSE  TRUE FALSE FALSE FALSE FALSE  TRUE  TRUE FALSE
[277]  TRUE  TRUE  TRUE FALSE  TRUE  TRUE  TRUE FALSE FALSE FALSE FALSE  TRUE
[289]  TRUE FALSE FALSE  TRUE  TRUE  TRUE  TRUE  TRUE FALSE  TRUE  TRUE  TRUE
[301]  TRUE FALSE FALSE FALSE FALSE FALSE  TRUE  TRUE FALSE  TRUE  TRUE  TRUE
[313] FALSE  TRUE FALSE FALSE  TRUE FALSE  TRUE FALSE FALSE FALSE  TRUE  TRUE
[325]  TRUE  TRUE FALSE  TRUE  TRUE FALSE  TRUE FALSE  TRUE FALSE  TRUE FALSE
[337] FALSE FALSE  TRUE  TRUE  TRUE FALSE  TRUE FALSE  TRUE  TRUE  TRUE  TRUE
[349]  TRUE FALSE  TRUE  TRUE  TRUE FALSE  TRUE FALSE  TRUE FALSE  TRUE

