
Birth-death simulation object with 88 species and 33 extant species

Details for some species:

Extinction times (NA means extant)
[1] 30.54513 43.91307 41.02564 27.49020 23.95830 11.80872


Speciation times 
[1] 45.87733 44.63643 42.09483 35.38979 32.27031 30.98652


Species parents (NA for initial)
[1] NA  1  1  1  1  4


Species status (extinct or extant)
[1] "extinct" "extinct" "extinct" "extinct" "extinct" "extinct"


For more details on vector y, try sim$y, with y one of
TE TS PAR EXTANT



$TE
 [1] 30.5451309 43.9130687 41.0256445 27.4902030 23.9583022 11.8087198
 [7] 30.1444345 30.0956275 27.3647505 27.5877020  7.0573670 27.3936922
[13] 24.6961662 15.1751859 10.0944004  9.4959658 20.5200732 19.9150200
[19] 27.2683291 24.9848396 11.7328522 11.4340051 11.8728355  2.9272319
[25] 25.0125575 16.4714902 15.1667156  7.9305394 10.0389565  2.6497378
[31] 18.0302319 20.0225101 11.0195245  7.5720862         NA         NA
[37]  3.2395739  2.0222775  9.7064083 22.7470460 11.4306211  9.4766419
[43]  1.7115986  8.0580905 10.7906104  3.0342122         NA         NA
[49]         NA         NA         NA  0.6366878  2.5584443  2.6108817
[55]  8.8245717 10.7905767         NA         NA  8.7538709         NA
[61]         NA  0.6851456         NA         NA         NA         NA
[67] 12.4105103         NA  2.4828863         NA         NA         NA
[73]         NA         NA  2.0107697         NA         NA         NA
[79]         NA         NA         NA         NA  2.1489819         NA
[85]         NA         NA         NA         NA

$TS
 [1] 45.87732762 44.63642627 42.09483370 35.38978759 32.27031377 30.98652173
 [7] 31.13620387 30.98868147 30.01243970 29.10247669 29.37978806 27.81630064
[13] 26.99395621 17.30034294 13.82419965 13.81355867 30.70330397 28.97898698
[19] 28.75638266 26.76004247 20.16479280 17.58942901 13.04601802  7.36429843
[25] 27.54392852 16.64563299 15.84755117 12.51783012 11.19032111 10.59811527
[31] 22.41253494 21.96983939 28.52297795 15.74621755 12.24771117  6.88502404
[37]  4.30571310  2.85327151 18.11901277 23.94915038 15.11781889 13.22006967
[43] 10.27132597  9.36737195 10.98101137  4.36602278  3.88366075  3.74349954
[49]  3.51020630  2.38875053  5.33459347  5.17506917  3.80918291  3.57390620
[55] 10.06133791 13.14608070  7.35499468  2.37605837  8.91675358  2.34269427
[61]  3.03995344  2.35798019  4.59770330  1.70639555  1.46422677  2.84553648
[67] 13.05698688  5.58661463  3.91725739  3.16995766  2.69014333  1.59898973
[73]  0.18252579  1.72317555  2.63148432  1.71010646  1.42480871  1.05446058
[79]  3.28875939  2.60107750  1.16449408  0.18424620  2.25817653  0.15335540
[85]  1.48423886  0.08054041  0.98988366  0.64812554

$PAR
 [1] NA  1  1  1  1  4  5  5  5  5  6  6  6  6  6  6  8  9 11 11 11 11 11 11 12
[26] 14 14 15 15 15 18 18 19 21 23 30 30 30 31 33 33 33 34 34 35 35 35 35 35 35
[51] 36 36 36 37 39 41 43 43 44 47 48 49 52 52 52 54 56 57 57 57 57 58 58 61 63
[76] 63 63 66 68 69 70 70 71 73 74 81 85 85

$EXTANT
 [1] FALSE FALSE FALSE FALSE FALSE FALSE FALSE FALSE FALSE FALSE FALSE FALSE
[13] FALSE FALSE FALSE FALSE FALSE FALSE FALSE FALSE FALSE FALSE FALSE FALSE
[25] FALSE FALSE FALSE FALSE FALSE FALSE FALSE FALSE FALSE FALSE  TRUE  TRUE
[37] FALSE FALSE FALSE FALSE FALSE FALSE FALSE FALSE FALSE FALSE  TRUE  TRUE
[49]  TRUE  TRUE  TRUE FALSE FALSE FALSE FALSE FALSE  TRUE  TRUE FALSE  TRUE
[61]  TRUE FALSE  TRUE  TRUE  TRUE  TRUE FALSE  TRUE FALSE  TRUE  TRUE  TRUE
[73]  TRUE  TRUE FALSE  TRUE  TRUE  TRUE  TRUE  TRUE  TRUE  TRUE FALSE  TRUE
[85]  TRUE  TRUE  TRUE  TRUE

