
Birth-death simulation object with 248 species and 67 extant species

Details for some species:

Extinction times (NA means extant)
[1] 35.07217 38.34330 30.16130 30.57975 30.19894 27.70651


Speciation times 
[1] 45.87733 45.38101 39.66600 35.70749 43.96895 36.64937


Species parents (NA for initial)
[1] NA  1  1  1  2  3


Species status (extinct or extant)
[1] "extinct" "extinct" "extinct" "extinct" "extinct" "extinct"


For more details on vector y, try sim$y, with y one of
TE TS PAR EXTANT



$TE
  [1] 35.07217387 38.34330159 30.16130170 30.57975500 30.19894192 27.70651176
  [7] 34.64916360 29.91210791 20.00931874 25.63732788 31.05628397 30.44877443
 [13] 29.88050750 17.41850006 23.72068950 20.15294708 21.78963798 11.77259210
 [19] 33.00212053 32.74577999 17.95306364 10.93614783 17.28947512 15.90544167
 [25] 11.43212239 11.83969571 25.43978564 23.91721867 11.06847542 23.81887745
 [31] 11.54530610  8.89760748 11.69448008 20.72697932 19.95850206 10.73099361
 [37] 27.05625080 28.93863599 28.16755247 20.72910537 16.87437644 17.59501529
 [43] 11.27117912 10.96214344  9.54448867  9.31042457 16.85389273 14.93892855
 [49] 17.36974976  9.03115881 11.68141228  3.43952547 11.08313324 26.60994313
 [55] 18.65303569 11.92957911 11.28646305 14.65138849 12.10073492 11.31665378
 [61] 10.57071634 13.91946038  7.77511095 15.82704145 11.27807930 14.98153451
 [67] 16.44343567  8.89204071 14.96397273 10.14008348 11.44209684 11.26003517
 [73]  9.99158315  8.00323550  8.29061323 10.02171476  8.68237686  9.94904747
 [79] 16.16838804 11.67804755 11.57684505 11.11021910          NA  4.71255419
 [85]  0.20199395          NA          NA  9.34018288  9.03831883 11.40288711
 [91] 17.68881984 11.42867719  8.27377028 12.00694652 10.50785126 14.67112343
 [97]  9.73109263  9.89041002 11.58876085  7.70064636  7.36189597 11.51862357
[103] 16.35032134 12.74607955 10.66705242 17.74590017 10.74171750 15.42861438
[109] 10.33124822  7.91073011 11.07515616 11.60840203 15.27313220 16.25283315
[115] 14.50433338 17.19052616  7.95690666 11.44533888  1.45660273          NA
[121]          NA  1.04435032  0.23263232  0.09997732          NA 13.04927894
[127]  8.47783000 11.04425999  9.81474733          NA 10.60096256  9.69816486
[133]  7.75444989  2.80563460 19.91390124 13.42227692 11.66281769 11.23612160
[139]  8.89757641 10.60970805 10.55769564 10.36061581  7.57923261  8.81000013
[145] 11.66817684 14.68832957  8.32654266  9.78261195 10.04694640  4.89754082
[151]  3.47338198  3.22155736  2.92306840 11.81580195 13.11270984 11.02761328
[157] 10.36473241  7.35354500          NA  4.51243162  3.29929441  4.39791270
[163]          NA          NA 10.73534414          NA  6.07288183  2.15962406
[169]          NA  1.48800588  7.76540606          NA 11.06790902          NA
[175]          NA  3.92358308  2.07958268          NA          NA          NA
[181]  9.84007268          NA  2.40014365  4.61646353          NA          NA
[187]  8.02028219  0.94289642          NA  0.29014736          NA          NA
[193]  6.48890503  1.04720306          NA          NA          NA          NA
[199]  0.84386118          NA  2.18347279          NA          NA          NA
[205]          NA          NA  4.84375671  5.13780568          NA          NA
[211]          NA  2.54271334  3.38338982          NA          NA  2.50170297
[217]          NA          NA          NA          NA          NA          NA
[223]          NA          NA  0.47105386  1.32323761          NA          NA
[229]          NA          NA          NA          NA  0.34513223          NA
[235]          NA          NA          NA          NA          NA  2.17473353
[241]          NA          NA          NA          NA          NA          NA
[247]          NA          NA

$TS
  [1] 45.87732762 45.38101127 39.66600217 35.70749036 43.96895324 36.64937445
  [7] 35.60886290 31.95207534 30.50988514 31.64186059 39.79677064 37.20530673
 [13] 34.98934166 26.65886854 24.16172063 31.61466251 26.32672844 25.94881488
 [19] 36.88001821 36.48703824 33.86184106 31.88772202 24.56504351 21.79361474
 [25] 30.79732708 29.16510893 26.87713320 25.99486433 25.11432324 24.66444229
 [31] 22.71268094 16.21517531 27.92240798 23.87885298 20.78373252 19.03810813
 [37] 30.55715245 29.60238251 28.35554128 23.77907875 21.47993684 20.45079389
 [43] 17.60990251 14.62852643 10.98003024 21.22302941 19.48459917 24.74777429
 [49] 24.72096815 15.98195651 15.21832062 15.19171485 14.56527663 27.59079663
 [55] 21.55334160 18.24315076 17.03487581 16.82719604 16.82303093 17.62927215
 [61] 13.91005789 23.46949931 20.70201832 20.14221428 19.51653842 18.78467549
 [67] 20.79832470 22.63052414 21.05248231 18.49841048 15.13167230 14.42518772
 [73] 13.23063369 15.43707464 13.79374006 10.13606038 17.85041772 17.58138203
 [79] 18.54914200 18.09391567 13.51977466 11.93809074 10.26831586  6.97716866
 [85]  6.80608652  5.47371389  4.92930617 14.44468633 14.42730737 13.61680167
 [91] 18.90318723 14.97546495 14.25374276 16.57211763 12.12860045 16.15848955
 [97] 12.68761332 22.44599695 20.00224595 17.92017255 11.83768895 18.34634717
[103] 17.04646118 13.55227683 19.69029205 17.98134668 15.88804040 15.62650306
[109] 10.88232503  9.21493628 12.80479579 16.05868614 16.57670095 16.37406442
[115] 15.45980222 17.20525207 13.82059329 12.53698101  5.01262246  4.26658932
[121]  3.49967617  2.44080465  1.60175068  3.14289205  0.40651394 13.28163987
[127] 12.67459739 12.38477765 11.09658172 13.69686972 11.31394486  9.76429056
[133] 11.71164289 15.48045618 21.18101598 14.72821368 14.44133637 14.23045714
[139] 13.49541049 14.10255139 13.49288700 14.52748184  8.36502655 17.62072959
[145] 17.23346502 15.07785573 14.62931419 12.23234782 10.82898352  9.39641463
[151]  4.11445040  3.79650757  3.45397618 12.00298815 13.20064788 13.09445349
[157] 12.70860705 10.60407358  5.84917451  4.87092742  3.65895807 10.31255796
[163] 11.80619174  8.22080020 11.74447431 10.83292638  6.77422381  3.77380731
[169] 10.51077894  1.81266393  9.64962365  5.88523601 11.40170022  8.20374078
[175]  6.54733415  4.40607159  3.51751440  6.84399838  4.07591747  2.75569072
[181] 10.84028649  4.78075665  3.24855154  7.11602511  5.07944830  0.75388465
[187]  8.57372567  8.12341258  4.26937421  2.61580069  2.23357067  7.70103302
[193]  6.91159882  5.10414923  4.57485994  4.20098563  4.11041298  6.02852200
[199]  4.93958810  0.85525443  2.84066548  0.10291283  3.98208123  4.70234233
[205]  2.49108882  2.08128541  5.36488402  5.22849705  2.69481684  1.77018881
[211]  0.84512017  4.98304232  4.06646951  3.86125464  3.22873368  2.95156106
[217]  0.32175165  2.94533167  2.58490545  0.47736686  4.22309655  3.31396115
[223]  2.27137302  2.34880475  2.86884623  2.89655941  0.29402099  2.16419444
[229]  0.63263759  0.58135378  3.57369809  2.55302095  0.92598195  2.63842327
[235]  0.14066054  0.25923515  2.21696231  1.56657279  0.22368585  2.28610384
[241]  1.98083733  2.18917015  0.87221223  0.19654662  0.01661274  1.14504593
[247]  1.28598939  0.45004011

$PAR
  [1]  NA   1   1   1   2   3   3   3   3   4   5   5   7   9   9  10  10  10
 [19]  12  12  13  13  14  14  16  16  16  16  17  18  18  18  21  21  21  21
 [37]  22  22  22  22  22  22  22  22  22  23  23  25  25  25  25  25  25  26
 [55]  26  29  29  29  29  31  31  33  33  33  33  33  34  40  40  41  43  43
 [73]  44  46  46  46  48  48  49  49  50  51  52  52  52  52  52  53  53  53
 [91]  55  56  56  57  59  60  61  62  62  63  63  64  65  68  69  69  69  70
[109]  74  74  75  77  78  78  78  79  80  81  83  85  85  85  86  87  87  88
[127]  88  88  88  89  89  89  92  94  98  98  98  98  98  99  99 100 101 102
[145] 102 102 105 107 109 117 120 120 120 128 130 130 130 130 130 130 134 139
[163] 140 143 144 144 150 151 158 159 162 162 163 163 163 163 163 164 164 164
[181] 165 166 168 169 169 169 171 171 172 172 172 174 174 174 174 174 174 175
[199] 175 175 179 180 182 184 185 185 188 188 189 190 191 192 192 192 194 197
[217] 197 198 198 198 199 199 199 201 203 204 206 209 209 211 212 215 215 221
[235] 221 222 223 223 223 225 228 231 231 232 232 238 241 247

$EXTANT
  [1] FALSE FALSE FALSE FALSE FALSE FALSE FALSE FALSE FALSE FALSE FALSE FALSE
 [13] FALSE FALSE FALSE FALSE FALSE FALSE FALSE FALSE FALSE FALSE FALSE FALSE
 [25] FALSE FALSE FALSE FALSE FALSE FALSE FALSE FALSE FALSE FALSE FALSE FALSE
 [37] FALSE FALSE FALSE FALSE FALSE FALSE FALSE FALSE FALSE FALSE FALSE FALSE
 [49] FALSE FALSE FALSE FALSE FALSE FALSE FALSE FALSE FALSE FALSE FALSE FALSE
 [61] FALSE FALSE FALSE FALSE FALSE FALSE FALSE FALSE FALSE FALSE FALSE FALSE
 [73] FALSE FALSE FALSE FALSE FALSE FALSE FALSE FALSE FALSE FALSE  TRUE FALSE
 [85] FALSE  TRUE  TRUE FALSE FALSE FALSE FALSE FALSE FALSE FALSE FALSE FALSE
 [97] FALSE FALSE FALSE FALSE FALSE FALSE FALSE FALSE FALSE FALSE FALSE FALSE
[109] FALSE FALSE FALSE FALSE FALSE FALSE FALSE FALSE FALSE FALSE FALSE  TRUE
[121]  TRUE FALSE FALSE FALSE  TRUE FALSE FALSE FALSE FALSE  TRUE FALSE FALSE
[133] FALSE FALSE FALSE FALSE FALSE FALSE FALSE FALSE FALSE FALSE FALSE FALSE
[145] FALSE FALSE FALSE FALSE FALSE FALSE FALSE FALSE FALSE FALSE FALSE FALSE
[157] FALSE FALSE  TRUE FALSE FALSE FALSE  TRUE  TRUE FALSE  TRUE FALSE FALSE
[169]  TRUE FALSE FALSE  TRUE FALSE  TRUE  TRUE FALSE FALSE  TRUE  TRUE  TRUE
[181] FALSE  TRUE FALSE FALSE  TRUE  TRUE FALSE FALSE  TRUE FALSE  TRUE  TRUE
[193] FALSE FALSE  TRUE  TRUE  TRUE  TRUE FALSE  TRUE FALSE  TRUE  TRUE  TRUE
[205]  TRUE  TRUE FALSE FALSE  TRUE  TRUE  TRUE FALSE FALSE  TRUE  TRUE FALSE
[217]  TRUE  TRUE  TRUE  TRUE  TRUE  TRUE  TRUE  TRUE FALSE FALSE  TRUE  TRUE
[229]  TRUE  TRUE  TRUE  TRUE FALSE  TRUE  TRUE  TRUE  TRUE  TRUE  TRUE FALSE
[241]  TRUE  TRUE  TRUE  TRUE  TRUE  TRUE  TRUE  TRUE

