
Birth-death simulation object with 273 species and 69 extant species

Details for some species:

Extinction times (NA means extant)
[1] 30.83543 40.85193 36.73163 38.71583 36.20357 34.49999


Speciation times 
[1] 45.87733 43.96183 43.00509 39.62471 38.20846 36.59326


Species parents (NA for initial)
[1] NA  1  1  1  1  1


Species status (extinct or extant)
[1] "extinct" "extinct" "extinct" "extinct" "extinct" "extinct"


For more details on vector y, try sim$y, with y one of
TE TS PAR EXTANT



$TE
  [1] 30.83543490 40.85192573 36.73162505 38.71583252 36.20356544 34.49999241
  [7] 28.22911736 26.93128184 30.41879656 32.20629276          NA 15.47131076
 [13]  9.05791431 32.95632783 30.55887413 15.16743368 23.98542116 11.84284610
 [19] 15.30415230 14.37002143 11.91708352 10.81188867          NA          NA
 [25]          NA 20.02034843 11.14979242 12.35776664 16.32287193 11.78330796
 [31]  8.86972019 29.30219208 29.57323140 10.84961342 11.87422150  8.05524365
 [37] 11.71054049 13.52477597  3.13309527          NA          NA          NA
 [43]          NA 19.44844874 13.76799271 13.94731969 13.09453723  8.95605041
 [49] 11.71302301 18.21028065 14.28641300  9.58122861 16.05045323 27.68801491
 [55] 26.51776706  9.85082980 13.24797010 11.24179998  5.88567024 10.14338834
 [61]          NA 10.97879641 16.52842322 19.43961138 10.79738059  9.52013421
 [67] 11.66849847 10.71688821          NA  9.88259282 23.59730320 24.66386082
 [73] 29.79470181 21.85244438 22.67569498 22.40754455 13.30794254 10.74963499
 [79] 11.30076861  9.65175115 17.47631125  9.01775840  9.94347775  5.27158634
 [85] 11.74539863  9.01880234  4.72606716  6.37525891  1.32291563  0.34741686
 [91] 13.38004028 25.77504885 18.17475995 11.75033083 18.88690027 14.44092722
 [97] 13.24254772 15.95849286          NA  8.49764074  9.29799454  9.69601797
[103]  8.29069148  8.18210011          NA          NA          NA          NA
[109]          NA 10.44422698 15.32651857 11.83875074 11.79143937 20.62798830
[115] 23.35931277 10.50376100 16.75282170 15.91128963 13.74849470 11.15645947
[121]  9.37550692  8.03426750          NA 11.94959303  7.84697595  1.41134447
[127]  6.09255262          NA          NA          NA          NA          NA
[133]  4.43139077          NA  7.37307326 11.53480871 11.08888743 10.18307607
[139] 16.08026750  7.83842883  6.82657463  9.64696320 16.90588697 18.50050513
[145] 11.49648867          NA  1.68813817 11.90581094 10.97838603  6.39682269
[151] 10.20467801  8.49095687 10.31678351  6.20505834  2.69921881  4.44186245
[157]          NA          NA          NA  7.23545871          NA          NA
[163]          NA          NA          NA          NA  9.60332446  9.01620710
[169]  7.69034219 12.86919242 13.98858246  8.19216607 11.73137343 12.77870246
[175] 11.07528160 18.35333116 16.62368677 10.55615390 15.20100449 19.01229683
[181] 19.02337021  5.07855814          NA          NA 11.86800709 12.00127488
[187] 10.63963479  5.06606877          NA  1.31375852 10.92951816 10.70373070
[193]  9.32905806  8.67557627  5.22635941  2.97506332          NA          NA
[199]          NA          NA          NA          NA          NA 11.97845304
[205] 11.32148773  9.14413997 11.69074208 12.00124997 12.64145039 10.83010944
[211] 11.95129726 15.55582056 14.62928585 11.15940421 13.90112699 16.14410416
[217] 16.49406238 11.70076965  8.75729356          NA          NA          NA
[223]  7.16472738          NA          NA          NA          NA          NA
[229]          NA 10.82842169 10.89091467  8.20965921 11.67520324 10.67201552
[235] 18.09367585 15.21773188 12.45901087  9.89903316 12.74253315 11.45690370
[241]  2.53555122          NA  0.02681271          NA  2.72660652          NA
[247] 10.43140472 11.48679696  9.05194770  9.80727094          NA          NA
[253]          NA  9.54323731  8.65843255          NA          NA          NA
[259]          NA  7.96617901  8.57723812  0.13114662          NA  2.48861799
[265]          NA  1.72310829          NA          NA          NA  7.47137134
[271]          NA          NA  1.66376197

$TS
  [1] 45.8773276 43.9618342 43.0050883 39.6247111 38.2084603 36.5932601
  [7] 32.2761183 39.6154142 39.2124481 36.1635575 30.5160447 27.6322223
 [13] 27.5797919 35.9673456 33.7539837 28.1874461 24.2059353 23.9949694
 [19] 20.1241562 14.5845406 14.1680878 11.2597037  4.1528468  3.5898772
 [25]  3.0158865 20.9992338 24.4718629 20.8046457 19.4753482 18.1836269
 [31] 17.8093970 34.7191751 32.3022680 20.4959045 19.7522560 13.6213619
 [37] 19.5820462 19.0016782  3.6965639  0.3234164  1.3744832  1.5881458
 [43]  0.9760768 22.6564454 21.1207659 14.6056134 13.9232474 12.2616685
 [49] 12.1756512 19.0475765 16.4307924 15.6080172 16.9618864 32.2292112
 [55] 31.5107935 31.2335352 16.4366659 15.9623512 12.7270097 13.0801348
 [61]  3.5678205 22.4128671 21.8036033 20.6287801 16.0145085 10.0227837
 [67] 15.6070207 11.4055855 11.0255473 10.0269500 31.7200682 28.7571041
 [73] 31.3881284 30.4897462 25.9839916 24.9739806 15.3916279 13.5446445
 [79] 12.3559779 10.0595657 20.1492554 17.9824236 16.8555527 14.8813833
 [85] 13.9875498  9.9571994  6.6878640  6.4533756  4.1543698  2.5446318
 [91] 27.3379235 29.3043517 26.0300478 24.1735197 23.9111739 18.6802295
 [97] 16.8797070 16.2029002 14.8779242 14.1308496 11.5839871 10.8844698
[103] 12.4246930 12.1328281  7.8856231  6.7877054  5.5006144  6.3844015
[109]  0.7154944 22.0182145 21.5141849 15.8283197 28.7153408 26.2887168
[115] 23.7988106 14.8039520 16.9647625 16.4747035 14.6570568 13.4486599
[121] 10.0685668  9.5997500  2.6454066 12.1462568  9.1781736 11.1050979
[127]  9.7700605  5.8517340  2.7224592  0.6930586  2.7097572  4.9751288
[133]  5.0230079  1.0032516 17.9377259 16.0311694 15.2690123 11.1071794
[139] 18.5857250 12.3990060 12.0869760 23.1489400 21.5587001 21.0902730
[145] 19.6931214 18.6273337 16.8774615 13.6644344 13.4975323 12.9118451
[151] 13.2554601  9.5176658 10.9166926  9.4224197  5.8512430  5.3752474
[157]  4.6076873  1.9939449  7.4808751  7.2472960  2.9947195  2.5886470
[163]  0.9554786  0.2181846  4.8940945  2.3396043 17.0244024  9.8665129
[169]  7.7385303 15.4170050 14.7423670 13.2879312 13.4057072 17.2876149
[175] 11.4296927 21.0997340 17.0388769 16.1401266 19.6230621 20.9564891
[181] 19.4983517 19.3240962  3.2231142  2.1895234 13.5313756 12.7482553
[187] 12.6981366  8.3488925  3.2836944  2.4736097 13.3783088 12.0422628
[193] 12.4360348 10.3328563  7.3792949  5.5378196  4.5862724  2.4611650
[199]  2.3320316  0.4550588  2.3459447  1.8239721  1.9816121 15.7770525
[205] 12.6955288 13.0103101 16.8024956 14.3967821 13.3464875 13.1601217
[211] 15.8328907 16.9501799 16.7170186 19.5612603 19.2704584 19.1610133
[217] 18.1564829 15.1003885  9.5800275  1.5965969  2.9981865  1.7388852
[223]  8.6831415  5.2338105  4.1588276  3.1475722  2.1906159  2.0511298
[229]  0.2099192 14.7602625 13.5135995 11.3346526 14.5422523 12.9863767
[235] 18.6162900 17.7899265 16.9507846 17.0720097 14.1423738 12.5630367
[241]  4.0907238  3.6362498  1.4739822  0.1882084  2.9214390  0.6893481
[247] 13.0536595 12.4966347 11.7117927  9.9374980  3.7400069  3.6398796
[253]  3.5257407 10.5610778 11.6053516 10.4625243  1.4544028  1.6809283
[259]  3.3339503 10.0433806  9.6424971  3.9980694  0.2474849  3.0127649
[265]  2.5722595  2.3490928  0.6294317  9.5163752  2.0821960  8.0008817
[271]  4.2016728  1.3398737  1.7469725

$PAR
  [1]  NA   1   1   1   1   1   1   3   4   8   8   8   8   9   9  11  11  11
 [19]  11  11  11  11  11  11  11  12  13  13  13  13  13  14  15  16  18  18
 [37]  19  19  23  23  24  25  25  27  27  27  27  27  27  28  28  28  29  32
 [55]  32  32  34  34  34  36  39  44  44  44  45  48  52  52  52  52  54  54
 [73]  55  56  56  56  57  57  58  59  63  63  63  65  65  69  69  69  69  69
 [91]  72  74  74  75  75  81  82  82  82  82  82  83  84  84  84  84  87  88
[109]  90  91  91  91  92  92  94  94  96  96  96  97  99  99  99 100 100 101
[127] 104 105 105 105 106 107 108 108 110 110 110 110 111 112 112 113 113 113
[145] 113 113 113 113 113 113 116 122 126 126 126 126 126 126 127 127 128 129
[163] 129 131 132 132 135 135 135 136 136 136 137 139 140 142 142 142 143 144
[181] 144 145 146 146 147 147 147 147 147 147 148 149 150 153 154 155 156 157
[199] 157 158 162 165 166 167 167 172 174 174 174 174 178 179 179 180 181 182
[217] 182 182 182 184 189 189 194 195 196 197 198 198 201 204 208 210 211 211
[235] 215 215 215 216 218 218 225 225 225 225 226 227 233 238 238 238 241 241
[253] 241 247 248 249 251 252 253 254 254 256 256 259 259 259 259 261 266 268
[271] 268 268 271

$EXTANT
  [1] FALSE FALSE FALSE FALSE FALSE FALSE FALSE FALSE FALSE FALSE  TRUE FALSE
 [13] FALSE FALSE FALSE FALSE FALSE FALSE FALSE FALSE FALSE FALSE  TRUE  TRUE
 [25]  TRUE FALSE FALSE FALSE FALSE FALSE FALSE FALSE FALSE FALSE FALSE FALSE
 [37] FALSE FALSE FALSE  TRUE  TRUE  TRUE  TRUE FALSE FALSE FALSE FALSE FALSE
 [49] FALSE FALSE FALSE FALSE FALSE FALSE FALSE FALSE FALSE FALSE FALSE FALSE
 [61]  TRUE FALSE FALSE FALSE FALSE FALSE FALSE FALSE  TRUE FALSE FALSE FALSE
 [73] FALSE FALSE FALSE FALSE FALSE FALSE FALSE FALSE FALSE FALSE FALSE FALSE
 [85] FALSE FALSE FALSE FALSE FALSE FALSE FALSE FALSE FALSE FALSE FALSE FALSE
 [97] FALSE FALSE  TRUE FALSE FALSE FALSE FALSE FALSE  TRUE  TRUE  TRUE  TRUE
[109]  TRUE FALSE FALSE FALSE FALSE FALSE FALSE FALSE FALSE FALSE FALSE FALSE
[121] FALSE FALSE  TRUE FALSE FALSE FALSE FALSE  TRUE  TRUE  TRUE  TRUE  TRUE
[133] FALSE  TRUE FALSE FALSE FALSE FALSE FALSE FALSE FALSE FALSE FALSE FALSE
[145] FALSE  TRUE FALSE FALSE FALSE FALSE FALSE FALSE FALSE FALSE FALSE FALSE
[157]  TRUE  TRUE  TRUE FALSE  TRUE  TRUE  TRUE  TRUE  TRUE  TRUE FALSE FALSE
[169] FALSE FALSE FALSE FALSE FALSE FALSE FALSE FALSE FALSE FALSE FALSE FALSE
[181] FALSE FALSE  TRUE  TRUE FALSE FALSE FALSE FALSE  TRUE FALSE FALSE FALSE
[193] FALSE FALSE FALSE FALSE  TRUE  TRUE  TRUE  TRUE  TRUE  TRUE  TRUE FALSE
[205] FALSE FALSE FALSE FALSE FALSE FALSE FALSE FALSE FALSE FALSE FALSE FALSE
[217] FALSE FALSE FALSE  TRUE  TRUE  TRUE FALSE  TRUE  TRUE  TRUE  TRUE  TRUE
[229]  TRUE FALSE FALSE FALSE FALSE FALSE FALSE FALSE FALSE FALSE FALSE FALSE
[241] FALSE  TRUE FALSE  TRUE FALSE  TRUE FALSE FALSE FALSE FALSE  TRUE  TRUE
[253]  TRUE FALSE FALSE  TRUE  TRUE  TRUE  TRUE FALSE FALSE FALSE  TRUE FALSE
[265]  TRUE FALSE  TRUE  TRUE  TRUE FALSE  TRUE  TRUE FALSE

