
Birth-death simulation object with 319 species and 119 extant species

Details for some species:

Extinction times (NA means extant)
[1] 36.86764 41.10057 34.13212 40.53908 25.14352 38.15903


Speciation times 
[1] 45.87733 43.90576 38.40807 42.94110 42.90908 41.78341


Species parents (NA for initial)
[1] NA  1  1  2  2  2


Species status (extinct or extant)
[1] "extinct" "extinct" "extinct" "extinct" "extinct" "extinct"


For more details on vector y, try sim$y, with y one of
TE TS PAR EXTANT



$TE
  [1] 36.86764478 41.10057382 34.13212424 40.53908124 25.14351609 38.15903250
  [7] 33.74013739 28.13363912 11.88636572 28.82862603 17.53865201 28.37657157
 [13] 29.09235560 24.70553142 25.97042971 10.49167451 19.07761082 14.83382685
 [19] 13.00238200 14.83118510 11.58810926 11.11673820 11.50373740 24.89539769
 [25] 16.40581890  9.94963844 28.94078745 17.78423730 13.95145458 11.96213766
 [31]  9.91379161 11.20542795 12.11258113 13.08314176 11.71314209 10.73302835
 [37] 11.26952564 29.00521610 24.08665768 15.27791509 20.03821133 11.44925182
 [43] 27.11310943 20.65833951 17.06745407          NA  6.89319464 17.84064107
 [49] 16.48576877 11.41150150 19.60892615 12.47706887 17.35264933  9.73295059
 [55] 15.11813082 19.88909252 13.71145769 10.93915695          NA          NA
 [61]          NA  2.98186969  0.07008799          NA  1.59737720 11.96403879
 [67]  8.18624221 20.58092784 10.13910999 19.09740967 10.37870580 18.92882622
 [73] 10.12748711 11.29336470  9.45048381 13.45760580 10.41413176 11.39875075
 [79] 19.35067601  9.68088607 13.71023355 11.24112703 11.68545378  9.16733231
 [85]  8.74515744          NA  0.45430763          NA          NA          NA
 [91]          NA          NA  0.80832371          NA          NA 10.91458176
 [97] 17.63047883  7.37938096  8.39440926  9.54281994  9.42814756 13.47563607
[103]  9.05538917  9.19600495 17.14683319 10.88903309 15.69510114 13.94943306
[109]  8.55457249 13.34655981 11.77243352  9.94724565  9.08315859 14.37437353
[115]  8.77799181 11.67086420          NA 10.59155971  7.28171833          NA
[121]          NA          NA          NA          NA  2.71399201          NA
[127]  2.88356140          NA          NA          NA          NA  1.37644611
[133]          NA  0.20077030 18.24360659  8.33127370  9.08404920 11.71239852
[139] 12.21417306  9.61884295  5.63772883 14.26504148 10.81756156  9.82058656
[145] 12.32561787 11.41695117  7.01054885  8.63578957          NA  7.44340390
[151] 11.28350415 11.55500967 14.79226837 10.47708316  8.67543731  7.52262082
[157]  7.51513329          NA  8.40653063  5.30807580  9.23349767  9.33183994
[163]          NA          NA          NA          NA  4.17034994  3.11241032
[169]          NA          NA  0.12855945          NA          NA          NA
[175]          NA          NA          NA  1.19144046          NA  4.80006022
[181] 12.47901775 10.51427379 10.84340347  5.77047189 11.77455264  9.57439987
[187]  9.08262880  3.57565793  7.04661573  7.57839119          NA          NA
[193]  5.74098106 11.01345352  9.42576424  8.10328504  9.89485745 11.35266221
[199]          NA  8.39632342          NA  2.60946963  9.14089591          NA
[205]  7.17246438  3.58208431          NA          NA          NA          NA
[211]          NA          NA          NA          NA  1.08549671          NA
[217]          NA          NA          NA          NA          NA  0.82606710
[223]          NA          NA          NA 11.28455999  7.51633660 10.92566132
[229]  1.20956084 11.42340760  9.87839126 10.93122862          NA          NA
[235]  3.53469760  8.28223798          NA          NA          NA          NA
[241]  2.32881003 11.25000220  7.50220754  4.51507448          NA          NA
[247]          NA  1.72294765  7.04811631  6.01763187          NA          NA
[253]  4.66447497          NA          NA          NA          NA          NA
[259]          NA          NA          NA          NA          NA          NA
[265]  6.21997828 11.89987829  9.27656725  3.52529603          NA          NA
[271]  0.69738939  3.04810826          NA          NA          NA  3.33774286
[277]          NA          NA  3.60364940  2.84198578          NA          NA
[283]  0.95456266  0.70017782          NA          NA  2.92700964  2.60517965
[289]  1.62467457          NA          NA          NA          NA          NA
[295]  1.46663947          NA          NA  4.79518560          NA          NA
[301]          NA          NA          NA          NA          NA  3.02723619
[307]  1.19157927          NA          NA          NA          NA          NA
[313]          NA          NA          NA  2.20974268          NA  0.80557050
[319]          NA

$TS
  [1] 45.87732762 43.90576266 38.40806712 42.94109694 42.90907791 41.78340757
  [7] 37.98315934 29.09652654 34.98429783 34.46792406 34.08832921 33.39751929
 [13] 30.14805975 27.73465176 26.10288967 21.08686588 19.31587207 19.12498632
 [19] 18.99427320 18.58174033 16.58045216 15.33286299 13.03762880 33.06625994
 [25] 29.00908219 32.28271565 29.76138835 21.28598876 18.69631367 13.34159121
 [31] 10.90507836 16.74851354 14.99441928 14.61178419 13.60527393 12.23946354
 [37] 12.20193878 30.59712489 28.65370901 27.42259141 26.34978504 24.87930745
 [43] 31.71091919 31.15383457 18.06315234 14.04534505 13.83038509 18.48979085
 [49] 16.55540309 12.14585315 26.72377631 26.07426842 17.46334155 24.97936574
 [55] 24.37809211 21.04171267 22.21808435 13.69721435 11.66133421  5.98330657
 [61]  5.32041414  5.24560080  5.14775931  3.03622385  2.70056726 13.67682341
 [67] 10.00752001 25.83017366 24.78121884 23.93031627 21.55174893 21.19440096
 [73] 20.89086629 18.19002803 20.53950782 16.93733653 11.44396858 20.99265393
 [79] 20.03993033 19.27943801 18.73460070 15.13742960 13.35759521 11.12019777
 [85] 11.51761734  2.23857089  2.59744487  1.27197522  4.43280548  2.11183476
 [91]  5.22983180  4.49647974  3.09793246  4.41677744  2.51812328 12.53562190
 [97] 23.78452427 19.64673924 14.14260047 12.67233409 23.06879790 19.98595143
[103] 11.88501643 11.63692998 19.17333578 18.31273064 17.11806843 14.78046792
[109] 11.21085494 13.41993416 13.11071400 14.25500636 19.31453230 18.85229816
[115] 16.86620361 16.23637361 13.57071312 11.72219429 10.08916246  0.41075456
[121]  2.57536085  3.02997684  1.90147666  5.01832175  4.65571279  3.85433577
[127]  3.70642287  2.60283392  2.05005746  3.61028127  1.28070341  4.15230707
[133]  3.78259627  1.43102773 18.54546035 12.27063544 10.87672961 12.47780548
[139] 18.41021745 12.17161473  9.52144754 14.82699561 11.07431851 10.79278885
[145] 13.76479753 11.51577294  8.57374186 13.64418481 11.58029110 16.65698706
[151] 16.31788863 16.04755279 15.02404969 11.20731319  9.39421687 10.50171631
[157] 10.26236407  6.46485757 11.62577115 10.97413726 10.84856333  9.52111465
[163]  7.55865623  2.86682665  2.79458344  0.11571291  4.22552708  3.13297299
[169]  2.83533502  3.59400019  0.81903570  3.30968919  1.53492342  1.07916014
[175]  3.32094510  3.01943039  3.05268065  2.01724166  0.60104670  9.25449466
[181] 18.27412852 14.91738150 14.84019505  7.66115022 12.97997723 10.31744428
[187]  9.61469764  8.83017912  9.71886752  9.27842827  7.36188335  7.31055925
[193]  5.98501288 13.04008143 12.66345239 13.64416681 12.99176280 12.94440602
[199]  9.85627528  8.55292882  6.18117055  5.25218000 10.06975754  8.77914133
[205]  7.66204354  6.53957186  2.64254010  2.11907877  1.32570936  2.58868184
[211]  2.31320135  0.17960685  0.97261973  0.20052386  3.14949757  2.90736425
[217]  2.30361014  1.25946671  0.41985664  3.12433199  0.38290343  2.02963988
[223]  2.91486452  2.66780170  6.22611214 12.73582428 12.70942666 13.45562323
[229] 12.55554357 12.11261735 12.24276903 11.44671879  6.28538160  4.46536664
[235]  4.11115439  8.88491140  6.65412516  5.34727832  0.15456863  0.10915626
[241]  3.18774819 11.51080407 11.47184176  6.88535426  6.71807794  5.27341743
[247]  3.09915423  5.02775299  8.35128078  8.10284341  3.49771676  2.60168270
[253]  4.67820826  4.13823821  1.92209240  0.71572780  2.10394116  1.51244755
[259]  2.28835563  0.15429514  1.98578102  1.96400967  4.89271637  7.53151323
[265] 11.70665915 12.33176598 11.36837375  5.89254296  3.23198354  1.68391292
[271]  1.61409486  5.10199332  5.08131681  6.04434339  5.50465609  3.62379408
[277]  3.46819473  0.53596310  4.07200918  4.00453527  2.95202443  2.52113882
[283]  3.91307806  0.98312814  0.47911318  1.17646440  3.27803057  4.72502862
[289]  3.49150462  2.57276386  2.50923344  1.39536979  5.02088394  4.74096851
[295]  3.25411242  3.10017561  6.03808641  5.70288708  1.30636701  2.20844870
[301]  1.16680668  0.12793070  3.71703841  3.41597041  0.46776756  3.64929054
[307]  2.34678718  0.50996739  4.23913248  3.94508487  1.61769384  3.41875151
[313]  3.00358141  1.22881516  0.24975309  2.38166196  2.15924263  0.90533171
[319]  0.01684867

$PAR
  [1]  NA   1   1   2   2   2   5   5   7   9   9   9   9   9   9   9   9   9
 [19]   9   9   9   9   9  10  10  11  11  11  16  16  16  19  19  21  22  22
 [37]  23  24  24  24  25  25  26  26  26  26  26  29  32  33  40  40  40  41
 [55]  41  41  42  46  46  46  46  46  46  46  46  47  47  51  52  52  52  52
 [73]  52  52  54  54  54  55  55  55  55  57  58  58  59  59  60  60  61  61
 [91]  62  62  62  63  63  66  69  69  69  69  70  71  71  71  72  73  73  73
[109]  73  74  74  75  78  78  78  78  82  83  85  86  87  89  89  91  91  91
[127]  91  91  91  92  92  94  94  95  98  98  98 100 101 101 101 102 103 104
[145] 106 106 109 112 112 113 113 114 115 115 115 117 117 117 118 118 118 119
[163] 119 124 124 124 125 126 126 127 129 130 130 131 132 132 133 133 133 137
[181] 139 139 139 141 145 148 148 148 149 149 149 149 149 150 150 152 152 152
[199] 157 157 158 158 159 160 160 160 163 164 164 165 165 165 169 169 170 172
[217] 172 173 174 175 175 176 177 177 180 181 181 182 182 182 183 183 188 188
[235] 188 189 191 191 191 191 192 195 196 199 199 199 201 202 204 204 204 204
[253] 206 206 207 210 211 216 217 221 222 224 225 227 228 229 229 229 234 234
[271] 234 244 244 245 245 245 245 245 248 248 251 251 254 257 257 259 263 264
[289] 264 269 269 271 272 272 272 272 274 274 274 275 282 285 288 289 291 294
[307] 296 296 297 297 297 303 303 303 305 310 310 312 315

$EXTANT
  [1] FALSE FALSE FALSE FALSE FALSE FALSE FALSE FALSE FALSE FALSE FALSE FALSE
 [13] FALSE FALSE FALSE FALSE FALSE FALSE FALSE FALSE FALSE FALSE FALSE FALSE
 [25] FALSE FALSE FALSE FALSE FALSE FALSE FALSE FALSE FALSE FALSE FALSE FALSE
 [37] FALSE FALSE FALSE FALSE FALSE FALSE FALSE FALSE FALSE  TRUE FALSE FALSE
 [49] FALSE FALSE FALSE FALSE FALSE FALSE FALSE FALSE FALSE FALSE  TRUE  TRUE
 [61]  TRUE FALSE FALSE  TRUE FALSE FALSE FALSE FALSE FALSE FALSE FALSE FALSE
 [73] FALSE FALSE FALSE FALSE FALSE FALSE FALSE FALSE FALSE FALSE FALSE FALSE
 [85] FALSE  TRUE FALSE  TRUE  TRUE  TRUE  TRUE  TRUE FALSE  TRUE  TRUE FALSE
 [97] FALSE FALSE FALSE FALSE FALSE FALSE FALSE FALSE FALSE FALSE FALSE FALSE
[109] FALSE FALSE FALSE FALSE FALSE FALSE FALSE FALSE  TRUE FALSE FALSE  TRUE
[121]  TRUE  TRUE  TRUE  TRUE FALSE  TRUE FALSE  TRUE  TRUE  TRUE  TRUE FALSE
[133]  TRUE FALSE FALSE FALSE FALSE FALSE FALSE FALSE FALSE FALSE FALSE FALSE
[145] FALSE FALSE FALSE FALSE  TRUE FALSE FALSE FALSE FALSE FALSE FALSE FALSE
[157] FALSE  TRUE FALSE FALSE FALSE FALSE  TRUE  TRUE  TRUE  TRUE FALSE FALSE
[169]  TRUE  TRUE FALSE  TRUE  TRUE  TRUE  TRUE  TRUE  TRUE FALSE  TRUE FALSE
[181] FALSE FALSE FALSE FALSE FALSE FALSE FALSE FALSE FALSE FALSE  TRUE  TRUE
[193] FALSE FALSE FALSE FALSE FALSE FALSE  TRUE FALSE  TRUE FALSE FALSE  TRUE
[205] FALSE FALSE  TRUE  TRUE  TRUE  TRUE  TRUE  TRUE  TRUE  TRUE FALSE  TRUE
[217]  TRUE  TRUE  TRUE  TRUE  TRUE FALSE  TRUE  TRUE  TRUE FALSE FALSE FALSE
[229] FALSE FALSE FALSE FALSE  TRUE  TRUE FALSE FALSE  TRUE  TRUE  TRUE  TRUE
[241] FALSE FALSE FALSE FALSE  TRUE  TRUE  TRUE FALSE FALSE FALSE  TRUE  TRUE
[253] FALSE  TRUE  TRUE  TRUE  TRUE  TRUE  TRUE  TRUE  TRUE  TRUE  TRUE  TRUE
[265] FALSE FALSE FALSE FALSE  TRUE  TRUE FALSE FALSE  TRUE  TRUE  TRUE FALSE
[277]  TRUE  TRUE FALSE FALSE  TRUE  TRUE FALSE FALSE  TRUE  TRUE FALSE FALSE
[289] FALSE  TRUE  TRUE  TRUE  TRUE  TRUE FALSE  TRUE  TRUE FALSE  TRUE  TRUE
[301]  TRUE  TRUE  TRUE  TRUE  TRUE FALSE FALSE  TRUE  TRUE  TRUE  TRUE  TRUE
[313]  TRUE  TRUE  TRUE FALSE  TRUE FALSE  TRUE

