
Birth-death simulation object with 104 species and 33 extant species

Details for some species:

Extinction times (NA means extant)
[1] 36.38222 50.82284 38.23941 40.34798 36.51358 30.97508


Speciation times 
[1] 53.44310 52.10028 44.67722 42.30227 37.68596 36.63090


Species parents (NA for initial)
[1] NA  1  1  1  1  1


Species status (extinct or extant)
[1] "extinct" "extinct" "extinct" "extinct" "extinct" "extinct"


For more details on vector y, try sim$y, with y one of
TE TS PAR EXTANT



$TE
  [1] 36.38221821 50.82283684 38.23941468 40.34797505 36.51357821 30.97507902
  [7] 30.48135582 27.80675976 33.17411220 26.40717794 30.17673058 20.83165482
 [13] 30.01835918 27.94263925 18.48334535 24.00746361 33.38480216 29.40625945
 [19] 19.54890447 30.66817080 21.43235367 22.67431870 18.53881718 29.15342814
 [25] 26.31147079 23.25482621 24.77488202 23.22990839 21.85375739 18.85052794
 [31] 17.70190892 16.86968648 18.16705114 27.48532822 23.93555498 21.66624661
 [37] 16.19774329 18.67241011 17.08847536 16.13130830 18.86427160 17.84797052
 [43] 17.98348238  6.88796558 15.40445752  9.32061210  6.72675997 17.41642410
 [49] 10.71555291 10.03774853  2.24734834  1.42434010          NA  7.21142606
 [55]  0.29646844          NA  6.79733768  8.64981478          NA          NA
 [61]  4.96140128          NA  5.77282090  1.59405987          NA  9.22268066
 [67]  0.76517466  8.10851773  4.04816164          NA          NA          NA
 [73]          NA          NA          NA          NA  0.01115940          NA
 [79]          NA  3.63681319  4.04250447  0.28834857          NA  0.02504482
 [85]          NA          NA          NA          NA          NA          NA
 [91]          NA          NA  2.95543765  0.66319628  1.58202310          NA
 [97]          NA          NA          NA          NA          NA          NA
[103]          NA          NA

$TS
  [1] 53.4431030 52.1002783 44.6772155 42.3022712 37.6859611 36.6309023
  [7] 35.6216673 35.3832604 34.9012996 35.0230245 33.7703412 33.0282231
 [13] 30.8392801 29.7309079 28.1508326 34.4111041 33.9415310 29.5082871
 [19] 28.3170585 31.5098189 29.3601455 30.3784843 18.6885475 32.3850929
 [25] 31.0414935 27.0669985 25.0603967 32.2895449 30.3047066 24.5386049
 [31] 24.2603686 30.1703445 21.9413901 27.7091259 24.4132222 24.2979785
 [37] 21.2559167 20.0682789 19.4565860 18.1004458 19.0843959 19.0097967
 [43] 18.7453027 19.0616234 18.3466461 13.9936673 13.7376891 17.7205015
 [49] 13.4907774 13.1516018 13.0592121  9.2876616 12.9369218 10.7573042
 [55]  4.7096822  2.9852795  9.0552310  9.0450205  7.7697361  5.8576089
 [61]  5.1765440  4.8935362  7.2610083  5.1981705  0.4480754 10.1542574
 [67]  9.3951549  9.0600584  4.6909197  3.1928111  1.4295143  5.5292171
 [73]  3.8277051  2.4790121  0.3690102  6.2465159  5.7788440  8.8951318
 [79]  7.8069372  4.8307899  4.1271368  1.1770335  0.9546013  6.0054170
 [85]  4.0059740  4.4446700  1.9264268  0.3069248  4.0580248  1.2041013
 [91]  2.0230234  3.9469051  3.4924151  2.5027668  3.6529618  1.7887204
 [97]  0.6987961  3.7561703  1.2161083  0.9087107  2.2366149  1.2412850
[103]  0.1152038  1.0799684

$PAR
  [1]  NA   1   1   1   1   1   6   7   7   8   8   8   8   8   8   9   9  10
 [19]  10  12  12  13  15  16  20  21  21  24  24  26  26  28  29  32  32  32
 [37]  32  32  33  37  38  38  38  41  43  44  44  45  46  47  47  47  49  50
 [55]  51  51  52  52  52  52  52  52  53  53  53  54  54  54  55  55  55  59
 [73]  59  59  60  63  63  67  67  67  69  70  74  76  76  77  77  78  79  79
 [91]  85  86  86  86  89  91  91  92  94  94  95 101 101 102

$EXTANT
  [1] FALSE FALSE FALSE FALSE FALSE FALSE FALSE FALSE FALSE FALSE FALSE FALSE
 [13] FALSE FALSE FALSE FALSE FALSE FALSE FALSE FALSE FALSE FALSE FALSE FALSE
 [25] FALSE FALSE FALSE FALSE FALSE FALSE FALSE FALSE FALSE FALSE FALSE FALSE
 [37] FALSE FALSE FALSE FALSE FALSE FALSE FALSE FALSE FALSE FALSE FALSE FALSE
 [49] FALSE FALSE FALSE FALSE  TRUE FALSE FALSE  TRUE FALSE FALSE  TRUE  TRUE
 [61] FALSE  TRUE FALSE FALSE  TRUE FALSE FALSE FALSE FALSE  TRUE  TRUE  TRUE
 [73]  TRUE  TRUE  TRUE  TRUE FALSE  TRUE  TRUE FALSE FALSE FALSE  TRUE FALSE
 [85]  TRUE  TRUE  TRUE  TRUE  TRUE  TRUE  TRUE  TRUE FALSE FALSE FALSE  TRUE
 [97]  TRUE  TRUE  TRUE  TRUE  TRUE  TRUE  TRUE  TRUE

