
Birth-death simulation object with 196 species and 35 extant species

Details for some species:

Extinction times (NA means extant)
[1] 51.30967 46.77552 30.35754 18.94834 21.34372 30.05276


Speciation times 
[1] 53.44310 52.43916 47.11058 46.34569 31.16320 30.72327


Species parents (NA for initial)
[1] NA  1  2  3  3  3


Species status (extinct or extant)
[1] "extinct" "extinct" "extinct" "extinct" "extinct" "extinct"


For more details on vector y, try sim$y, with y one of
TE TS PAR EXTANT



$TE
  [1] 51.3096732 46.7755215 30.3575358 18.9483362 21.3437182 30.0527595
  [7] 39.2053160 36.3958228 22.7386927 19.2476715 30.4841962 24.1706392
 [13] 25.6618548 21.0775293 26.7362247 23.2224358 17.5201856 31.6102027
 [19] 32.3748149 23.4778677 31.5785403 32.2219496 23.0228793 23.5900380
 [25] 17.7491341 17.7939256 19.8602333 22.9581567 15.9810795 15.6374577
 [31] 23.6783050 24.5952141 20.8427225 20.4127233 17.2282696 17.2900838
 [37] 20.2858244 27.2230176 32.8513433 28.5426343 27.6326030 26.4528171
 [43] 30.1308232 28.3682540 16.1745481 21.8369657 22.3531113 23.7984417
 [49] 17.4821515 19.3384462 17.5636729  3.4369680 22.0891047 19.0995274
 [55] 15.6260110 21.7262406 16.3738321 15.9023042 32.8866933 19.1630198
 [61] 15.9864636 22.0442358 32.0393711 18.9175247 26.3789552 16.2002842
 [67]  9.3287781 16.8980672 21.9625039 17.6403442  2.5208123         NA
 [73] 23.7460512 19.6148618 20.3995085 17.1486536 16.4731887  2.2800990
 [79] 16.1218747 15.2974183 16.7787021 20.5805853 24.6876498 20.9163789
 [85] 19.1347973 17.3027563 16.7763275 30.4585429 20.8713343 24.2831429
 [91] 23.0655976 21.2199944         NA         NA 16.3437776 18.9200503
 [97]  4.0434868  1.2906863         NA         NA  4.5039885 22.4395999
[103] 19.3139120 18.0067374  2.1023366  1.2365104 16.5699837 20.7297624
[109] 18.2198675 26.1927819 16.4614651 19.1553798 16.0521290 10.2179123
[115]  1.9280791         NA         NA  1.2185006  1.0010313         NA
[121]  0.1307315 16.1981288 18.1068610  4.4531255  5.2758760         NA
[127]  6.8134597         NA 19.4501368 18.1902243 20.2643746 17.6261422
[133] 17.6693248 15.2204937  9.5980780 19.3693062 18.5211566 23.3634963
[139] 19.5698780 19.0513158 16.8725414  4.9110394  4.1010338  0.8556811
[145]         NA  0.2122466  2.5253495         NA         NA 18.5949405
[151] 16.0121704 17.4737791 17.1514697 18.9297949         NA 24.0239219
[157] 17.0323701 17.8270028 19.4843971         NA  1.5475385  0.5691791
[163]         NA 19.2211013 13.5477844  6.5962812  4.3043159         NA
[169] 16.7443676         NA  7.7029385         NA         NA         NA
[175]         NA 15.0139788  8.9047508 10.6337968         NA  2.4087963
[181]         NA         NA         NA  4.9055557         NA  4.5240489
[187]         NA  2.4986170         NA         NA         NA         NA
[193]         NA         NA  1.5494271         NA

$TS
  [1] 53.4431030 52.4391630 47.1105794 46.3456882 31.1632025 30.7232667
  [7] 41.0398127 40.8152082 38.7815240 36.2145694 33.7104879 30.4318806
 [13] 27.3899149 28.2961897 27.1585299 25.1121227 22.4522238 40.7869211
 [19] 37.2975886 38.5757401 35.1188818 32.3107974 30.1743677 29.3879203
 [25] 24.0176412 28.6528762 25.8364824 25.0119298 22.5201655 28.2702552
 [31] 27.6591246 27.2470902 27.1091857 23.2103926 18.4865541 17.5943434
 [37] 34.3458735 32.1252920 34.7670858 34.8234341 33.9348636 32.5567633
 [43] 32.1561012 29.1958649 26.9018555 26.3454922 25.6632921 23.9766430
 [49] 19.6424989 19.8173522 17.6849360 16.1936972 22.5402961 19.3863427
 [55] 17.0868543 26.7037684 24.8651537 21.0411257 32.9573618 30.5240243
 [61] 28.8944803 22.8330002 32.8167369 32.4288913 29.2505702 23.0562099
 [67] 21.6223655 19.2216175 24.7686985 18.4829633 12.0857306 11.8543282
 [73] 24.5876160 24.1770825 21.9220873 23.4957026 18.0951676 16.3898465
 [79] 16.2666169 16.0164924 29.3531358 24.1174485 28.7302945 21.7935310
 [85] 20.8737713 18.0868112 17.0098889 31.4799923 29.6838439 29.0813344
 [91] 23.5487808 21.4238024 14.6172701 10.6548771 17.1351853 22.4551420
 [97]  8.1081376  3.3553408  3.3493939  8.9483866  5.3510911 23.0228249
[103] 23.1321024 22.1293606  6.2901229  3.4024366 19.0935756 21.7371308
[109] 27.7461839 26.9515731 24.5699683 24.5215417 23.6482941 11.0363540
[115]  6.1810894  6.0465254  5.4255576  2.7725023  8.4799659  3.9513114
[121]  2.0790398 16.5985068 19.9712774  6.7005627  5.9338961  5.0661859
[127]  8.0704784  1.7152062 19.9726969 19.2593837 22.6119848 22.2244132
[133] 22.0636498 20.4060537 18.5170960 26.6760265 24.1409537 23.5947291
[139] 21.1702307 20.2118762 18.5395236  5.7149150  4.1566606  7.4811285
[145]  0.4083577  1.6524379  5.1972995  2.7265658  0.8769462 19.3661170
[151] 18.4166219 18.7634533 17.8809065 19.2570444 10.2082423 24.9362170
[157] 24.8602678 19.9546842 19.8617425  5.5805624  3.2475074  1.6726400
[163]  6.0738216 20.5851077 18.7209633 18.6440839  4.7416253  3.7946069
[169] 17.6974768 16.0381532 11.8336816  9.3743680  8.1135874  1.4239380
[175]  0.7571464 15.2824043 12.2753331 10.9275916  5.4740232  2.5519095
[181]  5.8791650  3.9150273  1.2671497  8.0264226  2.8777495  4.8470247
[187]  0.8803177  3.4669079  1.4849971  1.3265820  6.4221872  0.5379796
[193]  1.2647479  1.1772331  2.9530521  0.2425677

$PAR
  [1]  NA   1   2   3   3   3   4   4   4   4   4   4   4   5   5   5   5   8
 [19]   8   9   9   9   9   9   9  10  10  10  10  12  14  14  14  14  17  17
 [37]  18  18  19  20  20  21  21  23  23  24  26  26  26  29  29  29  30  30
 [55]  30  31  32  34  37  37  37  37  40  41  42  45  45  45  47  49  52  52
 [73]  56  56  56  57  58  58  58  58  60  60  61  61  61  61  61  64  64  64
 [91]  64  64  67  67  68  69  71  71  71  72  72  74  76  76  78  78  81  82
[109]  83  83  89  89  89  93  93  93  93  93  94  94  94  95  96  97  97  97
[127] 100 100 104 104 109 109 109 109 109 110 112 112 112 112 113 116 117 119
[145] 120 121 124 126 128 132 132 133 133 134 135 136 136 136 136 142 144 144
[163] 155 157 157 158 160 163 166 166 166 166 166 168 168 170 170 170 170 170
[181] 172 172 172 173 173 179 179 181 182 182 184 185 189 190 191 193

$EXTANT
  [1] FALSE FALSE FALSE FALSE FALSE FALSE FALSE FALSE FALSE FALSE FALSE FALSE
 [13] FALSE FALSE FALSE FALSE FALSE FALSE FALSE FALSE FALSE FALSE FALSE FALSE
 [25] FALSE FALSE FALSE FALSE FALSE FALSE FALSE FALSE FALSE FALSE FALSE FALSE
 [37] FALSE FALSE FALSE FALSE FALSE FALSE FALSE FALSE FALSE FALSE FALSE FALSE
 [49] FALSE FALSE FALSE FALSE FALSE FALSE FALSE FALSE FALSE FALSE FALSE FALSE
 [61] FALSE FALSE FALSE FALSE FALSE FALSE FALSE FALSE FALSE FALSE FALSE  TRUE
 [73] FALSE FALSE FALSE FALSE FALSE FALSE FALSE FALSE FALSE FALSE FALSE FALSE
 [85] FALSE FALSE FALSE FALSE FALSE FALSE FALSE FALSE  TRUE  TRUE FALSE FALSE
 [97] FALSE FALSE  TRUE  TRUE FALSE FALSE FALSE FALSE FALSE FALSE FALSE FALSE
[109] FALSE FALSE FALSE FALSE FALSE FALSE FALSE  TRUE  TRUE FALSE FALSE  TRUE
[121] FALSE FALSE FALSE FALSE FALSE  TRUE FALSE  TRUE FALSE FALSE FALSE FALSE
[133] FALSE FALSE FALSE FALSE FALSE FALSE FALSE FALSE FALSE FALSE FALSE FALSE
[145]  TRUE FALSE FALSE  TRUE  TRUE FALSE FALSE FALSE FALSE FALSE  TRUE FALSE
[157] FALSE FALSE FALSE  TRUE FALSE FALSE  TRUE FALSE FALSE FALSE FALSE  TRUE
[169] FALSE  TRUE FALSE  TRUE  TRUE  TRUE  TRUE FALSE FALSE FALSE  TRUE FALSE
[181]  TRUE  TRUE  TRUE FALSE  TRUE FALSE  TRUE FALSE  TRUE  TRUE  TRUE  TRUE
[193]  TRUE  TRUE FALSE  TRUE

