
Birth-death simulation object with 284 species and 122 extant species

Details for some species:

Extinction times (NA means extant)
[1] 50.19915 38.63217 42.48944 37.86066 40.28062 33.04769


Speciation times 
[1] 53.44310 51.70668 47.86941 46.99134 40.41722 44.71336


Species parents (NA for initial)
[1] NA  1  2  2  2  4


Species status (extinct or extant)
[1] "extinct" "extinct" "extinct" "extinct" "extinct" "extinct"


For more details on vector y, try sim$y, with y one of
TE TS PAR EXTANT



$TE
  [1] 50.199150919 38.632169905 42.489442005 37.860664657 40.280615004
  [6] 33.047690658 29.731068093 27.399648913 31.875522330 22.997306952
 [11] 29.127427699 19.250884332 28.914223021 25.083198183 28.051710169
 [16] 32.129116379 30.906075953 27.506561993 16.925392458 18.175052159
 [21] 18.490145130  8.683628623 17.047024279 22.114103577  6.327497523
 [26] 16.306689913 18.804334973 23.889566145 32.965445986 19.494787108
 [31] 28.873101462 19.882720283 22.673637836 19.235695974 18.532798087
 [36] 20.775337482 16.007743142 19.568157932 18.005005094 21.598793679
 [41]  9.577500554  5.385545740 19.173286825 19.248170086 28.353803062
 [46] 19.325015325 27.176297151 23.724416392           NA 16.493185937
 [51] 16.596892715 12.043314481  6.628744610  3.656279455           NA
 [56]           NA 16.316555332 15.890739199 24.825821564 14.952147507
 [61] 19.671973655 20.456982794 18.568949759 19.540507226 18.055690212
 [66] 20.690074972 17.387441937 17.641353098 18.159313950 20.359196013
 [71] 19.021205339 16.981166161  1.596865974           NA 17.718257646
 [76] 24.803681351 25.039174365           NA           NA  3.028165328
 [81]           NA 21.237544588 18.159738627           NA 10.835425484
 [86]  2.778011197 10.074839613  0.433945589           NA           NA
 [91]           NA           NA 18.347923552 14.846055755 22.787982928
 [96]  3.895433171 16.090469507 11.356456046 21.865373385 15.879268037
[101] 18.069947265 17.915437996 20.057030818           NA           NA
[106]           NA           NA 23.405667775 15.706705512 17.055513520
[111]           NA  6.567658484           NA           NA           NA
[116]           NA  0.558095568           NA  5.675887815           NA
[121]  4.260929523  2.075691721  2.613071661  3.907647445  4.260406675
[126]           NA  1.311726979           NA           NA 17.848426620
[131] 17.687919715 13.226152581 12.414716275           NA 17.039974256
[136] 18.665050019           NA  0.974068974           NA  0.867823330
[141]           NA           NA           NA  2.145174650           NA
[146]  2.793493378  1.988682695           NA           NA           NA
[151]           NA           NA           NA  5.905056696  0.607590638
[156]  3.760058665           NA           NA  2.565606708  0.709195966
[161]           NA           NA           NA           NA           NA
[166] 18.980886636 10.556998163  7.394485119           NA  1.287609122
[171] 11.389889304  8.512669098 10.380062068  2.938932019           NA
[176]           NA           NA  4.583828085           NA           NA
[181]  5.291119933           NA  6.262867738           NA           NA
[186]  1.235258116           NA  2.812014454           NA  0.782930328
[191]           NA  6.251682474  2.207950339  5.288233861  3.755516664
[196]           NA           NA           NA           NA           NA
[201]           NA           NA           NA  1.776812290  2.002836100
[206]           NA           NA           NA  1.832322579  4.115190026
[211]  8.722739869           NA           NA           NA           NA
[216]           NA  2.617615632           NA           NA           NA
[221]           NA           NA           NA  6.038359336  5.093956427
[226]  0.764951601           NA           NA           NA           NA
[231]  9.335941965  2.699786361 11.039273396           NA           NA
[236]  5.292156661  2.409663098           NA           NA           NA
[241]           NA           NA  1.506615415  2.975008093  1.869100586
[246]           NA           NA           NA           NA           NA
[251]           NA           NA           NA           NA           NA
[256]           NA           NA  1.891989965           NA           NA
[261]           NA           NA  0.573318259           NA  8.548277541
[266]  3.558663451  1.221274074           NA           NA           NA
[271]           NA  3.791080455  0.375899549           NA           NA
[276]           NA           NA           NA           NA           NA
[281]           NA           NA           NA  0.009172218

$TS
  [1] 53.44310300 51.70668413 47.86940806 46.99133647 40.41721753 44.71335870
  [7] 39.18356069 37.80115595 35.15864454 37.38878096 33.52036186 33.10315365
 [13] 32.25023842 35.78400562 30.29030974 34.84995716 32.09388762 30.72838773
 [19] 28.28237210 27.34180203 24.99700428 31.76813713 30.81635611 29.72935143
 [25] 24.60251297 24.49394101 30.83719839 28.98535604 33.89378866 31.97018788
 [31] 29.35712288 28.39614831 28.14541433 25.95766139 26.19767560 24.31850525
 [37] 20.24746815 19.80705566 21.88662116 21.73694110 10.18757264  9.09413291
 [43] 24.92094949 19.50856592 28.89906273 28.52551179 28.19348344 25.35077701
 [49] 22.31744103 21.73138462 18.45375314 13.99123287 13.95889269 11.20871130
 [55] 10.13196969  6.53826863 18.15027706 19.18469194 27.48804727 26.17960084
 [61] 23.75267119 20.64899930 26.41604988 24.24940269 23.62919728 24.43433771
 [67] 22.76323749 20.84593280 19.84769007 21.74369178 19.05511543 17.11543283
 [73]  8.40528921  6.80323558 19.33042565 27.32406065 26.53894637 22.24306998
 [79] 14.78117019  6.91770006  6.07850372 21.67093770 19.54683569 12.45624183
 [85] 13.87297153 13.75637455 11.28732479 11.22988155  9.37102017  4.13189478
 [91]  8.80572983  2.21363819 19.06881319 16.11871247 25.87857575 21.65221314
 [97] 16.10510310 22.47042990 22.80233892 20.03936720 19.86586137 18.92616240
[103] 20.90322251  4.35265023  4.54442044  1.76040432  0.06421150 25.77131956
[109] 18.57460289 17.37935320  6.69399749  8.92553975  7.68109241  5.02173068
[115]  2.58014550  5.69630814  3.76891924 12.07001671  9.62067267  3.80632209
[121] 13.22761574 12.08978609  8.40490917  8.03659202  8.14864482  7.96583925
[127]  7.59407296  0.88079127  0.81965241 21.16149999 19.82123313 18.04027915
[133] 14.05923195  5.27112500 17.29842945 19.18620152  2.82025678  1.28719605
[139]  0.85966867 15.87877068  5.60606046  3.76317095  2.20665428  7.43867255
[145]  7.43797401  4.92204548  2.34068987  1.09341449  6.79018073  6.49034769
[151] 12.30428496 11.72556383  6.30631028  8.78997423  3.60074654  7.95110463
[157]  6.79163246  4.79926420  3.73786290  5.16570821  5.07791464  5.03768295
[163]  4.23853909  0.08881052  0.05996080 19.83806209 16.08195263 14.31623259
[169]  0.98770388 14.05959086 13.90510390 10.85850015 10.61580824  4.91127835
[175]  0.87851141  1.49783731  1.01369091  6.36640461  4.00330736  0.45545314
[181]  5.41921316  3.32233573  8.94143787  4.55534881  2.80098180  9.94024592
[187]  8.35085693  7.82456223  0.93566808  2.54404959  2.46560898  8.63406180
[193]  6.52450971  5.60914385  3.95529942  4.68561834  0.16421726  0.12781811
[199]  0.02078911  2.55007600  4.64400348  3.54227097  0.99309192  2.36153295
[205]  7.68147777 13.58917653  8.35144322  3.48748060  2.46907164 10.72900653
[211]  9.34790612  0.64150551  1.72976992  3.02282552  0.98660438  7.48256904
[217]  3.73219398  3.28550230  5.22587297  2.17279778  2.11220452  0.81866798
[223]  7.66337696  7.58772774  5.64375903  3.24205852  2.42803158  1.45162358
[229]  5.97565313  3.18490518 12.34495701 11.51524900 11.32301913  8.88925925
[235]  2.51616366  6.85203115  3.82919624  0.22837888  2.07123004  7.48245246
[241]  0.44677745  6.24114306  4.10921029  3.12477712  2.25995060  1.32596868
[247]  6.24078682  5.35406414  3.29380633  0.95872623  1.65163527  9.86760093
[253]  6.11217652  2.33264825  0.96707190  5.35008007  4.11555081  1.90256273
[259]  4.93439186  2.66926780  0.60846958  0.40376999  0.72903943  0.96246723
[265]  9.09894391  7.32756909  2.39809321  2.04428938  3.18904531  1.15523362
[271]  6.37179221  5.23343300  4.17493946  1.28889332  1.22131869  1.55232313
[277]  0.76361998  0.31591382  1.70514454  1.51964992  0.35063367  1.40320393
[283]  1.11093807  0.90398602

$PAR
  [1]  NA   1   2   2   2   4   4   6   6   7   7   7   7   8   8   9  10  10
 [19]  10  10  10  11  11  12  12  12  13  13  14  14  14  15  18  19  20  20
 [37]  20  21  22  22  22  22  23  23  24  24  24  24  24  25  25  25  25  25
 [55]  25  25  26  27  30  30  32  32  33  33  34  35  35  35  35  36  37  37
 [73]  42  42  44  46  46  49  49  49  49  50  50  52  53  53  53  53  53  54
 [91]  55  56  58  58  60  60  60  63  64  67  67  67  70  73  74  74  74  76
[109]  78  78  78  79  79  79  79  81  81  84  84  84  85  85  86  86  88  88
[127]  88  90  92  96  96  96  96  96  98 101 104 104 104 109 111 111 111 112
[145] 112 116 117 117 119 119 121 121 121 122 122 123 124 126 126 127 127 127
[163] 127 128 129 130 132 132 137 140 140 140 140 141 141 143 143 144 145 145
[181] 150 150 151 151 151 152 152 152 152 153 153 154 154 156 156 158 158 158
[199] 158 160 161 161 161 163 168 170 170 170 170 172 172 176 179 182 184 186
[217] 187 187 188 190 191 191 192 192 193 193 193 196 205 205 206 206 206 206
[235] 206 207 207 208 209 210 215 216 219 219 219 220 223 223 223 227 230 232
[253] 234 234 234 240 242 245 248 248 248 249 250 251 252 252 252 252 257 257
[271] 266 266 266 267 267 269 270 270 271 273 275 276 279 280

$EXTANT
  [1] FALSE FALSE FALSE FALSE FALSE FALSE FALSE FALSE FALSE FALSE FALSE FALSE
 [13] FALSE FALSE FALSE FALSE FALSE FALSE FALSE FALSE FALSE FALSE FALSE FALSE
 [25] FALSE FALSE FALSE FALSE FALSE FALSE FALSE FALSE FALSE FALSE FALSE FALSE
 [37] FALSE FALSE FALSE FALSE FALSE FALSE FALSE FALSE FALSE FALSE FALSE FALSE
 [49]  TRUE FALSE FALSE FALSE FALSE FALSE  TRUE  TRUE FALSE FALSE FALSE FALSE
 [61] FALSE FALSE FALSE FALSE FALSE FALSE FALSE FALSE FALSE FALSE FALSE FALSE
 [73] FALSE  TRUE FALSE FALSE FALSE  TRUE  TRUE FALSE  TRUE FALSE FALSE  TRUE
 [85] FALSE FALSE FALSE FALSE  TRUE  TRUE  TRUE  TRUE FALSE FALSE FALSE FALSE
 [97] FALSE FALSE FALSE FALSE FALSE FALSE FALSE  TRUE  TRUE  TRUE  TRUE FALSE
[109] FALSE FALSE  TRUE FALSE  TRUE  TRUE  TRUE  TRUE FALSE  TRUE FALSE  TRUE
[121] FALSE FALSE FALSE FALSE FALSE  TRUE FALSE  TRUE  TRUE FALSE FALSE FALSE
[133] FALSE  TRUE FALSE FALSE  TRUE FALSE  TRUE FALSE  TRUE  TRUE  TRUE FALSE
[145]  TRUE FALSE FALSE  TRUE  TRUE  TRUE  TRUE  TRUE  TRUE FALSE FALSE FALSE
[157]  TRUE  TRUE FALSE FALSE  TRUE  TRUE  TRUE  TRUE  TRUE FALSE FALSE FALSE
[169]  TRUE FALSE FALSE FALSE FALSE FALSE  TRUE  TRUE  TRUE FALSE  TRUE  TRUE
[181] FALSE  TRUE FALSE  TRUE  TRUE FALSE  TRUE FALSE  TRUE FALSE  TRUE FALSE
[193] FALSE FALSE FALSE  TRUE  TRUE  TRUE  TRUE  TRUE  TRUE  TRUE  TRUE FALSE
[205] FALSE  TRUE  TRUE  TRUE FALSE FALSE FALSE  TRUE  TRUE  TRUE  TRUE  TRUE
[217] FALSE  TRUE  TRUE  TRUE  TRUE  TRUE  TRUE FALSE FALSE FALSE  TRUE  TRUE
[229]  TRUE  TRUE FALSE FALSE FALSE  TRUE  TRUE FALSE FALSE  TRUE  TRUE  TRUE
[241]  TRUE  TRUE FALSE FALSE FALSE  TRUE  TRUE  TRUE  TRUE  TRUE  TRUE  TRUE
[253]  TRUE  TRUE  TRUE  TRUE  TRUE FALSE  TRUE  TRUE  TRUE  TRUE FALSE  TRUE
[265] FALSE FALSE FALSE  TRUE  TRUE  TRUE  TRUE FALSE FALSE  TRUE  TRUE  TRUE
[277]  TRUE  TRUE  TRUE  TRUE  TRUE  TRUE  TRUE FALSE

