
Birth-death simulation object with 180 species and 61 extant species

Details for some species:

Extinction times (NA means extant)
[1] 45.76061 48.37281 44.54152 18.80049 34.86593 46.80993


Speciation times 
[1] 53.44310 52.11657 49.53782 49.13688 49.93927 46.81408


Species parents (NA for initial)
[1] NA  1  1  1  2  4


Species status (extinct or extant)
[1] "extinct" "extinct" "extinct" "extinct" "extinct" "extinct"


For more details on vector y, try sim$y, with y one of
TE TS PAR EXTANT



$TE
  [1] 45.76060596 48.37281344 44.54152315 18.80049167 34.86592570 46.80992767
  [7] 28.34142329 19.20595899 18.28566761 21.70973734 24.57847117 16.11995602
 [13] 46.70240276 46.44263415 45.50439906 37.32226084 32.14712200 31.15851122
 [19] 33.76806571 17.82013643 24.04015093 23.02195222 19.50267823 15.44439108
 [25] 18.61297659 21.74437804  4.01545345 15.80127076 33.37143619 32.41910545
 [31] 13.94947474 20.27491385 26.51814678 17.61694772 17.57124077 21.91556971
 [37] 26.94559930 18.56638248 18.34481795 18.93473987 22.81762874          NA
 [43]  4.69664241  3.23340029 14.58569133 16.74487191 14.84716712 33.26580155
 [49]  4.07481757 25.78362248 18.54886491  5.25321971 29.73693258 18.19330311
 [55] 17.62091881 25.08303684 20.12025327 19.76248153 17.96596627 17.05442610
 [61]  4.99994055          NA  7.45372479  5.71179914          NA          NA
 [67]  3.14720899          NA          NA          NA 13.45262261  3.25287975
 [73] 18.14115193          NA  7.08859173  2.13565324 18.13830112 17.35030329
 [79] 17.47804128 19.83202556  5.26420589          NA  0.53242837  7.54661840
 [85]  8.13040385  4.26501325  5.12559315          NA          NA  4.20146297
 [91]  9.53964098          NA  6.70918162  8.13206488  0.35455050          NA
 [97]  2.18465894          NA  6.51404179          NA  5.97739844  2.01677847
[103]          NA  0.16681522 19.48824107 19.37089022 21.14647113 16.87884511
[109]  1.93692528  2.14704590          NA  2.36916201  5.21950356  2.13572446
[115]          NA          NA          NA  8.73880292  4.48103599          NA
[121]          NA          NA          NA  0.28878254          NA  3.41205068
[127]  2.98929936          NA          NA 19.08285486          NA          NA
[133]  1.60083970          NA          NA          NA  2.55517598          NA
[139]          NA          NA  6.63397094  0.09914122          NA          NA
[145]          NA  4.72432365          NA          NA          NA  5.89887253
[151]          NA  1.19085806          NA          NA          NA  1.25563406
[157]          NA          NA          NA          NA  1.43763490          NA
[163]  0.13688479          NA  0.53480360  0.48390661  0.43447928  2.91041399
[169]          NA          NA          NA          NA          NA          NA
[175]          NA  1.03863264          NA          NA          NA  0.91817251

$TS
  [1] 53.44310300 52.11656800 49.53782283 49.13687711 49.93927196 46.81408379
  [7] 40.00932467 34.24482220 27.97100709 27.95217740 24.87147374 18.92125895
 [13] 49.92867049 49.52166254 45.94708666 38.73239234 38.46920339 37.24879479
 [19] 36.36779305 34.47132891 33.39077354 33.04334191 23.13926237 21.20489161
 [25] 19.95875748 23.98311064 18.52946630 17.94153035 38.22950815 34.27526024
 [31] 20.65185307 33.23267913 32.63205773 30.29256876 28.09423917 28.00648007
 [37] 27.12774439 20.88479754 19.95862915 19.41235910 23.46099870 15.17753407
 [43] 11.94221706 10.88715906 17.47672542 16.95237737 15.85928994 33.45013864
 [49] 14.94469435 27.04903912 22.96655466 22.22875562 32.27177976 25.67645584
 [55] 18.18349093 27.72488518 23.30099850 27.85442362 18.99661224 19.16086236
 [61] 14.97451272 12.40003611 11.30631899 10.16270086  2.66750552 10.54216737
 [67]  7.47810536 10.28248619  9.22170803  8.31787660 14.70832492 11.97973523
 [73] 19.60525368  8.12649568  7.52069145  6.67907506 18.56316103 27.19784476
 [79] 25.11277363 23.10527167 13.69031849  7.40869143 11.12747169  8.79817091
 [85]  8.14546140  8.07929555  7.54641004  2.82634452 10.73180498 10.37661897
 [91]  9.56345940  7.23250249  7.12268225  9.98948154  3.11202471  2.19008292
 [97]  7.12093172  3.22519113  7.17705283  1.88043848  6.95346171  8.29353879
[103]  7.18390624  5.15997140 23.67613189 21.64411993 22.07388262 20.98029438
[109]  5.75152882  8.60746036  7.26337765  2.80935486  9.03136642  8.95369270
[115]  5.39758618  3.74368761  3.49847427 10.02620315  8.46542810  8.06525386
[121]  6.92669874  6.54852696  6.58367973  9.83132705  8.77342939  6.15859191
[127]  3.41557730  4.97727604  0.64553052 21.02964400  5.45488212  7.51383008
[133]  4.78268252  1.40512693  2.58936316  3.90864984  2.59901612  1.47876374
[139]  7.62826683  4.51313156  7.06105940  1.17463289  1.07488194  6.53086672
[145]  0.21095913  6.49645734  3.68262185  1.46949077  7.41914214  6.39966118
[151]  2.13895852  2.68847316  1.12607325  1.10846003  0.50071172  3.16836337
[157]  1.63958532  3.27138774  0.51098494  0.04933161  6.73087620  3.93325050
[163]  3.49038494  2.45120140  1.57288687  1.81435020  7.19629878  3.77522663
[169]  0.67542805  0.97513289  1.95375545  0.93094539  1.74380843  3.07367006
[175]  0.07595626  3.64702278  0.20818803  0.14478643  1.57189729  1.05186328

$PAR
  [1]  NA   1   1   1   2   4   4   4   4   4   4   4   5   5   5   7   7   7
 [19]   7   7   7   8   8   9   9  10  12  12  16  20  20  21  21  21  21  22
 [37]  22  23  24  24  26  27  27  27  28  28  28  29  31  32  32  32  33  34
 [55]  34  35  35  36  38  40  42  42  42  42  42  43  43  44  44  44  45  49
 [73]  51  52  52  52  54  56  56  57  61  61  62  62  62  62  62  62  63  63
 [91]  64  64  64  66  66  66  67  67  68  69  70  72  74  76  78  79  80  80
[109]  82  83  83  88  89  89  89  89  89  90  90  90  90  90  92  94  94  97
[127]  97 104 104 106 109 110 111 111 112 114 116 116 119 119 120 121 121 122
[145] 122 123 123 123 125 125 125 131 131 131 132 133 133 136 136 138 139 139
[163] 139 140 144 147 149 149 151 153 156 157 158 162 164 168 170 171 173 174

$EXTANT
  [1] FALSE FALSE FALSE FALSE FALSE FALSE FALSE FALSE FALSE FALSE FALSE FALSE
 [13] FALSE FALSE FALSE FALSE FALSE FALSE FALSE FALSE FALSE FALSE FALSE FALSE
 [25] FALSE FALSE FALSE FALSE FALSE FALSE FALSE FALSE FALSE FALSE FALSE FALSE
 [37] FALSE FALSE FALSE FALSE FALSE  TRUE FALSE FALSE FALSE FALSE FALSE FALSE
 [49] FALSE FALSE FALSE FALSE FALSE FALSE FALSE FALSE FALSE FALSE FALSE FALSE
 [61] FALSE  TRUE FALSE FALSE  TRUE  TRUE FALSE  TRUE  TRUE  TRUE FALSE FALSE
 [73] FALSE  TRUE FALSE FALSE FALSE FALSE FALSE FALSE FALSE  TRUE FALSE FALSE
 [85] FALSE FALSE FALSE  TRUE  TRUE FALSE FALSE  TRUE FALSE FALSE FALSE  TRUE
 [97] FALSE  TRUE FALSE  TRUE FALSE FALSE  TRUE FALSE FALSE FALSE FALSE FALSE
[109] FALSE FALSE  TRUE FALSE FALSE FALSE  TRUE  TRUE  TRUE FALSE FALSE  TRUE
[121]  TRUE  TRUE  TRUE FALSE  TRUE FALSE FALSE  TRUE  TRUE FALSE  TRUE  TRUE
[133] FALSE  TRUE  TRUE  TRUE FALSE  TRUE  TRUE  TRUE FALSE FALSE  TRUE  TRUE
[145]  TRUE FALSE  TRUE  TRUE  TRUE FALSE  TRUE FALSE  TRUE  TRUE  TRUE FALSE
[157]  TRUE  TRUE  TRUE  TRUE FALSE  TRUE FALSE  TRUE FALSE FALSE FALSE FALSE
[169]  TRUE  TRUE  TRUE  TRUE  TRUE  TRUE  TRUE FALSE  TRUE  TRUE  TRUE FALSE

