
Birth-death simulation object with 298 species and 89 extant species

Details for some species:

Extinction times (NA means extant)
[1] 39.34231 51.84841 49.71394 39.49827 29.25262 37.45184


Speciation times 
[1] 53.44310 52.51895 50.63593 44.35926 41.47300 40.94695


Species parents (NA for initial)
[1] NA  1  1  1  1  1


Species status (extinct or extant)
[1] "extinct" "extinct" "extinct" "extinct" "extinct" "extinct"


For more details on vector y, try sim$y, with y one of
TE TS PAR EXTANT



$TE
  [1] 39.34231152 51.84841221 49.71394200 39.49827462 29.25262346 37.45184121
  [7] 34.15548951 36.36248638 38.22057228 36.58949092 38.91417228 33.68086740
 [13] 35.44674958 35.00725709 32.55944599 28.60788393 34.85669557 33.39543087
 [19] 30.19612530 36.80122506 23.32624406 15.96088113 29.18678940 14.80971932
 [25] 34.15195421 18.79552031 34.26862311 35.20382262 18.66076213 32.72592862
 [31] 32.38823052 19.76274365 21.15922746 15.89019131 18.88693268 17.54238196
 [37] 33.35872648 30.32561689 22.42747771 16.63985304 22.45261108 16.34315256
 [43] 17.85572441 20.79330879 20.93717396 14.99103142 30.94423390 27.78231323
 [49] 26.95268237 21.53215995  9.70771605 19.54715008 21.41555623 17.60431010
 [55] 17.09395410 16.14552918 16.58229085 22.74530421 17.12685065 21.67832534
 [61] 19.08424775 16.39600309 29.72873608 21.80919347 16.46676345  3.22897634
 [67] 21.43546529 21.07256494 22.32231230 18.06123070 17.77006282 19.42689187
 [73] 12.34909905 32.90624601 31.82850196 22.72266111 17.90471603 19.00901551
 [79] 12.18033277 26.36519809 16.66382325          NA  2.85891482 19.43997728
 [85] 20.24886246 19.35355900 19.38528402 17.43747984 19.36995102 19.35738856
 [91] 18.79900945 19.70423822 18.53680896 16.26266032  5.36417425  8.73768116
 [97] 18.81644667 18.63229996 13.52933436 15.90526024  8.30636680 17.61748040
[103] 16.42943088  0.86904538  1.82073786  5.19759857  2.10196468          NA
[109] 17.67638244 19.48764269 17.37479738 17.87008077 18.14298225 21.61830911
[115]  0.81805131 24.33771038 18.04969893 16.77173664 18.63654571 18.49642979
[121] 12.01916427 16.23171576 17.08363682 15.80338792          NA  9.59194739
[127]          NA  2.87920356 16.58058646 20.62116460  7.05249804 16.62273779
[133] 12.53453552 12.60102659  6.93130782          NA          NA  2.70069473
[139]          NA          NA 23.58308309 18.49377534 15.52012163 17.29460440
[145]  7.54511597  9.82553308          NA          NA 17.47628068 16.15719975
[151] 19.14200705 12.22496778 15.01997749 15.67053424  1.03844814  6.43764821
[157]  4.28458231          NA          NA          NA 15.80087535 16.71702315
[163]  2.34778622 12.83720578  3.81760120          NA          NA          NA
[169]  0.96944610          NA 20.60354109 12.38317956  1.50915080          NA
[175]  7.47749031          NA 14.64014453  7.07827351          NA  5.81755784
[181]          NA          NA          NA 18.79475216 17.78584805  6.73264745
[187]  6.85049928  7.42797059  5.08748187          NA          NA          NA
[193]          NA          NA 18.93347897 10.27047697          NA 11.52583068
[199]          NA          NA  4.18415248 16.09613509          NA  6.54034134
[205]          NA  5.36160462          NA  5.89000502          NA 18.98946180
[211] 15.56284067 16.49134207  6.24719088          NA  0.76475067  2.53481497
[217]  4.13638910          NA 10.77829029          NA          NA 10.58528148
[223]          NA  3.95715960          NA  6.46324105  9.07945224          NA
[229]  1.54535202  2.17629958          NA          NA          NA          NA
[235]          NA          NA          NA 14.46531764          NA  1.71714083
[241]          NA          NA          NA  9.29828253          NA  5.38001235
[247]          NA          NA          NA  7.43532168  6.19286550  3.64370094
[253]          NA          NA  7.48925549          NA  0.95231754  4.96246959
[259]          NA          NA          NA  6.26076592          NA          NA
[265]          NA          NA  4.46685450          NA          NA  3.07239092
[271]  1.66940438          NA          NA          NA  2.11304255          NA
[277]          NA          NA  2.86648161          NA          NA          NA
[283]  3.35102817  6.00516534          NA          NA  0.08435897  1.53382234
[289]          NA          NA          NA          NA          NA          NA
[295]  0.33379014          NA          NA          NA

$TS
  [1] 53.44310300 52.51894794 50.63592563 44.35926316 41.47300475 40.94694741
  [7] 39.85687697 42.96665786 41.99147102 40.97539479 39.89046721 40.99810239
 [13] 37.13067807 35.93193101 34.03889366 31.96124978 38.27286742 35.75215097
 [19] 38.91701986 37.64833216 35.23051921 29.45459622 34.76538104 34.23440673
 [25] 34.20908070 37.03245605 36.76918082 35.79877979 34.67609521 32.99488422
 [31] 34.91333413 28.40009749 24.94462867 27.24163560 23.08601773 22.97839662
 [37] 33.62950842 31.87390122 31.61746623 26.91687936 24.06221494 23.11376828
 [43] 22.52493534 21.68156123 34.89667251 19.01581590 33.30864176 32.68003866
 [49] 30.89530475 25.23485230 32.95259156 33.99558986 24.62952195 22.39051418
 [55] 17.38143616 17.24758975 16.87039526 22.82983860 18.82792989 29.78710106
 [61] 21.40341250 16.69216251 30.29816643 23.25654643 18.04338961 15.64107149
 [67] 33.01262502 23.89130745 22.75651602 27.41030721 26.11623493 20.64190993
 [73] 14.00110184 33.29759032 32.06078050 30.84284097 24.99529895 21.12283113
 [79] 18.45176948 28.62346259 19.94579687 14.53579482  5.98635738 28.90955629
 [85] 28.56407481 26.73305977 23.12696090 22.58376449 24.61660502 22.82156171
 [91] 22.40681286 20.22274862 21.38005614 19.43569404 13.41733476 24.93960998
 [97] 24.43367604 23.34361314 17.08194748 16.21445062 15.72884460 18.28909613
[103] 16.78999290  9.91609931  8.29324273  7.95036851  5.64556873  4.73388182
[109] 25.37186490 21.46507583 20.70853379 20.52821606 19.98673707 24.21853787
[115] 20.73623405 26.41231478 26.08690891 20.25584842 22.63926218 21.57059878
[121] 20.22223684 20.82114521 19.13956178 16.78764728 12.82304358 10.53568008
[127]  8.27756668  6.95505643 24.69956014 23.78770570 11.57541209 20.52171539
[133] 14.44213937 13.38000291  8.66813745  2.70580589  2.12085186  5.96157679
[139]  5.06845006  4.74665665 25.03061735 23.27997511 19.24752034 22.75976767
[145] 12.08087576  9.82630192  6.23079422  2.84901193 18.07458255 19.69666271
[151] 19.16863397 16.36824643 15.47792620 18.50290359 11.71077087 10.67817387
[157]  6.75661729  2.27610421  6.66820161  3.38422916 23.64963241 18.23936913
[163] 10.75069059 12.87381261  8.23570052  2.50802241  0.32156658  5.73817665
[169]  2.02805779  1.43395668 21.63247333 16.07838819  2.81071457  2.29681410
[175] 13.41205045 15.21648814 18.45259726  9.42978972  8.22861650  6.43837897
[181]  0.82306839  2.69686381  0.03785746 21.95324009 21.70303733  9.21578729
[187]  8.95730273  7.45631474  6.17202890  3.97215395  2.79568600  6.05085818
[193]  5.50194915  0.35483539 21.46597130 15.05262009  2.34348089 12.21803919
[199] 10.23618718  0.41256728 17.95899011 16.19229658 15.56111085  7.24792220
[205]  5.64217519  5.56505316  4.95605837  6.07922359  1.39551681 21.37878474
[211] 19.19163147 18.20676217  7.01044234  5.78241295  3.80550116  3.15856211
[217]  4.32627266  0.19166655 11.09845023  4.93845110  0.04802422 12.27132416
[223] 10.39444327  9.54398285  7.10151335 13.74773501 10.10755133  5.15029083
[229]  3.25213837  3.08369576  6.65158111  2.73307681  0.68761849  5.36229137
[235]  3.15043724  0.04335539  0.60024298 19.37204623  6.81052885  2.09006746
[241]  2.03987001  1.08408760  3.91930662 11.21485594  8.76652533  6.00664488
[247]  4.21636232  3.93420422  3.60514031  9.34835251  8.18694766  4.53929038
[253]  4.44613962  2.15820034  9.99515595  9.03921466  8.83639352  5.03724771
[259]  2.81113535  1.51044335  4.82900252  6.47028536  4.83379178  1.52282041
[265]  0.96198817  0.04049162  5.23831102  1.22542406  1.56583316  8.25540765
[271]  7.07246324  6.44195053  0.35534205  7.60790887  3.29358762  1.00925436
[277]  1.58808293  0.57890132  4.20257648  1.82375191  1.21957498  0.43498184
[283]  4.95267103  6.81378778  2.93093524  2.27460457  1.13917747  4.70782065
[289]  2.45274655  1.03587218  0.31021721  1.05044436  0.48872165  0.96269096
[295]  2.80395978  0.95212723  0.35888978  0.60625958

$PAR
  [1]  NA   1   1   1   1   1   1   4   4   4   4   5   5   5   5   5   6   7
 [19]   9  10  14  16  18  18  18  19  19  19  19  19  21  21  21  22  22  22
 [37]  23  24  24  24  24  24  24  24  26  26  29  29  29  29  30  31  32  33
 [55]  34  34  34  35  36  39  42  42  45  45  46  46  47  50  50  51  51  51
 [73]  51  52  52  52  52  54  54  60  61  66  66  67  67  67  67  67  70  70
 [91]  70  70  71  72  73  76  76  76  79  79  79  81  81  82  82  82  82  83
[109]  84  84  84  84  84  85  85  86  86  88  89  89  91  93  93  94  95  95
[127]  95  95  96  96  96  98  99 101 104 105 105 106 107 107 109 109 111 114
[145] 115 115 115 115 118 119 120 121 121 122 125 125 127 127 128 128 129 129
[163] 131 134 135 136 137 138 140 140 142 143 147 148 152 153 154 156 156 157
[181] 158 160 160 161 161 163 163 163 163 163 163 165 165 170 171 172 173 176
[199] 176 176 177 177 177 178 179 179 179 180 182 185 185 185 186 192 192 192
[217] 193 193 196 199 199 201 201 201 201 203 203 203 203 203 204 205 205 206
[235] 207 207 209 210 213 215 215 215 220 222 223 223 223 223 223 224 224 225
[253] 225 225 226 226 226 231 231 232 234 239 239 241 241 242 245 245 248 250
[271] 251 256 256 257 257 257 259 259 261 263 263 265 270 271 271 271 272 274
[289] 274 274 282 286 286 287 288 290 293 295

$EXTANT
  [1] FALSE FALSE FALSE FALSE FALSE FALSE FALSE FALSE FALSE FALSE FALSE FALSE
 [13] FALSE FALSE FALSE FALSE FALSE FALSE FALSE FALSE FALSE FALSE FALSE FALSE
 [25] FALSE FALSE FALSE FALSE FALSE FALSE FALSE FALSE FALSE FALSE FALSE FALSE
 [37] FALSE FALSE FALSE FALSE FALSE FALSE FALSE FALSE FALSE FALSE FALSE FALSE
 [49] FALSE FALSE FALSE FALSE FALSE FALSE FALSE FALSE FALSE FALSE FALSE FALSE
 [61] FALSE FALSE FALSE FALSE FALSE FALSE FALSE FALSE FALSE FALSE FALSE FALSE
 [73] FALSE FALSE FALSE FALSE FALSE FALSE FALSE FALSE FALSE  TRUE FALSE FALSE
 [85] FALSE FALSE FALSE FALSE FALSE FALSE FALSE FALSE FALSE FALSE FALSE FALSE
 [97] FALSE FALSE FALSE FALSE FALSE FALSE FALSE FALSE FALSE FALSE FALSE  TRUE
[109] FALSE FALSE FALSE FALSE FALSE FALSE FALSE FALSE FALSE FALSE FALSE FALSE
[121] FALSE FALSE FALSE FALSE  TRUE FALSE  TRUE FALSE FALSE FALSE FALSE FALSE
[133] FALSE FALSE FALSE  TRUE  TRUE FALSE  TRUE  TRUE FALSE FALSE FALSE FALSE
[145] FALSE FALSE  TRUE  TRUE FALSE FALSE FALSE FALSE FALSE FALSE FALSE FALSE
[157] FALSE  TRUE  TRUE  TRUE FALSE FALSE FALSE FALSE FALSE  TRUE  TRUE  TRUE
[169] FALSE  TRUE FALSE FALSE FALSE  TRUE FALSE  TRUE FALSE FALSE  TRUE FALSE
[181]  TRUE  TRUE  TRUE FALSE FALSE FALSE FALSE FALSE FALSE  TRUE  TRUE  TRUE
[193]  TRUE  TRUE FALSE FALSE  TRUE FALSE  TRUE  TRUE FALSE FALSE  TRUE FALSE
[205]  TRUE FALSE  TRUE FALSE  TRUE FALSE FALSE FALSE FALSE  TRUE FALSE FALSE
[217] FALSE  TRUE FALSE  TRUE  TRUE FALSE  TRUE FALSE  TRUE FALSE FALSE  TRUE
[229] FALSE FALSE  TRUE  TRUE  TRUE  TRUE  TRUE  TRUE  TRUE FALSE  TRUE FALSE
[241]  TRUE  TRUE  TRUE FALSE  TRUE FALSE  TRUE  TRUE  TRUE FALSE FALSE FALSE
[253]  TRUE  TRUE FALSE  TRUE FALSE FALSE  TRUE  TRUE  TRUE FALSE  TRUE  TRUE
[265]  TRUE  TRUE FALSE  TRUE  TRUE FALSE FALSE  TRUE  TRUE  TRUE FALSE  TRUE
[277]  TRUE  TRUE FALSE  TRUE  TRUE  TRUE FALSE FALSE  TRUE  TRUE FALSE FALSE
[289]  TRUE  TRUE  TRUE  TRUE  TRUE  TRUE FALSE  TRUE  TRUE  TRUE

