
Birth-death simulation object with 189 species and 75 extant species

Details for some species:

Extinction times (NA means extant)
[1] 47.60225 27.64955 43.06678 43.51585 31.34074 46.30039


Speciation times 
[1] 53.44310 51.10693 48.24201 45.44485 32.56141 46.40358


Species parents (NA for initial)
[1] NA  1  2  2  2  3


Species status (extinct or extant)
[1] "extinct" "extinct" "extinct" "extinct" "extinct" "extinct"


For more details on vector y, try sim$y, with y one of
TE TS PAR EXTANT



$TE
  [1] 47.60225018 27.64954645 43.06678216 43.51584956 31.34074340 46.30039353
  [7] 39.15327760 26.87616013 30.24496877 27.30154484 33.36826730 33.48450966
 [13] 35.79825181 25.84606933 35.73331669 32.80724874 19.80795689 32.76782308
 [19] 27.43271384 15.81952838 34.57343509 34.25647716 37.22466624 34.07970434
 [25] 35.61085087 28.29049723 18.18875657 22.97964081 18.50438503 25.54770746
 [31] 16.29731959 17.70449322 33.47147028 25.06645582 18.00015730 22.23830091
 [37] 18.10151041 25.09037378 19.44992353 21.68345913 18.62698753 16.24271150
 [43] 29.80565006 17.00038975 16.70569312 18.70426750 18.83961838 29.00805914
 [49] 21.15961417 18.14620804 27.05342525 22.75737883 21.65776234 16.69761661
 [55] 18.84708973          NA 20.83844810 26.76821369 21.21268356 18.38939517
 [61] 16.14899793  4.47525216          NA          NA  5.91591774          NA
 [67]  0.97692083 19.49269026 21.84327063 17.97096015 16.45827607 17.24094774
 [73] 16.55588979 17.13984137          NA  6.93321132  2.80097080 10.41731891
 [79] 10.38068996  8.88965456  4.89200551          NA          NA  8.06720849
 [85]  5.36661707  1.41307310          NA          NA  6.98436301          NA
 [91]  0.74848908          NA 19.55255292 16.18029853 12.57373599          NA
 [97]  4.12968396          NA          NA          NA          NA  6.36325465
[103]          NA          NA  4.22226389          NA  3.10950250  5.95658336
[109]  2.19003590          NA  2.83845173          NA          NA          NA
[115]          NA          NA  1.41840206          NA          NA          NA
[121]          NA          NA          NA          NA          NA          NA
[127]  2.65076309          NA          NA  0.02955175  6.67378256  6.81379547
[133]  3.52031805          NA  3.50690486  2.63714828          NA  1.49646939
[139]          NA          NA          NA          NA          NA  4.89482311
[145]  2.10518249          NA  2.72774421          NA  0.90607627          NA
[151]          NA  4.09172859          NA          NA          NA          NA
[157]          NA          NA          NA          NA  0.42968907  3.45345727
[163]  0.50582368  5.17333427          NA  0.72467516          NA          NA
[169]  5.76631051          NA  2.38156557          NA          NA          NA
[175]          NA  3.57740277          NA          NA          NA          NA
[181]          NA          NA          NA          NA  0.45915220          NA
[187]          NA          NA          NA

$TS
  [1] 53.443103002 51.106929755 48.242007631 45.444848708 32.561412937
  [6] 46.403579776 43.723517471 32.194213350 43.623838084 28.756610259
 [11] 38.817044438 37.098325574 36.106777158 27.310656169 38.324735858
 [16] 35.587780965 34.907326929 34.331367598 33.688368392 37.048331085
 [21] 37.042422570 34.409631864 37.850609434 37.234599792 36.762669676
 [26] 30.288030641 24.886076255 30.122895407 28.149666081 25.551115507
 [31] 22.147346405 18.448323323 36.505594227 34.208713069 19.066978267
 [36] 25.812838658 26.650384265 26.082350028 23.231318462 21.999096751
 [41] 20.474064629 16.486438431 32.679359230 24.111448249 22.265320922
 [46] 20.039458774 31.619487573 30.703569689 24.059998646 20.304828265
 [51] 28.987844207 27.954165988 24.772202764 29.562936141 19.614459806
 [56] 18.502694891 23.774062097 28.368840789 22.595729461 22.254378722
 [61] 19.911100575 19.842585978 14.444298937 11.994461491  7.675350075
 [66]  4.621358656  2.676945635 27.687349919 21.877580164 19.166737485
 [71] 18.933477259 17.339551901 16.655636119 19.023817804 16.475224406
 [76]  8.169567952  5.276502662 13.920205258 13.849385760  9.338731044
 [81]  9.105148803  6.917246192  3.940831341 11.497911855 11.387257519
 [86]  7.895044521  6.575844164  5.933479803  7.309603545  6.045452607
 [91]  3.111050379  2.454342510 20.941231845 21.844222493 13.772066987
 [96]  7.873022127  5.854779398  6.652174356  6.591946065  2.942423782
[101] 10.912985516  8.964548382  8.237346090  9.736605535  8.991252077
[106]  8.422469086  7.119098869  6.115790373  2.890699398  5.857123812
[111]  3.558714786  2.012044380  0.394337989 13.042706505  7.520007766
[116]  6.584741248  5.701694785  3.728565900  6.202640741  5.254891799
[121]  1.243450321  1.212903369  0.858578800  0.009582833  5.471318845
[126]  6.633805525  6.611356462  4.042707454  3.559466579  3.181175399
[131]  7.692024318  7.033278013  6.397742323  5.614757528  4.139001393
[136]  3.734905944  1.843597377  6.339350550  6.867092947  3.063714876
[141]  1.975172572  1.601121034 10.507560480  8.340841194  6.169340497
[146]  0.623116577  4.114876174  0.581543246  2.783833237  1.651561323
[151]  3.609007821  4.283841198  2.559529820  2.014397540  0.241508078
[156]  0.435144147  0.403865402  3.457480642  0.851945489  0.185527516
[161]  4.674685044  3.790024172  3.047889159  5.308664145  4.027362885
[166]  5.477723777  1.314671927  8.255164667  8.228659704  0.320196289
[171]  3.389930793  2.408152191  1.090291097  2.937818929  0.934697833
[176]  3.989963024  1.469765941  0.570101562  1.515651077  1.481273612
[181]  7.386987034  3.339284231  0.152996324  4.545074856  2.827058916
[186]  3.635926886  2.337716664  1.633840609  0.692730112

$PAR
  [1]  NA   1   2   2   2   3   3   5   7   8   9   9   9  10  11  11  11  11
 [19]  11  12  12  12  15  15  15  17  17  19  20  20  20  20  21  24  27  28
 [37]  29  29  29  29  29  31  34  36  37  39  43  43  44  45  47  47  47  48
 [55]  50  50  53  54  54  54  54  54  56  56  56  56  56  58  60  60  61  61
 [73]  61  62  62  62  62  63  63  63  63  63  63  64  64  64  64  64  65  65
 [91]  66  66  68  69  75  75  75  81  82  82  84  84  84  85  85  85  86  87
[109]  87  88  88  88  92  95  96  96  96  96  99  99  99  99 100 100 101 103
[127] 103 103 103 103 104 104 104 104 104 104 104 105 106 110 110 112 114 114
[145] 115 115 116 116 118 118 119 120 120 120 121 123 123 127 128 129 133 133
[163] 134 139 139 143 143 144 144 150 151 153 154 158 158 161 161 161 163 165
[181] 169 171 179 181 181 184 184 184 186

$EXTANT
  [1] FALSE FALSE FALSE FALSE FALSE FALSE FALSE FALSE FALSE FALSE FALSE FALSE
 [13] FALSE FALSE FALSE FALSE FALSE FALSE FALSE FALSE FALSE FALSE FALSE FALSE
 [25] FALSE FALSE FALSE FALSE FALSE FALSE FALSE FALSE FALSE FALSE FALSE FALSE
 [37] FALSE FALSE FALSE FALSE FALSE FALSE FALSE FALSE FALSE FALSE FALSE FALSE
 [49] FALSE FALSE FALSE FALSE FALSE FALSE FALSE  TRUE FALSE FALSE FALSE FALSE
 [61] FALSE FALSE  TRUE  TRUE FALSE  TRUE FALSE FALSE FALSE FALSE FALSE FALSE
 [73] FALSE FALSE  TRUE FALSE FALSE FALSE FALSE FALSE FALSE  TRUE  TRUE FALSE
 [85] FALSE FALSE  TRUE  TRUE FALSE  TRUE FALSE  TRUE FALSE FALSE FALSE  TRUE
 [97] FALSE  TRUE  TRUE  TRUE  TRUE FALSE  TRUE  TRUE FALSE  TRUE FALSE FALSE
[109] FALSE  TRUE FALSE  TRUE  TRUE  TRUE  TRUE  TRUE FALSE  TRUE  TRUE  TRUE
[121]  TRUE  TRUE  TRUE  TRUE  TRUE  TRUE FALSE  TRUE  TRUE FALSE FALSE FALSE
[133] FALSE  TRUE FALSE FALSE  TRUE FALSE  TRUE  TRUE  TRUE  TRUE  TRUE FALSE
[145] FALSE  TRUE FALSE  TRUE FALSE  TRUE  TRUE FALSE  TRUE  TRUE  TRUE  TRUE
[157]  TRUE  TRUE  TRUE  TRUE FALSE FALSE FALSE FALSE  TRUE FALSE  TRUE  TRUE
[169] FALSE  TRUE FALSE  TRUE  TRUE  TRUE  TRUE FALSE  TRUE  TRUE  TRUE  TRUE
[181]  TRUE  TRUE  TRUE  TRUE FALSE  TRUE  TRUE  TRUE  TRUE

