
Birth-death simulation object with 155 species and 33 extant species

Details for some species:

Extinction times (NA means extant)
[1] 37.21447 26.10705 45.58821 37.49181 15.58230 37.23581


Speciation times 
[1] 53.44310 49.97987 46.92848 40.38064 40.24325 39.64070


Species parents (NA for initial)
[1] NA  1  1  1  1  1


Species status (extinct or extant)
[1] "extinct" "extinct" "extinct" "extinct" "extinct" "extinct"


For more details on vector y, try sim$y, with y one of
TE TS PAR EXTANT



$TE
  [1] 37.2144709 26.1070493 45.5882064 37.4918098 15.5823005 37.2358064
  [7] 44.3128388 38.4094407 33.7489339 23.5158444 22.5630238 17.9928707
 [13]  1.8630919 36.7891986 17.5260118 19.0825069 18.3974823 15.1889695
 [19] 17.0408766 13.3481062  6.9860761 32.4040331 24.6187846 32.1747922
 [25] 29.8226542 17.8447651 19.7184299 17.1476976 16.9100243 17.1471666
 [31]  9.2141545         NA  7.1039837 28.5486472 26.2014103 23.6042849
 [37] 23.1555416 18.1720418 21.2157691 17.5293779 15.0018256  4.4310305
 [43]  4.9477384 31.8501830 32.0789635 18.0522497 20.2424840 27.1993484
 [49] 16.0354342 26.8536419 18.3056245 19.2024492 26.0221180 18.4859473
 [55] 19.3361088 16.9673173         NA  4.2122467 15.4734738 19.9371600
 [61] 27.0558918 19.5240531 18.2399063 18.6270615 17.8480785 18.4542592
 [67] 18.5348477 17.5900511 18.2409451 12.8206963 15.2407667 17.1297321
 [73]         NA  2.8031430  3.0064874 16.5184443 18.2786626 17.8979191
 [79] 19.7719084 20.6020979 18.8753536 21.4807638 18.5520431 17.3667397
 [85] 15.1800486 18.3901694 15.7984349 16.3901559  4.6446799 14.3428296
 [91] 12.7666084 15.7963704         NA 18.0980265 20.7727084 20.2051761
 [97]  3.0897046 17.2916975 14.9855323 14.8319220  2.6183215         NA
[103] 13.3902102         NA 13.8260554         NA  5.8423397  6.7729723
[109] 15.3707305  5.7217652         NA         NA         NA  4.4977676
[115]         NA  1.9016906  7.1229486  0.8896439  3.9676728         NA
[121]         NA         NA         NA  6.5020797         NA  4.5839019
[127]  6.3395992         NA  1.7974591         NA  4.9283016         NA
[133]         NA         NA         NA         NA         NA  4.4378471
[139]  5.4887640  6.2607659         NA  4.8130934         NA         NA
[145]         NA         NA  3.5152688  6.1686298  2.6414911  5.0957235
[151]         NA         NA  1.0467596         NA         NA

$TS
  [1] 53.4431030 49.9798669 46.9284801 40.3806428 40.2432478 39.6407015
  [7] 47.5500483 44.4335818 35.7220383 29.3748650 28.8701702 27.5974372
 [13] 18.1897792 40.6695651 40.2855238 25.2463174 25.2381437 25.0833703
 [19] 19.7405461 13.6545174 12.6034696 38.6861140 35.2096957 33.6635316
 [25] 30.5027043 22.9305277 21.2993457 17.7712129 20.5676205 20.3766628
 [31] 11.1543283 10.1776673  7.4479321 32.4278786 33.2926652 29.8646887
 [37] 24.6393638 33.0242861 22.8359245 19.7702696 18.8156966  9.1778811
 [43]  5.7701152 32.1838996 32.1268362 29.9327620 28.3701201 27.5554210
 [49] 29.4437073 27.2769060 27.1347717 30.7521285 29.7962253 26.4096601
 [55] 20.8422093 17.5327690  8.7891744  6.3284677 22.5989720 23.3542295
 [61] 28.7120884 28.2119823 25.7448849 21.0339617 24.7391700 23.8630577
 [67] 27.0017113 22.4757653 21.1055509 20.1891591 19.6056630 17.5292933
 [73]  5.0256777  3.7345165  4.9767295 20.9940568 20.5168331 20.1781308
 [79] 19.8681613 25.7463886 20.2384851 23.1135440 21.9846924 19.5351947
 [85] 21.8904071 24.6344280 18.4722198 17.4077305 15.9252309 15.5784980
 [91] 14.3496940 17.2936663  4.6560169 18.8449642 21.5078923 21.3763196
 [97] 18.2186096 17.8933046 19.9085615 14.8892588  6.4949336  6.1612119
[103] 14.0148090  4.0263035 17.4160257 13.3104256 12.5690789 12.0942176
[109] 15.6742003 13.8572659  3.3001993 12.5349341  6.8900580 11.2476634
[115]  9.7634214 13.6987336  9.8495339  1.4004599  4.6174110  6.3217424
[121]  4.3066583  3.3388271  8.1981956  7.2667145  6.3066698  5.8357840
[127]  8.2108383  4.1966974  3.4543204  0.3184019 11.4076369  9.2004198
[133]  4.0098932  2.9859090  2.1478842  2.0354833  3.2775897  7.4912642
[139]  6.9251369  6.8110260  7.7784907  7.0791468  2.9503290  0.2642124
[145]  1.3227292  0.3275180  6.5746229  6.3578074  6.5101107  6.2908568
[151]  0.4237867  0.5538132  5.4835633  1.1215376  0.2120459

$PAR
  [1]  NA   1   1   1   1   1   2   2   2   2   2   5   5   8   8  10  11  12
 [19]  12  13  13  14  15  15  15  15  15  15  17  18  21  21  21  22  23  23
 [37]  23  24  26  29  29  32  32  34  34  35  35  35  36  36  36  38  38  38
 [55]  38  40  42  42  46  47  49  49  49  49  51  51  53  54  54  54  55  56
 [73]  57  57  58  59  59  59  59  62  63  65  65  65  66  67  70  70  70  70
 [91]  70  72  75  76  80  83  84  84  85  89  89  89  91  93  97  97  97  97
[109] 105 105 106 107 107 108 108 110 110 111 112 113 113 113 114 114 114 114
[127] 115 115 115 115 116 116 120 121 121 122 125 127 127 127 131 132 132 133
[145] 137 137 138 138 140 140 143 145 149 153 154

$EXTANT
  [1] FALSE FALSE FALSE FALSE FALSE FALSE FALSE FALSE FALSE FALSE FALSE FALSE
 [13] FALSE FALSE FALSE FALSE FALSE FALSE FALSE FALSE FALSE FALSE FALSE FALSE
 [25] FALSE FALSE FALSE FALSE FALSE FALSE FALSE  TRUE FALSE FALSE FALSE FALSE
 [37] FALSE FALSE FALSE FALSE FALSE FALSE FALSE FALSE FALSE FALSE FALSE FALSE
 [49] FALSE FALSE FALSE FALSE FALSE FALSE FALSE FALSE  TRUE FALSE FALSE FALSE
 [61] FALSE FALSE FALSE FALSE FALSE FALSE FALSE FALSE FALSE FALSE FALSE FALSE
 [73]  TRUE FALSE FALSE FALSE FALSE FALSE FALSE FALSE FALSE FALSE FALSE FALSE
 [85] FALSE FALSE FALSE FALSE FALSE FALSE FALSE FALSE  TRUE FALSE FALSE FALSE
 [97] FALSE FALSE FALSE FALSE FALSE  TRUE FALSE  TRUE FALSE  TRUE FALSE FALSE
[109] FALSE FALSE  TRUE  TRUE  TRUE FALSE  TRUE FALSE FALSE FALSE FALSE  TRUE
[121]  TRUE  TRUE  TRUE FALSE  TRUE FALSE FALSE  TRUE FALSE  TRUE FALSE  TRUE
[133]  TRUE  TRUE  TRUE  TRUE  TRUE FALSE FALSE FALSE  TRUE FALSE  TRUE  TRUE
[145]  TRUE  TRUE FALSE FALSE FALSE FALSE  TRUE  TRUE FALSE  TRUE  TRUE

