
Birth-death simulation object with 258 species and 98 extant species

Details for some species:

Extinction times (NA means extant)
[1] 51.42264 45.57375 50.01702 38.11814 49.04611 43.39835


Speciation times 
[1] 53.44310 52.68279 50.35857 49.92186 49.53610 48.55893


Species parents (NA for initial)
[1] NA  1  2  2  4  4


Species status (extinct or extant)
[1] "extinct" "extinct" "extinct" "extinct" "extinct" "extinct"


For more details on vector y, try sim$y, with y one of
TE TS PAR EXTANT



$TE
  [1] 51.4226430 45.5737550 50.0170248 38.1181430 49.0461139 43.3983502
  [7] 38.1944932 42.7858620 27.3034111 28.9634806         NA 22.8304794
 [13] 24.0013996 18.4081475 30.3776526 32.0336598 28.5896870 22.7295266
 [19]  5.8882595  9.9504665  8.8760876  7.4210383  5.1521835  1.6944970
 [25]  1.5663515         NA 21.3442370 19.2501782 25.8494089 16.3161524
 [31] 19.2495676 21.8675584 19.5734246 19.0083811 19.3153047 14.6289080
 [37]         NA 11.3723647  6.8894434         NA  2.0997960         NA
 [43] 18.9593220 15.4087172 18.5149397 15.8083041 21.1601004 23.6461974
 [49] 18.9886877 18.3123437 19.2163427 16.8754193         NA  2.7872092
 [55]  6.1756758  7.5386974  2.0397524         NA  3.3611863 17.4151588
 [61] 18.9886260 18.4720174 18.6889558 17.9596366 17.9982945 19.4929814
 [67] 17.2272823 16.0107239 17.3988743 15.9271175 16.4650687         NA
 [73] 16.9715340 13.9358746 16.3597340         NA  3.2048125 10.2151091
 [79]  7.9963185  3.8317270  4.3175093         NA         NA         NA
 [85] 17.3762884 19.4869664 19.5267297 19.4990888  9.5383208 19.2231427
 [91] 19.0222630 17.8003503 17.0313346 17.6300964 18.0564029 18.9218146
 [97]  1.7654683  3.9101168         NA  3.6476673  1.3881464         NA
[103] 18.0746683 17.4851712 14.0906691 15.9080148 15.2229363  0.8351917
[109]         NA  7.9231673  7.4746792         NA         NA  3.6804921
[115]  2.5163801         NA  0.8758561         NA         NA         NA
[121]         NA 14.6802376  1.0336327 17.2941935  3.0387981  8.7006983
[127]  7.3999678  3.5260419         NA         NA         NA  0.8109758
[133]  5.2814164  4.1334847         NA 18.7279136 12.5288041  1.8756412
[139]  1.1341505  6.6227173  6.4666866         NA  1.2221540  2.7423140
[145]         NA         NA         NA         NA         NA         NA
[151]         NA         NA 14.0150748 14.0032536  6.9807242 12.0307952
[157] 10.9093624  8.3970606         NA  0.4568922         NA         NA
[163]         NA         NA         NA         NA  9.3248198  4.8604463
[169]         NA  1.1592435  4.5283825         NA  0.8695890  3.2752782
[175]         NA         NA  5.4676136  1.8403210  6.8821467  8.4860276
[181]         NA         NA         NA         NA         NA         NA
[187]         NA         NA         NA         NA         NA  1.2709939
[193]         NA         NA         NA         NA  6.4464254 12.6063337
[199]         NA  0.7964597         NA  5.4470169  8.6020085  4.1523636
[205]         NA  0.3459361  0.6366452         NA         NA  5.6092887
[211]         NA  4.0116172         NA         NA         NA  1.0300299
[217]         NA         NA         NA  1.3363762  1.6222308  7.0430567
[223]         NA  3.2529480         NA  3.1685331         NA  1.7895870
[229]         NA  0.9368642  1.3117420         NA         NA  1.8468837
[235]         NA         NA         NA         NA  6.3124209  3.5738670
[241]         NA  3.9784500         NA         NA         NA         NA
[247]         NA         NA         NA  1.2404878         NA         NA
[253]         NA  0.2165518         NA         NA         NA         NA

$TS
  [1] 53.4431030 52.6827907 50.3585679 49.9218610 49.5360991 48.5589281
  [7] 39.2785506 47.1631904 46.7035050 37.5084262 36.7296330 35.4837105
 [13] 32.1345822 29.2139004 30.4431023 32.5727899 30.6026728 29.1639059
 [19] 27.2793704 14.6881699 13.5434637  9.9969605  9.1205261  7.3991512
 [25]  3.3302253  0.5275607 25.7496303 20.6426816 28.1709277 26.3690963
 [31] 24.8336258 23.1667998 22.6704500 20.4565404 19.9812717 15.7169646
 [37] 10.4698424 13.7903332 11.1684427  9.9013069  8.5630997  3.0277871
 [43] 25.1390988 24.5271457 21.8899781 20.1008767 26.4154928 25.4532504
 [49] 22.4111510 22.3399487 21.5403959 21.9498971  6.1294955 11.9942632
 [55] 11.6347831  8.9444993  8.9115251  4.0880195  7.5824012 25.0926492
 [61] 23.9141969 23.1627568 23.3349776 23.1075061 22.5906031 21.8400009
 [67] 19.9877683 16.7555415 21.4755637 19.7694564 16.9306999 16.4053285
 [73] 24.1947902 20.0863705 17.2822425  1.0287678 11.6973696 11.2013246
 [79]  8.0312508  7.1860258  6.9628332  8.3038079  5.0483397  7.4119625
 [85] 18.4403946 21.9485123 20.6848774 20.2423660 19.4479332 21.1142225
 [91] 21.8418462 20.2981343 19.4785103 20.6127709 19.8874827 19.4804959
 [97] 12.6761704 10.5746376  6.8561243  6.1280503  5.9528484  2.0647971
[103] 23.0660821 21.3605900 19.9705327 17.6126076 16.0134979 14.4753813
[109]  0.7785086 10.6700086  8.3353904  6.2614375  5.3334137  4.8390702
[115]  5.0253224  4.8429826  8.0180249  6.2802278  4.7255444  2.7815439
[121]  0.6289737 15.6827987  9.6031952 18.0632910 18.2250629  9.8121090
[127]  8.2108366  4.3992864  3.6673773  7.9517835  5.5631838  6.5838422
[133]  5.5353790  4.3129471  1.9144410 18.7735985 14.1873870  3.7488315
[139]  2.3019943  9.7193449  9.5297545  3.0199570  1.2379117  3.7587104
[145]  6.4989861  3.7710499  1.3580195  1.4798515  0.5132396  0.1904067
[151]  7.6045049  6.7302346 16.3661305 14.9443887 14.3285479 13.7939083
[157] 12.7420589  9.4391542  6.1836586  2.6211643  2.4325603  0.8883144
[163]  4.3748976  5.3348367  0.2212434  2.0873458  9.3782187  9.2162866
[169]  8.3180631  9.4626292  8.4047566  3.1035564  5.1936388  4.3562690
[175]  4.1361578  3.3167181 14.5517483 14.2998236 12.0891899 11.4637793
[181]  9.9610223  5.9290891  3.5338849  0.6732220  7.1771446  9.1370508
[187]  7.7782835  7.5040433  5.1143438  4.2896411  3.7634709  3.1085996
[193]  2.4967860  2.4186175  2.0294999 10.5320349  7.5996434 12.9546547
[199]  7.3105590  6.0771612  5.6964143  5.5643421 11.1994618 11.1441530
[205]  9.1172354  8.6483159  9.5052895  4.4940888  5.6270790  6.1829096
[211]  0.8774443  7.1154712  4.6745017  1.2202584  2.5096324  3.0870595
[217]  0.3759693  1.7130894  7.9346040  6.9258898  2.4584496  7.4890527
[223]  5.3313046  4.2318263  0.2890059  3.8783962  4.3674078  2.9977761
[229]  2.7482562  5.0660514  2.3552073  0.3324407  0.7053458  5.8736767
[235]  0.4287539  1.2643270  1.1013259  4.5694881  6.7176954  7.1948400
[241]  4.8593624  4.4173357  3.9069807  2.9856172  1.0121146  4.4802475
[247]  3.8275703  2.3031403  4.7743912  3.7614565  0.2956867  3.0530427
[253]  0.7913860  4.5539728  3.4383483  0.1839993  2.7594795  2.7077214

$PAR
  [1]  NA   1   2   2   4   4   4   6   6   9   9   9   9   9  10  11  11  11
 [19]  11  11  11  11  11  11  11  11  12  14  18  18  18  18  19  19  19  19
 [37]  19  20  20  21  22  24  27  27  27  28  29  30  30  30  31  33  37  38
 [55]  38  39  40  40  41  43  43  43  44  44  44  44  44  44  45  46  46  46
 [73]  47  50  52  53  54  54  54  55  55  56  57  59  60  61  62  62  62  63
 [91]  64  64  65  66  69  69  72  72  72  72  72  72  73  73  73  74  74  74
[109]  76  77  77  77  77  77  81  81  82  82  83  84  84  89  89  94  95  97
[127]  97  97  97  98  98  99 100 101 101 104 108 108 108 110 110 112 113 116
[145] 117 117 117 119 119 120 123 123 125 125 125 125 125 125 125 129 129 129
[163] 132 133 135 139 140 140 140 141 141 144 145 151 152 152 153 154 155 155
[181] 155 159 163 166 168 170 170 170 170 170 170 170 170 170 176 177 177 178
[199] 178 178 178 178 179 179 180 180 181 181 185 187 187 188 189 190 191 192
[217] 193 195 196 196 196 197 199 199 199 200 201 205 205 206 208 208 211 212
[235] 213 215 218 219 220 222 223 223 224 227 229 230 238 238 241 241 245 246
[253] 246 249 250 252 255 257

$EXTANT
  [1] FALSE FALSE FALSE FALSE FALSE FALSE FALSE FALSE FALSE FALSE  TRUE FALSE
 [13] FALSE FALSE FALSE FALSE FALSE FALSE FALSE FALSE FALSE FALSE FALSE FALSE
 [25] FALSE  TRUE FALSE FALSE FALSE FALSE FALSE FALSE FALSE FALSE FALSE FALSE
 [37]  TRUE FALSE FALSE  TRUE FALSE  TRUE FALSE FALSE FALSE FALSE FALSE FALSE
 [49] FALSE FALSE FALSE FALSE  TRUE FALSE FALSE FALSE FALSE  TRUE FALSE FALSE
 [61] FALSE FALSE FALSE FALSE FALSE FALSE FALSE FALSE FALSE FALSE FALSE  TRUE
 [73] FALSE FALSE FALSE  TRUE FALSE FALSE FALSE FALSE FALSE  TRUE  TRUE  TRUE
 [85] FALSE FALSE FALSE FALSE FALSE FALSE FALSE FALSE FALSE FALSE FALSE FALSE
 [97] FALSE FALSE  TRUE FALSE FALSE  TRUE FALSE FALSE FALSE FALSE FALSE FALSE
[109]  TRUE FALSE FALSE  TRUE  TRUE FALSE FALSE  TRUE FALSE  TRUE  TRUE  TRUE
[121]  TRUE FALSE FALSE FALSE FALSE FALSE FALSE FALSE  TRUE  TRUE  TRUE FALSE
[133] FALSE FALSE  TRUE FALSE FALSE FALSE FALSE FALSE FALSE  TRUE FALSE FALSE
[145]  TRUE  TRUE  TRUE  TRUE  TRUE  TRUE  TRUE  TRUE FALSE FALSE FALSE FALSE
[157] FALSE FALSE  TRUE FALSE  TRUE  TRUE  TRUE  TRUE  TRUE  TRUE FALSE FALSE
[169]  TRUE FALSE FALSE  TRUE FALSE FALSE  TRUE  TRUE FALSE FALSE FALSE FALSE
[181]  TRUE  TRUE  TRUE  TRUE  TRUE  TRUE  TRUE  TRUE  TRUE  TRUE  TRUE FALSE
[193]  TRUE  TRUE  TRUE  TRUE FALSE FALSE  TRUE FALSE  TRUE FALSE FALSE FALSE
[205]  TRUE FALSE FALSE  TRUE  TRUE FALSE  TRUE FALSE  TRUE  TRUE  TRUE FALSE
[217]  TRUE  TRUE  TRUE FALSE FALSE FALSE  TRUE FALSE  TRUE FALSE  TRUE FALSE
[229]  TRUE FALSE FALSE  TRUE  TRUE FALSE  TRUE  TRUE  TRUE  TRUE FALSE FALSE
[241]  TRUE FALSE  TRUE  TRUE  TRUE  TRUE  TRUE  TRUE  TRUE FALSE  TRUE  TRUE
[253]  TRUE FALSE  TRUE  TRUE  TRUE  TRUE

