
Birth-death simulation object with 190 species and 54 extant species

Details for some species:

Extinction times (NA means extant)
[1] 40.66701 34.40503 30.26445 29.86196 28.44746 30.40705


Speciation times 
[1] 49.26651 41.16016 39.20889 38.31432 37.52798 34.42419


Species parents (NA for initial)
[1] NA  1  2  2  2  2


Species status (extinct or extant)
[1] "extinct" "extinct" "extinct" "extinct" "extinct" "extinct"


For more details on vector y, try sim$y, with y one of
TE TS PAR EXTANT



$TE
  [1] 40.6670069 34.4050288 30.2644474 29.8619613 28.4474602 30.4070464
  [7] 28.1146255         NA 22.2437844 28.3427480 20.0932883 31.7265404
 [13] 32.1828034 31.0941940 32.6885308 22.3236757 25.3341979 13.6203028
 [19]  4.6397504         NA  7.5996577  3.1904472 31.0158170 32.6364265
 [25] 14.5097399 22.5514872 18.2988388 31.6366006 29.4925452 26.7746231
 [31] 18.6545321 12.5446627 12.4875542  8.3133023         NA  8.0573170
 [37]  4.6705065         NA  2.1241537  3.0276154 21.9401178 16.5955429
 [43] 16.1955810 27.3864531 25.3823453  0.2700692  1.5195409         NA
 [49]  4.0791939         NA         NA         NA 31.1164404 24.1528996
 [55] 13.7249808 13.8901013  1.0760742         NA  3.2050052         NA
 [61]         NA         NA         NA 19.9420615 25.9187809 13.6646323
 [67] 17.0684496 14.4709895 16.3824262 19.1727614 14.7774669 13.5094109
 [73]         NA         NA         NA         NA         NA 25.7116690
 [79] 18.8659108         NA         NA  2.9589410  1.5899916 20.7031408
 [85] 13.9397417  8.7300891 17.6844709 22.1568746 12.8809092 13.4096753
 [91] 12.5928673 16.4008765 16.6217885 11.6764533 14.0538785 14.3305203
 [97] 14.4135412         NA         NA         NA  0.7825085  0.3635354
[103]         NA 20.8790668 23.7436561 14.9901225 13.6608074 19.4837185
[109] 20.5639809 10.4741130 14.9784775  5.1048712 18.8191317 12.1362648
[115] 11.9279137         NA         NA 15.5480769 14.6036084  6.7414617
[121] 13.8412804 14.4042577  6.7485041         NA         NA 12.4053536
[127]         NA 15.1940838 14.4733809 14.0443734         NA  4.7476019
[133]  2.7300580  9.6998556  4.9744903  1.7323972         NA  3.0486299
[139]  0.3307973  0.9328052  0.3666184         NA  8.5099484 10.7843086
[145]         NA         NA         NA 14.7528255 14.7960846 14.3075937
[151]  2.8165809  4.7977311  0.1043484  6.0680147  2.5275448  2.6504180
[157]  5.6407785  3.7791768         NA  1.0108134  2.1191432 12.6557554
[163]         NA         NA         NA  2.4594164         NA  2.5674014
[169]         NA         NA         NA  0.9687980 11.1803006 12.5066062
[175]  0.2744534         NA         NA         NA  0.2376256  4.0845939
[181]         NA         NA         NA         NA         NA  3.0494752
[187]  1.2574071         NA         NA         NA

$TS
  [1] 4.926651e+01 4.116016e+01 3.920889e+01 3.831432e+01 3.752798e+01
  [6] 3.442419e+01 3.351868e+01 3.325594e+01 3.060886e+01 3.003369e+01
 [11] 3.616991e+01 3.528575e+01 3.408417e+01 3.226735e+01 3.291749e+01
 [16] 2.827843e+01 2.620414e+01 2.457594e+01 9.895586e+00 9.863076e+00
 [21] 8.022861e+00 6.062961e+00 3.383761e+01 3.335615e+01 2.738830e+01
 [26] 2.540387e+01 2.070375e+01 3.412160e+01 3.331830e+01 2.741762e+01
 [31] 2.262023e+01 2.203171e+01 1.675153e+01 9.275521e+00 8.948276e+00
 [36] 8.393244e+00 6.169143e+00 7.188553e+00 5.759764e+00 5.341029e+00
 [41] 3.201978e+01 1.985341e+01 1.865464e+01 3.255630e+01 2.686728e+01
 [46] 7.793997e+00 6.653127e+00 6.128874e+00 4.903409e+00 2.685207e+00
 [51] 6.165816e+00 4.740085e+00 3.166290e+01 3.234082e+01 3.057998e+01
 [56] 2.989157e+01 2.023028e+00 5.707158e+00 4.803467e+00 5.740431e+00
 [61] 2.325373e-01 3.700255e+00 3.075898e+01 2.681455e+01 2.717832e+01
 [66] 1.829327e+01 1.736383e+01 2.566895e+01 2.144607e+01 2.042789e+01
 [71] 1.836439e+01 1.661208e+01 1.252423e+00 3.955530e+00 1.766559e+00
 [76] 2.538761e+00 6.120931e-01 2.681707e+01 2.077899e+01 6.355518e+00
 [81] 4.259723e+00 3.279268e+00 2.120882e+00 2.317635e+01 1.656772e+01
 [86] 1.460686e+01 2.488404e+01 2.475914e+01 2.162695e+01 2.018067e+01
 [91] 1.570878e+01 2.126418e+01 2.049189e+01 1.685163e+01 1.653777e+01
 [96] 1.505078e+01 1.515334e+01 1.791527e+00 4.800857e-03 3.906219e+00
[101] 2.366307e+00 8.854466e-01 3.228341e+00 2.305902e+01 2.402004e+01
[106] 2.057158e+01 1.929866e+01 2.453522e+01 2.415774e+01 1.917570e+01
[111] 1.973006e+01 1.891332e+01 1.993860e+01 1.527114e+01 1.613464e+01
[116] 1.585338e+00 7.429623e-01 2.177469e+01 2.053379e+01 1.112875e+01
[121] 1.767180e+01 1.617427e+01 1.107670e+01 9.299023e+00 7.722404e+00
[126] 1.409611e+01 1.248783e+01 1.970003e+01 1.683605e+01 1.915920e+01
[131] 8.118324e+00 6.879062e+00 6.787131e+00 9.977754e+00 8.935552e+00
[136] 7.235501e+00 5.893875e+00 3.540466e+00 7.310719e-01 2.160850e+00
[141] 9.255332e-01 2.747471e-01 1.292799e+01 1.096877e+01 5.365583e+00
[146] 3.527732e+00 3.505186e-01 1.698338e+01 1.695243e+01 1.636380e+01
[151] 6.355408e+00 5.975591e+00 2.760235e+00 8.778145e+00 6.519626e+00
[156] 5.720860e+00 5.651673e+00 4.030645e+00 5.887053e+00 4.867541e+00
[161] 4.251132e+00 1.693459e+01 1.752851e+00 2.080536e-01 7.805815e+00
[166] 6.095891e+00 4.106356e+00 5.486209e+00 1.556810e+00 1.379011e+00
[171] 3.089615e-04 3.814950e+00 1.529054e+01 1.361638e+01 6.320180e+00
[176] 5.803081e-01 5.820493e+00 4.126078e+00 6.590450e-01 5.137461e+00
[181] 2.211454e+00 5.859621e+00 4.523363e+00 2.717067e+00 5.770396e+00
[186] 3.394854e+00 2.205754e+00 9.655256e-01 4.383643e+00 3.337490e+00

$PAR
  [1]  NA   1   2   2   2   2   4   4   4   4   5   5   6   6   7   7   8   8
 [19]   8   8   8   8  11  11  11  11  11  12  12  16  18  18  18  19  19  19
 [37]  19  20  20  20  23  25  25  29  30  35  35  35  35  35  37  39  41  44
 [55]  44  44  46  47  48  51  51  52  54  54  55  55  55  56  56  56  56  56
 [73]  57  60  60  62  62  63  63  63  63  63  63  64  66  66  68  68  68  68
 [91]  68  69  69  69  69  71  72  74  74  80  80  80  81  84  87  87  87  88
[109]  88  90  92  92  93  94  95  98 103 108 108 110 111 111 112 112 112 115
[127] 115 118 118 119 120 120 120 123 124 124 124 124 124 125 125 125 126 127
[145] 127 127 127 130 130 130 131 131 131 135 135 135 135 136 137 145 145 148
[163] 153 153 154 154 155 159 159 159 159 161 162 162 165 165 166 166 167 168
[181] 172 175 175 175 177 178 178 181 183 189

$EXTANT
  [1] FALSE FALSE FALSE FALSE FALSE FALSE FALSE  TRUE FALSE FALSE FALSE FALSE
 [13] FALSE FALSE FALSE FALSE FALSE FALSE FALSE  TRUE FALSE FALSE FALSE FALSE
 [25] FALSE FALSE FALSE FALSE FALSE FALSE FALSE FALSE FALSE FALSE  TRUE FALSE
 [37] FALSE  TRUE FALSE FALSE FALSE FALSE FALSE FALSE FALSE FALSE FALSE  TRUE
 [49] FALSE  TRUE  TRUE  TRUE FALSE FALSE FALSE FALSE FALSE  TRUE FALSE  TRUE
 [61]  TRUE  TRUE  TRUE FALSE FALSE FALSE FALSE FALSE FALSE FALSE FALSE FALSE
 [73]  TRUE  TRUE  TRUE  TRUE  TRUE FALSE FALSE  TRUE  TRUE FALSE FALSE FALSE
 [85] FALSE FALSE FALSE FALSE FALSE FALSE FALSE FALSE FALSE FALSE FALSE FALSE
 [97] FALSE  TRUE  TRUE  TRUE FALSE FALSE  TRUE FALSE FALSE FALSE FALSE FALSE
[109] FALSE FALSE FALSE FALSE FALSE FALSE FALSE  TRUE  TRUE FALSE FALSE FALSE
[121] FALSE FALSE FALSE  TRUE  TRUE FALSE  TRUE FALSE FALSE FALSE  TRUE FALSE
[133] FALSE FALSE FALSE FALSE  TRUE FALSE FALSE FALSE FALSE  TRUE FALSE FALSE
[145]  TRUE  TRUE  TRUE FALSE FALSE FALSE FALSE FALSE FALSE FALSE FALSE FALSE
[157] FALSE FALSE  TRUE FALSE FALSE FALSE  TRUE  TRUE  TRUE FALSE  TRUE FALSE
[169]  TRUE  TRUE  TRUE FALSE FALSE FALSE FALSE  TRUE  TRUE  TRUE FALSE FALSE
[181]  TRUE  TRUE  TRUE  TRUE  TRUE FALSE FALSE  TRUE  TRUE  TRUE

