
Birth-death simulation object with 343 species and 97 extant species

Details for some species:

Extinction times (NA means extant)
[1] 39.06362 42.48545 36.10349 27.59122 37.87457 38.51232


Speciation times 
[1] 49.26651 44.04157 40.76036 43.27695 39.22345 39.15699


Species parents (NA for initial)
[1] NA  1  1  2  3  3


Species status (extinct or extant)
[1] "extinct" "extinct" "extinct" "extinct" "extinct" "extinct"


For more details on vector y, try sim$y, with y one of
TE TS PAR EXTANT



$TE
  [1] 39.0636180 42.4854455 36.1034858 27.5912211 37.8745672 38.5123212
  [7] 33.6779696 17.1371998 30.9155716 36.1486420 31.5169132 32.8600809
 [13] 30.6399706 13.0922818 32.1352439 17.7953782 18.0841751 20.5179173
 [19] 17.9443850 18.5566977 30.2304978 29.5727289 13.7943891 17.7170291
 [25] 19.7792939 23.6381449 26.1242909 22.2073068 20.9914407 14.4816797
 [31] 15.2306310 15.1424846 14.0348781 14.5564990 19.2770054 17.3051633
 [37] 26.1717003 17.3664244 14.4705600 14.9529300 12.0846960 13.9214222
 [43] 14.9927149 15.1440403 25.5530238 12.8525490 26.6646227 24.6831731
 [49] 22.6692868 22.7222912 12.6414862 13.7971175 17.3083899 18.7401810
 [55] 14.2677200 14.5356135 15.6588967 13.2139015 14.0306037 18.3582815
 [61] 28.1364984 27.6644922 23.4540728 25.4945374 23.9820405 15.2069928
 [67] 20.6807843 20.4035285 13.4877969 15.0185803 13.2135752 15.3805938
 [73] 13.7417603 14.3259630 17.8635946 23.1278104 20.8786793         NA
 [79] 14.8671334 26.7615858 14.4638339 13.9800675 24.6954600 13.4130783
 [85]         NA 16.4317259 19.5060422 14.4330747 15.4944871 10.4767678
 [91] 12.7056493 16.8957693 28.8575835 28.2064429 24.8986089 22.8851859
 [97] 21.6810455 18.5623635 12.1628098 16.6316227 13.0730511 10.1428657
[103] 10.5361151 14.7690932 18.4804713 13.9069781 12.2583166 11.4013117
[109]  6.4804001  1.3623710         NA 13.7106968 18.0495994 23.9223495
[115] 19.4085795 21.2121852 21.1176238 14.9936245 16.4014213 12.5601032
[121] 15.7408654 14.3713660 12.5507694         NA  7.1334733         NA
[127]         NA         NA 16.1873888 11.5589338 15.6320398 16.0327345
[133] 17.5341538 15.1895093 21.8997228 22.0090140 15.2444323 20.8908387
[139] 15.5780027 20.6419614 15.1721066 14.1097029 16.0900835 13.8416798
[145] 15.2735060  8.1860714 13.2086651  5.0426589 15.3858313 10.6894553
[151] 18.1941669 13.1398839         NA 14.8515038         NA 18.5984773
[157] 12.8395242 16.3231938  1.3404776         NA  4.0772666         NA
[163]  5.4185436         NA  2.7648065 10.3847473 16.8560448  9.1900585
[169]  5.4231193 14.2850861         NA 21.5183997 19.5964836         NA
[175] 15.3464373  5.7449304 12.2781089 14.6341122 14.1704301 17.5996508
[181] 13.2550504 15.5196469 13.4851069 11.4262067         NA  6.2931672
[187]         NA 11.0359105 24.3427501 10.9527644 12.0686023 11.5131988
[193]  4.3469081 16.2775711 13.3120216  6.1407038         NA  0.2753307
[199]         NA         NA 12.0535800 12.1408240  6.7619047  2.9607724
[205]  7.9357246         NA         NA  2.5234050  2.7636810         NA
[211]         NA         NA         NA 13.4111889 11.3312027         NA
[217]  8.1175746 14.2842530 14.3800499 12.6486363  9.7351220  2.6159745
[223]  3.7755033  3.8134160         NA 15.4930041 15.3703771 11.3488769
[229]         NA         NA         NA 15.2059015 14.5983200 14.3870094
[235] 13.0023460 10.9611840  6.7287732  6.5495724  2.8415719  3.3990984
[241]  2.8071200         NA         NA  6.2596924         NA         NA
[247]         NA  0.9471480 11.0824239  8.1675776         NA         NA
[253]         NA  1.1382718         NA         NA         NA         NA
[259]         NA  2.3941315  2.5862147         NA  1.6682591         NA
[265]         NA 13.0730357 10.8942550 14.0892243         NA         NA
[271]  2.2152343  0.5104801         NA  8.3500094  7.8043458         NA
[277]         NA         NA         NA         NA 14.1225394 10.7851507
[283]  8.2239008         NA         NA         NA  0.6202871  3.0401444
[289]         NA         NA         NA  2.1823228         NA  3.9578865
[295] 12.5807361         NA  0.1922107         NA         NA  7.3126656
[301]  1.0296312  0.1880204  3.7917737         NA         NA         NA
[307]         NA         NA  3.0075110         NA  6.1528522 11.7658833
[313]         NA         NA         NA         NA         NA         NA
[319]         NA         NA         NA  1.6620040         NA         NA
[325]  2.7333773         NA  7.8065588         NA  1.4656109         NA
[331]         NA         NA         NA         NA         NA         NA
[337]         NA         NA         NA         NA         NA         NA
[343]         NA

$TS
  [1] 49.266511476 44.041573989 40.760355253 43.276952649 39.223445798
  [6] 39.156990440 37.177672484 42.178051322 38.432543289 36.324741767
 [11] 34.795124858 34.738794714 34.951371310 33.797461179 35.469221264
 [16] 33.633138828 28.902119364 27.637799183 27.373512700 21.793508444
 [21] 34.500670087 33.128161137 23.646992943 21.773108687 20.079801973
 [26] 31.487804257 29.571582423 28.164758402 22.608549643 21.421840919
 [31] 26.484740332 21.625993354 21.486635195 23.355246375 22.755324134
 [36] 21.063984665 33.793728319 32.364898431 20.375489357 18.713638355
 [41] 18.112310566 29.769538927 27.965003585 25.143843505 29.465013196
 [46] 28.689435166 28.254947545 27.306314424 27.711673158 26.345539280
 [51] 17.657075901 17.339965958 17.320787211 19.148860366 18.454314054
 [56] 17.120402617 22.518490603 18.513596891 15.355002936 21.224065869
 [61] 32.115972067 31.987668804 30.073532763 29.775125368 28.938806190
 [66] 27.567128939 21.709231020 21.042247332 17.920469302 18.553711557
 [71] 21.281113991 18.324099850 14.623998115 19.888587207 18.632725105
 [76] 28.221213405 27.504648126 23.460909950 27.988314585 27.319386158
 [81] 26.718045393 22.976244251 25.114002854 15.764556560 14.111778610
 [86] 20.801386364 20.296018620 18.953165728 15.866520945 14.778677924
 [91] 15.027214052 19.370833262 29.294502276 28.521568538 27.634946151
 [96] 28.065722789 25.035264842 24.213362960 25.278078372 23.059173255
[101] 22.642945835 20.052630888 21.642130313 15.542728872 20.818638948
[106] 18.020243046 13.158879952 13.060587953  7.112269685  4.468303694
[111]  0.113096279 25.737243793 20.996201872 24.196860449 23.568394416
[116] 21.591367082 21.366189577 19.661376768 18.006589320 15.244839633
[121] 21.119699202 16.606048846 14.228702070 10.062649492  8.369508041
[126]  8.212237471  7.711883025  3.759128343 18.563568977 14.288282744
[131] 18.922814772 17.285263552 25.929772955 23.802583733 24.900944741
[136] 24.316930820 22.032855672 21.942724940 18.960489912 23.140897863
[141] 16.152636321 14.984706889 20.917189294 19.188418316 20.583198193
[146] 20.505923558 14.920074454 12.183429535 16.219013623 12.361423473
[151] 19.497764653 25.247331546 18.253190957 21.869778538 14.744840893
[156] 20.582329872 19.798273200 18.551133102  9.582164423  6.847503433
[161]  5.434089360  5.026270022  7.680415482  7.518235544  3.486071550
[166] 18.484630430 17.637145570 17.554516853 11.567515004 15.916216304
[171] 19.877920945 22.862822853 19.856797530 18.020888860 17.682431477
[176] 17.351584157 16.895703921 16.887150721 14.726271450 20.235295037
[181] 19.068819175 16.161621336 16.044394517 12.563419053  8.929674216
[186]  7.089772630  7.049509153 11.468205354 24.405580440 12.847784681
[191] 12.125431002 11.780641162  9.406537978 20.191259653 13.681887763
[196] 11.224350960  7.675802937  5.549699652  3.080048460  1.692255588
[201] 16.789607022 16.619254676  9.132036557  8.831080377  8.111974409
[206]  7.183782976  6.446563830  4.360165667  4.069645382  3.961590402
[211]  0.484386054  3.674132227  4.040181797 13.644408225 12.224032191
[216]  9.302948119 10.786979249 14.475921694 15.578686604 13.971354016
[221] 11.572609386 11.156369347  7.538610860  6.375673813  1.300381284
[226] 17.072180950 15.964578660 14.670557224  7.506926833  6.123843396
[231]  2.222234418 15.639498839 16.359410302 14.863108586 13.414166957
[236] 10.983579342  8.044100470  7.286819990  6.064972926  5.981739706
[241]  4.213815275  3.702704873  1.238275638  9.710979052  5.671256635
[246]  5.469875616  2.977618986  1.323249532 15.996169478  8.689658870
[251]  3.270680277  3.269322215  3.086308967  1.305067121  0.598164112
[256]  3.995337008  3.972490465  1.567987977  3.422913382  8.750400740
[261]  6.119269980  0.603089491  5.769029212  4.134344104  6.358542354
[266] 14.502880448 13.368642941 15.749061143  6.631820949  3.859303938
[271]  3.663199279  1.671466069  0.875544223  8.600681461  8.365103396
[276]  7.226032915  3.010097704  2.159816909  1.585214435  0.972928193
[281] 15.651637416 11.097145850  8.535157284  0.511126210  0.008341587
[286]  2.870363428  0.650654970  3.201680647  2.885149668  0.091885476
[291]  5.582649985  3.929438051  2.757694769  4.041351373 14.750302754
[296]  2.555678302  1.038314724  3.502570116  0.089754183  8.422702385
[301]  6.637945215  6.245229817  4.510998556  2.477022647  1.992489622
[306]  1.919956798  0.562993038  0.132856250 10.854474770  8.426183498
[311]  8.356051881 12.677335505  1.393264721  2.947091068  1.021546790
[316]  8.067247308  6.243249058  2.847315623  0.599361363  0.235514816
[321]  3.704749374  5.619004005  1.255322092  0.384912269  7.485771365
[326]  7.187946186  7.866879552  4.019234617  3.384401816  3.369707350
[331]  0.122259859  4.004331208  5.189870888  5.733023910  2.131076970
[336]  1.832477354  1.377239192  0.529218195  1.885669409  1.397878739
[341]  5.584300310  3.272572014  1.286755714

$PAR
  [1]  NA   1   1   2   3   3   3   4   4   4   4   4   7   7   8   8   8   8
 [19]   8   8  11  13  14  14  14  16  16  16  16  16  17  17  17  18  19  20
 [37]  21  21  23  23  24  26  26  26  27  27  27  27  28  28  30  32  32  33
 [55]  33  33  34  34  34  35  37  37  37  37  37  37  38  38  38  39  42  42
 [73]  42  43  43  45  46  46  47  47  47  49  50  51  52  57  57  57  57  58
 [91]  59  60  61  63  64  65  65  65  66  66  66  66  67  70  78  78  78  78
[109]  78  78  78  79  79  81  81  81  81  81  81  81  82  82  84  85  85  85
[127]  85  85  88  91  92  92  95  96  97  97  98  98  98  99  99  99 100 100
[145] 101 101 102 102 103 103 105 112 112 115 120 121 121 121 124 124 124 124
[163] 127 127 128 129 129 129 130 131 133 134 134 134 137 139 139 139 142 145
[181] 145 145 146 146 148 148 148 150 152 153 153 153 153 154 155 155 155 155
[199] 155 155 158 158 159 159 159 159 159 159 159 159 160 162 164 168 168 168
[217] 169 170 171 171 171 171 171 171 171 174 174 174 174 174 174 175 176 176
[235] 176 176 176 185 185 185 187 187 187 196 197 198 198 199 201 204 204 206
[253] 206 206 206 207 207 207 209 216 216 216 222 222 224 228 228 233 238 239
[271] 239 242 242 244 244 244 245 245 247 247 249 249 250 251 251 252 252 257
[289] 257 258 260 260 260 263 268 269 270 271 273 274 276 276 276 276 277 277
[307] 279 279 282 283 283 295 296 298 298 300 301 302 304 304 309 310 310 310
[325] 311 311 316 316 317 317 321 322 325 326 326 328 328 330 332 333 334 334
[343] 341

$EXTANT
  [1] FALSE FALSE FALSE FALSE FALSE FALSE FALSE FALSE FALSE FALSE FALSE FALSE
 [13] FALSE FALSE FALSE FALSE FALSE FALSE FALSE FALSE FALSE FALSE FALSE FALSE
 [25] FALSE FALSE FALSE FALSE FALSE FALSE FALSE FALSE FALSE FALSE FALSE FALSE
 [37] FALSE FALSE FALSE FALSE FALSE FALSE FALSE FALSE FALSE FALSE FALSE FALSE
 [49] FALSE FALSE FALSE FALSE FALSE FALSE FALSE FALSE FALSE FALSE FALSE FALSE
 [61] FALSE FALSE FALSE FALSE FALSE FALSE FALSE FALSE FALSE FALSE FALSE FALSE
 [73] FALSE FALSE FALSE FALSE FALSE  TRUE FALSE FALSE FALSE FALSE FALSE FALSE
 [85]  TRUE FALSE FALSE FALSE FALSE FALSE FALSE FALSE FALSE FALSE FALSE FALSE
 [97] FALSE FALSE FALSE FALSE FALSE FALSE FALSE FALSE FALSE FALSE FALSE FALSE
[109] FALSE FALSE  TRUE FALSE FALSE FALSE FALSE FALSE FALSE FALSE FALSE FALSE
[121] FALSE FALSE FALSE  TRUE FALSE  TRUE  TRUE  TRUE FALSE FALSE FALSE FALSE
[133] FALSE FALSE FALSE FALSE FALSE FALSE FALSE FALSE FALSE FALSE FALSE FALSE
[145] FALSE FALSE FALSE FALSE FALSE FALSE FALSE FALSE  TRUE FALSE  TRUE FALSE
[157] FALSE FALSE FALSE  TRUE FALSE  TRUE FALSE  TRUE FALSE FALSE FALSE FALSE
[169] FALSE FALSE  TRUE FALSE FALSE  TRUE FALSE FALSE FALSE FALSE FALSE FALSE
[181] FALSE FALSE FALSE FALSE  TRUE FALSE  TRUE FALSE FALSE FALSE FALSE FALSE
[193] FALSE FALSE FALSE FALSE  TRUE FALSE  TRUE  TRUE FALSE FALSE FALSE FALSE
[205] FALSE  TRUE  TRUE FALSE FALSE  TRUE  TRUE  TRUE  TRUE FALSE FALSE  TRUE
[217] FALSE FALSE FALSE FALSE FALSE FALSE FALSE FALSE  TRUE FALSE FALSE FALSE
[229]  TRUE  TRUE  TRUE FALSE FALSE FALSE FALSE FALSE FALSE FALSE FALSE FALSE
[241] FALSE  TRUE  TRUE FALSE  TRUE  TRUE  TRUE FALSE FALSE FALSE  TRUE  TRUE
[253]  TRUE FALSE  TRUE  TRUE  TRUE  TRUE  TRUE FALSE FALSE  TRUE FALSE  TRUE
[265]  TRUE FALSE FALSE FALSE  TRUE  TRUE FALSE FALSE  TRUE FALSE FALSE  TRUE
[277]  TRUE  TRUE  TRUE  TRUE FALSE FALSE FALSE  TRUE  TRUE  TRUE FALSE FALSE
[289]  TRUE  TRUE  TRUE FALSE  TRUE FALSE FALSE  TRUE FALSE  TRUE  TRUE FALSE
[301] FALSE FALSE FALSE  TRUE  TRUE  TRUE  TRUE  TRUE FALSE  TRUE FALSE FALSE
[313]  TRUE  TRUE  TRUE  TRUE  TRUE  TRUE  TRUE  TRUE  TRUE FALSE  TRUE  TRUE
[325] FALSE  TRUE FALSE  TRUE FALSE  TRUE  TRUE  TRUE  TRUE  TRUE  TRUE  TRUE
[337]  TRUE  TRUE  TRUE  TRUE  TRUE  TRUE  TRUE

