
Birth-death simulation object with 229 species and 63 extant species

Details for some species:

Extinction times (NA means extant)
[1] 42.05942 43.11236 42.18600 36.83354 27.68613 36.27654


Speciation times 
[1] 49.26651 47.40645 43.44997 42.40861 46.49657 41.73687


Species parents (NA for initial)
[1] NA  1  1  1  2  4


Species status (extinct or extant)
[1] "extinct" "extinct" "extinct" "extinct" "extinct" "extinct"


For more details on vector y, try sim$y, with y one of
TE TS PAR EXTANT



$TE
  [1] 42.0594219 43.1123559 42.1860027 36.8335389 27.6861277 36.2765358
  [7] 43.4195409 20.4032936 31.7718526 36.4112646 28.0174450 15.0518593
 [13] 12.7296627 25.0654108 15.6194161 21.4280024 30.9299494 32.3095256
 [19] 32.7228507 27.4651384  1.8308395 22.9198232 17.7233430 16.6838821
 [25] 20.8656459 22.0186798 12.9655059 12.6649652  9.5196895  9.7874982
 [31] 22.3502878 22.7130701 15.5831845 16.2049494 15.5063416 30.6747911
 [37] 33.3225726 29.6778709 31.8885249         NA 20.6581671 11.9940212
 [43] 14.1900887 10.9062831  4.7969358         NA  1.0650969 15.9447986
 [49] 12.6013288 12.9784061  9.6874511 11.1803698  0.3219120  8.0557749
 [55] 10.9412454 17.8987825 14.9618712 28.1324956 28.9096862 14.7130882
 [61] 26.1738760 11.9348813 13.0375417 12.2642432         NA         NA
 [67]  0.2517048         NA         NA 13.1954574         NA  5.1885846
 [73]  1.7283748         NA  4.8896052  5.4813731  4.5894491 17.8779376
 [79] 28.6973678 20.8968083 17.8570632 23.0517878 15.3487845 14.7297307
 [85] 10.8561022         NA         NA  6.8331273 13.2410468 13.4722063
 [91]  0.7280335  4.9970010  6.6425481  4.4022034  6.1055695         NA
 [97]  5.7846829 21.0703979 18.4122478 22.0323736 12.4876135 16.1267158
[103] 14.5266225 15.0976114 16.5511977 15.1881584 13.7224878 13.5034771
[109] 15.4021710  3.6853389  1.6859112         NA         NA         NA
[115]  0.1832298 24.8722787 14.2328775 14.5995858  8.8129425 12.6742534
[121] 11.7916548 13.7468172 14.3390363 14.7664529 13.0879296 12.7852523
[127] 15.1141915         NA  4.5406901         NA  5.0525644         NA
[133] 14.5548711 14.9243615 15.6578968 13.1847834 11.4058103 11.5730211
[139]         NA         NA 11.9331589 11.2776252 13.9129173 11.0462267
[145]         NA 12.4342127 12.6871478         NA 14.1755826 13.8401379
[151] 10.7247869         NA  1.1744410         NA  0.8781591         NA
[157]         NA 13.2278358 10.9893610         NA 12.1902839 11.2816024
[163]  8.6485706  8.9139851  6.3656559         NA 11.7646060 13.3951682
[169]         NA  2.6677258         NA  5.0983479 14.2542417 11.9843264
[175]  6.1333261  8.4621504  0.6771274         NA  2.2632040         NA
[181]  4.9652441  2.9212363         NA         NA 11.7320298 12.4539223
[187]  0.9786572  1.1734136         NA         NA  5.3180757  1.9234140
[193]         NA         NA  0.7940759  5.4778822  4.9003328         NA
[199]         NA         NA         NA         NA         NA         NA
[205]         NA         NA         NA         NA         NA         NA
[211]         NA  3.0688119         NA         NA  2.0317141         NA
[217]         NA         NA  2.6310187         NA         NA         NA
[223]  0.1545643         NA  2.6885019         NA         NA  1.5130707
[229]         NA

$TS
  [1] 49.26651148 47.40645415 43.44997417 42.40860642 46.49657049 41.73687032
  [7] 43.42855517 34.62572948 32.18984368 40.58336411 36.94887378 28.63390226
 [13] 27.01422827 25.57417563 25.10293181 24.01860904 39.72362595 39.50462113
 [19] 38.35231572 29.46012661 28.05857176 23.99772743 21.78489077 19.48309323
 [25] 24.05461138 23.26795256 19.93144036 19.60513117 15.41512905 12.96100019
 [31] 24.69176715 22.91731892 21.25807456 16.95223191 16.36170122 36.28846212
 [37] 33.86368644 33.31734207 32.81140740 26.30144866 24.29428309 15.12151725
 [43] 14.42603630 12.79854977 12.73228589 10.06367497  6.89882062 18.94401633
 [49] 19.42879585 14.59015896 12.80034903 11.25958555  9.82818570  9.75839280
 [55] 12.61311363 18.19760314 16.16878583 31.89444760 30.42979173 30.18606584
 [61] 32.26338818 22.69541522 13.71013681 12.87557037  3.64631861  2.35012532
 [67]  1.61421544  1.05532683  0.19518676 14.36875239  5.82182451  5.37117977
 [73]  5.42635354  1.87622876 16.03418929 10.31053924  9.93673738 29.52660487
 [79] 29.00850576 28.38639608 27.32344587 23.84428229 16.70423597 19.17044260
 [85] 14.20772037  1.73913772  0.91194136 15.95581060 14.72209289 13.49348059
 [91]  8.50354110  7.27254537  6.70652178  5.69213596  9.61090183  6.59267430
 [97]  6.62653956 25.86269255 23.86512919 22.14294921 21.96827316 21.78132699
[103] 22.08870837 25.42914865 20.81379129 18.64277159 16.37142692 15.53315515
[109] 17.08283896 12.28491255  6.04739406  9.25686713  6.82884608  6.03227078
[115]  4.66651984 25.49774661 18.70430613 18.51647936 14.97017877 14.15067141
[121] 13.48265090 21.15297066 17.83393797 14.90557616 15.48827288 14.60130994
[127] 16.42725115  5.94785788  5.92119934  2.80171860  7.92069325  2.78113853
[133] 18.10309934 15.16142454 18.09495334 17.54931420 14.26635992 12.15580883
[139] 11.15569962  8.82853956 12.39751695 18.96175633 14.13924571 14.19330718
[145] 13.89449424 16.07668892 15.78033206  1.68989800 15.30197309 14.80195772
[151] 11.73976501  5.75027207  5.50385265  7.24100888  2.36713619  0.35278729
[157]  0.34446836 15.79082709 14.00954121 12.17987033 12.29650776 12.84569005
[163] 10.37568489 10.32927965  8.22904230  6.08604577 13.44645984 14.45034452
[169]  4.41174515  3.98322067  1.76760941  5.84574996 14.52155108 12.52737725
[175] 12.06517818 10.60714147  9.39970928  5.60659012  4.84426854  0.11360523
[181]  9.34857166  6.59015568  2.07110864  1.44104675 12.18856507 13.64204284
[187]  2.76197860  9.04041090  8.90612512  8.26497805  7.07091080  6.10505924
[193]  4.98059063  1.26246523  1.15762488  6.08394136  6.14225907  4.07217908
[199]  0.07108594  1.18383829  2.58382407  7.48899856  5.60021024  5.32622447
[205]  3.83756748  3.57567907  5.53515792  3.36714557  1.46679642  0.87681951
[211]  5.97459630  3.72437909  4.96666770  2.67872609  2.48685969  2.03810067
[217]  0.71185682  3.33405093  7.03253941  1.75913809  1.04275576  3.45225040
[223]  1.18942577  0.43468973  2.97602911  2.93670269  3.45863708  2.42913877
[229]  0.30644767

$PAR
  [1]  NA   1   1   1   2   4   5   5   5   6   6   8   8   8   8   8  10  10
 [19]  10  11  11  12  12  12  13  13  13  13  13  13  15  15  15  15  15  18
 [37]  19  19  19  21  21  21  21  21  21  21  21  24  28  28  29  29  29  29
 [55]  30  33  33  38  38  38  39  40  40  40  40  40  40  40  40  43  45  45
 [73]  47  47  48  51  51  58  58  58  60  60  60  62  62  66  71  75  75  75
 [91]  75  75  75  75  76  76  77  78  78  78  78  78  80  81  81  81  83  83
[109]  84  85  92  95  95  96  96  98 101 101 101 101 101 102 102 103 104 108
[127] 109 110 111 111 112 115 117 117 118 118 119 119 119 119 121 122 122 125
[145] 126 127 127 130 133 136 137 139 139 140 140 140 140 142 142 142 144 145
[163] 145 145 145 145 146 150 152 153 153 154 158 159 159 160 160 160 160 160
[181] 164 165 166 166 167 168 169 175 177 177 177 177 178 178 178 181 182 182
[199] 183 184 187 188 188 188 188 188 189 189 190 190 192 192 193 193 193 193
[217] 194 198 202 202 202 203 203 203 207 208 213 214 223

$EXTANT
  [1] FALSE FALSE FALSE FALSE FALSE FALSE FALSE FALSE FALSE FALSE FALSE FALSE
 [13] FALSE FALSE FALSE FALSE FALSE FALSE FALSE FALSE FALSE FALSE FALSE FALSE
 [25] FALSE FALSE FALSE FALSE FALSE FALSE FALSE FALSE FALSE FALSE FALSE FALSE
 [37] FALSE FALSE FALSE  TRUE FALSE FALSE FALSE FALSE FALSE  TRUE FALSE FALSE
 [49] FALSE FALSE FALSE FALSE FALSE FALSE FALSE FALSE FALSE FALSE FALSE FALSE
 [61] FALSE FALSE FALSE FALSE  TRUE  TRUE FALSE  TRUE  TRUE FALSE  TRUE FALSE
 [73] FALSE  TRUE FALSE FALSE FALSE FALSE FALSE FALSE FALSE FALSE FALSE FALSE
 [85] FALSE  TRUE  TRUE FALSE FALSE FALSE FALSE FALSE FALSE FALSE FALSE  TRUE
 [97] FALSE FALSE FALSE FALSE FALSE FALSE FALSE FALSE FALSE FALSE FALSE FALSE
[109] FALSE FALSE FALSE  TRUE  TRUE  TRUE FALSE FALSE FALSE FALSE FALSE FALSE
[121] FALSE FALSE FALSE FALSE FALSE FALSE FALSE  TRUE FALSE  TRUE FALSE  TRUE
[133] FALSE FALSE FALSE FALSE FALSE FALSE  TRUE  TRUE FALSE FALSE FALSE FALSE
[145]  TRUE FALSE FALSE  TRUE FALSE FALSE FALSE  TRUE FALSE  TRUE FALSE  TRUE
[157]  TRUE FALSE FALSE  TRUE FALSE FALSE FALSE FALSE FALSE  TRUE FALSE FALSE
[169]  TRUE FALSE  TRUE FALSE FALSE FALSE FALSE FALSE FALSE  TRUE FALSE  TRUE
[181] FALSE FALSE  TRUE  TRUE FALSE FALSE FALSE FALSE  TRUE  TRUE FALSE FALSE
[193]  TRUE  TRUE FALSE FALSE FALSE  TRUE  TRUE  TRUE  TRUE  TRUE  TRUE  TRUE
[205]  TRUE  TRUE  TRUE  TRUE  TRUE  TRUE  TRUE FALSE  TRUE  TRUE FALSE  TRUE
[217]  TRUE  TRUE FALSE  TRUE  TRUE  TRUE FALSE  TRUE FALSE  TRUE  TRUE FALSE
[229]  TRUE

