
Birth-death simulation object with 288 species and 123 extant species

Details for some species:

Extinction times (NA means extant)
[1] 31.09572 43.18185 36.71451 11.47969 18.03003 14.76687


Speciation times 
[1] 49.26651 47.04932 37.82330 32.24670 29.18243 28.16248


Species parents (NA for initial)
[1] NA  1  1  1  4  4


Species status (extinct or extant)
[1] "extinct" "extinct" "extinct" "extinct" "extinct" "extinct"


For more details on vector y, try sim$y, with y one of
TE TS PAR EXTANT



$TE
  [1] 31.09571740 43.18184601 36.71451379 11.47969360 18.03003190 14.76686524
  [7] 19.79772633 24.53935550 18.42257333 10.70648167 24.36281963 19.06606433
 [13] 17.75765779 16.12723136 20.56381369 17.68464541 17.13769083 14.69320635
 [19] 22.35696258 11.36394712 17.83721309 13.46635203 13.57934370 20.45954715
 [25] 17.42179341 13.72077608 21.11111917 11.64013661  9.93960363 15.00598850
 [31] 13.99017449 14.16156846 13.84080377 11.60513284 19.23468291 12.65265078
 [37] 15.16068712 13.99448141 21.16131189 20.01801231 12.56915720 15.61947684
 [43] 14.23172892 18.23775880 11.47319866 16.92496575          NA 21.54119985
 [49] 19.38832507 15.14433918 14.99500013 11.76854004 18.08002236 12.68584689
 [55] 14.70060670  4.22224276 17.03421686 15.26551764 11.16133431          NA
 [61] 12.02588522 21.73386531 15.19742425 13.84867920 14.22716781 14.91164976
 [67] 15.16531351 14.68324657 15.28494940  4.54591502  3.87271006          NA
 [73] 14.74138018  7.66228343 14.89596972 15.15080245 12.86571103          NA
 [79] 10.55132140          NA          NA  1.80820439  3.98348326 10.86212361
 [85] 11.13177689 10.42712774 10.80894257  3.84863354          NA          NA
 [91] 10.06974750 15.43381214 13.92854010 11.86130502  6.21099666          NA
 [97]          NA  3.38085093 14.63645084  5.36412756 14.54845838  8.35352057
[103]  7.62322043  5.35410777          NA  3.85409972          NA          NA
[109]          NA          NA  3.14689279          NA  1.77175917  2.85340111
[115]          NA          NA  2.17933273          NA 12.49317486  6.27837374
[121]          NA          NA  5.97840570  0.62134310  5.93971230  5.93965555
[127]  8.76203245  1.62485904          NA  4.91950040          NA          NA
[133]  7.09289071  2.74921260  3.87870877  3.59413083          NA          NA
[139]          NA  4.58972042  0.80937240          NA          NA  1.01068206
[145]  6.93176579          NA          NA  1.38400064          NA          NA
[151]  0.03969496          NA          NA  0.69352919  5.73704287  6.90733767
[157]  6.27692632  5.17286292  6.30721105  5.89698388  2.83466464          NA
[163]          NA          NA          NA          NA          NA  1.63766470
[169]  2.91545896  1.19894672  1.21222495          NA  3.03060980  3.98363051
[175]          NA  4.00791468          NA          NA          NA          NA
[181]          NA  4.27127145  2.01346845          NA          NA          NA
[187]  6.49752715  0.68281454  4.17813113          NA  1.57310607          NA
[193]          NA          NA  4.32001965          NA          NA          NA
[199]          NA          NA          NA          NA  5.63320935  4.35973701
[205]          NA  3.55346546          NA          NA          NA  0.87128290
[211]          NA  6.46746267          NA          NA  2.35659684  0.42816138
[217]          NA          NA          NA  2.19097335          NA          NA
[223]          NA          NA  3.37861081          NA          NA          NA
[229]          NA  0.92987205          NA          NA  5.74657329  3.13717345
[235]          NA          NA          NA          NA  0.01855765          NA
[241]          NA          NA  5.33606732          NA          NA          NA
[247]          NA          NA          NA          NA  0.15906592          NA
[253]          NA          NA          NA  1.14030317  0.92501277          NA
[259]          NA  0.70127014  2.53278577  5.20746998          NA          NA
[265]          NA          NA          NA          NA  0.58623405          NA
[271]  1.75402792          NA          NA          NA          NA  1.68344522
[277]          NA          NA          NA          NA  2.50121753  0.73002505
[283]          NA          NA          NA          NA          NA          NA

$TS
  [1] 49.26651148 47.04932110 37.82329655 32.24670104 29.18243447 28.16247864
  [7] 26.27053247 25.22186360 23.67993814 14.99702189 28.02471976 21.48526323
 [13] 20.43163968 25.20247307 22.43067048 21.36594744 26.07129812 26.01105968
 [19] 25.12826688 24.79711315 22.93191961 20.49175956 20.24460944 25.71093661
 [25] 24.31876521 23.84060053 21.52260169 20.61941611 17.17128778 25.47239102
 [31] 21.95667913 19.76311517 19.24784289 15.51316748 21.87815338 16.41103724
 [37] 15.89775483 14.67255213 22.35354542 21.06360212 14.18497642 17.51250213
 [43] 24.63291749 22.12402637 21.20128789 18.82172072 18.44092669 21.72642497
 [49] 20.03950399 18.53415441 17.62089413 13.02896784 21.27202464 16.37572111
 [55] 20.53138501 18.55990066 17.62305252 18.03453530 16.33137944 12.74211640
 [61] 12.20890603 21.81194840 15.74184106 19.54754133 19.65736614 18.20053407
 [67] 16.95144197 16.89573271 16.08488059  9.84876870  7.30687462  5.70445567
 [73] 19.97260599 19.46352334 17.78647330 15.20131664 17.93094590 17.76286824
 [79] 10.82028554  9.68289193  8.24247777  6.99038339  6.34735899 12.17296391
 [85] 12.39084876 12.12687810 11.70665240  7.49832663  3.57830494  3.01485608
 [91] 14.61761823 18.04661937 14.83654412 14.78507373  6.96056828  6.92198492
 [97]  5.70806383  4.52930479 17.17858340 10.21540067 17.46988287 11.03649345
[103] 10.65170018 10.37639052  9.17374991  6.17716590  3.69217312  2.37446498
[109] 10.77612346  1.48776394  7.12378076  2.69945788  1.96197740  6.29837434
[115]  4.60809090  4.85913315 11.76751132  3.92138413 13.18393527  6.66936541
[121]  4.20173866  3.84554201  9.74524139 10.86853283 10.03294497  9.80606776
[127]  9.60909929  9.56874712 10.19305803  8.13287742  7.78239184  5.71405261
[133]  8.88670680  7.85642201  6.40937578  5.83892820  3.59396877  6.73765179
[139]  2.02116877  5.59868829  1.56208802  1.25806124  3.45822440  1.49747293
[145]  8.52917953  6.43211586  4.56543737  2.44495089  0.39677570  3.54328783
[151]  0.87138173  9.06153189  0.82398529  9.97426174  7.89479983  7.10085377
[157]  6.66571192  9.20974670  7.27237539  9.43063075  9.39100243  9.23709097
[163]  7.25825299 10.15447950  1.88790109  1.69838355  0.25365739  7.59571136
[169]  7.04072267  5.60863548  2.73762622  1.16808069  5.17924439  4.67985484
[175]  4.18564117  4.43748689  2.73146446  0.42267637  1.37524291  0.86203060
[181]  0.09670879  7.50446539  5.86526712  2.64028950  9.67809462  9.43754121
[187]  7.58008089  5.24638939  4.93637813  1.21163480  7.32936827  7.27691864
[193]  6.17905173  7.15369942  8.41282071  7.53959399  6.87306248  6.77591060
[199]  6.17167107  0.13514472  4.82582149  9.62414727  9.60873922  6.67899270
[205]  5.96294803  5.97458445  4.35840626  2.48903101  2.29401272  3.97909627
[211]  0.09187878  7.18916078  5.33390940  8.25373538  8.50804950  7.17005199
[217]  2.67029328  1.27705245  0.26574746  3.14528101  6.24422864  2.89397456
[223]  2.42878190  7.05244195  4.78315226  6.24359592  5.14160727  1.02282740
[229]  1.19813984  4.67397852  7.91660325  7.54945071  6.43012167  6.31820269
[235]  5.70431556  1.80968070  1.75672605  1.38300284  0.70679699  0.87956733
[241]  1.68671486  2.47018248  8.32366079  7.59548647  2.52397720  3.32682296
[247]  1.71509239  0.67186146  0.14247569  3.57439821  4.93350341  3.45055949
[253]  3.02261789  2.44038775  0.03361286  3.19418145  1.66637865  0.69053755
[259]  3.13417676  6.03292658  3.09963459  5.68056581  4.36106545  1.83669821
[265]  1.75454241  0.89585248  1.41349476  0.91392635  0.64033653  0.44863359
[271]  2.07660386  1.52300672  1.51438890  0.69759923  1.82504826  2.75331926
[277]  2.58958659  0.12321797  2.50028728  0.39208713  3.67724428  1.91828194
[283]  0.93637669  0.25756711  1.65006448  0.43401320  1.23625714  0.03674611

$PAR
  [1]  NA   1   1   1   4   4   4   4   4   4   5   5   5   7   7   7  11  11
 [19]  14  14  14  14  14  17  17  17  17  17  17  18  18  18  18  18  20  20
 [37]  20  20  21  21  22  23  24  24  24  25  25  26  26  26  26  28  30  30
 [55]  31  32  32  33  33  34  34  35  37  43  45  46  47  47  47  47  47  47
 [73]  49  49  55  55  56  56  56  56  56  56  56  59  60  60  60  60  60  60
 [91]  64  66  68  68  70  70  71  72  73  74  75  78  78  78  78  78  78  78
[109]  79  80  81  81  81  82  82  83  85  88  94  95  96  98 100 102 102 102
[127] 102 102 103 104 104 104 105 105 105 105 105 109 109 111 112 112 116 116
[145] 117 117 117 117 118 121 122 124 124 125 125 125 125 126 126 127 127 128
[163] 128 129 129 129 129 130 130 131 131 132 135 135 135 136 138 138 139 139
[181] 150 152 152 152 154 154 154 154 154 154 155 155 155 158 160 161 162 162
[199] 162 162 163 164 164 164 168 169 169 171 171 175 175 182 183 185 186 187
[217] 188 188 190 191 192 193 193 194 194 196 197 198 199 201 202 203 203 204
[235] 206 208 208 209 209 210 213 214 215 215 215 216 216 216 218 221 224 224
[253] 224 224 226 227 227 227 230 231 231 234 235 235 242 242 245 246 247 247
[271] 250 250 250 251 252 253 253 254 256 259 260 260 263 264 265 266 275 278

$EXTANT
  [1] FALSE FALSE FALSE FALSE FALSE FALSE FALSE FALSE FALSE FALSE FALSE FALSE
 [13] FALSE FALSE FALSE FALSE FALSE FALSE FALSE FALSE FALSE FALSE FALSE FALSE
 [25] FALSE FALSE FALSE FALSE FALSE FALSE FALSE FALSE FALSE FALSE FALSE FALSE
 [37] FALSE FALSE FALSE FALSE FALSE FALSE FALSE FALSE FALSE FALSE  TRUE FALSE
 [49] FALSE FALSE FALSE FALSE FALSE FALSE FALSE FALSE FALSE FALSE FALSE  TRUE
 [61] FALSE FALSE FALSE FALSE FALSE FALSE FALSE FALSE FALSE FALSE FALSE  TRUE
 [73] FALSE FALSE FALSE FALSE FALSE  TRUE FALSE  TRUE  TRUE FALSE FALSE FALSE
 [85] FALSE FALSE FALSE FALSE  TRUE  TRUE FALSE FALSE FALSE FALSE FALSE  TRUE
 [97]  TRUE FALSE FALSE FALSE FALSE FALSE FALSE FALSE  TRUE FALSE  TRUE  TRUE
[109]  TRUE  TRUE FALSE  TRUE FALSE FALSE  TRUE  TRUE FALSE  TRUE FALSE FALSE
[121]  TRUE  TRUE FALSE FALSE FALSE FALSE FALSE FALSE  TRUE FALSE  TRUE  TRUE
[133] FALSE FALSE FALSE FALSE  TRUE  TRUE  TRUE FALSE FALSE  TRUE  TRUE FALSE
[145] FALSE  TRUE  TRUE FALSE  TRUE  TRUE FALSE  TRUE  TRUE FALSE FALSE FALSE
[157] FALSE FALSE FALSE FALSE FALSE  TRUE  TRUE  TRUE  TRUE  TRUE  TRUE FALSE
[169] FALSE FALSE FALSE  TRUE FALSE FALSE  TRUE FALSE  TRUE  TRUE  TRUE  TRUE
[181]  TRUE FALSE FALSE  TRUE  TRUE  TRUE FALSE FALSE FALSE  TRUE FALSE  TRUE
[193]  TRUE  TRUE FALSE  TRUE  TRUE  TRUE  TRUE  TRUE  TRUE  TRUE FALSE FALSE
[205]  TRUE FALSE  TRUE  TRUE  TRUE FALSE  TRUE FALSE  TRUE  TRUE FALSE FALSE
[217]  TRUE  TRUE  TRUE FALSE  TRUE  TRUE  TRUE  TRUE FALSE  TRUE  TRUE  TRUE
[229]  TRUE FALSE  TRUE  TRUE FALSE FALSE  TRUE  TRUE  TRUE  TRUE FALSE  TRUE
[241]  TRUE  TRUE FALSE  TRUE  TRUE  TRUE  TRUE  TRUE  TRUE  TRUE FALSE  TRUE
[253]  TRUE  TRUE  TRUE FALSE FALSE  TRUE  TRUE FALSE FALSE FALSE  TRUE  TRUE
[265]  TRUE  TRUE  TRUE  TRUE FALSE  TRUE FALSE  TRUE  TRUE  TRUE  TRUE FALSE
[277]  TRUE  TRUE  TRUE  TRUE FALSE FALSE  TRUE  TRUE  TRUE  TRUE  TRUE  TRUE

