
Birth-death simulation object with 220 species and 71 extant species

Details for some species:

Extinction times (NA means extant)
[1] 18.77696 41.41519 38.79320 31.97108 18.82019 21.98107


Speciation times 
[1] 49.26651 45.61651 44.58549 36.23381 30.64246 26.38390


Species parents (NA for initial)
[1] NA  1  1  1  1  1


Species status (extinct or extant)
[1] "extinct" "extinct" "extinct" "extinct" "extinct" "extinct"


For more details on vector y, try sim$y, with y one of
TE TS PAR EXTANT



$TE
  [1] 18.7769587 41.4151908 38.7931987 31.9710777 18.8201899 21.9810727
  [7] 18.3680820 39.6668691 37.8350067 33.7096166 22.8195861 31.1866273
 [13] 25.7202046 20.4174577 39.8802625 36.8523356 14.2911300 23.0525608
 [19] 19.2166493 22.4624228 14.6162023 18.2786557 27.9477080 22.2126799
 [25] 19.9260412 27.4789232 24.2028321 13.5226644 14.6797563 13.3925566
 [31] 27.9209591 11.5933290 14.2282010 16.4956291  5.6691344 14.8767889
 [37] 18.4541022 15.2053809 20.7187237 12.9892589 15.2620982  0.4856592
 [43] 15.2349948 10.0116221 14.2536199 14.8651920 11.9820000 11.8443541
 [49]  6.9764968 13.1693127 13.1640852 10.9730420 11.0443361 13.6831337
 [55] 16.0275470  9.6259063 10.6020961 18.2724915 13.6140060 14.3625465
 [61] 15.3368834 18.5306610 17.1739171 15.0098489         NA         NA
 [67] 15.2880378  6.3096813  4.4377811 13.0690981  6.1450800  6.5211599
 [73]  5.7174948  7.2486358  7.8568845 18.2433940 11.6306556 16.0728177
 [79] 11.9357717 10.0042536 13.9542040 12.6854629 15.0178874 22.5888456
 [85] 14.8802182 12.5519410 14.1794720 12.2767504 14.7696192  5.1542995
 [91]  5.3097925 14.6971353 11.6453733 11.2410082  7.0027570         NA
 [97]  7.8552873  3.4839428         NA  7.5321536  3.6114798         NA
[103]         NA 13.4825300 19.8040475 14.3526576 13.3183698 15.5026130
[109] 13.9627196         NA 14.9927724 14.6093793  5.9139481         NA
[115]         NA  2.4318692         NA         NA         NA         NA
[121]         NA         NA         NA         NA         NA         NA
[127]  4.8308311         NA         NA         NA  0.9398112  4.6144937
[133]         NA         NA         NA         NA 12.6508376 12.9389292
[139] 11.8372742 20.4127015 14.9051076 14.0872766 11.6608803  3.4521399
[145]         NA  3.7261173  1.8483185  0.6437607 13.2886117 12.2768580
[151] 13.4845813  3.6048223         NA  4.8639000         NA         NA
[157]         NA         NA         NA         NA         NA         NA
[163]  1.8084140  2.6908031  1.5932838         NA         NA         NA
[169] 15.5826739 19.5274474 13.7845043 14.0317611         NA         NA
[175]         NA         NA         NA         NA         NA 13.2400357
[181] 10.3014912 10.4249196         NA         NA         NA  0.1679101
[187]         NA 18.1433330 17.0817863  2.1130664         NA         NA
[193] 13.2465398  6.7480734 10.6071743         NA  1.7338461         NA
[199]         NA         NA         NA  4.7474679         NA         NA
[205]  3.4764798         NA         NA         NA  1.0231589         NA
[211]         NA  2.6563462         NA         NA         NA         NA
[217]         NA         NA  0.1275106         NA

$TS
  [1] 49.26651148 45.61650855 44.58548806 36.23381103 30.64246492 26.38390176
  [7] 19.92524757 42.65123282 41.81656731 35.92339871 33.67633565 32.41657191
 [13] 27.35265246 23.14841613 41.78033979 38.38143026 34.33071923 33.66741707
 [19] 25.12637612 23.88891821 26.81497448 22.85573636 29.32650626 28.84461954
 [25] 28.54502928 28.16079281 26.48241481 24.43496233 20.17281738 15.12997127
 [31] 33.42819074 26.17981825 21.81022468 21.74952811 19.77177576 22.86365916
 [37] 25.80594119 18.68149261 26.91816657 24.17249546 25.76642343 14.59776920
 [43] 17.96687476 14.21770091 17.34928878 16.34507847 13.74002923 12.97075924
 [49] 11.82588468 19.32157034 14.58036443 12.96287179 12.40724471 22.12973513
 [55] 18.31401426 22.63024963 18.79939533 24.62543868 23.95303430 22.63101235
 [61] 22.02114184 20.17329491 17.82304109 17.19368749  9.47156921  8.46112669
 [67] 15.98081970 12.44756366 11.31423408 14.94096709  9.14322895  8.60740926
 [73] 13.57182125 11.90428524 11.11741696 18.63615370 13.93497249 20.87103831
 [79] 13.10432668 10.68375429 18.27532180 17.54999625 23.70686405 22.75736879
 [85] 22.63661680 17.89636592 17.59964498 21.97423506 15.06174470  5.74722915
 [91]  6.86836628 15.63720436 12.14137602 11.26658461  9.94158025  6.37213813
 [97]  7.95175262  7.05708981  5.96908486 13.51640942  7.50498962  6.99737635
[103]  8.98821955 17.80755475 23.67329003 17.42880910 17.00276182 16.09484314
[109] 17.05333678 15.39864779 15.31748881 21.69867063 16.66118103  9.19762199
[115]  3.61958629  2.43349433  0.23311071  5.91875515  4.35314770  2.84706532
[121]  1.78776604  7.98314616  5.95429000  5.58971566  4.20489178  3.85833484
[127]  5.89311061  5.88244015  5.87047288  0.61944601  6.87245904  5.10630739
[133]  2.60231516  2.30862113  1.38914307  0.03828128 17.38470388 16.27700712
[139] 14.91889824 21.28999563 20.49721728 17.15973230 12.03251099  9.07194898
[145]  8.48106745  5.73086716  4.32007138  1.59214944 20.76568700 16.88324678
[151] 16.39228488  8.83487922  1.06627572  5.26899545  4.26254202  1.55907673
[157]  0.53526928  0.28153961  0.26805819  1.54652096  2.88050568  0.03658621
[163]  2.80420031  4.94525850  3.82537160  1.43006640  0.99182767  1.02438576
[169] 20.56811416 19.81324841 19.52019234 16.65200347  7.67145239  7.48201454
[175]  4.43767531  2.09638161  0.91146979  0.51201535  1.12236784 14.43902271
[181] 13.17557464 13.63117801  0.65801510  0.90304667  1.41512831  0.27622381
[187]  0.99074089 19.02494253 17.11228940  5.51045403  6.62385167  1.59609143
[193] 13.80596312 11.55422708 11.00365586  1.23618619  7.88485720  7.53896409
[199]  6.90701969  1.22272860  7.87389048  7.86708504  1.87331065  0.46803405
[205]  7.57605330  7.45288825  3.73209570  3.07837311  2.00427086  6.95345614
[211]  5.60935096  5.58716165  2.01031036  2.86344233  1.55376521  0.85208230
[217]  3.05408750  1.83258090  1.01395691  0.74763666

$PAR
  [1]  NA   1   1   1   1   1   1   2   3   4   4   4   5   5   9   9  10  11
 [19]  11  11  13  14  17  17  17  17  17  17  17  17  18  18  19  19  19  20
 [37]  21  21  24  24  27  28  29  30  32  32  32  32  32  34  35  35  35  36
 [55]  36  37  37  39  39  39  40  40  40  41  42  42  43  44  44  45  49  49
 [73]  51  53  53  54  54  56  56  56  57  57  59  59  59  59  59  61  64  65
 [91]  66  67  68  68  68  68  69  69  69  70  71  71  74  81  83  83  83  85
[109]  87  87  87  88  88  95  96  96  96  98  98  99  99 100 101 101 101 101
[127] 102 102 102 102 103 103 103 103 103 103 104 104 104 105 105 106 110 110
[145] 110 110 110 110 112 112 112 113 114 118 119 119 119 120 121 122 123 123
[163] 124 129 131 131 133 135 140 141 141 142 145 145 145 145 145 145 148 150
[181] 150 151 153 156 160 161 168 169 171 173 174 175 180 181 181 191 194 194
[199] 194 196 197 197 197 199 201 201 201 201 201 205 205 205 207 208 208 210
[217] 211 217 217 219

$EXTANT
  [1] FALSE FALSE FALSE FALSE FALSE FALSE FALSE FALSE FALSE FALSE FALSE FALSE
 [13] FALSE FALSE FALSE FALSE FALSE FALSE FALSE FALSE FALSE FALSE FALSE FALSE
 [25] FALSE FALSE FALSE FALSE FALSE FALSE FALSE FALSE FALSE FALSE FALSE FALSE
 [37] FALSE FALSE FALSE FALSE FALSE FALSE FALSE FALSE FALSE FALSE FALSE FALSE
 [49] FALSE FALSE FALSE FALSE FALSE FALSE FALSE FALSE FALSE FALSE FALSE FALSE
 [61] FALSE FALSE FALSE FALSE  TRUE  TRUE FALSE FALSE FALSE FALSE FALSE FALSE
 [73] FALSE FALSE FALSE FALSE FALSE FALSE FALSE FALSE FALSE FALSE FALSE FALSE
 [85] FALSE FALSE FALSE FALSE FALSE FALSE FALSE FALSE FALSE FALSE FALSE  TRUE
 [97] FALSE FALSE  TRUE FALSE FALSE  TRUE  TRUE FALSE FALSE FALSE FALSE FALSE
[109] FALSE  TRUE FALSE FALSE FALSE  TRUE  TRUE FALSE  TRUE  TRUE  TRUE  TRUE
[121]  TRUE  TRUE  TRUE  TRUE  TRUE  TRUE FALSE  TRUE  TRUE  TRUE FALSE FALSE
[133]  TRUE  TRUE  TRUE  TRUE FALSE FALSE FALSE FALSE FALSE FALSE FALSE FALSE
[145]  TRUE FALSE FALSE FALSE FALSE FALSE FALSE FALSE  TRUE FALSE  TRUE  TRUE
[157]  TRUE  TRUE  TRUE  TRUE  TRUE  TRUE FALSE FALSE FALSE  TRUE  TRUE  TRUE
[169] FALSE FALSE FALSE FALSE  TRUE  TRUE  TRUE  TRUE  TRUE  TRUE  TRUE FALSE
[181] FALSE FALSE  TRUE  TRUE  TRUE FALSE  TRUE FALSE FALSE FALSE  TRUE  TRUE
[193] FALSE FALSE FALSE  TRUE FALSE  TRUE  TRUE  TRUE  TRUE FALSE  TRUE  TRUE
[205] FALSE  TRUE  TRUE  TRUE FALSE  TRUE  TRUE FALSE  TRUE  TRUE  TRUE  TRUE
[217]  TRUE  TRUE FALSE  TRUE

