
Birth-death simulation object with 197 species and 44 extant species

Details for some species:

Extinction times (NA means extant)
[1] 36.74483 21.27255 34.71212 39.12505 36.86448 26.05032


Speciation times 
[1] 49.26651 46.96363 45.19141 42.10594 40.89535 38.13154


Species parents (NA for initial)
[1] NA  1  1  1  1  1


Species status (extinct or extant)
[1] "extinct" "extinct" "extinct" "extinct" "extinct" "extinct"


For more details on vector y, try sim$y, with y one of
TE TS PAR EXTANT



$TE
  [1] 36.7448318 21.2725473 34.7121245 39.1250543 36.8644824 26.0503233
  [7] 34.8055773 41.3448440 30.6016576 26.7316588 30.7660703 21.9374227
 [13] 18.9102590 24.0757700 38.2644911 31.2607074 29.8731755 28.9718791
 [19] 15.0464960 13.5573566 14.2048603 21.8118439 25.2913049 22.6938836
 [25] 16.8626904 19.2443710 24.6508952 13.6168808 12.6594207 15.1872198
 [31] 19.8820842 14.2219947 13.0712443 14.7708094 12.5034471 12.9441462
 [37] 14.0134917 21.5444956 25.8590877 26.6638334  1.2727864 10.9585814
 [43] 11.3505345 25.1217731 14.5521189 15.2544716 13.9648456 14.3092150
 [49] 15.0386352 15.2175703 14.5193262 14.1653230 15.7956179 26.9433633
 [55]  7.0927184 10.9735240         NA  9.1659934  5.1344620         NA
 [61] 12.4657502 15.3134870 19.6838938 17.9297458 13.1715127 19.7453929
 [67] 22.8176318 20.4452580 12.1609296 14.5596763 13.2235826  9.6394784
 [73] 14.4156682 13.7262923 13.0720341 14.4337639 14.1533416 13.1016746
 [79] 14.8370362 11.8061769  3.3141102  9.1567936         NA  3.6038791
 [85]         NA  2.9468455 19.3119851 19.3481195 22.5666351 15.7061616
 [91] 15.0322214 17.1862799 14.9573376 15.1049233 14.4171752         NA
 [97] 17.7628461 11.6816305 13.7920031 14.0915422 15.2928470 14.6220489
[103] 14.4124408 12.7045987 13.1406106 15.0166633 14.2819830 13.8628140
[109] 18.3500994 14.2993198 14.0466646 12.1366117         NA  3.2416918
[115]  4.8476061  7.4780521  6.3433176         NA         NA  1.0145488
[121]         NA  4.1044873  4.2597153         NA  2.1372787  1.8846847
[127] 17.1679642 14.2875374  1.1235112  5.1479644         NA 17.8362173
[133] 10.9421483 11.8592309         NA 14.1151937 11.5288265         NA
[139]  6.6172113  4.1818576         NA  3.7242231         NA         NA
[145]         NA         NA         NA         NA         NA 12.1061986
[151]  6.9241643  4.2430924  1.3443496         NA         NA         NA
[157] 15.9969164  9.2744980 11.1114166 13.9023841  2.0599563         NA
[163]  1.3645831         NA         NA         NA  4.6660041  4.6382352
[169]  1.9898323         NA         NA         NA         NA         NA
[175]  6.8741248  6.4652795         NA  0.9049749         NA         NA
[181] 14.4035744 10.5383114  4.0252859 11.6788152         NA         NA
[187]         NA         NA  3.2012257  0.9904194         NA         NA
[193]         NA  4.3371342 13.1072489  3.1856106         NA

$TS
  [1] 49.2665115 46.9636324 45.1914066 42.1059382 40.8953463 38.1315423
  [7] 37.1646377 43.2117856 34.8696669 32.7092300 32.3114299 30.9608533
 [13] 28.2254815 27.2141238 43.0693662 41.6404042 29.9320552 34.2292186
 [19] 32.5156725 31.2901461 26.1222736 23.8005299 27.1969246 24.9128140
 [25] 24.3059252 23.7464535 31.7808428 19.7368991 17.4976218 15.3728783
 [31] 27.5676593 18.7148692 14.8707394 20.7510402 18.8574229 16.7882963
 [37] 15.6515805 23.4729342 29.9841455 27.3959049 13.8058410 16.0727702
 [43] 13.2654225 26.4616419 26.1393963 21.4774960 20.4804427 19.7064961
 [49] 17.9373462 15.5615751 14.7287556 22.4892255 22.2439313 28.6391463
 [55] 13.6497880 12.8977605 10.4005547 10.3754586  9.6195923  2.1266478
 [61] 14.2329524 25.8526820 24.7902434 24.4646203 24.4546668 24.3431592
 [67] 24.0572253 20.9869239 20.8405008 17.3564302 14.6947102 15.7495479
 [73] 14.5133371 14.2180225 17.5910935 15.2898800 15.4653464 16.8942289
 [79] 19.8721094 16.0531797 12.5146574 11.0434482  9.8617398  6.6955977
 [85]  5.5345501  3.0630405 25.7093767 24.0736345 22.7940652 20.1654562
 [91] 18.7749925 23.9469058 21.2508710 15.1515381 14.5254866 14.3024513
 [97] 20.5764445 19.2866425 19.1623077 18.3119120 16.5926818 16.1525036
[103] 16.3326331 14.5131991 17.4531206 15.1950400 14.6630336 16.3497785
[109] 19.6242687 18.0579857 15.7704061 14.3835465  4.8699773  3.8057960
[115]  9.5422666  8.1002035  7.3736545  6.4285364  6.0380250  5.8705398
[121]  3.2940741  6.4832952  6.2174201  5.2141108  3.9565640  3.4075949
[127] 17.3984460 22.1409121 10.1264604  6.1958760  4.9150654 19.8655692
[133] 12.5579894 18.4939233 17.2414148 14.4691991 14.6614916  8.5386196
[139]  7.5648275  7.2134999  6.6380060  5.7069706  5.3988954  1.9030496
[145]  3.2625049  4.1516317  0.9099801  2.8866360  1.8920930 16.0328088
[151]  9.6853188  4.9927243  2.3237568  5.3104395  3.6988266  3.6217494
[157] 17.2937641 15.5892619 12.4793346 14.3556303  5.7333140  5.4277277
[163]  1.7573831  1.7268450  1.4577012  3.2092554  6.2917627  6.1173908
[169]  5.0091410  1.4171978  1.3955362  2.5719202  1.7109479  1.8571948
[175]  7.6897884  7.4103141  1.5171539  1.7971967  2.6206763  0.9564153
[181] 14.6412395 10.7525024  9.4141572 13.9245640  2.5291640  2.1427179
[187]  2.3678214  1.4767215  6.0017686  3.3003146  1.5681322  0.4504936
[193]  0.8183199  7.9200823 13.7131070  3.6398480  0.2343407

$PAR
  [1]  NA   1   1   1   1   1   1   2   2   2   2   2   2   2   3   3   6   9
 [19]  10  10  12  12  13  13  13  13  16  19  19  19  20  20  20  21  21  21
 [37]  21  22  27  27  28  29  29  31  31  31  34  34  34  36  36  38  38  39
 [55]  41  41  41  41  41  41  42  45  45  45  45  45  45  45  45  45  45  47
 [73]  47  47  48  49  50  52  53  53  55  55  57  57  57  57  62  62  62  62
 [91]  64  65  65  65  65  65  69  69  69  69  69  69  70  71  75  76  77  78
[109]  79  79  80  80  81  81  83  83  83  83  83  83  83  84  84  85  85  85
[127]  91  92  96  96  96  97  98  99 100 103 107 115 115 115 115 119 119 120
[145] 121 122 124 126 126 128 129 129 129 130 131 131 134 134 134 135 135 135
[163] 135 135 135 138 141 141 142 144 145 146 146 148 151 151 153 154 155 155
[181] 158 158 158 160 161 161 162 163 167 169 172 177 179 183 184 189 191

$EXTANT
  [1] FALSE FALSE FALSE FALSE FALSE FALSE FALSE FALSE FALSE FALSE FALSE FALSE
 [13] FALSE FALSE FALSE FALSE FALSE FALSE FALSE FALSE FALSE FALSE FALSE FALSE
 [25] FALSE FALSE FALSE FALSE FALSE FALSE FALSE FALSE FALSE FALSE FALSE FALSE
 [37] FALSE FALSE FALSE FALSE FALSE FALSE FALSE FALSE FALSE FALSE FALSE FALSE
 [49] FALSE FALSE FALSE FALSE FALSE FALSE FALSE FALSE  TRUE FALSE FALSE  TRUE
 [61] FALSE FALSE FALSE FALSE FALSE FALSE FALSE FALSE FALSE FALSE FALSE FALSE
 [73] FALSE FALSE FALSE FALSE FALSE FALSE FALSE FALSE FALSE FALSE  TRUE FALSE
 [85]  TRUE FALSE FALSE FALSE FALSE FALSE FALSE FALSE FALSE FALSE FALSE  TRUE
 [97] FALSE FALSE FALSE FALSE FALSE FALSE FALSE FALSE FALSE FALSE FALSE FALSE
[109] FALSE FALSE FALSE FALSE  TRUE FALSE FALSE FALSE FALSE  TRUE  TRUE FALSE
[121]  TRUE FALSE FALSE  TRUE FALSE FALSE FALSE FALSE FALSE FALSE  TRUE FALSE
[133] FALSE FALSE  TRUE FALSE FALSE  TRUE FALSE FALSE  TRUE FALSE  TRUE  TRUE
[145]  TRUE  TRUE  TRUE  TRUE  TRUE FALSE FALSE FALSE FALSE  TRUE  TRUE  TRUE
[157] FALSE FALSE FALSE FALSE FALSE  TRUE FALSE  TRUE  TRUE  TRUE FALSE FALSE
[169] FALSE  TRUE  TRUE  TRUE  TRUE  TRUE FALSE FALSE  TRUE FALSE  TRUE  TRUE
[181] FALSE FALSE FALSE FALSE  TRUE  TRUE  TRUE  TRUE FALSE FALSE  TRUE  TRUE
[193]  TRUE FALSE FALSE FALSE  TRUE

