
Birth-death simulation object with 88 species and 32 extant species

Details for some species:

Extinction times (NA means extant)
[1] 34.39448 16.57910 31.79007 24.39123 16.50201 19.51488


Speciation times 
[1] 49.26651 38.09622 35.26071 29.58135 29.05076 23.18836


Species parents (NA for initial)
[1] NA  1  2  2  2  2


Species status (extinct or extant)
[1] "extinct" "extinct" "extinct" "extinct" "extinct" "extinct"


For more details on vector y, try sim$y, with y one of
TE TS PAR EXTANT



$TE
 [1] 34.3944791 16.5791030 31.7900651 24.3912288 16.5020069 19.5148771
 [7] 27.8992838 26.6847640 17.4900888  0.7483647 15.3065591 13.2228446
[13] 11.3767697 20.9806163 21.6626431 18.6714363 19.2294119 22.8091913
[19]  0.6642186         NA  2.1964886 15.1148050 13.4693719 12.9637955
[25] 15.3546624 22.5148084         NA         NA         NA 10.9952387
[31]         NA 20.3693258 12.8346251 15.0268256 11.9449969 11.1823315
[37] 21.5010804         NA  1.2033279         NA         NA  0.8679261
[43]         NA  4.7876339         NA         NA 14.7835291 15.1825551
[49]         NA         NA  5.7965126  3.6051002  4.5826997  0.3222402
[55]  7.7300689  4.9975233  3.6859972  2.0612014         NA         NA
[61]         NA 16.3835428         NA  5.3639708  5.0409532  2.4535404
[67]  1.6014142         NA         NA  6.6496138  0.7728308         NA
[73]         NA 13.5395383         NA  4.4381683         NA         NA
[79]         NA 10.4433529 12.0670622         NA         NA         NA
[85]         NA         NA         NA         NA

$TS
 [1] 49.2665115 38.0962152 35.2607125 29.5813462 29.0507581 23.1883577
 [7] 31.9896612 28.0802100 26.1541351 25.6069946 25.4999952 21.8138527
[13] 19.4951908 22.9974998 22.2588547 26.0209950 19.2911769 25.2689546
[19]  7.0444926  5.7666615  5.1924470 16.0382387 15.8403060 25.2513386
[25] 22.3454217 24.1292591  6.7201080  0.9763006  3.3019878 15.6747143
[31] 13.7655166 22.8668768 22.0503532 16.2663647 13.7116695 13.1936478
[37] 21.7455071  5.9093946  4.8668029  1.9031908  2.7483025  1.6144528
[43] 10.9740425  8.9199375  6.7013858  6.0878519 20.8291854 18.1542572
[49]  3.5681912  0.4140321  8.7420742  6.5154997  6.0849191  5.5100514
[55]  8.2737247  5.3026712  4.6460934  2.5994701  1.5398017  5.2237276
[61]  2.0612316 19.4562662  8.0924127  6.5198166  6.3739805  6.0616949
[67]  5.4331639  2.1851162  1.7071529  8.0911503  1.4875054  3.4771992
[73]  1.8457236 16.8279340  4.3915828  6.2634556  4.5196400  6.6853334
[79]  1.2076634 13.9686615 13.5546534  3.2602600  1.1208258  1.0301799
[85]  1.2744166  0.7947766  0.9048967  0.7218363

$PAR
 [1] NA  1  2  2  2  2  3  4  4  4  4  5  5  6  6  9  9 10 10 10 10 11 13 16 16
[26] 18 19 19 20 23 23 24 24 24 24 24 25 27 27 27 29 29 31 31 31 31 33 33 38 40
[51] 43 43 43 43 44 44 45 45 45 46 46 47 51 51 52 52 52 54 54 55 59 60 61 62 63
[76] 64 66 70 71 74 74 75 75 77 78 78 84 84

$EXTANT
 [1] FALSE FALSE FALSE FALSE FALSE FALSE FALSE FALSE FALSE FALSE FALSE FALSE
[13] FALSE FALSE FALSE FALSE FALSE FALSE FALSE  TRUE FALSE FALSE FALSE FALSE
[25] FALSE FALSE  TRUE  TRUE  TRUE FALSE  TRUE FALSE FALSE FALSE FALSE FALSE
[37] FALSE  TRUE FALSE  TRUE  TRUE FALSE  TRUE FALSE  TRUE  TRUE FALSE FALSE
[49]  TRUE  TRUE FALSE FALSE FALSE FALSE FALSE FALSE FALSE FALSE  TRUE  TRUE
[61]  TRUE FALSE  TRUE FALSE FALSE FALSE FALSE  TRUE  TRUE FALSE FALSE  TRUE
[73]  TRUE FALSE  TRUE FALSE  TRUE  TRUE  TRUE FALSE FALSE  TRUE  TRUE  TRUE
[85]  TRUE  TRUE  TRUE  TRUE

