
Birth-death simulation object with 322 species and 115 extant species

Details for some species:

Extinction times (NA means extant)
[1] 26.82642 45.73578 38.64011 13.14960 26.61861 41.67709


Speciation times 
[1] 49.26651 47.98129 40.23322 37.69429 30.32576 47.30094


Species parents (NA for initial)
[1] NA  1  1  1  1  2


Species status (extinct or extant)
[1] "extinct" "extinct" "extinct" "extinct" "extinct" "extinct"


For more details on vector y, try sim$y, with y one of
TE TS PAR EXTANT



$TE
  [1] 26.8264204 45.7357789 38.6401098 13.1495954 26.6186107 41.6770946
  [7] 27.4970018 13.7535054 12.7062818 41.1423623 15.2974212         NA
 [13] 15.2539809 16.8720793 23.9149030 30.4283989 12.3797318 14.7879690
 [19] 21.7635486 14.7997452 11.9013050         NA  0.5884669 15.0155192
 [25] 26.6856605 15.0264580 14.8535424 23.7683336 20.4681785         NA
 [31] 13.2727097 26.1710872 20.0254652 18.6427991 19.4575403 17.3641121
 [37] 15.6439322 14.4249097 20.1090297         NA         NA  1.1663702
 [43]         NA  8.8417942  7.0177163  7.0395769         NA         NA
 [49] 14.6987492 11.0657668 26.9782350 14.2281941 14.7005681 24.4398822
 [55] 14.7917367 18.5161469 15.3431447 20.9027602 18.4504286 11.4112845
 [61] 19.6290600 12.5032758         NA 17.7091507 17.0383923 11.8501699
 [67]  4.8958986 16.8484133 23.8877749 23.0402786 14.7405046 17.3019745
 [73] 15.2475418 14.7860989 19.2463237  6.3579133         NA         NA
 [79]         NA         NA  4.6569440         NA  2.3949941         NA
 [85]         NA         NA 24.5066294 24.2224236 18.5419307 14.2128803
 [91] 18.5504240 12.7402577 14.2427401  9.5322277 19.0906536 22.8360085
 [97] 17.7706953 16.4289237 16.8740341 12.3431395 10.4285725         NA
[103]         NA         NA 14.1051049 12.8254812 16.3343460 12.4541422
[109] 12.0184726 12.6294158 15.3123785 16.9230069 15.4266875 15.3134054
[115] 15.1204164 13.0031523 16.7998663 17.0255690 16.0280673 13.6389515
[121] 17.3145784         NA  3.1275477         NA  1.9537886  0.5134294
[127]         NA         NA         NA  1.7112942         NA  1.3747028
[133]  1.8557162 22.9551471 22.0690661 15.2592271 18.8491917 15.2691792
[139] 14.5420663 10.4123762 13.7709236 15.3852872         NA         NA
[145]         NA         NA 10.8376847 21.6662839 15.3036523 15.0071582
[151] 13.4019816 11.9769902         NA 14.1002466  9.3541951  6.1455081
[157] 14.5984681 12.7333501 12.9970818 19.4851567 17.4642952  6.8410988
[163]         NA         NA  6.9411315         NA         NA         NA
[169]         NA         NA 17.5568315 24.1943117 14.1395557 16.3643543
[175] 11.4660239 15.1115727 15.6402719 17.3883877 11.1122652 16.6346150
[181]         NA         NA         NA         NA  2.6410909         NA
[187]  2.0959371  0.1657679  0.5266532  3.4317152         NA         NA
[193]         NA 11.0643817 14.8356313 14.6301667  2.8112542 12.4114216
[199]  8.6169879         NA         NA  4.8359313  2.8447713  8.1028298
[205]  1.5327410         NA         NA  0.3014258         NA         NA
[211]         NA         NA         NA         NA 13.7907842 14.7676102
[217] 15.1133384 11.8547090 21.3776418 12.8264446 16.8885992 15.6070392
[223] 11.7183307  8.2181767         NA  1.0021049         NA  5.9391425
[229]         NA  1.9347969         NA         NA         NA         NA
[235]  1.3274718         NA         NA         NA 12.8789059         NA
[241]         NA  2.7702794  2.2897918         NA  3.8098682  7.6710821
[247]         NA  2.9151419         NA         NA         NA         NA
[253]         NA         NA         NA         NA         NA  3.2123314
[259] 15.4061384 13.5743203 13.3814420  8.1053863         NA         NA
[265]         NA         NA  1.2144976 14.3710514         NA         NA
[271]  2.5635299  1.5272346         NA  6.5049514         NA  2.4842737
[277]         NA         NA         NA         NA 14.4394499 15.4386356
[283]  8.8888559  8.8032665         NA         NA         NA         NA
[289]  3.4757143         NA         NA         NA  3.2891177         NA
[295]         NA  7.3641548  2.2942454         NA  3.1149970         NA
[301]  0.5487535  6.3078307  2.2844799         NA         NA         NA
[307]  2.2310320         NA  3.8850645  2.0419694         NA         NA
[313]         NA  0.9029108         NA         NA  2.5271050         NA
[319]         NA  1.0091104         NA         NA

$TS
  [1] 49.26651148 47.98129077 40.23322341 37.69429003 30.32575984 47.30094084
  [7] 28.67384641 21.56038307 18.23931274 46.08446976 18.25858781 41.40529889
 [13] 35.10513101 35.04907468 34.76284341 31.98395718 24.84055719 24.10037943
 [19] 23.10450376 16.01914738 13.55812732  9.38117532  9.09500639 31.76465252
 [25] 31.34579332 30.73155808 30.49583774 29.83291955 28.18455507 24.00518091
 [31] 32.39673515 28.12355636 20.79131498 20.64513588 30.99688511 28.55376478
 [37] 21.27029815 14.72457169 23.95150047 12.29365327  7.26658829  6.45725950
 [43]  0.81371702  8.96997524  8.53906953  7.06320200  2.71566375  1.40106565
 [49] 15.77782690 15.52841113 30.27986863 27.22351521 27.16080647 26.45066585
 [55] 24.91940368 23.40380907 17.25002121 21.58970721 20.74392726 20.55670813
 [61] 20.51770395 12.76551626 10.04661622 26.70717509 23.17716844 16.95243211
 [67] 20.73865778 20.04545259 27.50806154 23.06840877 21.98632925 21.10208304
 [73] 19.52576568 18.31927140 20.89817712  9.61002530  7.61655675  7.46690141
 [79]  5.85944973  6.03913279  5.82739639  5.52413438  2.78799456  5.89366519
 [85]  3.86961339  8.43315384 27.15356792 25.09057866 22.63379695 23.03006340
 [91] 18.79293667 18.12251791 17.11344138 16.95300955 26.36918718 23.11893002
 [97] 18.07551296 21.79286493 20.52509079 13.36333850 12.52184500  6.05465727
[103]  5.56749028  2.68234730 23.42774551 23.01750888 21.83066077 18.41400886
[109] 18.52220817 17.78393243 16.35949624 18.25359520 16.90065931 17.15568666
[115] 20.74376299 17.94128265 16.80454227 17.28612843 18.28820909 17.99200383
[121] 20.86465192  7.21320396  5.02635402  3.28487531  4.79373704  1.46430307
[127]  1.39611776  0.14034743  4.23455204  8.00758884  7.79848263  4.03503329
[133]  2.61437552 26.05980340 24.92413217 21.34158903 20.04963678 15.78609165
[139] 14.86164951 23.35112846 22.31393875 18.08185118  5.17802928  3.23563609
[145]  1.38946185 15.63038936 14.14537048 21.95521606 19.17514126 17.45650555
[151] 20.68471972 18.19040126 15.75947321 14.60845064 13.79088020 13.38294720
[157] 15.62453825 15.86401707 16.17639871 19.72744002 17.84749191  7.22059689
[163]  5.50601882  2.86599645  7.52361043  6.95280533  6.66655509  6.42823099
[169]  6.07935164  2.23686330 25.35303125 24.92298489 17.86728494 17.26251753
[175] 16.97990831 22.27245711 17.90335016 17.76010127 13.91269155 17.92326688
[181]  0.12233752  2.51121081  0.61367364  0.78440655 11.02243702  8.53848864
[187]  7.22538643  6.24782482  5.98913170  4.08958270  3.08378364  1.85339802
[193]  0.05624296 11.11315508 18.61494705 16.21842968 13.45432998 12.68001099
[199] 11.28521124  8.59837252  6.45168294 10.29502991  9.47687979  9.35574580
[205]  6.82586555  6.34621741  0.40613923  6.28546513  3.29605879  1.76049724
[211]  3.87046518  5.59933753  4.35597769  0.37440664 20.77433947 18.84973108
[217] 17.78577802 13.48124667 21.95476971 15.49267263 17.69756309 17.52090000
[223] 12.91474457  9.91035953  9.38698390  8.85778126  7.13292197  6.54201671
[229]  2.94843798  2.04350262  1.11028255  4.89898474  5.20525556  0.71046205
[235]  3.11008261  3.62759052  0.74508464  0.63379707 14.74847484  2.97036033
[241]  7.40536992  5.72880537  4.82974020  7.39394042  6.29023221  9.19359740
[247]  6.99000533  6.65223157  5.29821643  1.94063335  0.51712002  2.63360249
[253]  0.95604570  3.26807011  2.31714251  4.05459780  1.69846617 19.29016902
[259] 17.63161473 15.63599772 15.61416515  9.06114842  7.08337290  6.05592366
[265]  1.86988326  2.99473050  1.83218566 14.47896298  4.39225068  7.27787315
[271]  6.92327098  4.50718162  5.20603622  7.91060350  3.11069946  4.72032052
[277]  1.15554548  3.08001752  1.90757286  1.28434590 18.23004537 16.25114010
[283] 10.83410023 10.32327971  8.55808610  8.52782127  5.35337971  0.80343328
[289]  5.77253592  2.91253124  2.29571837  0.47163678  4.00967388  9.62381985
[295]  8.93469271  7.60275810  7.01729956  9.03867356  8.00416591  1.16796674
[301]  7.94819541  6.92845286  3.50422817  3.47128344  0.26758323  4.88594206
[307]  2.73176117  2.63664687  5.78108062  7.16914371  2.30237140  1.89244478
[313]  1.49761796  1.18110798  0.51981989  4.80497243  6.57644788  1.47375847
[319]  0.09094825  3.83445881  3.54458687  0.01708769

$PAR
  [1]  NA   1   1   1   1   2   4   4   4   6   8  10  12  12  12  12  12  12
 [19]  12  12  12  12  12  13  13  13  13  13  13  13  14  14  14  14  15  15
 [37]  17  17  18  21  22  22  22  23  23  23  23  23  24  24  25  27  27  27
 [55]  27  27  27  29  29  29  29  30  30  31  31  31  33  33  35  35  35  37
 [73]  37  37  39  40  40  40  40  41  41  41  41  42  42  45  51  52  52  53
 [91]  53  53  53  53  54  55  55  56  60  60  62  63  63  63  64  64  64  64
[109]  65  65  66  67  67  68  71  71  71  73  74  74  75  77  77  77  79  79
[127]  79  79  82  86  86  86  86  87  88  90  90  92  94  95  95  99 102 103
[145] 103 105 105 106 106 106 107 108 109 109 109 110 111 113 119 121 121 130
[163] 130 130 131 131 131 131 131 131 134 134 136 136 136 140 140 140 140 142
[181] 143 144 144 145 146 146 146 146 146 146 146 146 146 147 149 152 153 153
[199] 153 153 153 156 156 156 156 156 164 167 167 167 168 169 169 169 171 171
[217] 171 175 176 176 177 178 179 185 185 185 185 186 186 186 186 187 188 188
[235] 189 190 191 192 196 197 200 200 200 202 202 203 203 205 206 208 208 209
[253] 210 211 211 212 212 215 217 217 222 224 225 225 226 233 233 239 242 244
[271] 244 244 245 246 247 248 249 254 255 257 258 258 258 258 258 262 263 263
[289] 264 264 264 264 273 284 284 285 285 294 294 294 295 295 295 295 295 298
[307] 298 298 299 301 304 308 308 308 308 309 310 312 312 316 316 316

$EXTANT
  [1] FALSE FALSE FALSE FALSE FALSE FALSE FALSE FALSE FALSE FALSE FALSE  TRUE
 [13] FALSE FALSE FALSE FALSE FALSE FALSE FALSE FALSE FALSE  TRUE FALSE FALSE
 [25] FALSE FALSE FALSE FALSE FALSE  TRUE FALSE FALSE FALSE FALSE FALSE FALSE
 [37] FALSE FALSE FALSE  TRUE  TRUE FALSE  TRUE FALSE FALSE FALSE  TRUE  TRUE
 [49] FALSE FALSE FALSE FALSE FALSE FALSE FALSE FALSE FALSE FALSE FALSE FALSE
 [61] FALSE FALSE  TRUE FALSE FALSE FALSE FALSE FALSE FALSE FALSE FALSE FALSE
 [73] FALSE FALSE FALSE FALSE  TRUE  TRUE  TRUE  TRUE FALSE  TRUE FALSE  TRUE
 [85]  TRUE  TRUE FALSE FALSE FALSE FALSE FALSE FALSE FALSE FALSE FALSE FALSE
 [97] FALSE FALSE FALSE FALSE FALSE  TRUE  TRUE  TRUE FALSE FALSE FALSE FALSE
[109] FALSE FALSE FALSE FALSE FALSE FALSE FALSE FALSE FALSE FALSE FALSE FALSE
[121] FALSE  TRUE FALSE  TRUE FALSE FALSE  TRUE  TRUE  TRUE FALSE  TRUE FALSE
[133] FALSE FALSE FALSE FALSE FALSE FALSE FALSE FALSE FALSE FALSE  TRUE  TRUE
[145]  TRUE  TRUE FALSE FALSE FALSE FALSE FALSE FALSE  TRUE FALSE FALSE FALSE
[157] FALSE FALSE FALSE FALSE FALSE FALSE  TRUE  TRUE FALSE  TRUE  TRUE  TRUE
[169]  TRUE  TRUE FALSE FALSE FALSE FALSE FALSE FALSE FALSE FALSE FALSE FALSE
[181]  TRUE  TRUE  TRUE  TRUE FALSE  TRUE FALSE FALSE FALSE FALSE  TRUE  TRUE
[193]  TRUE FALSE FALSE FALSE FALSE FALSE FALSE  TRUE  TRUE FALSE FALSE FALSE
[205] FALSE  TRUE  TRUE FALSE  TRUE  TRUE  TRUE  TRUE  TRUE  TRUE FALSE FALSE
[217] FALSE FALSE FALSE FALSE FALSE FALSE FALSE FALSE  TRUE FALSE  TRUE FALSE
[229]  TRUE FALSE  TRUE  TRUE  TRUE  TRUE FALSE  TRUE  TRUE  TRUE FALSE  TRUE
[241]  TRUE FALSE FALSE  TRUE FALSE FALSE  TRUE FALSE  TRUE  TRUE  TRUE  TRUE
[253]  TRUE  TRUE  TRUE  TRUE  TRUE FALSE FALSE FALSE FALSE FALSE  TRUE  TRUE
[265]  TRUE  TRUE FALSE FALSE  TRUE  TRUE FALSE FALSE  TRUE FALSE  TRUE FALSE
[277]  TRUE  TRUE  TRUE  TRUE FALSE FALSE FALSE FALSE  TRUE  TRUE  TRUE  TRUE
[289] FALSE  TRUE  TRUE  TRUE FALSE  TRUE  TRUE FALSE FALSE  TRUE FALSE  TRUE
[301] FALSE FALSE FALSE  TRUE  TRUE  TRUE FALSE  TRUE FALSE FALSE  TRUE  TRUE
[313]  TRUE FALSE  TRUE  TRUE FALSE  TRUE  TRUE FALSE  TRUE  TRUE

