
Birth-death simulation object with 262 species and 68 extant species

Details for some species:

Extinction times (NA means extant)
[1] 42.19217 35.72253 46.25239 38.48258 26.94483 23.86323


Speciation times 
[1] 49.26651 48.10136 46.65950 43.23093 43.08305 42.89871


Species parents (NA for initial)
[1] NA  1  1  1  1  4


Species status (extinct or extant)
[1] "extinct" "extinct" "extinct" "extinct" "extinct" "extinct"


For more details on vector y, try sim$y, with y one of
TE TS PAR EXTANT



$TE
  [1] 42.19217292 35.72252849 46.25238593 38.48257937 26.94483473 23.86322662
  [7] 40.48491550 25.93117967 35.06170683 31.24710649 30.96353038 18.82095652
 [13] 14.52649738 29.21592957 20.53387081 14.73207210 33.11783501 11.77591754
 [19] 15.11425972 28.85574567 18.39674027 15.18890458 19.26930814 25.77167335
 [25] 20.09331003 14.89303044 14.34153968 21.43577244 26.95316981 18.96332550
 [31] 18.71079917          NA 14.81581971 13.91768758 13.68077740 34.23554703
 [37] 18.74124617 17.16258033 19.89953750 14.06531127 29.47369218 22.08377554
 [43] 18.94582978 14.66964328 11.42768033 11.10297196 14.26010525 15.38951894
 [49] 14.59473902 15.22354629 14.48499102 20.17631919 12.49313877  3.20858326
 [55]  1.31403276  3.91548605 17.94591408 14.70192215 25.68078408 21.02072971
 [61] 14.08876833 15.29878064 19.59719789 16.44436973 13.82920099 16.47140134
 [67] 13.05809885 18.70423035 14.79570628 17.74204271 22.86179120 15.88113096
 [73] 11.58847007 20.45068842 11.19931619 17.36526204 14.98299933 21.48713545
 [79] 14.11358560 16.06914905 21.94296963 14.27116050 12.87568020 11.53039949
 [85]  1.29286345          NA          NA 14.11961268 18.18755992 16.05119988
 [91] 21.70943360 11.88911948 19.09421237          NA 15.11992866 12.71647909
 [97] 10.63739350 12.32524288 14.14643611 13.16546656 25.18308202 19.38559413
[103] 20.96912540 19.58799679 21.95727842 14.21454379 19.99635076 13.79758338
[109]          NA 15.27905568 14.73901386 15.39734347          NA          NA
[115]          NA 14.83267749 13.39528175 15.45533171  8.81843000 10.62416779
[121]  8.19903249          NA          NA 18.81821264 14.83215687 10.68588922
[127] 12.80313150 13.46718903 14.75822775 10.73093188  7.65167986 14.79647551
[133] 22.54615115 20.95544095 15.15562182 17.03719750 22.00649815 21.25193368
[139] 13.22672689  5.66547505  8.98171705  9.77545564 14.90003742 15.21505884
[145] 11.36343756 15.65971526 14.30738296          NA  7.25684526          NA
[151]  1.63913552          NA          NA          NA 15.36261308          NA
[157]  0.96784092  0.66325086  0.92172939          NA 15.28550379 13.30083597
[163] 12.56200325 12.26853471 10.19750595 13.61918911 15.38032534 13.83805930
[169] 15.03958945 13.07993865 15.11681603  9.60733889 13.73375263 10.58830021
[175]  8.14523808 14.04277320 12.56515321 13.35792542          NA 13.66355345
[181] 18.88447110 11.15439926 14.46650725 16.56019814 13.90946056  8.27318672
[187]          NA  2.87307299          NA          NA          NA  0.53382942
[193]          NA          NA          NA          NA          NA          NA
[199]          NA          NA 18.11141223 16.11602072 12.01452245 18.14873539
[205]          NA  5.36145463          NA 14.07352838 14.77913092 12.22083193
[211]          NA  5.49056079          NA  1.40055654          NA          NA
[217]          NA          NA  3.75949481  0.19220371  0.62245953 11.60855879
[223]          NA          NA          NA  2.98138712  2.54871349          NA
[229]          NA          NA          NA          NA          NA 13.03870485
[235] 13.88220949          NA          NA          NA          NA  2.08097747
[241]          NA  0.43426865          NA  1.93818090          NA  1.03346031
[247]          NA          NA          NA          NA          NA          NA
[253]          NA          NA  0.03221967          NA  1.38525111          NA
[259]          NA          NA          NA          NA

$TS
  [1] 49.26651148 48.10136427 46.65949779 43.23092619 43.08304791 42.89870757
  [7] 40.94294367 39.77759302 36.92505937 35.83163487 35.28332132 29.03493468
 [13] 27.72940131 29.59844609 27.38089926 24.13953281 37.14764820 33.15926594
 [19] 34.88029482 32.18526268 26.59339961 24.79804758 22.93958659 25.86953315
 [25] 21.58159345 18.10785723 17.51655610 24.21957123 30.25202518 26.60784872
 [31] 24.84276177 23.86415076 21.95576508 18.25389915 14.41257654 34.45599236
 [37] 27.71639012 24.04528469 20.53725351 17.88689787 31.79524984 31.69887348
 [43] 18.98048678 15.70812701 16.02132049 24.51733012 22.87214179 22.80610211
 [49] 19.11214238 22.66688531 22.49209633 23.69236148 20.97464007 16.26046476
 [55]  8.56609474  5.29044544 18.26287513 15.62689083 26.63102112 25.19266701
 [61] 22.77061305 20.51176392 23.17229907 21.07175725 19.90466035 19.48880924
 [67] 20.39272702 20.04491932 17.38541908 30.16397007 30.13227880 29.27322518
 [73] 14.10445426 21.22729030 18.13882130 17.99371884 17.67698238 22.52864428
 [79] 15.79194543 16.91499442 23.61957478 14.56046558 14.42089160 14.75444349
 [85]  5.47459495  4.35124641  4.00199820 15.40465164 24.79404235 23.18476418
 [91] 22.53056096 20.14947149 19.56010284 19.41651151 16.52661180 22.86813543
 [97] 20.11930285 19.07916542 15.22439542 16.30000600 29.86015687 24.01956004
[103] 22.57547713 27.67325379 27.44646402 26.74194600 25.46974306 18.76401945
[109] 11.45001735 16.30923936 15.34022394 16.09281048  1.92373168  1.48839194
[115]  0.66958295 17.24440127 19.08041252 16.17161891 13.29469320 11.07092455
[121] 10.49494007  8.49483674  1.26844433 20.78782777 18.13626732 15.88912052
[127] 12.80992814 18.01357853 14.89106827 13.54493360 12.74755009 15.44047719
[133] 27.12174990 21.72570948 25.34132898 24.28220681 23.17759401 22.02412835
[139] 22.27213771 20.97151099 18.93185360 18.57908213 18.04457809 16.27622710
[145] 14.33052362 23.27995928 20.19390863 10.27066940  9.25137765  8.40741769
[151]  8.01709293  6.30485757  5.48791504  0.93390704 15.52262658  8.30565406
[157]  5.08871783  3.68857636  1.12884605  0.12111062 19.28790765 17.38109877
[163] 14.12257049 14.11468581 10.44230042 15.03750244 23.80023122 21.28629732
[169] 15.34742301 23.14573452 15.56092458 13.67254208 14.98882170 11.00038556
[175] 10.60028612 15.36128556 12.73622405 18.39172364 10.27367537 16.38463235
[181] 22.68054262 19.42261228 18.34976718 17.18840183 15.97358512  9.32127981
[187]  3.93072669  3.75912032  1.65951088  1.49707598  1.20687736  6.77631167
[193]  3.39398188  0.43187029  6.30384439  5.89379066  4.98774822  2.36401314
[199]  0.82409878  6.38665804 18.21686234 17.27392601 14.29907827 18.15493018
[205]  9.48756780  8.92137514  6.59413579 18.90234631 17.10136274 14.95943378
[211]  1.20486140  6.24109407  4.54367097  4.29044384  0.34569871  0.22308065
[217]  5.08238553  0.04355711  5.80660293  3.53338174  2.10336295 12.69425195
[223]  7.75271940  7.07187385  5.74200158  4.23272458  4.06910450  6.38314530
[229]  5.27548917  2.77598713  2.06361737  0.81774542  0.39559846 14.31148183
[235] 15.52674187  1.35443180  0.50370600  0.18027684  2.74747521  5.04143506
[241]  1.92152357  0.69637336  1.68389261  4.96005389  0.31366634  4.60417356
[247]  2.01435035  1.39271631  6.26693401  6.23745489  0.39364530  0.72166437
[253]  0.11104065  4.80731143  1.00262728  4.80092836  2.39951679  1.00742097
[259]  0.33178862  0.68175447  0.93082472  0.26927882

$PAR
  [1]  NA   1   1   1   1   4   4   4   5   5   5   5   5   6   6   6   8   8
 [19]  10  10  12  12  12  13  13  13  13  15  18  18  18  18  18  18  18  19
 [37]  19  19  19  19  20  20  22  22  27  30  30  30  30  31  31  32  32  32
 [55]  32  32  33  34  37  37  37  37  38  38  38  38  39  39  40  41  41  42
 [73]  45  46  47  47  47  48  48  49  52  53  53  54  55  55  55  58  60  60
 [91]  60  61  61  61  62  63  63  67  67  69  70  70  70  71  71  71  71  72
[109]  75  77  79  80  85  85  87  90  94  94  94  94  94  94  94  96  97  97
[127]  97  98  98  98  98 100 101 103 104 104 105 105 106 106 106 106 106 106
[145] 106 107 107 109 109 109 109 109 109 109 112 121 122 122 122 123 124 128
[163] 128 128 131 132 135 135 135 136 139 139 140 140 140 141 141 142 142 143
[181] 146 146 146 146 147 148 148 148 148 148 148 150 150 150 152 152 153 153
[199] 154 156 161 167 170 178 179 179 179 182 183 185 187 192 192 192 193 194
[217] 195 195 196 197 200 203 205 205 205 205 205 206 207 207 207 207 207 208
[235] 209 213 213 213 217 219 220 220 223 224 224 225 225 225 228 228 230 232
[253] 237 240 241 244 244 248 249 256 258 259

$EXTANT
  [1] FALSE FALSE FALSE FALSE FALSE FALSE FALSE FALSE FALSE FALSE FALSE FALSE
 [13] FALSE FALSE FALSE FALSE FALSE FALSE FALSE FALSE FALSE FALSE FALSE FALSE
 [25] FALSE FALSE FALSE FALSE FALSE FALSE FALSE  TRUE FALSE FALSE FALSE FALSE
 [37] FALSE FALSE FALSE FALSE FALSE FALSE FALSE FALSE FALSE FALSE FALSE FALSE
 [49] FALSE FALSE FALSE FALSE FALSE FALSE FALSE FALSE FALSE FALSE FALSE FALSE
 [61] FALSE FALSE FALSE FALSE FALSE FALSE FALSE FALSE FALSE FALSE FALSE FALSE
 [73] FALSE FALSE FALSE FALSE FALSE FALSE FALSE FALSE FALSE FALSE FALSE FALSE
 [85] FALSE  TRUE  TRUE FALSE FALSE FALSE FALSE FALSE FALSE  TRUE FALSE FALSE
 [97] FALSE FALSE FALSE FALSE FALSE FALSE FALSE FALSE FALSE FALSE FALSE FALSE
[109]  TRUE FALSE FALSE FALSE  TRUE  TRUE  TRUE FALSE FALSE FALSE FALSE FALSE
[121] FALSE  TRUE  TRUE FALSE FALSE FALSE FALSE FALSE FALSE FALSE FALSE FALSE
[133] FALSE FALSE FALSE FALSE FALSE FALSE FALSE FALSE FALSE FALSE FALSE FALSE
[145] FALSE FALSE FALSE  TRUE FALSE  TRUE FALSE  TRUE  TRUE  TRUE FALSE  TRUE
[157] FALSE FALSE FALSE  TRUE FALSE FALSE FALSE FALSE FALSE FALSE FALSE FALSE
[169] FALSE FALSE FALSE FALSE FALSE FALSE FALSE FALSE FALSE FALSE  TRUE FALSE
[181] FALSE FALSE FALSE FALSE FALSE FALSE  TRUE FALSE  TRUE  TRUE  TRUE FALSE
[193]  TRUE  TRUE  TRUE  TRUE  TRUE  TRUE  TRUE  TRUE FALSE FALSE FALSE FALSE
[205]  TRUE FALSE  TRUE FALSE FALSE FALSE  TRUE FALSE  TRUE FALSE  TRUE  TRUE
[217]  TRUE  TRUE FALSE FALSE FALSE FALSE  TRUE  TRUE  TRUE FALSE FALSE  TRUE
[229]  TRUE  TRUE  TRUE  TRUE  TRUE FALSE FALSE  TRUE  TRUE  TRUE  TRUE FALSE
[241]  TRUE FALSE  TRUE FALSE  TRUE FALSE  TRUE  TRUE  TRUE  TRUE  TRUE  TRUE
[253]  TRUE  TRUE FALSE  TRUE FALSE  TRUE  TRUE  TRUE  TRUE  TRUE

