
Birth-death simulation object with 127 species and 36 extant species

Details for some species:

Extinction times (NA means extant)
[1] 42.16586 44.76636 35.82796 37.26530 37.37671 41.05532


Speciation times 
[1] 49.26651 47.07168 44.56857 43.09551 46.38688 42.41352


Species parents (NA for initial)
[1] NA  1  1  1  2  3


Species status (extinct or extant)
[1] "extinct" "extinct" "extinct" "extinct" "extinct" "extinct"


For more details on vector y, try sim$y, with y one of
TE TS PAR EXTANT



$TE
  [1] 42.1658630 44.7663640 35.8279603 37.2653047 37.3767083 41.0553175
  [7] 31.3904265 33.2536167 27.4804158 36.1242624 32.5115554 34.8166013
 [13] 12.6996532 24.1769977 25.7167883 22.0495918 19.1114707 14.3730670
 [19] 14.7099339 12.2968105 13.0002536 18.4586541 18.6408357 19.0098794
 [25] 15.2756898 13.6829680 12.7678195 14.8431494 14.7660640 15.2836972
 [31] 15.2067262 21.6682591 19.7019311 17.4964796 17.5661974 15.0949201
 [37] 13.7525583  8.4974437 15.6261179 15.3803582 13.5132765 17.2195529
 [43] 18.3567752  3.8808330 12.4044342  2.2845165 13.5240633 18.6774712
 [49] 14.5294296 12.2753519 14.5694334         NA         NA  3.4098985
 [55]  6.3935570  0.7572289  3.0823501 15.1019687 14.8924846 13.6913074
 [61] 13.4482230 12.0992684  5.9872945  7.2945988         NA         NA
 [67]  0.6143962         NA         NA         NA         NA         NA
 [73]         NA         NA  1.4314702         NA  7.0946452  7.3245807
 [79]  4.0382109         NA 13.0091403 11.0039610 13.8548939  3.6890402
 [85]         NA         NA         NA  4.7758170         NA         NA
 [91]  1.0240410  2.4635753         NA         NA         NA         NA
 [97]         NA  0.8721153         NA 11.6055982 11.4594139         NA
[103]         NA         NA         NA         NA         NA         NA
[109] 11.0523556  7.0392282  5.8736031  6.7759785  4.9818587 12.4818657
[115] 12.1042303  1.6970150         NA  1.7485891  0.6510502         NA
[121]         NA  2.9005450  3.3453062  4.9221568 11.9780332         NA
[127]         NA

$TS
  [1] 49.2665115 47.0716752 44.5685719 43.0955086 46.3868770 42.4135217
  [7] 40.4602840 39.7514737 38.4258722 37.1063410 35.0890093 38.0338440
 [13] 29.8591514 34.6803271 27.8630502 23.3069349 20.6099552 17.7956605
 [19] 16.7337421 16.1922202 13.4494576 29.7990970 27.7587149 27.5464052
 [25] 19.7654451 15.9592384 15.2750394 14.9767060 28.1352055 24.8163806
 [31] 24.8771951 23.1583497 26.3834147 20.7473538 19.1004237 15.7448655
 [37] 19.0858801 17.5112043 21.5085562 20.7695081 16.8598607 20.1420065
 [43] 19.8228785 18.4679657 12.5705865  9.9348092 17.8618628 18.9738107
 [49] 17.5414317 17.3114498 18.4071674  9.3251697  8.2482889  6.7015142
 [55]  9.1956090  4.1322407  3.6257803 17.4470609 16.2413054 16.2912922
 [61] 14.0148108 18.0573896  8.5759175  8.4467241  7.6102181  7.2804535
 [67]  6.5026629  7.4321697  6.8951446  5.9426096  3.4950254  2.7834474
 [73]  0.2913182  5.9987445  4.9415221  3.5844239  8.1256413  8.1036247
 [79]  7.6372015  0.8566606 16.2795382 13.8900031 17.7903936  7.4084675
 [85]  2.9074483  6.0361237  1.6824153  5.3675155  1.5147300  5.4144719
 [91]  2.1311260  4.4314731  3.0271293  1.0951339  6.0713890  6.0128817
 [97]  5.8374292 15.6829225 16.8348758 14.6991942 14.5846145  7.1345491
[103]  5.6749723  0.2141035  4.8435200  2.9308394  3.2368560  0.8152314
[109] 11.3870408  7.9262613  7.3317467  8.4779471  5.9560101 12.5118901
[115] 13.0973113  3.8161231  3.1568651  4.3611327  4.1746149  3.1894041
[121]  0.5314990  3.2027063  6.5772332  5.9283284 12.5139500  2.8340431
[127]  2.1735198

$PAR
  [1]  NA   1   1   1   2   3   5   7   7   8   8   9   9  11  13  13  13  13
 [19]  13  13  13  14  15  15  17  20  20  20  22  22  23  23  24  24  24  25
 [37]  29  29  30  31  31  34  34  34  38  38  39  42  42  42  44  44  44  44
 [55]  46  46  46  49  49  50  50  51  52  52  52  52  52  53  53  53  53  53
 [73]  53  54  54  54  55  55  55  56  60  61  62  64  65  67  67  69  69  70
 [91]  71  74  75  76  79  79  79  81  83  83  83  84  84  86  88  90  95  96
[109]  98  98  98  99  99 100 101 102 102 103 105 105 105 107 111 111 115 119
[127] 120

$EXTANT
  [1] FALSE FALSE FALSE FALSE FALSE FALSE FALSE FALSE FALSE FALSE FALSE FALSE
 [13] FALSE FALSE FALSE FALSE FALSE FALSE FALSE FALSE FALSE FALSE FALSE FALSE
 [25] FALSE FALSE FALSE FALSE FALSE FALSE FALSE FALSE FALSE FALSE FALSE FALSE
 [37] FALSE FALSE FALSE FALSE FALSE FALSE FALSE FALSE FALSE FALSE FALSE FALSE
 [49] FALSE FALSE FALSE  TRUE  TRUE FALSE FALSE FALSE FALSE FALSE FALSE FALSE
 [61] FALSE FALSE FALSE FALSE  TRUE  TRUE FALSE  TRUE  TRUE  TRUE  TRUE  TRUE
 [73]  TRUE  TRUE FALSE  TRUE FALSE FALSE FALSE  TRUE FALSE FALSE FALSE FALSE
 [85]  TRUE  TRUE  TRUE FALSE  TRUE  TRUE FALSE FALSE  TRUE  TRUE  TRUE  TRUE
 [97]  TRUE FALSE  TRUE FALSE FALSE  TRUE  TRUE  TRUE  TRUE  TRUE  TRUE  TRUE
[109] FALSE FALSE FALSE FALSE FALSE FALSE FALSE FALSE  TRUE FALSE FALSE  TRUE
[121]  TRUE FALSE FALSE FALSE FALSE  TRUE  TRUE

