
Birth-death simulation object with 345 species and 168 extant species

Details for some species:

Extinction times (NA means extant)
[1] 28.55479 41.52177 40.38476 35.62265 40.07061 36.70465


Speciation times 
[1] 49.26651 44.85413 42.96003 42.02141 41.24409 41.85595


Species parents (NA for initial)
[1] NA  1  1  3  3  4


Species status (extinct or extant)
[1] "extinct" "extinct" "extinct" "extinct" "extinct" "extinct"


For more details on vector y, try sim$y, with y one of
TE TS PAR EXTANT



$TE
  [1] 28.554794740 41.521772198 40.384759901 35.622654814 40.070610792
  [6] 36.704653276 31.217657789 29.173996187 31.542530439 28.914178943
 [11] 21.657249735 17.830774542 28.140364420 13.631917911 30.323645296
 [16] 30.826857364 18.698453949 14.034945385 25.834655785 21.424634455
 [21] 19.020801986 11.036874847 14.274961925 18.592583670 10.652215198
 [26]           NA 14.952761651 13.807448247           NA 19.246026311
 [31] 24.647483623 20.917659218 14.039259980 13.365646152 12.922643226
 [36] 28.642292187           NA 20.974959097  4.512870312           NA
 [41] 18.533439958 11.942554898  4.768367398  7.803302651  5.397030549
 [46]  2.271755472  3.042186941  4.945262062  0.092670596 15.284996472
 [51] 21.165756372 10.862503088           NA 14.015058093 11.250828497
 [56] 24.721741566 19.950915885 14.056684305 14.129482523 23.643339851
 [61] 17.701357001 13.398375252 13.889897111           NA           NA
 [66]           NA           NA  3.565374620           NA 12.345205360
 [71]  9.036442333 11.419902818 13.944007083 13.857145799           NA
 [76]           NA  3.888466740  3.161515873           NA  7.217260520
 [81]  9.703435423           NA  2.205575577           NA           NA
 [86]  4.405930053           NA           NA           NA           NA
 [91]  2.421858048           NA  2.678067895           NA           NA
 [96] 17.053283225 14.890580097 16.639782506 14.674910617 13.642376344
[101]           NA  6.956961417  3.960098071 11.304632009 20.066773251
[106]  3.416641645  2.206934292           NA           NA  4.939248754
[111]           NA           NA           NA  3.518414329  4.306242400
[116]           NA  1.477539254  4.541631683 14.409872106 14.910404166
[121] 12.322256888 13.609436734           NA           NA           NA
[126]           NA  5.686968883           NA           NA  8.371621652
[131]           NA  1.171402423  4.694666782           NA  0.404186099
[136]           NA  2.968552851  1.233790534           NA           NA
[141]  3.357015459           NA  1.148784886           NA  5.176257482
[146]  6.227923992  4.792962370  2.360257361  2.171762913  1.436290768
[151]  4.452460669  1.747395219  3.011205559           NA 15.399827741
[156] 16.330756177  1.760908772           NA 17.646004332 17.766626664
[161]  3.031986996  0.970568014           NA           NA           NA
[166]  1.053429670           NA           NA           NA  1.410569963
[171]           NA           NA  2.188629123           NA  6.199656869
[176]           NA  1.205285261           NA 15.355037574  4.781201946
[181]  3.588310988  1.925139959           NA           NA           NA
[186]           NA           NA  5.036116542           NA           NA
[191]           NA           NA  5.156249563           NA           NA
[196]           NA           NA           NA           NA           NA
[201]  1.768822225  6.499165906  4.913462465           NA           NA
[206]           NA  2.997312618           NA  6.533007092  4.728505303
[211]           NA           NA           NA           NA  3.378375012
[216]  1.630113765           NA  0.945122673  3.750448326           NA
[221]  5.601645852  0.006479822           NA 15.200578066  4.754448792
[226]  0.586608643           NA           NA  2.300120548  0.525991816
[231]           NA           NA           NA  5.327576591           NA
[236]           NA           NA  1.221860498           NA  2.031670953
[241]           NA  2.134613881           NA  0.064740343  3.329136189
[246]  4.536480874  2.315947814           NA  1.003092656  5.499054358
[251]  2.105052778           NA           NA           NA  3.389594857
[256]           NA           NA           NA           NA  0.615760696
[261]           NA           NA           NA           NA  0.542617871
[266]           NA           NA  0.135865296  1.991499420           NA
[271]           NA           NA           NA  1.263864444  0.161478125
[276]           NA           NA           NA           NA           NA
[281]           NA           NA           NA  6.762526243           NA
[286]           NA           NA           NA           NA           NA
[291]           NA           NA  5.460367719           NA           NA
[296]           NA  0.337055244           NA           NA           NA
[301]           NA           NA  0.219897273           NA  2.241967968
[306]           NA           NA           NA           NA           NA
[311]  1.285680297  1.506134441           NA  0.548088178           NA
[316]           NA           NA  0.475843108           NA  0.916770220
[321]  0.034510500           NA           NA           NA           NA
[326]           NA           NA           NA           NA           NA
[331]           NA  1.146685554           NA           NA           NA
[336]           NA           NA  0.456122416           NA           NA
[341]           NA  0.041944298           NA           NA           NA

$TS
  [1] 49.266511476 44.854126959 42.960025126 42.021413473 41.244086096
  [6] 41.855947767 37.783383272 34.993494843 33.346136725 33.305578791
 [11] 32.315277737 29.805083603 29.750959943 32.799241301 32.612475120
 [16] 31.314583182 28.959413978 25.443924566 26.171205268 25.256759608
 [21] 21.854000300 19.524174041 31.516716625 29.896048761 24.653232750
 [26] 22.021784849 27.218829464 22.916145423 11.678774905 30.382565954
 [31] 28.013789947 27.895502108 16.550697743 16.204060636 29.799972249
 [36] 29.110598294 22.213216801 21.201681167 19.744680488 23.157856362
 [41] 21.548680847 19.552810025 11.279175306 10.892566240  9.207319766
 [46]  7.278881665  7.245787414  7.034017702  6.638047224 22.730856753
 [51] 21.990507592 17.317395887 15.097102337 14.798410899 11.620176926
 [56] 24.740834868 26.173338260 15.738117250 15.029492181 27.762277620
 [61] 18.051019172 13.945379444 14.073303082 11.295115501 10.173854092
 [66]  9.216649445  8.657807893  5.771234154  4.851317538 16.088576525
 [71]  9.753027728 17.985234036 16.770702331 16.010563584  9.370904798
 [76]  8.040240527  6.431065134  5.908933229  2.025252930 10.560348903
 [81]  9.756442612  9.532589297  8.908897383  6.816815251  6.028308924
 [86]  5.526319285  5.511335469  6.909129944  3.775170596  7.232723704
 [91]  7.086015060  6.288474627  3.121638762  5.338164226  0.664886499
 [96] 20.761038967 19.582425406 17.118685976 16.544091585 15.658635661
[101] 10.808639675  8.474456732  4.929646771 25.195687003 21.062943800
[106]  8.644657078  8.573552138  8.185354336  1.913203230  7.624334340
[111]  4.642321334  2.853951553  0.903621841  6.891547798  5.585403060
[116]  1.932100391  8.288791203  6.343938013 16.219579921 15.178101907
[121] 15.544747695 14.736470190  0.972577256  8.026986545  4.560261121
[126]  0.984644073 10.396829307  8.162908477  7.556214829  8.741730940
[131]  7.778912016  7.624088928  5.757989452  5.180957518  4.948243684
[136]  7.746062364  6.302493228  3.120516588  3.021478455  1.294854493
[141]  5.558637658  5.459880737  3.457753498  1.890435243  6.956698433
[146]  6.248644173  5.722537473  6.449921862  6.177391649  5.248650811
[151]  6.265415539  2.041147031  3.540226841  0.101727054 20.678213474
[156] 19.504570302  8.231745811  7.935669807 21.580154810 18.775099175
[161]  7.525754921  4.554349479  8.206732415  3.091670100  7.057076954
[166]  3.429030222  2.169560835  3.506730357  2.205550687  1.777772742
[171]  0.499449675  5.801456266  5.091365664  6.572563717  6.505465057
[176]  3.089756927  1.706930158  4.649289141 16.207966560  7.586362704
[181]  6.209131065  5.262966736  3.806069118  1.751427661  3.278415374
[186]  1.727704193 10.195654504  9.417347504  7.237610337  3.093074283
[191]  2.195163506  1.150908991  7.488491412  7.013367205  6.082862423
[196]  3.614771467  3.420451967  0.168289374  7.409389460  7.103334132
[201]  5.958006273  6.965578078  6.454147496  4.615546627  1.920964080
[206]  4.109027149  7.400492446  7.117048583  6.601546544  5.693037775
[211]  5.088091113  4.221966175  3.886109822  2.259345514  3.712798471
[216]  2.342754112  0.026854885  6.550650016  5.787302036  5.555321227
[221]  5.873883347  5.439999272  3.647975744 18.167679589  6.860228320
[226]  4.522582141  2.165581456  7.765558848  7.706130818  5.932605786
[231]  4.161312565  1.212458550  0.454142187  7.009517965  5.948105388
[236]  3.653816633  1.461430532  1.911907841  4.118504569  2.631139619
[241]  0.569856539  2.678302263  2.513944746  9.349879019  8.435531882
[246]  6.661291629  7.298837054  1.080132282  3.117360497  6.669950322
[251]  6.620036856  2.619591541  2.609289202  1.833890424  5.630376699
[256]  4.537958412  4.010713206  6.303652909  5.693195005  3.443053489
[261]  2.001740158  3.100689527  0.676401463  0.204856188  2.826808361
[266]  0.089788990  2.485065962  7.410207414  3.965882105  0.886314829
[271]  5.790215315  4.758796868  2.076526650  3.895901647  1.562107874
[276]  6.416947007  2.551209879  0.918305702  0.425453244  2.457036961
[281]  1.637842134  0.332140950  0.075803079  7.295578288  5.651227738
[286]  4.837470284  5.206410305  5.336559728  3.054107121  2.443822938
[291]  0.357858339  1.738530584  5.666124993  1.118021933  5.760519239
[296]  3.928685287  2.707032264  1.129990024  0.761151741  1.957800893
[301]  2.417328189  1.164219550  0.805556530  1.734591370  3.553798873
[306]  0.323272221  1.977199579  1.497359698  0.480797398  0.188924516
[311]  4.631502140  3.070613341  0.520371271  1.635552798  1.109784779
[316]  0.009640943  4.439622744  4.101387688  1.711262806  4.843532493
[321]  1.425732082  1.631431614  1.970329316  0.091264802  1.052610403
[326]  0.688972841  3.216299185  2.850181505  0.838331792  1.661726057
[331]  1.545089365  2.272827604  2.279102399  1.198565128  1.170284917
[336]  0.543192221  0.042088273  0.605314127  1.563927685  1.195944633
[341]  0.833197595  0.539151006  0.605162420  0.054471250  0.757115482

$PAR
  [1]  NA   1   1   3   3   4   4   7   7   7   7   8   8   9  10  11  11  11
 [19]  12  12  12  12  14  14  14  14  17  18  22  23  23  23  23  23  24  24
 [37]  24  24  24  25  25  25  26  26  26  26  26  26  26  27  28  28  28  28
 [55]  29  30  31  33  34  35  35  35  37  37  37  37  37  37  37  39  39  40
 [73]  40  40  40  40  40  40  40  43  43  43  43  43  45  45  45  46  46  47
 [91]  47  47  47  48  49  50  50  50  50  50  53  53  53  57  57  64  64  64
[109]  64  65  65  65  65  66  66  66  67  67  72  73  74  74  75  76  76  76
[127]  80  80  80  82  82  82  82  82  82  83  83  83  83  84  85  88  89  89
[145]  90  90  90  91  91  91  92  92  94  94  96  97 102 102 104 104 106 106
[163] 107 107 108 108 108 111 111 111 113 114 115 117 117 117 117 118 119 124
[181] 124 124 124 124 125 125 127 127 128 128 128 128 129 129 129 129 129 129
[199] 131 131 131 132 132 132 132 135 136 136 136 136 136 136 136 136 142 142
[217] 142 145 148 148 149 149 149 156 158 161 162 163 163 163 163 163 163 165
[235] 165 173 174 176 182 183 183 187 187 188 188 189 193 195 199 200 200 200
[253] 200 201 203 204 204 208 208 208 211 212 212 212 220 220 223 228 228 228
[271] 229 230 230 231 231 234 235 235 241 242 243 243 243 244 244 245 246 247
[289] 247 247 248 249 251 252 258 258 258 258 259 260 265 265 265 267 269 270
[307] 273 273 273 273 276 276 278 285 285 286 287 287 287 288 289 295 297 298
[325] 300 302 305 305 307 311 311 312 317 319 320 321 325 329 330 331 331 338
[343] 340 340 341

$EXTANT
  [1] FALSE FALSE FALSE FALSE FALSE FALSE FALSE FALSE FALSE FALSE FALSE FALSE
 [13] FALSE FALSE FALSE FALSE FALSE FALSE FALSE FALSE FALSE FALSE FALSE FALSE
 [25] FALSE  TRUE FALSE FALSE  TRUE FALSE FALSE FALSE FALSE FALSE FALSE FALSE
 [37]  TRUE FALSE FALSE  TRUE FALSE FALSE FALSE FALSE FALSE FALSE FALSE FALSE
 [49] FALSE FALSE FALSE FALSE  TRUE FALSE FALSE FALSE FALSE FALSE FALSE FALSE
 [61] FALSE FALSE FALSE  TRUE  TRUE  TRUE  TRUE FALSE  TRUE FALSE FALSE FALSE
 [73] FALSE FALSE  TRUE  TRUE FALSE FALSE  TRUE FALSE FALSE  TRUE FALSE  TRUE
 [85]  TRUE FALSE  TRUE  TRUE  TRUE  TRUE FALSE  TRUE FALSE  TRUE  TRUE FALSE
 [97] FALSE FALSE FALSE FALSE  TRUE FALSE FALSE FALSE FALSE FALSE FALSE  TRUE
[109]  TRUE FALSE  TRUE  TRUE  TRUE FALSE FALSE  TRUE FALSE FALSE FALSE FALSE
[121] FALSE FALSE  TRUE  TRUE  TRUE  TRUE FALSE  TRUE  TRUE FALSE  TRUE FALSE
[133] FALSE  TRUE FALSE  TRUE FALSE FALSE  TRUE  TRUE FALSE  TRUE FALSE  TRUE
[145] FALSE FALSE FALSE FALSE FALSE FALSE FALSE FALSE FALSE  TRUE FALSE FALSE
[157] FALSE  TRUE FALSE FALSE FALSE FALSE  TRUE  TRUE  TRUE FALSE  TRUE  TRUE
[169]  TRUE FALSE  TRUE  TRUE FALSE  TRUE FALSE  TRUE FALSE  TRUE FALSE FALSE
[181] FALSE FALSE  TRUE  TRUE  TRUE  TRUE  TRUE FALSE  TRUE  TRUE  TRUE  TRUE
[193] FALSE  TRUE  TRUE  TRUE  TRUE  TRUE  TRUE  TRUE FALSE FALSE FALSE  TRUE
[205]  TRUE  TRUE FALSE  TRUE FALSE FALSE  TRUE  TRUE  TRUE  TRUE FALSE FALSE
[217]  TRUE FALSE FALSE  TRUE FALSE FALSE  TRUE FALSE FALSE FALSE  TRUE  TRUE
[229] FALSE FALSE  TRUE  TRUE  TRUE FALSE  TRUE  TRUE  TRUE FALSE  TRUE FALSE
[241]  TRUE FALSE  TRUE FALSE FALSE FALSE FALSE  TRUE FALSE FALSE FALSE  TRUE
[253]  TRUE  TRUE FALSE  TRUE  TRUE  TRUE  TRUE FALSE  TRUE  TRUE  TRUE  TRUE
[265] FALSE  TRUE  TRUE FALSE FALSE  TRUE  TRUE  TRUE  TRUE FALSE FALSE  TRUE
[277]  TRUE  TRUE  TRUE  TRUE  TRUE  TRUE  TRUE FALSE  TRUE  TRUE  TRUE  TRUE
[289]  TRUE  TRUE  TRUE  TRUE FALSE  TRUE  TRUE  TRUE FALSE  TRUE  TRUE  TRUE
[301]  TRUE  TRUE FALSE  TRUE FALSE  TRUE  TRUE  TRUE  TRUE  TRUE FALSE FALSE
[313]  TRUE FALSE  TRUE  TRUE  TRUE FALSE  TRUE FALSE FALSE  TRUE  TRUE  TRUE
[325]  TRUE  TRUE  TRUE  TRUE  TRUE  TRUE  TRUE FALSE  TRUE  TRUE  TRUE  TRUE
[337]  TRUE FALSE  TRUE  TRUE  TRUE FALSE  TRUE  TRUE  TRUE

