
Birth-death simulation object with 295 species and 44 extant species

Details for some species:

Extinction times (NA means extant)
[1] 14.36193 22.08441 34.69404 27.20407 22.59740 35.57803


Speciation times 
[1] 49.26651 48.47482 43.70719 41.14043 38.36914 37.08931


Species parents (NA for initial)
[1] NA  1  1  1  1  1


Species status (extinct or extant)
[1] "extinct" "extinct" "extinct" "extinct" "extinct" "extinct"


For more details on vector y, try sim$y, with y one of
TE TS PAR EXTANT



$TE
  [1] 14.36192552 22.08440661 34.69403715 27.20406604 22.59739765 35.57802977
  [7] 20.36018242 16.53818347 19.54231645 13.80246460 47.40266510 44.26656154
 [13] 43.75597135 33.96030052 40.32880062 21.25205493 13.38878558 22.89503192
 [19] 38.05392983 30.60817652 29.97934372 38.34859279 36.25987538 30.04004149
 [25] 28.69472881 31.50120620 15.04997549 20.86538409 25.21287044 25.72450681
 [31] 14.07014263 19.24052122 13.11778781 14.06505624 42.39956303 45.52006886
 [37] 44.06258171 35.33226266 33.71658864 23.95922376 40.11624681 29.94358945
 [43] 13.11821296 33.58439355 11.51658501 24.11236969 26.79676518 15.88724514
 [49] 14.14724560 20.61098105 15.78731862 34.11244492 35.86682884 15.05588523
 [55] 21.19503579 28.46179259 14.56905315 35.19217905 33.19844717 27.74889616
 [61] 24.32589091 25.61430400 13.62559531 12.78518761 15.83504200 18.25868286
 [67] 13.93051154 39.68654018 38.06109110 36.32811610 33.34248876 15.16198548
 [73] 19.26978744 13.19013817 32.96218357 32.58258289 29.64175507 28.84542956
 [79] 16.29340729 12.00277138 10.11912349 15.84735908 30.48903289 15.07230871
 [85] 27.48885153 10.97622072 15.31485124 18.86826585 11.51789438 17.74320415
 [91] 11.54218018 32.50944965 25.90515492 14.94816069 14.41987712 15.30747273
 [97] 14.91636078 17.68796140 15.70784928 37.25268933 15.04081300 17.22558070
[103] 17.19272213 16.74663405 13.71107363 13.48499866 14.05691021 16.27686227
[109] 14.55442066 12.97111445 14.50257664 13.18129498 13.70795233 28.48875049
[115] 29.76481623 25.22508594 22.72086575 22.44657425 20.86202393 16.17942474
[121] 13.61261057 12.87945136 23.43094286 14.78589324 14.70878413 14.35673579
[127] 13.13828563 11.16515198 12.38549410 18.00668949 15.19797835 19.83825294
[133] 13.28517442 19.40682908 14.60364208 15.14336778 13.08926223 19.72822161
[139] 15.37376881 14.49412321 11.50984551 20.25142730 17.07391352 13.85482880
[145] 11.05548789 14.51087097 19.40157904 17.26842477 15.85706762 15.13264767
[151] 11.59023840 18.78638172 14.35843813 14.60139868 11.51549778 21.36209061
[157] 13.77766854  1.91243306 13.38543884 15.19012297 13.72361940 15.31324120
[163] 15.21492508  2.35428815 12.40862413 15.32648714 16.11739470 15.36078179
[169] 12.48200512 16.19685494 12.08157716 13.50630092  7.95900326  4.67243114
[175] 10.93444038          NA  3.61141234  5.46428627 18.30436252 12.63749788
[181] 15.23577605 16.04115233 15.01270900          NA 12.40390758 10.66544396
[187]  2.80304185  2.86883285  8.31153925          NA          NA  6.41868109
[193]  0.63277103  2.74992305  4.22000028  6.31237281  1.45116845  4.39768048
[199] 12.43484076 12.40933406 16.38544295 15.28536507 15.12731558          NA
[205]          NA  8.12027766 10.73745109  6.22011030  5.53243165  3.85309522
[211] 10.98796418  7.77243760  7.10694963          NA          NA  6.90163443
[217]          NA          NA  1.17388332  7.00174429          NA          NA
[223]  0.66023578  6.19875345          NA          NA  0.54847969  0.65299808
[229]          NA 13.15762701          NA          NA  4.27193749 12.66366555
[235]  7.58517626  3.00624248  7.86542125          NA  5.76230187          NA
[241]          NA          NA  3.56194568  1.50785077          NA  1.85192568
[247]  1.36091902          NA          NA          NA          NA  3.84749374
[253]  2.89637155  6.29322871  9.10740767  2.17912604  2.54310295          NA
[259]          NA  7.44595029  1.93147115  2.72056756  1.63549446          NA
[265]  4.66016652          NA  3.04886238  4.69635041          NA  5.57220636
[271]  0.93260348  6.77828504          NA          NA          NA  2.57740889
[277]  5.03360577  0.09447495          NA          NA  4.73255537  2.33173036
[283]          NA          NA          NA          NA          NA          NA
[289]  2.03862521  0.32567907          NA          NA  4.25997622  2.03448138
[295]  2.38999578

$TS
  [1] 49.2665115 48.4748216 43.7071899 41.1404288 38.3691408 37.0893111
  [7] 29.2050213 24.0299961 20.6276969 16.3062216 48.0192639 47.0160339
 [13] 43.9096079 43.0073254 42.6436381 26.1335027 24.2946130 23.5355317
 [19] 40.6376424 36.9684670 35.5027603 39.9463921 36.5637560 33.3455292
 [25] 30.5451356 37.4932877 30.0587550 29.6786890 26.9266743 26.9228834
 [31] 27.2973779 23.6351250 18.9932537 16.8679892 47.8599002 46.5321049
 [37] 46.1339185 41.1281433 38.0666609 36.9285545 41.6884643 41.0793961
 [43] 14.2967077 34.1335427 32.1207388 30.0387213 28.7440333 26.0039093
 [49] 25.6730219 21.6866986 19.9267174 45.0984206 40.8356945 36.0641112
 [55] 29.7275771 41.0797775 37.8996272 37.1951977 35.1050293 30.9944777
 [61] 30.6390169 29.7046007 26.3460453 20.7055278 20.1168202 21.4875048
 [67] 15.2618385 42.0641208 40.4469846 39.3501587 38.1923121 28.5519830
 [73] 23.1853251 19.1082307 38.4765940 36.5449466 33.8283025 29.0846195
 [79] 21.6165059 20.5977211 16.4207244 16.2434605 34.4873934 25.6340774
 [85] 29.6366525 19.3341737 18.4307316 19.6775187 13.4611874 17.8292727
 [91] 17.7285271 35.6308657 34.0229758 25.2362771 24.9115672 15.3961792
 [97] 20.6944232 20.1376588 15.8611375 38.0060582 20.0813672 18.0571401
[103] 17.2814524 17.2443153 15.7675741 23.8408034 17.6132123 16.6785910
[109] 15.3150727 17.4291814 14.9421774 15.8832660 15.6031571 32.5620043
[115] 31.3072833 26.1709269 24.1833685 23.9316626 21.4736067 17.8404483
[121] 15.7040444 14.3312940 23.6969558 19.5318892 15.9646960 17.2967308
[127] 17.0173845 15.9548845 15.1456392 29.9341319 29.8195678 23.7721679
[133] 13.7811713 23.6903710 20.8347810 16.7209711 23.7212100 21.6334592
[139] 21.1990791 20.9837702 20.0734912 22.6557183 20.7147389 16.3833672
[145] 14.7983313 14.6156346 19.8259134 17.7141292 17.1069346 20.9131758
[151] 21.0468526 18.9379239 17.1934174 15.5598456 18.9435877 22.5891652
[157] 14.6403263 19.4902926 17.4997147 20.0484622 19.8211403 20.6273852
[163] 19.4590234 17.5282523 14.9085410 18.0636014 17.9308208 15.4248843
[169] 13.2374172 18.4086494 13.9771256 13.6170681 13.5472433 11.8150427
[175] 11.8128071  6.8392448  6.3435658 16.7215534 19.0861630 14.1014287
[181] 19.4527707 17.2847078 15.6437876 18.2550936 15.0750042 11.1778646
[187]  8.5270604 13.1946601 11.3180886 10.1436302 10.2407807  9.4372018
[193]  5.6708383  3.3358602  9.8951629  9.7388354  5.6065528  5.5706525
[199] 13.2369709 12.8914767 17.9377925 16.8616511 15.7513428  7.7761081
[205]  5.9098042 13.0844367 10.7522785  6.9783560  6.0595757  5.1748264
[211] 12.1297482  8.9878563  7.8268974  7.6390490  4.2111221  8.8271067
[217]  4.8570654  9.9740687  9.5665842  9.4433497  4.8028157  3.1675522
[223]  1.1322008  6.8573311  1.5263976  1.3642300  6.9112156  6.4934522
[229]  6.3267351 15.7004924  2.8068263  5.3400652  5.0153381 12.9565775
[235]  8.9437819  4.2491352 11.4637230  4.3664062  7.5059514  0.6249797
[241]  0.2761377  9.1273815  7.9986525  1.6405800  4.7283996  3.9134858
[247]  2.0350611  0.4670496  1.4761826  0.7792716  1.9034092  4.8312748
[253]  3.0115975 10.3146742  9.6654490  7.4484064  6.0691533  5.8973806
[259]  2.6377214 10.2505948  6.9588965  6.5084752  5.7530182  9.5070819
[265]  9.3324933  5.5176448  5.3762026  5.3139886  5.1779587  9.2992482
[271]  3.0574907  7.6638992  7.5399031  7.1163581  2.8560847  4.2120040
[277]  8.7753978  1.7099794  0.9375447  0.5052082  5.9353976  3.9793215
[283]  1.5883428  0.9560456  1.3385485  7.4998022  0.2590985  0.3446193
[289]  7.3685559  7.1231812  5.0863022  3.5867711  5.8590397  2.3921872
[295]  4.8484908

$PAR
  [1]  NA   1   1   1   1   1   1   1   1   1   2   2   2   2   2   2   2   2
 [19]   3   3   3   4   4   4   4   5   5   5   5   5   7   7   8   8  11  12
 [37]  12  14  14  14  15  15  17  20  24  25  25  28  29  31  31  37  38  39
 [55]  40  41  42  42  42  45  45  45  45  45  45  48  49  52  52  53  53  54
 [73]  54  54  56  57  57  57  57  57  57  57  59  61  62  63  63  64  64  65
 [91]  65  71  71  72  72  72  73  73  74  75  79  79  79  80  80  84  84  84
[109]  84  86  86  87  87  92  93  93  94  94  94  94 101 105 106 106 106 110
[127] 110 110 113 114 115 117 122 131 131 131 132 132 132 132 132 134 135 135
[145] 135 135 137 137 137 138 139 139 139 140 141 142 144 147 148 150 150 151
[163] 151 151 154 155 155 155 155 158 158 158 158 158 158 158 158 159 160 161
[181] 162 162 162 163 164 164 164 173 173 173 174 174 176 176 178 178 178 178
[199] 180 180 181 184 184 184 184 185 186 187 187 187 188 188 188 188 188 189
[217] 190 191 191 191 191 191 191 192 193 193 195 195 195 202 204 205 205 206
[235] 206 210 211 217 218 218 218 219 219 219 221 221 222 222 225 226 227 232
[253] 236 237 237 239 239 243 245 254 254 254 257 260 260 261 262 262 263 264
[271] 264 265 265 265 266 267 270 273 273 273 274 274 274 274 275 277 283 284
[289] 286 286 286 289 290 291 293

$EXTANT
  [1] FALSE FALSE FALSE FALSE FALSE FALSE FALSE FALSE FALSE FALSE FALSE FALSE
 [13] FALSE FALSE FALSE FALSE FALSE FALSE FALSE FALSE FALSE FALSE FALSE FALSE
 [25] FALSE FALSE FALSE FALSE FALSE FALSE FALSE FALSE FALSE FALSE FALSE FALSE
 [37] FALSE FALSE FALSE FALSE FALSE FALSE FALSE FALSE FALSE FALSE FALSE FALSE
 [49] FALSE FALSE FALSE FALSE FALSE FALSE FALSE FALSE FALSE FALSE FALSE FALSE
 [61] FALSE FALSE FALSE FALSE FALSE FALSE FALSE FALSE FALSE FALSE FALSE FALSE
 [73] FALSE FALSE FALSE FALSE FALSE FALSE FALSE FALSE FALSE FALSE FALSE FALSE
 [85] FALSE FALSE FALSE FALSE FALSE FALSE FALSE FALSE FALSE FALSE FALSE FALSE
 [97] FALSE FALSE FALSE FALSE FALSE FALSE FALSE FALSE FALSE FALSE FALSE FALSE
[109] FALSE FALSE FALSE FALSE FALSE FALSE FALSE FALSE FALSE FALSE FALSE FALSE
[121] FALSE FALSE FALSE FALSE FALSE FALSE FALSE FALSE FALSE FALSE FALSE FALSE
[133] FALSE FALSE FALSE FALSE FALSE FALSE FALSE FALSE FALSE FALSE FALSE FALSE
[145] FALSE FALSE FALSE FALSE FALSE FALSE FALSE FALSE FALSE FALSE FALSE FALSE
[157] FALSE FALSE FALSE FALSE FALSE FALSE FALSE FALSE FALSE FALSE FALSE FALSE
[169] FALSE FALSE FALSE FALSE FALSE FALSE FALSE  TRUE FALSE FALSE FALSE FALSE
[181] FALSE FALSE FALSE  TRUE FALSE FALSE FALSE FALSE FALSE  TRUE  TRUE FALSE
[193] FALSE FALSE FALSE FALSE FALSE FALSE FALSE FALSE FALSE FALSE FALSE  TRUE
[205]  TRUE FALSE FALSE FALSE FALSE FALSE FALSE FALSE FALSE  TRUE  TRUE FALSE
[217]  TRUE  TRUE FALSE FALSE  TRUE  TRUE FALSE FALSE  TRUE  TRUE FALSE FALSE
[229]  TRUE FALSE  TRUE  TRUE FALSE FALSE FALSE FALSE FALSE  TRUE FALSE  TRUE
[241]  TRUE  TRUE FALSE FALSE  TRUE FALSE FALSE  TRUE  TRUE  TRUE  TRUE FALSE
[253] FALSE FALSE FALSE FALSE FALSE  TRUE  TRUE FALSE FALSE FALSE FALSE  TRUE
[265] FALSE  TRUE FALSE FALSE  TRUE FALSE FALSE FALSE  TRUE  TRUE  TRUE FALSE
[277] FALSE FALSE  TRUE  TRUE FALSE FALSE  TRUE  TRUE  TRUE  TRUE  TRUE  TRUE
[289] FALSE FALSE  TRUE  TRUE FALSE FALSE FALSE

