
Birth-death simulation object with 354 species and 147 extant species

Details for some species:

Extinction times (NA means extant)
[1] 48.01473 36.79279 31.02048 40.21637 35.04800 40.69062


Speciation times 
[1] 49.26651 48.90964 46.41887 45.65229 44.96419 42.03591


Species parents (NA for initial)
[1] NA  1  2  2  2  2


Species status (extinct or extant)
[1] "extinct" "extinct" "extinct" "extinct" "extinct" "extinct"


For more details on vector y, try sim$y, with y one of
TE TS PAR EXTANT



$TE
  [1] 48.0147259 36.7927933 31.0204792 40.2163709 35.0479959 40.6906240
  [7] 36.8894081 44.3922861 37.4864237 36.2992957 32.3123255 38.4179672
 [13] 34.5981131 14.7000477 36.4361098 44.2037878 37.8920704 21.6431991
 [19] 35.7222307 28.3804975 14.8776653 36.3143984 35.4957355 16.7121537
 [25] 11.8502742 30.3420035 41.2435218 37.8265027 38.0401208 31.2386085
 [31] 31.9094606 20.3806914 28.3348576 22.1822246 14.9397418 25.6010829
 [37] 26.9861328 25.6443412 27.0785989 14.7115974 23.8890047 17.1343373
 [43] 10.6632075 13.7785124         NA 18.0297426 17.0583936 42.0305115
 [49] 34.3322100 24.3077965 15.3625413 15.3041178 14.3163287 15.7424164
 [55] 25.5583467 14.6825067 14.5642015         NA 14.3487780 12.2092125
 [61] 16.3040718 14.0583408 14.2972432 12.9765852 18.7593258 14.9625248
 [67]  3.1700996         NA         NA         NA         NA 23.2551518
 [73] 29.3018004 14.9307454 15.1111536 18.5320770 15.1577961  2.6014026
 [79] 16.7126476 18.8254076 13.8812772 16.8449989  9.6622496 10.5145322
 [85]         NA 14.5088241 14.6796404 13.9202398 16.0528886  3.2677089
 [91]         NA  2.0988014         NA         NA         NA         NA
 [97]         NA 28.9520224 26.8035907 28.1381962 15.7510941 15.2984460
[103] 12.5278489 15.3538103         NA         NA  0.3619979 15.6035335
[109] 14.6847178 12.1178216 15.6641021 14.4809690 13.5459500         NA
[115]         NA         NA 11.7149883 14.8368175 14.6432984  3.9196007
[121]         NA  0.9728725  1.7222668         NA         NA 25.6820698
[127] 19.2051080 16.8060109         NA 10.6813033 18.0806469 14.2756820
[133] 12.8890521 12.2580868 19.0636022  7.1334453         NA         NA
[139]  6.5912347         NA  0.8393994  0.7924186         NA         NA
[145] 13.1995202 15.2599618 14.4906298         NA  4.3017953         NA
[151] 11.3291480 13.6291451  6.3754091         NA         NA 23.9648679
[157] 11.8614734 15.9688866 15.2543064 13.6583596 14.3731832 12.6920846
[163]  5.7206016         NA         NA  2.6234124         NA  0.2592976
[169] 14.8882978 11.7879295 12.6175097 17.3200868 12.1424510  6.8461165
[175]         NA  5.8260921         NA         NA         NA 12.8214068
[181]         NA  0.4484540         NA         NA         NA 11.9452068
[187] 11.0611539 14.2112025 11.6770451  0.2886385 12.9713164 10.6859475
[193]         NA 15.3488681         NA 14.6182922 12.3360863         NA
[199]         NA  3.4222930         NA         NA         NA 13.7117984
[205] 13.4132348 10.8601844         NA  4.9055158         NA  1.2225894
[211]         NA         NA  5.4687134  6.8223640  2.1929932         NA
[217]         NA         NA  6.6545463 10.1025956  2.1188535  2.0872777
[223]         NA         NA         NA         NA         NA         NA
[229]         NA         NA 12.5377351 11.0609995 13.0058981         NA
[235]         NA 10.9240378 12.2830625  8.1299754  3.4914383         NA
[241]         NA         NA  4.6337981         NA         NA  9.6372218
[247]  5.5045475         NA         NA         NA         NA         NA
[253]  8.5567914         NA  2.1986352         NA         NA         NA
[259]         NA         NA         NA         NA  1.9178644         NA
[265]         NA         NA 10.6278729 12.5083187 10.4064052 15.0252469
[271]         NA  0.5770702         NA         NA         NA  4.4123126
[277]  8.4829489  3.7960075         NA  7.2532865  7.4397388  2.3156069
[283]         NA         NA         NA         NA         NA         NA
[289]         NA         NA  7.0162750         NA         NA         NA
[295]  1.3655740         NA  2.5390468         NA         NA  3.8347737
[301]         NA         NA         NA 11.3299115 15.1646382         NA
[307]         NA         NA  1.6124336         NA  0.4539406         NA
[313]  5.4772489         NA         NA         NA         NA         NA
[319]         NA         NA         NA  1.5519147  5.8579003         NA
[325]         NA         NA         NA         NA  0.4587695         NA
[331]         NA  2.1499172  1.0561542         NA         NA         NA
[337]         NA  1.0057691         NA         NA         NA         NA
[343]         NA         NA  0.4206121         NA         NA         NA
[349]         NA  0.1931747         NA         NA         NA         NA

$TS
  [1] 49.26651148 48.90964347 46.41886799 45.65229474 44.96419398 42.03591498
  [7] 41.96612122 44.76582601 41.02636485 40.79146784 36.22414392 43.38966329
 [13] 40.79061135 44.86555156 44.29322877 44.26223848 40.02992831 38.64988576
 [19] 38.59910614 40.39161198 36.09653898 36.79505558 36.72881447 32.51565904
 [25] 32.17478020 42.89549092 42.40950409 38.90369488 39.86268281 38.22106672
 [31] 34.93806821 23.20397368 28.52584535 27.76181541 27.24809441 26.00265051
 [37] 32.33418228 30.51966986 28.49044921 17.35338145 24.59559417 19.72898242
 [43] 16.59338677 14.11649454 38.95108727 36.99345522 36.21574451 42.37565643
 [49] 35.55631432 32.91799202 22.49726864 22.30861455 21.85428885 20.87185972
 [55] 26.36837430 23.81803673 20.77618668 19.83624422 15.82908235 18.90085098
 [61] 18.60739704 17.32330451 14.94090437 24.04953396 20.77726943 17.51105219
 [67] 11.85561475  8.36264011  3.86784158  3.85947676  1.30141879 35.59793101
 [73] 30.48069271 29.73706574 28.82094712 21.12055810 20.90373429 16.08550462
 [79] 23.41332168 19.41881091 16.03723288 19.00915642 11.39181722 11.23411285
 [85]  1.76378765 16.30883788 16.55496922 14.81047450 20.89574786  6.12760008
 [91]  4.29212792  5.48897313  3.37394275  3.73522202  2.56240120  0.50185926
 [97]  0.10230079 30.75496972 28.77926486 28.21561667 21.63933999 15.50542579
[103] 25.02904913 20.95356855  9.75552022  9.64501434  5.64591997 20.84472518
[109] 19.90912356 19.18569000 18.84951655 14.85637045 17.10049569 10.21841364
[115]  1.01529203  0.27403351 14.72610631 14.94799748 19.04571796  4.47664364
[121]  1.13163147  4.44005895  4.30549646  1.63322836  2.44559938 28.17362590
[127] 21.34180459 18.25377048 20.25759418 19.90862396 19.66355565 17.01482986
[133] 16.98625723 12.84528464 19.63204422  9.66478638  7.16519048  7.08305355
[139]  7.06235739  7.04172660  5.45830221  5.17988404  4.69180994  2.64206761
[145] 16.91044144 15.99474533 14.60075400  9.99306317  5.28313914  0.71286639
[151] 14.54983188 17.01212835 14.84978337  1.30670341  2.28201955 27.09029441
[157] 17.00004698 18.97561136 17.91115191 16.92116423 16.13525576 14.38113856
[163] 10.06626158  9.96868055  7.14618121  5.73389912  4.14606382  1.89218108
[169] 15.02287455 11.88244951 13.00318704 19.58381814 19.14135081  8.35928147
[175]  0.74811209  6.69950588  2.47043449  1.72164079  0.28071809 15.63650950
[181]  7.40136775  5.46921848  0.26915515  0.67816837  0.45487010 16.42670200
[187] 13.74264257 14.35522984 12.48907191 12.42482550 14.10503224 13.62534908
[193] 12.67859225 16.66933351 14.40609641 15.20128512 14.06166784  8.02569590
[199]  1.21277514  5.05247299  0.85202780  1.46271082 14.95245760 18.74382738
[205] 18.40216575 13.41828360  5.62450421  5.56668654  3.85036173 13.01020555
[211]  9.05349966  6.14174661 12.84111353  7.91224351  6.18320631  4.90295940
[217]  4.29717235  2.58755783 14.30504483 12.01360152  9.31609831  8.78262415
[223]  7.05602713  3.15521176  1.71753018  4.22802505  8.19297410  5.46584298
[229]  0.81504341  0.18474996 14.65385497 14.27178924 16.49781269  2.04559647
[235]  0.68464477 12.85207505 12.78189171  9.52049275  6.04260439  5.07485816
[241]  4.09291113  3.16944524  4.71440836 11.99484786 11.35293725 10.07488577
[247]  7.68893737  4.15263210  0.51200696 12.11311674 11.49649488  7.91926277
[253]  8.80338362  8.05676856  7.57227920  5.44339878  6.86082020  6.16446177
[259]  0.43974052  0.84537402  0.03816659  0.94167796  2.97527170  2.53576674
[265]  3.62912226  0.15541591 12.67554461 12.73207482 11.42831241 15.70176953
[271]  0.34273522  8.18121279  3.15530008  3.54794228  2.66727847  4.65843833
[277] 11.25278653  9.58574292  6.59846026  9.41528221  8.41761955  7.59454709
[283]  4.42789802  3.49350124  1.78397748  7.56911981  6.53654189  4.89183768
[289]  4.08100503  5.85391253  7.31967778  5.97545937  1.44641991  0.09405926
[295]  6.38989271  6.30273277  4.36048992  1.80949693  6.44543827  4.18088075
[301]  1.16206826  0.96563944  1.95306787 11.33709567 15.50532789  8.16221429
[307]  1.74761474  2.32360045  9.15617027  9.13986674  5.48925874  0.34225041
[313]  5.55989405  2.10516576  0.22868392  2.24939772  5.59548105  0.33408030
[319]  0.20448446  5.49617993  1.35600849  2.82064234  6.12323238  1.12061025
[325]  4.97047874  7.58321539  4.92759759  2.58222003  6.78127164  4.79801437
[331]  5.17162832  4.83774982  3.51777796  2.92915108  2.22581514  1.44848153
[337]  1.47910647  2.37396901  0.70672473  0.64094804  0.59257632  1.62020099
[343]  1.60678817  0.39483651  2.05424352  4.36459240  2.66025221  1.54095991
[349]  1.04250087  0.71424291  2.35468066  0.84747733  0.15758034  1.16104630

$PAR
  [1]  NA   1   2   2   2   2   2   3   3   3   3   4   4   5   5   5   7   7
 [19]   9  12  13  14  14  14  14  15  15  15  17  18  18  18  21  21  21  21
 [37]  24  24  24  24  25  25  25  25  26  26  26  27  30  30  32  32  32  32
 [55]  35  35  35  35  35  42  42  42  43  45  45  45  45  45  45  45  45  46
 [73]  46  46  46  47  52  53  56  56  56  57  58  58  58  60  61  62  64  67
 [91]  67  68  69  70  70  70  71  72  72  74  74  74  75  76  78  78  78  79
[109]  79  80  80  81  82  83  85  85  86  87  89  90  91  92  92  93  95 100
[127] 101 101 103 103 103 103 103 103 104 105 105 105 106 106 106 107 107 107
[145] 108 110 110 114 114 114 117 119 119 122 123 126 128 129 129 129 129 129
[163] 129 129 129 129 129 129 130 130 133 135 135 136 138 139 141 144 144 145
[181] 148 148 148 150 150 152 152 153 153 153 157 157 157 158 160 161 162 164
[199] 164 166 167 168 169 172 173 173 181 181 181 186 190 190 192 193 193 193
[217] 193 193 195 195 195 195 195 198 198 200 203 203 203 203 204 204 205 207
[235] 209 210 210 210 210 210 211 211 212 213 213 213 213 215 217 219 219 219
[253] 221 221 221 221 222 222 223 224 224 225 226 226 227 229 231 232 232 233
[271] 235 238 240 241 241 243 244 244 244 245 245 245 245 245 245 247 250 250
[289] 250 251 252 252 252 252 254 254 254 254 257 258 258 258 265 267 270 272
[307] 272 274 278 278 279 279 282 283 286 290 292 293 293 295 296 297 299 301
[325] 306 309 309 309 310 310 311 311 311 311 311 314 316 317 320 320 324 325
[343] 327 328 331 332 334 342 342 345 347 347 348 351

$EXTANT
  [1] FALSE FALSE FALSE FALSE FALSE FALSE FALSE FALSE FALSE FALSE FALSE FALSE
 [13] FALSE FALSE FALSE FALSE FALSE FALSE FALSE FALSE FALSE FALSE FALSE FALSE
 [25] FALSE FALSE FALSE FALSE FALSE FALSE FALSE FALSE FALSE FALSE FALSE FALSE
 [37] FALSE FALSE FALSE FALSE FALSE FALSE FALSE FALSE  TRUE FALSE FALSE FALSE
 [49] FALSE FALSE FALSE FALSE FALSE FALSE FALSE FALSE FALSE  TRUE FALSE FALSE
 [61] FALSE FALSE FALSE FALSE FALSE FALSE FALSE  TRUE  TRUE  TRUE  TRUE FALSE
 [73] FALSE FALSE FALSE FALSE FALSE FALSE FALSE FALSE FALSE FALSE FALSE FALSE
 [85]  TRUE FALSE FALSE FALSE FALSE FALSE  TRUE FALSE  TRUE  TRUE  TRUE  TRUE
 [97]  TRUE FALSE FALSE FALSE FALSE FALSE FALSE FALSE  TRUE  TRUE FALSE FALSE
[109] FALSE FALSE FALSE FALSE FALSE  TRUE  TRUE  TRUE FALSE FALSE FALSE FALSE
[121]  TRUE FALSE FALSE  TRUE  TRUE FALSE FALSE FALSE  TRUE FALSE FALSE FALSE
[133] FALSE FALSE FALSE FALSE  TRUE  TRUE FALSE  TRUE FALSE FALSE  TRUE  TRUE
[145] FALSE FALSE FALSE  TRUE FALSE  TRUE FALSE FALSE FALSE  TRUE  TRUE FALSE
[157] FALSE FALSE FALSE FALSE FALSE FALSE FALSE  TRUE  TRUE FALSE  TRUE FALSE
[169] FALSE FALSE FALSE FALSE FALSE FALSE  TRUE FALSE  TRUE  TRUE  TRUE FALSE
[181]  TRUE FALSE  TRUE  TRUE  TRUE FALSE FALSE FALSE FALSE FALSE FALSE FALSE
[193]  TRUE FALSE  TRUE FALSE FALSE  TRUE  TRUE FALSE  TRUE  TRUE  TRUE FALSE
[205] FALSE FALSE  TRUE FALSE  TRUE FALSE  TRUE  TRUE FALSE FALSE FALSE  TRUE
[217]  TRUE  TRUE FALSE FALSE FALSE FALSE  TRUE  TRUE  TRUE  TRUE  TRUE  TRUE
[229]  TRUE  TRUE FALSE FALSE FALSE  TRUE  TRUE FALSE FALSE FALSE FALSE  TRUE
[241]  TRUE  TRUE FALSE  TRUE  TRUE FALSE FALSE  TRUE  TRUE  TRUE  TRUE  TRUE
[253] FALSE  TRUE FALSE  TRUE  TRUE  TRUE  TRUE  TRUE  TRUE  TRUE FALSE  TRUE
[265]  TRUE  TRUE FALSE FALSE FALSE FALSE  TRUE FALSE  TRUE  TRUE  TRUE FALSE
[277] FALSE FALSE  TRUE FALSE FALSE FALSE  TRUE  TRUE  TRUE  TRUE  TRUE  TRUE
[289]  TRUE  TRUE FALSE  TRUE  TRUE  TRUE FALSE  TRUE FALSE  TRUE  TRUE FALSE
[301]  TRUE  TRUE  TRUE FALSE FALSE  TRUE  TRUE  TRUE FALSE  TRUE FALSE  TRUE
[313] FALSE  TRUE  TRUE  TRUE  TRUE  TRUE  TRUE  TRUE  TRUE FALSE FALSE  TRUE
[325]  TRUE  TRUE  TRUE  TRUE FALSE  TRUE  TRUE FALSE FALSE  TRUE  TRUE  TRUE
[337]  TRUE FALSE  TRUE  TRUE  TRUE  TRUE  TRUE  TRUE FALSE  TRUE  TRUE  TRUE
[349]  TRUE FALSE  TRUE  TRUE  TRUE  TRUE

