
Birth-death simulation object with 216 species and 86 extant species

Details for some species:

Extinction times (NA means extant)
[1] 45.39641 43.73688 41.26918 39.55098 33.90595 32.25996


Speciation times 
[1] 49.26651 46.47535 43.88504 42.90396 42.23843 38.69122


Species parents (NA for initial)
[1] NA  1  2  3  3  5


Species status (extinct or extant)
[1] "extinct" "extinct" "extinct" "extinct" "extinct" "extinct"


For more details on vector y, try sim$y, with y one of
TE TS PAR EXTANT



$TE
  [1] 45.39641375 43.73687635 41.26918416 39.55097788 33.90595085 32.25996047
  [7] 20.28721691 22.34500047 25.96252873 25.26435922 17.68467684 21.34170607
 [13] 27.40775578 12.23114090 23.65384793 29.69829131 26.27587944 15.71728607
 [19] 26.08342106 21.72190567 33.97419995 24.67786667 12.96471960 26.58124972
 [25] 22.33403782 15.12590346 13.96357775 13.26519501 23.41998876 23.85941464
 [31] 13.53262664 20.34440412 24.77066016 14.89206934  8.87194152 20.07202042
 [37] 24.17815627 20.77749094 14.90538405 14.05371614 14.95553418 14.25263388
 [43] 11.04855121 30.29156930 25.28605776 26.31249502 22.08871301 22.48012942
 [49] 14.92374159 15.37417378 12.72603128 24.69547923  6.33439714 13.56573463
 [55] 11.47122071 13.25414837 13.96226596 26.88936909 28.46747007 26.18627245
 [61] 12.60470976          NA 14.56107098  3.44193927  3.32136270 18.01692653
 [67] 13.22055179          NA          NA  5.84638500  3.53059673  2.39107283
 [73] 12.52883022 13.76894792 12.92847850 13.51030532 25.56305490 12.37806338
 [79] 12.02353709  5.66597405          NA 11.89353490  5.30667801  5.48587295
 [85]  9.61297117  0.13304827  6.50897197          NA          NA          NA
 [91]          NA  0.96724831          NA  1.83010809          NA          NA
 [97]          NA          NA 11.41321047 11.05098587 25.90184232  5.38206205
[103]          NA  3.48516112  8.58350668  1.08837414 10.47824216  1.61228703
[109]  1.34769308  0.82508445  1.20801897          NA          NA          NA
[115]          NA  3.84771423          NA  0.34398965          NA          NA
[121]  1.84231056  4.23826866          NA          NA  1.33131251          NA
[127]          NA  4.94071918  2.31431326  6.65208799  1.61817931          NA
[133]  5.40947039          NA          NA  0.03243711          NA  1.19611467
[139]          NA          NA  6.19301771          NA          NA          NA
[145]          NA          NA          NA          NA          NA          NA
[151]          NA          NA          NA  1.72862604          NA          NA
[157]  6.44557414  0.56206320          NA          NA  4.61793515  0.09953158
[163]  2.04736150          NA  3.31665944  1.13339290          NA          NA
[169]  5.70746372  3.13623699          NA  3.41623669          NA          NA
[175]          NA  1.31532285          NA          NA          NA          NA
[181]          NA          NA  2.10806116  0.24982389          NA          NA
[187]          NA          NA          NA  0.84887362          NA          NA
[193]          NA  0.08685122          NA          NA  1.24616083          NA
[199]          NA  1.90937524          NA          NA          NA          NA
[205]          NA  2.24444523          NA          NA          NA          NA
[211]          NA          NA  0.13293719          NA          NA          NA

$TS
  [1] 49.266511476 46.475351658 43.885043612 42.903955711 42.238429543
  [6] 38.691216883 35.858428187 35.729618379 30.971566483 26.872346794
 [11] 24.330807218 21.385330977 35.359232211 35.333378884 34.418229587
 [16] 32.316800947 30.613419271 22.918035693 29.515377339 26.598598271
 [21] 34.130113423 30.229658255 34.664983392 31.304056227 27.792846960
 [26] 17.110713504 13.976350704 13.849251744 28.185676290 26.476683648
 [31] 24.833824508 24.344833492 29.828126830 17.505320138 27.918421010
 [36] 23.934275916 33.070835294 27.961018154 20.984681510 17.474284728
 [41] 17.031681713 14.435186370 13.064403251 30.570698464 27.768057592
 [46] 27.695598704 27.577939675 26.815891714 24.985673449 23.107320127
 [51] 14.554081625 26.492071513 22.224519482 17.119265781 16.596191416
 [56] 15.013071864 20.444490286 30.872843022 29.358533472 27.658174163
 [61] 15.192851067 12.333762995 22.736949735 14.226614595 13.872457182
 [66] 18.874873017 13.981797343  9.243094031  8.563771906  7.731637565
 [71]  7.600821725  7.462739241 15.057299248 14.166254814 13.909370414
 [76] 14.671111533 30.501151165 15.122648448 12.630233262  5.799892569
 [81]  3.598547674 11.899301626  9.413899767 13.080814166 12.851407426
 [86]  9.001979036  7.692276962  5.853439845  4.655097645  4.256252159
 [91]  8.824414917  3.641756039  2.704114754  4.777267384  7.372838882
 [96]  7.553709233  5.742096890  4.399535255 14.870934092 13.368975729
[101] 30.387948321  8.896540439  7.584293791  6.750178981  9.634919290
[106]  9.490032994 11.964829228  9.708214996  4.399875047  1.295886583
[111]  3.980421024  2.590291213  2.326647269  3.720589658  1.279834536
[116]  6.251113281  4.176547871  3.936898428  7.032977805  0.774813393
[121]  3.437069998  6.607690010  6.507372904  5.578806323  7.324837611
[126]  3.660286258  6.545189292  6.247560408  4.303674755  7.704791548
[131]  7.248006879  9.360174685  8.106547720  3.434346604  3.919802187
[136]  0.556909873  6.116988982  5.003747048  0.068110808  2.519269706
[141]  6.338394583  5.971104635  5.248367616  1.873581492  6.190088125
[146]  6.429023150  7.200307200  7.108171730  4.568493373  5.459667598
[151]  5.536261551  5.531291502  3.799897567  6.587860525  4.531581385
[156]  3.231965219  7.576846886  7.081994681  0.402333741  0.125671055
[161]  5.224006835  4.078592533  2.454713025  4.386556720  4.167443597
[166]  3.550792359  2.765532559  1.253882861  6.293424096  3.737826442
[171]  2.749083510  3.492891319  1.257277103  1.798431167  6.094232415
[176]  6.493543339  6.496143960  5.428243589  3.622564351  4.405280223
[181]  2.906334671  1.102356145  3.297645945  3.001915000  2.449171861
[186]  1.908443468  2.792682451  5.693357290  5.240824589  1.937457578
[191]  1.083102246  0.219349601  3.013419097  0.259847936  0.353052802
[196]  5.592066551  5.332706056  0.579463879  0.195658724  2.980059105
[201]  6.240842029  1.182175995  0.463188861  1.478114743  0.428775023
[206]  4.502658793  0.180864364  3.962840573  2.970517669  1.062134003
[211]  0.197652819  0.292246915  2.513682605  1.312633452  0.001605368
[216]  0.742865283

$PAR
  [1]  NA   1   2   3   3   5   5   6   7   7   7   7   8   8   8   8   8   8
 [19]   9  10  13  13  14  14  14  14  14  14  15  15  15  15  16  18  19  20
 [37]  23  23  23  23  23  23  23  24  24  25  25  25  29  31  31  33  35  35
 [55]  35  35  36  37  37  38  41  43  48  51  51  53  53  53  53  53  53  53
 [73]  54  55  55  56  58  61  61  62  62  64  64  65  65  65  65  65  65  65
 [91]  68  68  68  69  70  71  71  72  73  73  77  83  83  83  84  84  85  85
[109]  86  88  89  89  89  90  90  91  91  94  95  96  97 102 102 102 103 103
[127] 104 104 104 106 106 108 108 109 111 112 116 116 117 118 119 119 119 119
[145] 122 123 125 125 125 127 128 128 129 131 131 131 133 133 135 135 137 137
[163] 137 138 138 138 138 140 141 142 142 143 143 144 146 147 148 148 148 151
[181] 151 152 154 154 154 154 156 158 158 158 164 164 166 171 173 175 175 175
[199] 175 176 177 178 178 187 187 188 188 189 189 191 192 193 196 208 211 213

$EXTANT
  [1] FALSE FALSE FALSE FALSE FALSE FALSE FALSE FALSE FALSE FALSE FALSE FALSE
 [13] FALSE FALSE FALSE FALSE FALSE FALSE FALSE FALSE FALSE FALSE FALSE FALSE
 [25] FALSE FALSE FALSE FALSE FALSE FALSE FALSE FALSE FALSE FALSE FALSE FALSE
 [37] FALSE FALSE FALSE FALSE FALSE FALSE FALSE FALSE FALSE FALSE FALSE FALSE
 [49] FALSE FALSE FALSE FALSE FALSE FALSE FALSE FALSE FALSE FALSE FALSE FALSE
 [61] FALSE  TRUE FALSE FALSE FALSE FALSE FALSE  TRUE  TRUE FALSE FALSE FALSE
 [73] FALSE FALSE FALSE FALSE FALSE FALSE FALSE FALSE  TRUE FALSE FALSE FALSE
 [85] FALSE FALSE FALSE  TRUE  TRUE  TRUE  TRUE FALSE  TRUE FALSE  TRUE  TRUE
 [97]  TRUE  TRUE FALSE FALSE FALSE FALSE  TRUE FALSE FALSE FALSE FALSE FALSE
[109] FALSE FALSE FALSE  TRUE  TRUE  TRUE  TRUE FALSE  TRUE FALSE  TRUE  TRUE
[121] FALSE FALSE  TRUE  TRUE FALSE  TRUE  TRUE FALSE FALSE FALSE FALSE  TRUE
[133] FALSE  TRUE  TRUE FALSE  TRUE FALSE  TRUE  TRUE FALSE  TRUE  TRUE  TRUE
[145]  TRUE  TRUE  TRUE  TRUE  TRUE  TRUE  TRUE  TRUE  TRUE FALSE  TRUE  TRUE
[157] FALSE FALSE  TRUE  TRUE FALSE FALSE FALSE  TRUE FALSE FALSE  TRUE  TRUE
[169] FALSE FALSE  TRUE FALSE  TRUE  TRUE  TRUE FALSE  TRUE  TRUE  TRUE  TRUE
[181]  TRUE  TRUE FALSE FALSE  TRUE  TRUE  TRUE  TRUE  TRUE FALSE  TRUE  TRUE
[193]  TRUE FALSE  TRUE  TRUE FALSE  TRUE  TRUE FALSE  TRUE  TRUE  TRUE  TRUE
[205]  TRUE FALSE  TRUE  TRUE  TRUE  TRUE  TRUE  TRUE FALSE  TRUE  TRUE  TRUE

