
Birth-death simulation object with 140 species and 48 extant species

Details for some species:

Extinction times (NA means extant)
[1] 31.30123 40.01680 44.31811 32.72846 38.30147 33.02578


Speciation times 
[1] 49.26651 48.07106 48.02504 43.15510 41.48961 38.84798


Species parents (NA for initial)
[1] NA  1  1  1  1  1


Species status (extinct or extant)
[1] "extinct" "extinct" "extinct" "extinct" "extinct" "extinct"


For more details on vector y, try sim$y, with y one of
TE TS PAR EXTANT



$TE
  [1] 31.30123136 40.01680145 44.31811004 32.72845527 38.30146977 33.02578352
  [7] 20.85558634 42.79690121 41.63290599 40.11359619 37.09590617 30.07811569
 [13] 25.75381062 32.16326930 22.50729355 22.01429009 20.66516111 43.54190048
 [19] 39.13646239 39.31901661 31.75834681 31.36921261 31.52055207 33.14066669
 [25] 14.43893297 13.16815364 14.87239580 37.16268125 32.62294724 29.32589265
 [31] 12.84797836 11.60900146 14.11125374 15.30984948 11.93384178 17.60943369
 [37] 19.90223645 15.90852805 26.98457701 13.99541149          NA 17.88717688
 [43] 12.13722250 14.40686632 14.73445926 17.96739264  9.80290935 16.53451508
 [49] 29.31737066 16.31105747 13.69850752          NA  5.78482021  2.07690004
 [55]          NA  0.09412152          NA          NA  7.17028946 14.75715287
 [61] 11.71465376 13.75910290 21.43471729          NA  4.61856649  2.36752580
 [67]          NA          NA          NA          NA  2.31072337  1.16961394
 [73]          NA          NA          NA          NA 24.83771808 12.79554475
 [79] 10.85286595  6.19416933  1.06058152          NA          NA          NA
 [85]  6.07817576          NA  5.18378125          NA 12.24495306 12.56005523
 [91] 10.60988923 14.34806631          NA  3.06097765          NA          NA
 [97] 14.64767441 15.31366018 14.45181084 15.32917924 11.08057700 11.06864755
[103] 17.00844587 11.89027592 13.65046886          NA  3.10825046          NA
[109]          NA          NA 16.73375294 15.00380860 10.52865743          NA
[115]          NA  4.46057978          NA          NA          NA          NA
[121]  4.04054135 14.93975051          NA  3.97176014          NA          NA
[127]          NA  0.70930683          NA          NA          NA          NA
[133]          NA          NA          NA          NA          NA          NA
[139]          NA          NA

$TS
  [1] 49.26651148 48.07105635 48.02503984 43.15509915 41.48961373 38.84798053
  [7] 36.53577474 44.52274923 44.47142489 40.92008282 38.80632641 37.31254258
 [13] 41.44825016 39.80806580 22.80300451 22.56048767 21.15391225 43.74076467
 [19] 42.16015347 40.84490951 37.03068952 32.04812655 36.45193386 35.57294673
 [25] 26.49027385 26.11532327 22.05297113 39.33773311 35.40227107 33.96304176
 [31] 24.30109363 17.14323329 24.32289480 20.00097425 18.63137369 20.95926638
 [37] 20.83798133 33.28955675 33.48861192 22.83453890 15.15529492 19.81405632
 [43] 19.38930603 16.46411563 15.59609672 18.11748816 13.87602051 18.68962722
 [49] 29.48266271 23.02089918 28.14696550  8.37018312  6.96481106  6.26509821
 [55]  5.50094164  5.23199430  4.56379510  0.24097486 15.76170764 16.22617886
 [61] 12.02042898 26.87719880 25.38657845  7.29797229  6.70304597  4.58522044
 [67]  3.88159448  1.48702249  1.39459429  4.32869243  2.64128672  2.45472545
 [73]  0.61767521  0.13832350 11.00603511 10.16742496 25.86158846 21.47261316
 [79] 25.05453841  6.34413281  1.21111923  1.34886770  1.21551420  0.15308017
 [85]  9.78166637  7.07463612  6.52354533  2.80377967 25.19861739 21.25980106
 [91] 15.43419997 18.69816715  7.86764652  4.78990477  6.31189574  0.15266269
 [97] 20.08455388 17.33990626 16.33875169 15.34960497 14.56508440 18.11723993
[103] 18.07979124 13.92914525 14.68123717  7.64047286  7.24689540  6.19226936
[109]  5.99207074  0.63878892 18.32465699 16.30305049 15.35798183  6.64404371
[115]  5.72688332  6.90165777  6.12904216  5.60037999  4.59709145  0.05775383
[121]  5.03439149 14.94275734  5.57442038  4.53341792  2.07482782  3.32719950
[127]  3.17879266  2.41883182  0.76757445  4.22757897  3.27636723  2.44776894
[133]  0.64641033  2.40417899  0.83712512  1.81128961  2.11503096  1.75865615
[139]  0.92161474  0.21273294

$PAR
  [1]  NA   1   1   1   1   1   1   2   3   4   4   4   5   5   7   7   7   9
 [19]   9  10  12  12  13  13  13  13  16  19  24  24  25  25  26  26  26  27
 [37]  27  29  30  31  32  33  33  33  33  34  35  36  38  38  39  41  41  41
 [55]  41  41  41  41  43  44  47  51  51  52  52  54  55  55  55  56  56  56
 [73]  57  58  59  59  62  62  63  64  64  67  69  69  75  75  75  76  77  78
 [91]  78  79  85  86  87  88  89  89  89  89  89  90  90  91  92  93  93  93
[109]  93  93  97  97 102 106 106 107 107 107 107 108 109 113 114 114 115 117
[127] 117 118 119 123 123 126 127 130 130 131 134 134 134 137

$EXTANT
  [1] FALSE FALSE FALSE FALSE FALSE FALSE FALSE FALSE FALSE FALSE FALSE FALSE
 [13] FALSE FALSE FALSE FALSE FALSE FALSE FALSE FALSE FALSE FALSE FALSE FALSE
 [25] FALSE FALSE FALSE FALSE FALSE FALSE FALSE FALSE FALSE FALSE FALSE FALSE
 [37] FALSE FALSE FALSE FALSE  TRUE FALSE FALSE FALSE FALSE FALSE FALSE FALSE
 [49] FALSE FALSE FALSE  TRUE FALSE FALSE  TRUE FALSE  TRUE  TRUE FALSE FALSE
 [61] FALSE FALSE FALSE  TRUE FALSE FALSE  TRUE  TRUE  TRUE  TRUE FALSE FALSE
 [73]  TRUE  TRUE  TRUE  TRUE FALSE FALSE FALSE FALSE FALSE  TRUE  TRUE  TRUE
 [85] FALSE  TRUE FALSE  TRUE FALSE FALSE FALSE FALSE  TRUE FALSE  TRUE  TRUE
 [97] FALSE FALSE FALSE FALSE FALSE FALSE FALSE FALSE FALSE  TRUE FALSE  TRUE
[109]  TRUE  TRUE FALSE FALSE FALSE  TRUE  TRUE FALSE  TRUE  TRUE  TRUE  TRUE
[121] FALSE FALSE  TRUE FALSE  TRUE  TRUE  TRUE FALSE  TRUE  TRUE  TRUE  TRUE
[133]  TRUE  TRUE  TRUE  TRUE  TRUE  TRUE  TRUE  TRUE

