
Birth-death simulation object with 327 species and 103 extant species

Details for some species:

Extinction times (NA means extant)
[1] 42.71447 28.34217 40.50351 40.64556 44.38606 41.13124


Speciation times 
[1] 49.26651 46.67343 44.93541 43.95313 44.48342 43.86416


Species parents (NA for initial)
[1] NA  1  1  1  2  2


Species status (extinct or extant)
[1] "extinct" "extinct" "extinct" "extinct" "extinct" "extinct"


For more details on vector y, try sim$y, with y one of
TE TS PAR EXTANT



$TE
  [1] 42.71446743 28.34216917 40.50350711 40.64555602 44.38606355 41.13124135
  [7] 36.39010330 29.23993819 12.33928301 28.44488247 24.98344724 17.21396288
 [13] 27.23696238 23.67964092 31.11873356 27.21128574 25.16651895 15.60734837
 [19] 13.20371528 12.69816745 15.72884191 22.20549833 17.90261374 27.30400138
 [25] 23.06158354 18.78683663 14.36725349 14.27335079 20.98250895 27.03130658
 [31] 14.90305931 12.14332662 16.97806658  0.62302309 16.51863238 16.53733965
 [37] 10.83889627 14.77562811  5.94776184 29.36000596 14.27357561 21.43715419
 [43] 14.82697183 22.07745078 20.25977694 17.22410009 14.71788489 14.11615296
 [49] 12.44173690 13.08300657 14.49241551 14.26066523 20.19057358 11.57392252
 [55] 12.36418259          NA  0.76432650          NA  4.48279293  2.21106779
 [61] 14.52579523  7.42583510  4.73907397  0.15649215 33.96188919 20.65040098
 [67] 30.05472429 30.28586631 13.13621971 20.35712011 23.01191885 17.79829207
 [73] 15.51611254 13.41767963 14.87788250 24.79308028 14.18240095 18.62310379
 [79] 14.38119291 20.37944874 12.83393234 15.21763262 15.32045767  9.36632802
 [85]          NA 23.45357944 18.97572059 18.45949629 15.86168943 16.07587451
 [91]  2.96866158          NA          NA          NA  3.71616110  5.65468359
 [97]          NA  4.60601458  3.38886761          NA          NA 13.31418879
[103] 14.12098993 12.83596501 14.51896622 19.58102680 20.61452069 12.10581629
[109] 13.98364770 13.57868903 20.83306413 14.81656369 14.09733398 14.49082344
[115] 17.66600894 13.47959392 15.13956530 16.12995150 14.75326185 14.15731704
[121]  9.48397490  4.67375417  5.47305189  6.22168008  6.49830499  3.85074586
[127]          NA          NA          NA  2.40110385  0.60762065          NA
[133]  6.69755582          NA          NA          NA  0.50831532 15.32410592
[139]          NA 15.03922182 11.37820853 16.41997877 13.63604998          NA
[145] 14.53308237 13.60966451 17.35222922 12.88384338 19.59260170 15.00125205
[151] 18.05738801 14.12135988 13.57727584  7.74474581  4.40684566  2.85013629
[157]  2.93779420  0.67444342  0.86817090          NA          NA          NA
[163]          NA          NA          NA  3.52001839  2.03540612          NA
[169]          NA          NA          NA          NA 13.22710870          NA
[175]  6.64396141  3.89475714  2.67165727 13.06400861  7.95648967 10.61678892
[181]          NA  2.62486887          NA          NA  2.72137441 14.31689307
[187] 12.70829710 12.85268054          NA  5.57224898          NA  0.78804828
[193]          NA          NA  1.28962657          NA          NA  8.29138631
[199]          NA          NA  2.44389368          NA  5.85416005          NA
[205]  6.89984960  7.29740137          NA  6.51600597  0.05383015          NA
[211]          NA  2.09686864  4.47394412          NA          NA          NA
[217] 15.80680482 14.60454088 12.84809780  0.83050354          NA  1.62582221
[223]  0.37669888  2.23531821  2.92336051          NA  1.04997236          NA
[229]  5.00091032          NA  7.21282944          NA  2.79868719  0.27642445
[235]  2.77231214          NA  2.99201611  1.18000517          NA  5.80162920
[241]  1.64158457          NA          NA          NA  0.68149466  3.16434045
[247]  0.46969048          NA  0.34529197  2.30971781          NA 14.30687509
[253] 11.75309994  9.67530461  5.61928377          NA  0.30695016  6.96841108
[259]  3.23500071          NA          NA  0.35486317  7.14244565          NA
[265]  1.22703477          NA          NA          NA          NA          NA
[271]  2.10791512          NA          NA          NA  2.56451349  4.58777717
[277]  7.75727287          NA  0.22978813          NA  5.78660507  0.67744295
[283]          NA          NA          NA          NA          NA          NA
[289]          NA  0.90215512          NA          NA  7.61726186          NA
[295]          NA  6.48834470  0.10278297  0.72561447  8.90134380  0.02760304
[301]  8.17389766          NA  1.22664486          NA          NA          NA
[307]          NA          NA  2.14401720          NA  2.01568264          NA
[313]  3.42137727          NA  0.10129333  0.46320452          NA          NA
[319]          NA          NA  1.68643292  5.95786537          NA  0.60614356
[325]          NA          NA          NA

$TS
  [1] 49.26651148 46.67342858 44.93541377 43.95312845 44.48342384 43.86415795
  [7] 38.91472145 34.94254511 40.61962992 43.80585472 33.40761923 33.00256165
 [13] 30.10877611 36.28905072 35.60975648 29.18402224 28.64515140 27.86543145
 [19] 21.59317614 17.12475736 15.80406055 40.89104825 25.17012730 32.80121593
 [25] 30.19568966 24.82595739 17.49098913 27.81563663 30.00776873 27.69019855
 [31] 26.59915593 24.72900753 18.02127459 15.66205929 18.92334854 18.29016232
 [37] 15.46970541 16.68294705 13.61470776 36.17005813 23.97761889 24.04457294
 [43] 32.71846955 30.08798495 26.19304719 24.86416848 24.18365897 17.43971474
 [49] 17.25304267 22.36006281 16.01716884 28.13345380 21.84669631 15.68119814
 [55] 12.58999313  9.47870304  8.84902456  8.66325630  5.66611202  4.06237838
 [61] 17.67878203  7.95054801  6.23271264  5.99262084 34.25002167 32.73981388
 [67] 32.57639312 32.28511984 16.25044730 21.76990961 25.27038731 23.18247582
 [73] 29.67891774 26.11108375 26.09448422 25.76979846 22.52533258 21.53174411
 [79] 17.70972143 22.33747448 19.82922145 19.05794468 16.31268903 14.14480452
 [85] 13.68859290 27.49200829 22.62267099 18.51585405 17.23841820 16.27192824
 [91]  5.84951081  5.78830027  0.69692681  8.54500539  4.79942419  6.33508361
 [97]  6.26056657  6.19157898  5.57988516  2.78016810  2.63882845 14.44608441
[103] 19.98975450 18.20569636 26.65127572 22.30854445 21.33966721 24.71912941
[109] 15.54136204 15.03820660 21.88357928 20.14351241 20.11833805 14.79365673
[115] 20.84165217 16.02217521 18.54867577 18.00586012 17.47171227 16.56842699
[121] 10.78805820  9.15190801  8.46697065  7.90646716  6.82767583  6.16555676
[127]  5.36367169  3.15360157  0.20535481  5.71539054  5.33641094  1.33957516
[133]  8.41876469  6.83139319  5.77477935  2.16231807  0.69493503 17.09495140
[139] 14.50673844 17.00884642 14.02963607 19.20798822 19.13983134 16.69756402
[145] 15.05800900 18.82734738 18.23864593 13.49254019 20.04562258 19.94126098
[151] 19.66001032 18.72185510 18.43629439  9.58501461  6.76783816  6.33822121
[157]  6.63105783  4.24639263  3.52712952  2.73829946  0.06496070  1.23450341
[163]  3.31480130  2.26148516  0.73556822  5.56394487  2.40718555  2.35372215
[169]  1.12638443  0.25713026  2.61651428  0.83423195 16.65817591  9.84921559
[175]  8.21022771  5.30760106 13.39819056 13.18469548 12.82463745 12.06643657
[181] 10.42161141  8.25394304  7.76303881  7.04032084  5.75250785 17.78618747
[187] 13.43104404 17.06511043  6.35032556  6.04946573  4.33166893  3.33283354
[193]  2.25634434  0.25150006  2.00466569  0.07573952  0.53747139  8.61022991
[199]  6.49204402  2.63859879  7.44801605  7.07999132  6.94882215  7.43143965
[205]  9.11675754  8.06810247  9.49994160  8.76456724  8.14696429  7.45701734
[211]  3.96151375  7.42946102  7.04650047  4.55706397  1.82176746  5.23552539
[217] 16.21968778 15.18841608 14.02399171  5.85643088  1.91481682  2.31836164
[223]  1.62226822  5.67344691  2.92814997  2.52925098  1.52482889  1.16977032
[229]  6.83723590  3.70242942  8.87939888  7.79591597  7.37878052  9.35576293
[235]  7.11511237  6.36212698  5.94386507  3.35815679  3.34356550  7.24133390
[241]  4.27608881  3.50145301  3.25486033  2.56262303  5.40896061  4.92506058
[247]  2.98455732  6.04323460  0.90371489  5.06752632  0.96279575 14.66596386
[253] 13.52529242 12.93951581  6.12830807  3.14601999  1.61519334  7.25039973
[259]  5.66544107  2.62221949  4.10947050  8.44372320  7.96355679  6.72717313
[265]  6.11591121  5.81192651  4.84009888  2.76690150  3.47954181  0.62197380
[271]  3.15932838  1.38400997  0.77163033  0.87828868 11.04980468 10.11429437
[277]  9.86547153  1.65414405  1.11322277  0.98120126  6.13262005  5.67757249
[283]  2.82001613  2.79924171  5.77432679  3.33333526  1.85269830  0.76270045
[289]  0.44759395  3.07893558  3.13757597  0.28487478  8.13101891  6.15019652
[295]  3.85701460  7.78940196  6.86676386  5.81458307  9.74917259  9.36978253
[301]  8.44480911  0.67168781  2.28277500  1.04069224  1.18292385  2.93679935
[307]  1.45393737  0.80924790  2.41389995  1.72501099  3.72406429  5.68992199
[313]  3.98655052  7.41783834  1.43535375  2.02544355  1.74686663  0.48824274
[319]  0.67922465  0.07280957  7.36502929  6.39692778  2.63652620  1.09208715
[325]  0.77369302  4.58483671  3.25310913

$PAR
  [1]  NA   1   1   1   2   2   2   2   3   6   8   8   8   9   9   9   9   9
 [19]   9   9   9  10  11  12  12  12  12  13  14  14  14  18  18  18  19  19
 [37]  19  20  20  22  22  23  24  25  25  25  26  27  27  28  28  29  31  31
 [55]  34  34  34  34  34  34  35  39  39  39  40  40  40  40  41  42  43  43
 [73]  44  44  45  45  46  46  46  47  47  47  49  49  50  52  52  52  52  52
 [91]  56  56  56  57  57  58  58  58  58  64  64  69  72  72  73  73  73  74
[109]  74  75  77  77  77  77  78  79  81  82  82  82  84  85  85  85  85  85
[127]  85  85  85  91  91  92  94  94  96  97  97 103 103 104 104 105 105 105
[145] 105 108 108 108 112 113 113 115 117 121 122 122 123 126 127 127 127 128
[163] 131 131 132 134 134 134 134 134 135 135 138 139 139 139 141 141 141 144
[181] 144 144 144 144 144 147 148 150 157 157 157 157 160 160 163 163 165 174
[199] 174 174 175 175 175 177 179 179 181 181 181 181 181 182 182 183 183 184
[217] 186 186 188 190 192 199 200 202 202 202 202 202 203 204 205 205 206 207
[235] 207 207 207 207 207 210 210 210 211 211 212 212 212 213 215 216 216 218
[253] 219 219 229 230 230 232 232 232 233 234 234 235 235 236 236 236 246 247
[271] 248 248 248 251 254 254 254 260 260 260 262 262 262 264 265 265 265 266
[289] 267 269 271 274 275 275 275 276 276 276 277 277 277 278 284 284 285 291
[307] 291 291 294 294 297 298 298 300 300 306 306 307 308 310 314 314 314 316
[325] 317 321 321

$EXTANT
  [1] FALSE FALSE FALSE FALSE FALSE FALSE FALSE FALSE FALSE FALSE FALSE FALSE
 [13] FALSE FALSE FALSE FALSE FALSE FALSE FALSE FALSE FALSE FALSE FALSE FALSE
 [25] FALSE FALSE FALSE FALSE FALSE FALSE FALSE FALSE FALSE FALSE FALSE FALSE
 [37] FALSE FALSE FALSE FALSE FALSE FALSE FALSE FALSE FALSE FALSE FALSE FALSE
 [49] FALSE FALSE FALSE FALSE FALSE FALSE FALSE  TRUE FALSE  TRUE FALSE FALSE
 [61] FALSE FALSE FALSE FALSE FALSE FALSE FALSE FALSE FALSE FALSE FALSE FALSE
 [73] FALSE FALSE FALSE FALSE FALSE FALSE FALSE FALSE FALSE FALSE FALSE FALSE
 [85]  TRUE FALSE FALSE FALSE FALSE FALSE FALSE  TRUE  TRUE  TRUE FALSE FALSE
 [97]  TRUE FALSE FALSE  TRUE  TRUE FALSE FALSE FALSE FALSE FALSE FALSE FALSE
[109] FALSE FALSE FALSE FALSE FALSE FALSE FALSE FALSE FALSE FALSE FALSE FALSE
[121] FALSE FALSE FALSE FALSE FALSE FALSE  TRUE  TRUE  TRUE FALSE FALSE  TRUE
[133] FALSE  TRUE  TRUE  TRUE FALSE FALSE  TRUE FALSE FALSE FALSE FALSE  TRUE
[145] FALSE FALSE FALSE FALSE FALSE FALSE FALSE FALSE FALSE FALSE FALSE FALSE
[157] FALSE FALSE FALSE  TRUE  TRUE  TRUE  TRUE  TRUE  TRUE FALSE FALSE  TRUE
[169]  TRUE  TRUE  TRUE  TRUE FALSE  TRUE FALSE FALSE FALSE FALSE FALSE FALSE
[181]  TRUE FALSE  TRUE  TRUE FALSE FALSE FALSE FALSE  TRUE FALSE  TRUE FALSE
[193]  TRUE  TRUE FALSE  TRUE  TRUE FALSE  TRUE  TRUE FALSE  TRUE FALSE  TRUE
[205] FALSE FALSE  TRUE FALSE FALSE  TRUE  TRUE FALSE FALSE  TRUE  TRUE  TRUE
[217] FALSE FALSE FALSE FALSE  TRUE FALSE FALSE FALSE FALSE  TRUE FALSE  TRUE
[229] FALSE  TRUE FALSE  TRUE FALSE FALSE FALSE  TRUE FALSE FALSE  TRUE FALSE
[241] FALSE  TRUE  TRUE  TRUE FALSE FALSE FALSE  TRUE FALSE FALSE  TRUE FALSE
[253] FALSE FALSE FALSE  TRUE FALSE FALSE FALSE  TRUE  TRUE FALSE FALSE  TRUE
[265] FALSE  TRUE  TRUE  TRUE  TRUE  TRUE FALSE  TRUE  TRUE  TRUE FALSE FALSE
[277] FALSE  TRUE FALSE  TRUE FALSE FALSE  TRUE  TRUE  TRUE  TRUE  TRUE  TRUE
[289]  TRUE FALSE  TRUE  TRUE FALSE  TRUE  TRUE FALSE FALSE FALSE FALSE FALSE
[301] FALSE  TRUE FALSE  TRUE  TRUE  TRUE  TRUE  TRUE FALSE  TRUE FALSE  TRUE
[313] FALSE  TRUE FALSE FALSE  TRUE  TRUE  TRUE  TRUE FALSE FALSE  TRUE FALSE
[325]  TRUE  TRUE  TRUE

