
Birth-death simulation object with 280 species and 105 extant species

Details for some species:

Extinction times (NA means extant)
[1] 28.35568 44.65762 35.60006 45.10868 37.35940 16.63760


Speciation times 
[1] 49.26651 46.27761 41.20717 45.22874 40.41884 37.42718


Species parents (NA for initial)
[1] NA  1  1  2  3  3


Species status (extinct or extant)
[1] "extinct" "extinct" "extinct" "extinct" "extinct" "extinct"


For more details on vector y, try sim$y, with y one of
TE TS PAR EXTANT



$TE
  [1] 28.3556779 44.6576229 35.6000635 45.1086813 37.3594024 16.6376027
  [7] 38.0690742 14.7587991 24.4734708 29.8316826 15.4686213 35.8547310
 [13] 21.4392417 33.6289955 18.2188768 12.4737307 34.9691093 33.9082728
 [19] 18.9374186 28.8347211 27.7967181 24.3602830 18.2534935 26.2993356
 [25] 28.6631589  6.3740337 15.9410460 11.3994330 31.3792106 29.4719735
 [31] 15.3617283 14.9931258 31.9109169 20.1469214 14.3620810 24.7330813
 [37] 17.0039701 17.4039344  0.6524838 15.2331968 28.8316166 26.4789279
 [43] 19.2824700 14.8535203 24.8675914 17.3535883 19.5488448  0.6577995
 [49]         NA 16.9951783 13.7140420 12.0879723 14.3708591 13.1237857
 [55] 15.8429561 19.6876085 15.2944706 13.6206763 10.7050747 15.4681652
 [61]  4.3014466 15.3357089 25.0672421 20.7676419 11.9401115 15.1860449
 [67] 17.4495238 23.1144587 20.6003895 20.3517259 14.8866254 15.0099263
 [73] 13.5763429 15.0732269 11.8198486 11.8196878         NA  8.0307222
 [79]  2.2153583  8.1416960  2.2654186  4.4758865  7.5301339  5.9160134
 [85]         NA         NA 14.4188485 11.2826608  3.6571689 15.5898376
 [91] 15.4723823 13.7997272  9.8875022 19.2993738 15.5761702 10.3493264
 [97] 17.3844260 13.6060532 15.0597810 14.0411173         NA 12.9782072
[103] 13.9994672 17.3370856 19.2827165 17.4942133 11.9964255 14.2855954
[109] 11.4730731  4.8287513  5.1201290         NA         NA         NA
[115]         NA         NA         NA  2.6714159         NA         NA
[121]  2.5858752         NA         NA         NA         NA         NA
[127]         NA 11.7554416  9.8667597 18.4163792 14.2678232 18.1397950
[133] 19.0206211 14.9831942 16.6064828  3.6347225         NA         NA
[139] 14.6555257 13.7951018 13.9836382 12.1451795 16.4573999 13.4854813
[145] 12.0974693  2.9273553         NA  5.6096942  1.7851703  5.8405654
[151]         NA  4.7523567         NA  3.7448593         NA         NA
[157]         NA         NA         NA         NA         NA         NA
[163]         NA  0.1547205         NA         NA         NA  3.7321771
[169]         NA  0.6416204         NA         NA         NA         NA
[175]  6.5767332         NA         NA         NA         NA  3.7792877
[181]         NA         NA         NA         NA  2.5007829         NA
[187] 11.0998768 17.7339147 11.3327615         NA 14.6654857 16.7782577
[193] 16.9333428 14.8284747 14.6270853 15.7932425         NA         NA
[199]  4.0305619         NA         NA  0.8883399         NA  1.6934702
[205]  0.2987174         NA         NA         NA         NA         NA
[211]         NA 11.1433288         NA         NA  4.9588330  3.2065895
[217]         NA  2.1235357  2.7943660  0.2023307         NA         NA
[223]         NA         NA         NA         NA         NA  0.8062985
[229] 13.1508912 14.5581077         NA  4.9491185         NA         NA
[235]         NA  2.8760411         NA  2.5874396  1.4398210         NA
[241]         NA  4.7267497         NA  1.8768039         NA         NA
[247]  4.2386537         NA         NA         NA 13.5010782         NA
[253]  1.5969729         NA  3.8970987  2.9908419         NA  1.8871943
[259]         NA         NA         NA  0.6542902         NA         NA
[265]         NA         NA         NA  3.5576565         NA  2.8715385
[271]         NA         NA  4.5746526         NA  3.6997427         NA
[277]         NA         NA         NA         NA

$TS
  [1] 49.2665115 46.2776059 41.2071712 45.2287386 40.4188352 37.4271764
  [7] 39.8790855 37.6965977 36.0712721 31.8279493 26.9392039 36.8937432
 [13] 36.4154749 35.6223775 23.6859956 21.3353581 35.8228819 34.5321063
 [19] 33.3737880 36.1698544 30.7235630 26.5093425 23.9789366 34.8361517
 [25] 33.8735925 19.1983406 19.7966599 28.8712037 33.4481046 29.6754526
 [31] 25.2655590 22.6984332 32.3703749 27.6297621 27.0560420 31.5875734
 [37] 18.4448421 17.4194927  6.4149788 19.2009933 28.8335458 28.3050189
 [43] 28.1732628 28.1594660 27.2008181 23.8218083 21.3559345 19.3908785
 [49] 11.8962075 17.4549447 16.9871656 15.5255861 16.8254837 22.9564284
 [55] 22.4712152 21.7298977 16.2468757 15.3434424 15.0568755 17.3021806
 [61]  5.5043208 17.7455448 27.0070309 25.9747683 21.8140431 18.2017348
 [67] 26.3819550 26.2876889 22.0573608 21.6769152 20.6709969 18.1643977
 [73] 16.1616680 15.6190092 12.6563706 12.3947189 11.2595317 10.9564316
 [79]  9.4561255  9.0379884  8.4538897  6.5745220  8.5167507  8.0577235
 [85]  7.8832095  4.6249698 15.0349869 14.0547355 13.8088495 16.0231998
 [91] 18.0229800 14.0212963 13.6057045 21.6660781 17.0988414 16.4959735
 [97] 25.5429533 18.6348130 16.7869905 15.5070872 23.7744862 20.0438989
[103] 18.1482744 21.1240251 20.3995001 20.3793112 19.7251583 14.5756336
[109] 12.4365373 10.1961507  9.6890444  8.3177078  6.6327412  0.1511523
[115]  7.3168510  5.5929706  2.6874261  4.8834164  8.5099530  6.3214496
[121]  3.0018127  1.3693123 13.2236937 10.0055441  8.1909041  6.3118516
[127]  6.1066548 13.5979900 10.4307667 20.4746065 20.3280995 24.1796195
[133] 21.9993204 20.2957046 19.3072459  4.7113415  4.0206785  2.2132904
[139] 18.0710600 16.2349557 16.1734084 17.4551964 19.5343605 15.6326131
[145] 14.5678322  8.0740206  7.4698851  8.9629887  6.1850683  7.9192485
[151]  7.6404257  6.9057212  4.2116360  4.0108033  3.6742971  1.0799047
[157]  0.7832260  3.1001454  6.9919884  4.7219041  3.7598296  3.6146900
[163]  2.3981897  1.4574114  1.2700727  5.8932623  5.2777907  5.0860715
[169]  0.3766944 12.5148972  8.9823114  8.5660814  2.7172339  0.2565282
[175]  9.2298539  7.5806217  6.1949680  1.9406718  1.0667930  8.0728732
[181]  5.5421759  0.5429090  0.1458046  5.7113131  4.1605063  0.6402857
[187] 12.4634985 19.7153829 20.7670396  0.8541804 17.9443641 17.6803959
[193] 17.1351948 16.6603385 15.0953551 17.2308581  3.3530037  7.0454913
[199]  6.2829867  7.5288646  5.6963538  3.1887151  0.4229036  3.6025202
[205]  1.3478296  2.8667918  0.5174326  4.1991920  3.5220103  4.0341744
[211]  4.6510304 11.8850197  5.8381198  4.5107595  8.6992131  7.9591479
[217]  6.0900036  5.2991149  4.5309719  6.5993264  1.6675818  0.6949692
[223]  5.1891780  1.5538236  0.1162825  7.4499656  1.5256500  2.1832668
[229] 15.5360980 15.1431600  6.1412536  6.6396748  5.6107133  3.1377009
[235]  0.3569489  3.7743490  1.7462927  3.6306738  6.8382808  6.2001248
[241]  6.3470747  5.7494535  2.1962645  2.4524156  3.5535152  0.2598651
[247]  4.3059615  4.2257694  3.6200957  1.1990571 13.5977340  5.1629568
[253]  3.8843713  0.1636174  6.7291979  6.2196852  3.2653348  5.1588947
[259]  3.1405702  0.6124128  1.5540353  1.0887287  1.9369806  5.0728299
[265]  1.0315108  0.4722805  0.3596604  5.0753101  5.0189891  3.0502056
[271]  1.6193982  0.7519850  4.6331625  0.2140628  4.6872177  2.6826057
[277]  0.5838251  1.6785251  0.6331368  0.0502848

$PAR
  [1]  NA   1   1   2   3   3   5   5   6   6   6   8   8   8   8   8   9   9
 [19]   9  13  13  13  13  14  14  15  16  19  20  20  22  23  24  24  24  25
 [37]  26  26  26  27  28  28  28  28  28  28  28  28  28  31  31  31  32  34
 [55]  34  35  35  35  35  37  39  40  42  44  44  44  45  45  46  46  47  48
 [73]  48  48  48  48  48  48  48  48  48  48  49  49  49  49  51  51  51  53
 [91]  54  54  54  55  55  60  64  65  66  66  67  67  67  70  71  71  71  73
[109]  75  77  77  77  77  77  79  81  81  82  83  85  86  86  89  89  89  89
[127]  89  93  93  94  94  97  97  97  97 101 101 101 103 103 103 104 105 107
[145] 108 110 110 111 111 112 112 112 112 112 112 112 112 113 115 115 115 115
[163] 115 115 116 119 119 119 120 123 123 123 123 123 124 124 124 124 124 125
[181] 126 126 126 127 127 127 128 130 132 138 139 139 139 139 140 143 146 148
[199] 148 151 151 151 151 153 153 155 157 160 162 166 168 170 170 170 171 171
[217] 171 171 171 175 176 176 177 178 178 180 181 184 191 191 198 200 200 204
[235] 206 208 211 213 215 215 216 216 217 218 219 222 223 223 223 224 229 233
[253] 233 233 239 239 239 240 240 240 241 243 245 252 252 252 252 256 256 258
[271] 259 262 264 267 269 269 271 276 276 276

$EXTANT
  [1] FALSE FALSE FALSE FALSE FALSE FALSE FALSE FALSE FALSE FALSE FALSE FALSE
 [13] FALSE FALSE FALSE FALSE FALSE FALSE FALSE FALSE FALSE FALSE FALSE FALSE
 [25] FALSE FALSE FALSE FALSE FALSE FALSE FALSE FALSE FALSE FALSE FALSE FALSE
 [37] FALSE FALSE FALSE FALSE FALSE FALSE FALSE FALSE FALSE FALSE FALSE FALSE
 [49]  TRUE FALSE FALSE FALSE FALSE FALSE FALSE FALSE FALSE FALSE FALSE FALSE
 [61] FALSE FALSE FALSE FALSE FALSE FALSE FALSE FALSE FALSE FALSE FALSE FALSE
 [73] FALSE FALSE FALSE FALSE  TRUE FALSE FALSE FALSE FALSE FALSE FALSE FALSE
 [85]  TRUE  TRUE FALSE FALSE FALSE FALSE FALSE FALSE FALSE FALSE FALSE FALSE
 [97] FALSE FALSE FALSE FALSE  TRUE FALSE FALSE FALSE FALSE FALSE FALSE FALSE
[109] FALSE FALSE FALSE  TRUE  TRUE  TRUE  TRUE  TRUE  TRUE FALSE  TRUE  TRUE
[121] FALSE  TRUE  TRUE  TRUE  TRUE  TRUE  TRUE FALSE FALSE FALSE FALSE FALSE
[133] FALSE FALSE FALSE FALSE  TRUE  TRUE FALSE FALSE FALSE FALSE FALSE FALSE
[145] FALSE FALSE  TRUE FALSE FALSE FALSE  TRUE FALSE  TRUE FALSE  TRUE  TRUE
[157]  TRUE  TRUE  TRUE  TRUE  TRUE  TRUE  TRUE FALSE  TRUE  TRUE  TRUE FALSE
[169]  TRUE FALSE  TRUE  TRUE  TRUE  TRUE FALSE  TRUE  TRUE  TRUE  TRUE FALSE
[181]  TRUE  TRUE  TRUE  TRUE FALSE  TRUE FALSE FALSE FALSE  TRUE FALSE FALSE
[193] FALSE FALSE FALSE FALSE  TRUE  TRUE FALSE  TRUE  TRUE FALSE  TRUE FALSE
[205] FALSE  TRUE  TRUE  TRUE  TRUE  TRUE  TRUE FALSE  TRUE  TRUE FALSE FALSE
[217]  TRUE FALSE FALSE FALSE  TRUE  TRUE  TRUE  TRUE  TRUE  TRUE  TRUE FALSE
[229] FALSE FALSE  TRUE FALSE  TRUE  TRUE  TRUE FALSE  TRUE FALSE FALSE  TRUE
[241]  TRUE FALSE  TRUE FALSE  TRUE  TRUE FALSE  TRUE  TRUE  TRUE FALSE  TRUE
[253] FALSE  TRUE FALSE FALSE  TRUE FALSE  TRUE  TRUE  TRUE FALSE  TRUE  TRUE
[265]  TRUE  TRUE  TRUE FALSE  TRUE FALSE  TRUE  TRUE FALSE  TRUE FALSE  TRUE
[277]  TRUE  TRUE  TRUE  TRUE

