
Birth-death simulation object with 388 species and 134 extant species

Details for some species:

Extinction times (NA means extant)
[1] 35.47881 21.57646 33.47324 29.10429 19.74172 15.82558


Speciation times 
[1] 49.26651 39.62022 36.31541 35.03780 34.88931 32.84730


Species parents (NA for initial)
[1] NA  1  1  2  2  2


Species status (extinct or extant)
[1] "extinct" "extinct" "extinct" "extinct" "extinct" "extinct"


For more details on vector y, try sim$y, with y one of
TE TS PAR EXTANT



$TE
  [1] 35.4788120 21.5764624 33.4732441 29.1042915 19.7417182 15.8255819
  [7] 30.0703074 18.2550935 13.1867840  2.4747826         NA 30.2039756
 [13] 19.1588053 20.7135641 17.9496811 13.2516163 19.5469586 23.4601369
 [19] 28.1447610 21.4679719 15.1744909 19.1463980 15.9559454 11.6513213
 [25] 22.2168449 18.7655809 14.0865207 20.1466860 15.0581545         NA
 [31] 31.0112525 27.7677964 20.3449746 12.0303554 19.3538607 15.3510270
 [37] 14.4751349 14.3274758 10.8297795  7.8157371 26.8869263 26.3573619
 [43] 16.9322073         NA 15.3696493 14.3967232 11.3050877 28.8218877
 [49] 15.8701414 13.2423213  8.2469147 18.3318078 13.0595803 18.6325298
 [55]         NA         NA         NA 24.6691207 19.2448292 13.5356436
 [61] 15.3478901 13.4908265 12.9059620 11.1849912  7.0783885 26.3836284
 [67] 12.4446839 11.6686796 15.7065178 16.6370070 12.4258065         NA
 [73] 14.9661402 14.8736910  1.4902865         NA         NA 13.5512151
 [79] 12.6626745 11.0635898 11.8873866 10.7035593 15.5317408 14.6607758
 [85]  9.1419595  6.2763435 15.8120275 14.8798401 26.6536939 25.6366332
 [91] 17.6097691 16.5350822         NA 13.2332714         NA  6.7726908
 [97] 14.6101869  5.0623200  7.6622568         NA 14.1136679 19.0239108
[103] 10.5178616 15.2231250 11.1745719         NA         NA 12.3767278
[109] 17.8478489 14.7727209 14.0241425 12.0255490 22.8977675 25.9162463
[115] 24.1682838 14.5896730 21.5835120 14.3283038 11.2515718 16.8489817
[121] 21.3738401 20.7472070 20.9671107 14.1082164 15.0231288 12.3144331
[127]         NA  2.7566789         NA         NA         NA         NA
[133]  5.0501337         NA         NA  8.2852893  6.0199823         NA
[139]         NA         NA 14.9456344 13.9739306 13.3480281         NA
[145]  5.5914666         NA 10.8205066 21.8889218 14.5305952 12.2439726
[151] 12.3856778 23.4284371 16.5904350 12.5786339 14.5755899 12.5771304
[157]  2.0267547 19.4295352 11.4601549 13.0015951 18.2723035 10.7481931
[163] 13.3078844 18.2979267         NA 15.7499314         NA         NA
[169]         NA  0.5439900         NA  1.7860014  3.6974320         NA
[175]         NA         NA         NA         NA         NA  1.1630795
[181]         NA 11.6843696 11.1667998 14.8048953 16.8009424 14.6102366
[187] 18.6771617  1.7372972  5.8062209 14.5656189 16.6632581 15.7846631
[193] 13.9287420  6.0399078 18.4868977 16.9520675  2.2241527 11.7824970
[199]  7.9406851  3.0104519  1.9781629 15.1836250  6.8154593  4.8990162
[205]         NA         NA         NA  3.3428391  2.6239440         NA
[211]         NA         NA  9.0688269 14.4098896 18.9755232 18.9499767
[217]  2.4776106 15.1280038  0.4103288 15.1612401 14.0041524  2.6343691
[223]  2.1904936  3.1800176  5.4699116 14.9409980         NA         NA
[229]  2.8263956         NA         NA  0.6377040  9.7987290  6.0980651
[235]  7.7907583         NA         NA  0.9947918 13.3817721         NA
[241]         NA 12.9860652 15.3149844 14.1480108 14.0164340         NA
[247]         NA 12.0482771  7.9818741         NA         NA         NA
[253]  2.4455190         NA         NA         NA 13.9893690 13.7082731
[259]         NA         NA         NA  0.7932906         NA         NA
[265]         NA  2.4772785         NA         NA         NA  2.7839798
[271]         NA         NA  4.1463668  3.3157525  6.5872867         NA
[277]  4.8319534         NA         NA         NA         NA 14.0771935
[283] 12.2292541         NA 12.0246116         NA  1.7039139         NA
[289]  0.6442877         NA         NA  4.2960844         NA         NA
[295] 15.0984510 14.4161092 10.8054747 13.0139519         NA         NA
[301]         NA  1.2513224         NA  3.5438492         NA         NA
[307]         NA         NA         NA  8.0412323         NA  6.5415319
[313]  4.5327136         NA  4.6946187         NA  2.7046180  4.6891062
[319]  1.7752486         NA         NA  4.5286926         NA  4.0272150
[325]         NA  0.4173740         NA 12.2736551  1.8955489         NA
[331]  1.2498783 10.5751821         NA         NA         NA         NA
[337]         NA         NA         NA  4.0028242  0.4729287  0.6768215
[343]  3.8763442  1.7532722  4.1511667         NA         NA         NA
[349]         NA  1.3219795  3.1609857         NA         NA         NA
[355]  0.8903479  3.9635127         NA  5.5050085  1.9678696  5.8524272
[361]         NA         NA         NA         NA         NA         NA
[367]         NA  3.5357231  0.3973121  2.7184898         NA  3.3226844
[373]  6.6750221  3.1515681         NA  3.3149213  4.1167081         NA
[379]  3.4528563  0.0129783         NA         NA         NA         NA
[385]         NA         NA         NA         NA

$TS
  [1] 49.26651148 39.62022406 36.31541402 35.03779851 34.88930736 32.84730218
  [7] 32.46935746 27.61957879 25.69396649 22.12859161 33.74007816 32.66122107
 [13] 30.28129405 26.63353404 24.58530576 23.24779087 22.22833850 31.57264843
 [19] 29.69762748 24.09496192 22.75016237 20.62565193 19.41332574 18.50019509
 [25] 25.27701159 23.40898157 20.83807528 21.75656448 17.17144349  7.91942666
 [31] 31.01821912 30.65580490 27.67877787 22.92754745 22.18170870 16.88793333
 [37] 15.29789908 14.70763995 11.64096693  9.69694093 32.40892775 26.47845020
 [43] 19.19063006 18.37436699 21.21742028 19.32397797 17.94021018 29.63902351
 [49] 24.82708178 18.24072767 13.20617803 19.28989839 14.87949323 20.99290283
 [55]  3.87423829  2.76707278  0.57223243 26.07583400 22.44607083 21.25623476
 [61] 15.76749136 14.36893081 13.13827487 12.61990726 30.74037971 30.63053053
 [67] 17.98483383 12.95404742 15.76159272 17.16690300 15.24000965 13.06805972
 [73] 19.92574503 17.41260235  8.51107528  1.30743838  0.59354606 16.73260850
 [79] 15.95487210 12.51286500 12.33305388 11.68300322 24.06870853 18.25719788
 [85] 15.50598888  8.68000782 28.80850876 27.93690870 27.89456469 26.93279532
 [91] 26.83226311 17.97947808 15.88424759 14.49083257  7.84633469  7.48815755
 [97] 15.29246414  6.49776560 12.15200962 12.09784258 22.91371253 19.81644848
[103] 17.79855985 16.53027378 15.71727774  7.06850754  6.82810362 27.21774763
[109] 25.22232258 20.17872541 18.26797917 16.76211239 27.42508407 27.16062978
[115] 26.66378714 26.41529910 23.39832637 20.67126786 19.25205695 17.45746204
[121] 24.82891715 23.75177322 23.74193160 20.00535663 19.20843178 14.21092943
[127]  6.82686688  3.31451413  2.21100715  5.70274419  5.35770986  3.82911982
[133]  6.79584855  8.82875323  7.73266254  9.22845328  8.43108192  8.36446186
[139]  3.26214801  0.22147318 16.55824612 14.92154020 17.60331922  0.82722239
[145]  5.98184565  0.05989809 24.07363128 23.97727359 18.62098355 12.52024189
[151] 12.42671169 24.61126855 18.36127145 17.17311945 14.94298279 15.44183733
[157] 13.07640491 24.61257097 21.55572055 20.28212188 19.03877302 15.65408193
[163] 14.29525659 22.88516419 16.67420695 18.28222197 15.86413095  6.02321320
[169]  0.59513475  2.24226303  2.81989687  5.65878296  5.55619648  4.18953571
[175]  3.91341906  7.04888479  5.97576891  8.21586541  4.31996269  2.33177251
[181]  0.81967416 15.88139277 14.26133483 18.07369980 17.36671752 15.21846028
[187] 23.84922249  8.21989697  6.61799585 22.41406440 20.70494305 20.61022764
[193] 18.53166696 12.34797664 20.67046448 20.53515452 18.79161065 13.12676651
[199] 10.84226912  9.98237774  6.18668427 17.89552320  7.32227837  5.98307966
[205]  2.05717155  2.19338995  0.85082452  5.52750929  6.54254668  6.10300577
[211]  5.36096366  0.75730834 11.17588955 17.95094763 21.34368401 20.82089424
[217]  2.78795718 15.82261465 18.38598820 16.24577699 14.18594487 13.94154312
[223]  9.41147726  8.37770761  6.11337214 18.67203314 10.13490377  9.50531364
[229]  7.78020267  6.79209898  6.61823599 10.34493941 10.31879480  9.34098837
[235]  8.95719593  7.29142081  4.51865303  3.74461560 16.13110253  5.62896280
[241]  1.38657060 17.35333462 15.62008347 16.62861703 14.31752111  2.67661046
[247]  2.62285137 15.96169327 11.06591150  4.94194493  3.74414272  9.26298881
[253]  9.01101898  3.33183437  5.00470299  4.58363765 17.47452392 16.82726730
[259]  1.52161300  8.79782859  3.95992325  2.75206192  2.49262162  7.20589131
[265]  4.15058520  5.50711882  3.03964863  6.32451885  0.74684958  9.58547444
[271]  8.59384372  6.85426748  6.41407330  4.88599857  7.74203051  6.12301057
[277]  5.96281128  3.17789964  3.96272129  0.42486270  4.63718721 16.02762426
[283] 15.38472525  0.39167626 12.65411301  3.28139079  3.26235695  0.95141822
[289]  4.94415327  3.40484856  2.66187702  6.27379438  3.81556775  1.37495262
[295] 15.85736539 15.81896370 14.09910065 15.73380487  0.71082697  4.90648634
[301]  0.90396382  1.69919049  6.55228327  6.32860444  2.61219720  2.26833611
[307]  4.35918823  4.21717182  3.10225470  8.77590643  8.24330609  7.20749076
[313]  5.62375131  8.26269623  5.92078227  4.94233051  3.63158760  5.87933138
[319]  3.80547602  0.10863602  6.19736797  4.70766366  5.49391528  5.28798240
[325]  0.58855644  2.12645957  4.54044465 12.87926673  2.65969624  0.11757524
[331]  3.37989980 10.90355892  5.90118095  0.74628130  1.16276011  0.41099160
[337]  0.80424693  0.76680061  8.50378642  8.25369319  2.31783489  0.76040377
[343]  5.01545105  5.40297137  4.25337622  0.28208793  5.87785299  4.43468206
[349]  0.72305513  4.77201720  4.24912828  1.67432210  5.86378334  0.06747675
[355]  7.82102227  6.71557567  5.88399126  5.82334336  2.62609070  7.66432872
[361]  6.67041410  4.88075612  1.92333205  0.66858933  3.88525047  3.60352287
[367]  2.36800322  5.36946010  1.88995890  6.33099183  0.14204973  7.59378754
[373]  7.03742442  6.23428122  3.10768372  4.37332312  6.43167767  5.93520714
[379]  5.55425204  4.53049285  4.80110953  3.80231971  3.07495419  0.76159113
[385]  2.60521026  0.69722164  0.23792832  0.34119635

$PAR
  [1]  NA   1   1   2   2   2   2   2   2   2   3   5   5   5   5   5   5   6
 [19]   6   6   6   6   8   8   9   9   9  10  10  10  11  11  11  11  11  11
 [37]  11  11  11  11  12  13  15  15  16  16  16  18  18  24  24  26  27  28
 [55]  30  30  30  33  34  34  34  34  34  34  41  41  43  44  45  46  46  47
 [73]  49  49  51  55  56  60  60  64  64  64  65  65  65  65  66  66  66  66
 [91]  66  67  67  67  72  72  73  75  81  81  83  83  83  83  84  86  86  87
[109]  87  87  87  87  88  88  88  88  88  88  88  88  91  91  91  91  91  93
[127]  93  93  93  95  95  95  96  99  99 100 100 100 100 100 101 101 103 106
[145] 107 107 108 108 108 108 108 109 110 111 111 112 112 115 116 116 118 118
[163] 119 122 124 125 125 127 129 130 132 134 134 134 134 135 135 138 138 138
[181] 138 141 143 149 149 149 152 157 157 158 158 159 159 159 164 164 164 165
[199] 165 165 165 166 167 167 167 168 171 173 176 176 176 177 183 184 187 187
[217] 188 190 193 193 193 193 194 194 194 196 197 197 197 197 197 199 199 199
[235] 199 200 201 201 202 209 211 214 214 219 219 219 219 220 222 222 222 223
[253] 223 223 224 224 226 226 227 228 228 228 228 229 229 230 230 231 231 232
[271] 232 232 232 232 234 236 236 236 237 237 240 242 242 247 248 250 251 251
[289] 252 252 252 253 253 255 257 257 257 258 259 260 262 263 264 264 267 267
[307] 268 268 268 270 270 270 270 271 271 271 271 272 272 272 273 273 276 276
[325] 278 279 281 283 290 290 293 297 303 305 307 308 309 309 310 310 311 311
[343] 314 315 316 316 321 321 321 323 324 331 333 334 339 339 339 339 339 340
[361] 340 344 347 347 350 350 350 353 355 356 357 360 360 360 362 370 372 374
[379] 377 377 378 380 380 380 381 384 385 386

$EXTANT
  [1] FALSE FALSE FALSE FALSE FALSE FALSE FALSE FALSE FALSE FALSE  TRUE FALSE
 [13] FALSE FALSE FALSE FALSE FALSE FALSE FALSE FALSE FALSE FALSE FALSE FALSE
 [25] FALSE FALSE FALSE FALSE FALSE  TRUE FALSE FALSE FALSE FALSE FALSE FALSE
 [37] FALSE FALSE FALSE FALSE FALSE FALSE FALSE  TRUE FALSE FALSE FALSE FALSE
 [49] FALSE FALSE FALSE FALSE FALSE FALSE  TRUE  TRUE  TRUE FALSE FALSE FALSE
 [61] FALSE FALSE FALSE FALSE FALSE FALSE FALSE FALSE FALSE FALSE FALSE  TRUE
 [73] FALSE FALSE FALSE  TRUE  TRUE FALSE FALSE FALSE FALSE FALSE FALSE FALSE
 [85] FALSE FALSE FALSE FALSE FALSE FALSE FALSE FALSE  TRUE FALSE  TRUE FALSE
 [97] FALSE FALSE FALSE  TRUE FALSE FALSE FALSE FALSE FALSE  TRUE  TRUE FALSE
[109] FALSE FALSE FALSE FALSE FALSE FALSE FALSE FALSE FALSE FALSE FALSE FALSE
[121] FALSE FALSE FALSE FALSE FALSE FALSE  TRUE FALSE  TRUE  TRUE  TRUE  TRUE
[133] FALSE  TRUE  TRUE FALSE FALSE  TRUE  TRUE  TRUE FALSE FALSE FALSE  TRUE
[145] FALSE  TRUE FALSE FALSE FALSE FALSE FALSE FALSE FALSE FALSE FALSE FALSE
[157] FALSE FALSE FALSE FALSE FALSE FALSE FALSE FALSE  TRUE FALSE  TRUE  TRUE
[169]  TRUE FALSE  TRUE FALSE FALSE  TRUE  TRUE  TRUE  TRUE  TRUE  TRUE FALSE
[181]  TRUE FALSE FALSE FALSE FALSE FALSE FALSE FALSE FALSE FALSE FALSE FALSE
[193] FALSE FALSE FALSE FALSE FALSE FALSE FALSE FALSE FALSE FALSE FALSE FALSE
[205]  TRUE  TRUE  TRUE FALSE FALSE  TRUE  TRUE  TRUE FALSE FALSE FALSE FALSE
[217] FALSE FALSE FALSE FALSE FALSE FALSE FALSE FALSE FALSE FALSE  TRUE  TRUE
[229] FALSE  TRUE  TRUE FALSE FALSE FALSE FALSE  TRUE  TRUE FALSE FALSE  TRUE
[241]  TRUE FALSE FALSE FALSE FALSE  TRUE  TRUE FALSE FALSE  TRUE  TRUE  TRUE
[253] FALSE  TRUE  TRUE  TRUE FALSE FALSE  TRUE  TRUE  TRUE FALSE  TRUE  TRUE
[265]  TRUE FALSE  TRUE  TRUE  TRUE FALSE  TRUE  TRUE FALSE FALSE FALSE  TRUE
[277] FALSE  TRUE  TRUE  TRUE  TRUE FALSE FALSE  TRUE FALSE  TRUE FALSE  TRUE
[289] FALSE  TRUE  TRUE FALSE  TRUE  TRUE FALSE FALSE FALSE FALSE  TRUE  TRUE
[301]  TRUE FALSE  TRUE FALSE  TRUE  TRUE  TRUE  TRUE  TRUE FALSE  TRUE FALSE
[313] FALSE  TRUE FALSE  TRUE FALSE FALSE FALSE  TRUE  TRUE FALSE  TRUE FALSE
[325]  TRUE FALSE  TRUE FALSE FALSE  TRUE FALSE FALSE  TRUE  TRUE  TRUE  TRUE
[337]  TRUE  TRUE  TRUE FALSE FALSE FALSE FALSE FALSE FALSE  TRUE  TRUE  TRUE
[349]  TRUE FALSE FALSE  TRUE  TRUE  TRUE FALSE FALSE  TRUE FALSE FALSE FALSE
[361]  TRUE  TRUE  TRUE  TRUE  TRUE  TRUE  TRUE FALSE FALSE FALSE  TRUE FALSE
[373] FALSE FALSE  TRUE FALSE FALSE  TRUE FALSE FALSE  TRUE  TRUE  TRUE  TRUE
[385]  TRUE  TRUE  TRUE  TRUE

