
Birth-death simulation object with 205 species and 46 extant species

Details for some species:

Extinction times (NA means extant)
[1] 27.38556 18.77497 43.55589 15.96462 25.70247 27.23860


Speciation times 
[1] 49.26651 47.47055 43.62048 41.19982 33.83673 27.96578


Species parents (NA for initial)
[1] NA  1  1  1  1  1


Species status (extinct or extant)
[1] "extinct" "extinct" "extinct" "extinct" "extinct" "extinct"


For more details on vector y, try sim$y, with y one of
TE TS PAR EXTANT



$TE
  [1] 27.3855620 18.7749740 43.5558915 15.9646170 25.7024728 27.2386014
  [7] 33.9866027 24.3208764 19.8828006 17.3047795 16.2181450 16.3335947
 [13] 33.6865665 13.5892519 15.3688767 14.0716658  0.6722490 22.1358829
 [19] 29.8702816 25.6583330 15.1326195 16.3660992 16.3284130 18.1317969
 [25] 12.0102170 16.5324482 20.5494473 15.2604155 14.8000868 14.8039853
 [31]  9.1853901 28.6457323 34.6787358  5.4413014 16.0284692 14.2660459
 [37] 15.3048477 15.0071051 14.1504237  4.1644832 11.9355036 28.1078734
 [43] 13.9062715 14.5452538 18.3143694 17.4217467 14.6199704 17.4795897
 [49] 16.8085568 14.3724767 13.7286164 14.6397932 15.0985821 15.2708809
 [55] 14.5442916 16.1097096 14.9416738  8.4668028 17.2101892 24.7603791
 [61]  4.7012097         NA  7.4291858         NA         NA 12.7728775
 [67] 10.6534550 13.5331607 12.0106545 11.6414023 16.1423353 17.6856055
 [73] 15.0192621 11.9198543         NA         NA         NA 23.1457967
 [79] 17.4094773 13.8687577 14.3261430 28.1049254 15.7299162 14.9194836
 [85] 13.5499943 13.9430686 14.1994704         NA 21.7029032 14.0690433
 [91] 19.4158377 14.9375779 16.8249272 13.1483683 14.6317896         NA
 [97]  7.0967950  3.9525173  5.9745966         NA 14.6994084 13.7645302
[103]  8.9194705 12.8925603 19.0324421 15.0131229  7.3066241 14.4996007
[109] 12.8596216  7.9908379         NA 14.6989518  3.6281169 13.9429878
[115]  3.6544220         NA  4.9568368  9.8046600 13.8048627 15.2748895
[121]  4.6433138  1.3875885         NA         NA  4.8857165  8.0897783
[127] 12.6185258 11.4442357  4.7904215  0.1064831         NA         NA
[133] 13.2970787  9.2597265  2.3611456  8.1254973  0.1770224  0.7291603
[139]  5.3792795         NA 17.0664086 14.7112564  6.8430240  2.2488186
[145]  2.7812378         NA  9.7212283         NA  6.6670795 10.7318369
[151]  2.6331799  7.0348947  3.4779038  5.1267974  3.6916504  5.8527875
[157]  1.0009509         NA         NA  2.7795428  0.5863908         NA
[163]  5.2816780         NA  1.3866780         NA  0.7399110         NA
[169]  6.5128417         NA 10.4304281         NA  6.2076513  4.1609840
[175]         NA  5.0540210  2.7052820  0.1939108         NA  1.3233782
[181]         NA         NA         NA         NA         NA  9.3220233
[187]         NA         NA         NA         NA  2.7648225  1.3457616
[193]         NA         NA  2.5853558         NA         NA  4.0456487
[199]         NA  3.0728807         NA  0.7016512         NA         NA
[205]         NA

$TS
  [1] 49.2665115 47.4705522 43.6204753 41.1998244 33.8367265 27.9657753
  [7] 36.3691718 29.0220754 27.4833171 26.0443947 22.4607436 20.5838214
 [13] 39.7917993 32.4771023 16.9884465 16.5500024 27.1429018 26.5067007
 [19] 35.0393999 25.7566645 23.2144967 21.6053521 21.3669290 18.9951928
 [25] 18.3400811 17.9627775 22.0391810 21.8855741 18.3789218 17.7945162
 [31] 17.2284624 35.6111950 34.8262750 23.0209930 16.3911479 15.6471684
 [37] 16.4279670 20.2664754 17.0603233 22.6424023 34.3422351 30.8825053
 [43] 20.6319701 16.5165940 19.4803640 17.7567168 16.9630126 19.8027707
 [49] 19.3019930 16.8817639 16.5178297 16.2618099 17.2445715 15.4039913
 [55] 15.4720725 17.6190901 15.2989726 10.4689558 30.8262117 29.5807099
 [61] 11.8263320  8.1085730  8.0170262  5.7153602  5.5639296 17.8961719
 [67] 16.7146711 15.9999201 15.9928960 20.5749675 19.9805631 18.6989325
 [73] 15.9831676 14.6251882 10.2037296  6.1104756  5.8541023 24.7026071
 [79] 18.9005685 18.0506700 15.2756365 28.5380706 19.6705306 18.2295560
 [85] 14.4122460 16.4031568 15.3053119  8.9571623 25.2641050 21.8386195
 [91] 20.6531541 19.5380960 18.8512088 18.4373172 18.0079752  9.3927302
 [97]  8.2254926  5.1042913  7.9196472  6.9624703 15.6595098 15.1164956
[103] 14.9295733 14.9921429 20.0192036 17.2876441 16.0956764 15.0715564
[109] 14.2396008 10.0444455  3.6644087 14.9675809 13.9422430 14.5362831
[115] 14.7843750  7.7515131  5.8683933 18.0584425 17.2276573 16.8745535
[121]  7.1319798  3.8700027  3.5380623  1.0500884  6.9604427 15.0707406
[127] 13.2197950 12.9350724 12.8937637  8.3908456  7.5619253  1.9608150
[133] 13.5900717  9.9734950  4.4329793  9.4473112  8.7139491  6.2489146
[139]  5.7040829  0.2731911 17.7316232 17.6444813 11.0004608  4.8085792
[145]  3.3114728  5.3547148 10.3753772  9.6771552 13.1323874 12.1895028
[151]  9.1057714  8.1653075  6.4893589  7.6120849  7.6034807  7.5934506
[157]  3.7480394  6.4960871  0.9380498  6.7686796  3.3808541  2.0952212
[163]  5.6192166 10.0694466  5.1701689  4.0872110  1.6634162  7.2058860
[169]  6.5731039  3.4044037 10.7710881 10.2064165  8.2376450  7.7590579
[175]  1.1550406  5.5117963  8.9077676  2.4962745  0.5615853  4.5260504
[181]  2.9575239  1.3613275  0.1440442  1.0502418 10.4823683 10.0934303
[187]  5.7532631  1.6873104  5.5277037  0.7701726  8.0441839  3.1512344
[193]  1.0244184  5.9362945  5.5885128  3.5031472  1.8242760  4.4971109
[199]  4.2669449  5.1887014  3.7794419  3.3116618  2.0721264  0.4521044
[205]  0.0661697

$PAR
  [1]  NA   1   1   1   1   1   2   2   2   2   2   2   4   4   4   4   5   5
 [19]   7   8  10  10  10  10  10  10  11  11  11  11  12  13  13  14  15  15
 [37]  16  17  17  18  19  19  21  21  22  22  22  23  23  23  23  25  28  28
 [55]  29  30  31  31  32  32  34  34  34  34  34  38  38  39  39  40  40  40
 [73]  40  40  40  40  40  41  41  41  41  42  43  43  43  44  51  58  59  59
 [91]  59  59  59  59  59  61  61  61  62  62  66  66  66  69  70  70  70  73
[109]  74  75  75  80  80  81  86  88  88  90  95  95  96  96  96  96  99 101
[127] 103 103 103 107 107 111 113 113 113 115 115 116 116 116 118 118 118 121
[145] 123 125 126 126 127 129 129 129 129 130 130 130 130 131 131 137 137 138
[163] 139 143 146 146 146 148 148 148 149 149 149 152 157 160 164 164 164 165
[181] 165 166 166 168 171 172 172 172 174 175 177 177 178 185 185 187 187 194
[199] 194 195 195 195 196 203 204

$EXTANT
  [1] FALSE FALSE FALSE FALSE FALSE FALSE FALSE FALSE FALSE FALSE FALSE FALSE
 [13] FALSE FALSE FALSE FALSE FALSE FALSE FALSE FALSE FALSE FALSE FALSE FALSE
 [25] FALSE FALSE FALSE FALSE FALSE FALSE FALSE FALSE FALSE FALSE FALSE FALSE
 [37] FALSE FALSE FALSE FALSE FALSE FALSE FALSE FALSE FALSE FALSE FALSE FALSE
 [49] FALSE FALSE FALSE FALSE FALSE FALSE FALSE FALSE FALSE FALSE FALSE FALSE
 [61] FALSE  TRUE FALSE  TRUE  TRUE FALSE FALSE FALSE FALSE FALSE FALSE FALSE
 [73] FALSE FALSE  TRUE  TRUE  TRUE FALSE FALSE FALSE FALSE FALSE FALSE FALSE
 [85] FALSE FALSE FALSE  TRUE FALSE FALSE FALSE FALSE FALSE FALSE FALSE  TRUE
 [97] FALSE FALSE FALSE  TRUE FALSE FALSE FALSE FALSE FALSE FALSE FALSE FALSE
[109] FALSE FALSE  TRUE FALSE FALSE FALSE FALSE  TRUE FALSE FALSE FALSE FALSE
[121] FALSE FALSE  TRUE  TRUE FALSE FALSE FALSE FALSE FALSE FALSE  TRUE  TRUE
[133] FALSE FALSE FALSE FALSE FALSE FALSE FALSE  TRUE FALSE FALSE FALSE FALSE
[145] FALSE  TRUE FALSE  TRUE FALSE FALSE FALSE FALSE FALSE FALSE FALSE FALSE
[157] FALSE  TRUE  TRUE FALSE FALSE  TRUE FALSE  TRUE FALSE  TRUE FALSE  TRUE
[169] FALSE  TRUE FALSE  TRUE FALSE FALSE  TRUE FALSE FALSE FALSE  TRUE FALSE
[181]  TRUE  TRUE  TRUE  TRUE  TRUE FALSE  TRUE  TRUE  TRUE  TRUE FALSE FALSE
[193]  TRUE  TRUE FALSE  TRUE  TRUE FALSE  TRUE FALSE  TRUE FALSE  TRUE  TRUE
[205]  TRUE

