
Birth-death simulation object with 192 species and 70 extant species

Details for some species:

Extinction times (NA means extant)
[1] 38.33408 38.34765 25.98955 32.39728 11.37215 36.12481


Speciation times 
[1] 49.26651 42.44105 42.27760 39.87864 41.48024 40.69798


Species parents (NA for initial)
[1] NA  1  1  1  2  3


Species status (extinct or extant)
[1] "extinct" "extinct" "extinct" "extinct" "extinct" "extinct"


For more details on vector y, try sim$y, with y one of
TE TS PAR EXTANT



$TE
  [1] 38.3340788 38.3476524 25.9895488 32.3972757 11.3721534 36.1248094
  [7] 29.3547373 13.5392269  6.5391942 24.2801918 25.6833553 18.5052882
 [13] 13.7018867  8.9457034 12.1167448 13.8958510         NA 12.6669631
 [19] 12.4954474 15.5593749 26.2718267 21.3104119 10.4327103 12.6687149
 [25] 16.8551803 14.2450337 10.9404236  5.1432549  0.4743254 19.0529575
 [31] 10.8862732 14.9593864 14.5162906 20.3168495 13.8943748 23.6613354
 [37] 18.8219468 23.9004975 15.2702424 11.2942010         NA  1.2919621
 [43]         NA         NA 29.5144687 12.2486191 10.6912310 14.6688523
 [49] 28.0417046         NA 13.2303604 21.4150106 15.2082128 20.1667201
 [55] 13.2326323 17.7301580  8.5664538 13.9740429  5.3792340         NA
 [61]  4.3563963  1.8821470         NA         NA         NA 16.3704931
 [67] 27.7360132 12.9218092 15.0644563         NA  0.5062290         NA
 [73]         NA  1.4413237 12.6753005 12.0212765 21.8132837 16.4789449
 [79] 14.8796122 19.8720678 19.0665080 15.3142822 11.8692833         NA
 [85]         NA         NA         NA  4.9263626 13.8129076  9.7893635
 [91] 14.4890984 13.8880169 12.8061424         NA         NA  2.0550109
 [97]  7.1963445         NA  4.0565227         NA         NA         NA
[103]         NA  2.7231583 16.3446127 14.4968774 12.9741250 14.3680877
[109] 11.4641050 13.9130399 11.0031604  7.2229508         NA  1.2483674
[115]         NA         NA  5.6438595  3.7774241  3.2447043  1.0218173
[121]  6.1983808 12.5021240  7.4228235  0.5316906         NA         NA
[127]         NA         NA         NA         NA         NA 11.2281541
[133]  2.3520277         NA  1.4595477  4.3106180  1.8188048  0.8348551
[139]         NA  1.4416903  1.3745261         NA         NA  0.4318877
[145]  1.1278798 12.5321783         NA  7.2201193         NA         NA
[151]         NA         NA  7.2267453         NA         NA         NA
[157]  2.6529437  2.2698549  1.2252286         NA         NA  0.8386965
[163]  1.9639916         NA         NA         NA         NA         NA
[169]  8.8403266         NA         NA  0.1846386         NA  2.0552977
[175]         NA         NA  2.8204689         NA         NA         NA
[181]         NA         NA         NA         NA         NA         NA
[187]  2.6976791         NA         NA  0.9119027         NA         NA

$TS
  [1] 49.26651148 42.44105253 42.27759923 39.87863721 41.48024357 40.69798346
  [7] 34.42150286 30.36639451 29.91498031 29.39679286 25.98299549 20.50282246
 [13] 20.48821493 18.36658326 17.17388540 15.40182367 14.58604833 13.20921408
 [19] 34.12086382 32.07782979 27.52145062 29.05123451 19.77563695 18.35208212
 [25] 17.67793452 14.31631944 12.35298815  8.77714485  4.32699189 32.27177590
 [31] 16.88043071 15.44127880 30.98547818 25.79391884 27.31230102 27.26535696
 [37] 25.24493165 24.31879253 16.07304350 11.30399591  8.49620475  6.56101558
 [43]  5.93155491  3.95473333 31.55828517 19.81536690 11.22943724 15.22762539
 [49] 29.65080430 16.23518102 25.46094445 25.33913479 23.70207535 21.96024820
 [55] 23.24793801 18.29082483 16.70084381 15.03163753  6.25710845  1.77193530
 [61]  6.20248908  5.55452211  1.48068980  3.47316254  0.11221850 31.19062672
 [67] 30.39381297 19.50005468 15.59871907 10.37836971  9.94780539  8.46116891
 [73]  7.61885006  2.74294145 19.01200577 18.80287162 23.41340731 19.38947637
 [79] 19.35259656 21.25461809 20.35169434 18.33068601 12.82486474 10.19808315
 [85]  9.25161565  5.45598365  0.85281929  5.86589481 18.34953097 19.42152454
 [91] 17.24356935 14.23894172 14.11186266  9.97756505  6.15163384  5.56012810
 [97]  8.84658787  6.26493068  5.97723305  4.06605731  5.44244939  4.76215331
[103]  2.33941968  3.25641278 17.29369860 16.48743265 15.87851725 15.82897193
[109] 13.17208500 17.00346774 20.04262128  7.77742170  7.53256561  5.68731280
[115]  8.89252695  7.22843940  5.74525626  4.29017881  5.08871470 12.71179126
[121] 11.89113526 16.08803507  8.45716345  5.82824276  0.63018518  5.97363359
[127]  1.33088366  2.41255329  8.83325321  4.81952404  0.52233853 14.49439069
[133]  7.21694540  8.57795999  4.32495867  7.22353196  5.61547740  3.78306596
[139]  4.86669324  4.83051500  7.59014305  5.98715373  5.42480539  3.11219281
[145]  1.44216050 12.96033528  8.15547820  7.60355259  0.59921406  5.87304722
[151]  0.19542888  1.96812032 11.46412916  6.00344957  2.28306273  3.75053348
[157]  6.33469024  5.50761831  4.95856032  3.59806237  6.84521577  4.41233353
[163]  4.26409973  3.35669639  2.07557911  1.44135305  0.70560286  2.23090070
[169] 10.48716444  1.01512344  0.59619504  0.96990824  3.92673923  3.37071976
[175]  3.30134135  4.12478554  6.69300710  1.54126551  1.21936772  0.13871053
[181]  3.27745593  2.34965770  0.06559935  3.22194372  0.49298684  4.06706616
[187]  3.91189169  2.20181670  2.64161399  2.95685769  1.08700002  0.34842766

$PAR
  [1]  NA   1   1   1   2   3   4   5   5   5   5   5   5   5   5   5   5   5
 [19]   7   7   8   9  12  13  13  14  14  17  17  19  19  19  20  20  21  21
 [37]  22  22  23  27  28  28  28  29  30  30  31  32  33  33  34  34  34  34
 [55]  35  35  35  35  41  41  42  43  43  44  44  45  45  46  50  50  50  50
 [73]  50  50  51  51  53  53  53  54  55  55  57  57  57  59  60  61  66  68
 [91]  68  68  68  70  70  70  71  71  71  71  72  72  72  73  75  75  75  75
[109]  75  79  81  84  84  84  85  85  85  85  86  90  90  91  94  94  94  95
[127]  95  96  97  99 100 107 113 115 115 116 116 116 119 119 120 120 120 120
[145] 120 122 123 123 127 129 129 130 132 134 134 135 136 136 137 137 141 141
[163] 142 143 143 143 143 150 153 154 154 156 158 158 158 159 161 165 165 168
[181] 173 175 175 176 176 177 177 181 186 187 188 189

$EXTANT
  [1] FALSE FALSE FALSE FALSE FALSE FALSE FALSE FALSE FALSE FALSE FALSE FALSE
 [13] FALSE FALSE FALSE FALSE  TRUE FALSE FALSE FALSE FALSE FALSE FALSE FALSE
 [25] FALSE FALSE FALSE FALSE FALSE FALSE FALSE FALSE FALSE FALSE FALSE FALSE
 [37] FALSE FALSE FALSE FALSE  TRUE FALSE  TRUE  TRUE FALSE FALSE FALSE FALSE
 [49] FALSE  TRUE FALSE FALSE FALSE FALSE FALSE FALSE FALSE FALSE FALSE  TRUE
 [61] FALSE FALSE  TRUE  TRUE  TRUE FALSE FALSE FALSE FALSE  TRUE FALSE  TRUE
 [73]  TRUE FALSE FALSE FALSE FALSE FALSE FALSE FALSE FALSE FALSE FALSE  TRUE
 [85]  TRUE  TRUE  TRUE FALSE FALSE FALSE FALSE FALSE FALSE  TRUE  TRUE FALSE
 [97] FALSE  TRUE FALSE  TRUE  TRUE  TRUE  TRUE FALSE FALSE FALSE FALSE FALSE
[109] FALSE FALSE FALSE FALSE  TRUE FALSE  TRUE  TRUE FALSE FALSE FALSE FALSE
[121] FALSE FALSE FALSE FALSE  TRUE  TRUE  TRUE  TRUE  TRUE  TRUE  TRUE FALSE
[133] FALSE  TRUE FALSE FALSE FALSE FALSE  TRUE FALSE FALSE  TRUE  TRUE FALSE
[145] FALSE FALSE  TRUE FALSE  TRUE  TRUE  TRUE  TRUE FALSE  TRUE  TRUE  TRUE
[157] FALSE FALSE FALSE  TRUE  TRUE FALSE FALSE  TRUE  TRUE  TRUE  TRUE  TRUE
[169] FALSE  TRUE  TRUE FALSE  TRUE FALSE  TRUE  TRUE FALSE  TRUE  TRUE  TRUE
[181]  TRUE  TRUE  TRUE  TRUE  TRUE  TRUE FALSE  TRUE  TRUE FALSE  TRUE  TRUE

