
Birth-death simulation object with 99 species and 31 extant species

Details for some species:

Extinction times (NA means extant)
[1] 35.41376 19.26649 36.01539 32.61516 27.80647 30.25822


Speciation times 
[1] 49.26651 43.42152 37.94712 43.35053 42.35641 40.45901


Species parents (NA for initial)
[1] NA  1  1  2  2  2


Species status (extinct or extant)
[1] "extinct" "extinct" "extinct" "extinct" "extinct" "extinct"


For more details on vector y, try sim$y, with y one of
TE TS PAR EXTANT



$TE
 [1] 35.4137611 19.2664860 36.0153940 32.6151557 27.8064656 30.2582197
 [7] 12.8312386 28.1576098 14.3531359 15.9010224 41.5743541 13.3661817
[13] 24.1806034 29.4123663 28.7420133 16.9242784 14.3290137 13.3752010
[19] 28.7761903 29.4413910 14.3397777 16.3701396  6.3778316  6.8554789
[25] 13.9569663 10.7976516 16.2312524         NA 13.7035309 26.9816683
[31] 14.5236544 17.2927889         NA 12.1486455         NA         NA
[37] 12.4539893         NA         NA         NA 12.1327146 13.9408318
[43]  9.2267472  9.4148166         NA         NA  1.2903218         NA
[49] 15.3450754  2.7182821  4.2352131         NA 14.5420137  4.4293414
[55]         NA         NA  6.9071288         NA         NA  5.7874843
[61]  1.9129074         NA         NA 14.9595823  8.0062049  6.4416477
[67]         NA  3.6108948         NA         NA         NA  7.0321715
[73]  8.1435528  6.3594812  2.5752864  5.8288537  1.4934033  4.7110873
[79]  0.3545433 12.0220270  9.2263661         NA 16.0264249         NA
[85]         NA         NA         NA         NA         NA  1.5259697
[91]         NA  0.9552316         NA  1.3022408  0.9486921  3.5571283
[97]         NA  0.1214802  1.1359389

$TS
 [1] 49.2665115 43.4215249 37.9471241 43.3505253 42.3564055 40.4590122
 [7] 36.6165132 34.5838734 24.4702552 19.6866988 41.9530677 30.6498923
[13] 28.4445177 32.8061365 30.2202906 25.9309571 18.5208791 13.5133168
[19] 32.3054157 29.8175887 22.5671118 20.9149436 18.3041231 17.7406641
[25] 15.3651875 16.7180141 20.9027025 19.2112624 16.8785849 28.8127012
[31] 20.9389590 18.7887289 19.3605496 16.7723274 11.2484927  8.3649099
[37] 16.2413733  9.9116671  7.3306049  7.1448881 19.0227491 18.5223300
[43] 13.0643529  9.9061007  9.8552711  2.4272905  2.4033590  0.5199921
[49] 18.3395341  9.7278377  9.2095497  1.3905246 14.6915579  7.4468288
[55]  3.6270262  1.1141473  9.1418987  8.1741404  1.2698437  6.6869041
[61]  6.2045822  4.6200756 14.5084366 16.9441737  9.4270621  8.1780468
[67]  6.2446994  5.8515265  1.2004516  2.2053624  8.9007351  8.6750056
[73]  8.3527084  6.6310682  4.8098519  6.1692046  3.2539070  7.8233771
[79]  6.1381413 14.1054364  9.8885502  5.6669357 16.4937215  1.4971129
[85]  0.0790244  1.4715465  7.2948531  4.7066459  4.7473937  4.0018176
[91]  1.8051386  1.1149788  3.4786076  2.3229391  4.3703880  4.1307326
[97]  0.6009711  1.9547524  3.5785937

$PAR
 [1] NA  1  1  2  2  2  2  2  2  2  5  5  5  7  7  7  7  7  8  8  9  9  9  9  9
[26] 10 12 12 12 15 16 16 22 23 23 23 24 24 24 24 28 28 28 28 28 28 28 28 31 33
[51] 33 33 34 35 35 36 38 38 38 40 40 40 41 42 45 45 45 45 46 47 50 50 50 51 51
[76] 54 55 58 60 63 63 63 64 67 69 70 71 75 79 79 82 82 87 87 88 88 89 93 95

$EXTANT
 [1] FALSE FALSE FALSE FALSE FALSE FALSE FALSE FALSE FALSE FALSE FALSE FALSE
[13] FALSE FALSE FALSE FALSE FALSE FALSE FALSE FALSE FALSE FALSE FALSE FALSE
[25] FALSE FALSE FALSE  TRUE FALSE FALSE FALSE FALSE  TRUE FALSE  TRUE  TRUE
[37] FALSE  TRUE  TRUE  TRUE FALSE FALSE FALSE FALSE  TRUE  TRUE FALSE  TRUE
[49] FALSE FALSE FALSE  TRUE FALSE FALSE  TRUE  TRUE FALSE  TRUE  TRUE FALSE
[61] FALSE  TRUE  TRUE FALSE FALSE FALSE  TRUE FALSE  TRUE  TRUE  TRUE FALSE
[73] FALSE FALSE FALSE FALSE FALSE FALSE FALSE FALSE FALSE  TRUE FALSE  TRUE
[85]  TRUE  TRUE  TRUE  TRUE  TRUE FALSE  TRUE FALSE  TRUE FALSE FALSE FALSE
[97]  TRUE FALSE FALSE

