
Birth-death simulation object with 324 species and 134 extant species

Details for some species:

Extinction times (NA means extant)
[1] 47.92792 15.24528 17.97672 33.94265 40.83326 38.87308


Speciation times 
[1] 49.26651 48.24323 47.99021 44.90478 42.93470 41.52761


Species parents (NA for initial)
[1] NA  1  1  2  2  2


Species status (extinct or extant)
[1] "extinct" "extinct" "extinct" "extinct" "extinct" "extinct"


For more details on vector y, try sim$y, with y one of
TE TS PAR EXTANT



$TE
  [1] 47.9279239 15.2452780 17.9767219 33.9426519 40.8332617 38.8730763
  [7] 28.4651131 15.5251215 14.4396578 23.3574403 37.9640505 21.5620746
 [13] 16.4998201 12.2529993 16.8573624 25.5569004 13.0629215 18.6417602
 [19] 16.1176759 47.1352318 37.2332079 37.3171463 23.2539105 39.9081991
 [25] 31.9873836 11.8001121 32.5971138 12.3066503 26.6973466 12.5145337
 [31]  4.1078705 16.7771776 14.0407194 15.3629123 12.3054546 11.8372557
 [37] 15.1087469 14.6476773 11.4204184 19.7840810 17.3012431 12.4853170
 [43]  8.3267117 13.8213447 17.0392707 17.5140425 12.0712730  9.0054443
 [49] 17.8900590 12.8603365 12.6180952  6.6944285 11.1871552         NA
 [55]  0.4994615         NA  2.5554539 13.6629718 11.9707025 15.1002341
 [61] 26.2514105 16.0023237 15.1045623 20.3114439 18.2212187  9.3016906
 [67]         NA 26.0899813 13.2637510  8.9708656 13.2142236 13.9513550
 [73] 10.7218659 17.3183215  2.2367436  9.6701290 10.9462233  8.0372432
 [79]  7.5343057  4.7789981         NA         NA  3.5744598         NA
 [85]         NA  2.1776229         NA  1.4895974         NA  2.0788574
 [91] 16.6994665  7.4703223 14.4079764 15.4815073  1.5901512  9.1161115
 [97]  2.4724635  1.1951395  9.3623395 15.1499889  7.9177281         NA
[103]         NA         NA 12.8481278 13.0260183 12.5497409 15.3053004
[109] 22.0727965 13.3379173 13.2818795 14.1083842         NA  4.2087484
[115]         NA         NA  2.8139284         NA         NA         NA
[121]  3.3587012         NA         NA         NA         NA 11.9988627
[127] 15.3956679         NA 16.4954832         NA  0.1129348  2.2307474
[133]         NA 14.7906061 14.8225933 11.2654652         NA  6.9990622
[139]  4.3695229  5.2851977         NA         NA  6.8652078         NA
[145]  3.4840113  2.8841058         NA  2.3532249 11.0850312 23.7044887
[151]  1.0433104 14.4330283 23.8506856 17.0179511 15.0571970 11.9421488
[157]  5.8932171         NA  3.1318855         NA         NA         NA
[163]         NA         NA  5.2245107         NA         NA  4.1355953
[169]         NA         NA  0.1523578 12.6094549         NA 11.1446339
[175]  4.7363280         NA 14.6016025 12.1854247  6.5426732         NA
[181]         NA         NA  4.3445500         NA         NA         NA
[187]  2.3467537  5.9499950  7.8843622  3.2217052         NA  2.7275753
[193]  4.5284045         NA         NA         NA 11.0556771         NA
[199]  2.5751294         NA 16.8009489 11.6255583         NA  9.3381532
[205]  1.5293770  1.3524201         NA         NA         NA 13.2419649
[211]         NA  3.2015110         NA  3.0796544         NA         NA
[217]  0.5164334         NA  2.2553120 14.1293784         NA         NA
[223]  1.5846311  4.9573687         NA         NA  5.9624045  5.5956623
[229]         NA  0.1305380         NA         NA  1.2593835         NA
[235]         NA         NA         NA         NA         NA 16.9094708
[241]         NA         NA  2.3670079  2.3327440         NA         NA
[247]         NA  2.7771039         NA         NA         NA  1.7617226
[253]  2.5890660  6.0633786         NA         NA         NA         NA
[259]         NA  3.3233074  1.1011471         NA         NA  0.6410477
[265]         NA  0.9513367         NA         NA         NA         NA
[271]  1.9366179  3.2045551         NA  1.3946216         NA  1.1045644
[277]         NA         NA         NA         NA         NA         NA
[283]  4.5056083         NA         NA  0.3794209         NA         NA
[289]         NA         NA         NA         NA         NA  3.9567523
[295]  2.7230319         NA  6.2855310         NA  4.6658019  5.0135781
[301]         NA  2.1770823         NA         NA  0.5258937         NA
[307]         NA         NA         NA  5.1536940         NA         NA
[313]         NA         NA  1.7467670         NA  1.3791523         NA
[319]         NA         NA         NA         NA         NA         NA

$TS
  [1] 49.26651148 48.24323464 47.99020600 44.90478276 42.93469758 41.52761026
  [7] 31.24076520 19.87411556 47.72671475 39.16922508 38.48527063 31.76474142
 [13] 29.41511912 25.24291257 20.39869647 38.54997506 30.11107970 19.61505739
 [19] 16.35851991 47.70934406 44.78602640 42.23281937 41.13795734 40.21149492
 [25] 32.17967743 15.42018221 37.39981968 29.82980739 29.76964842 29.30607851
 [31] 20.15054916 17.36274659 18.61975197 17.33688989 12.66161275 19.64732364
 [37] 17.41568387 15.88759887 13.85687030 40.79909505 27.57570028 13.17340206
 [43] 12.35665140 33.16694066 26.37889207 22.34005805 18.65444913 17.65429636
 [49] 24.68319656 14.76157112 12.91970195 12.66588190 11.65739726  9.35653393
 [55]  8.28671106  8.12933416  7.61800764 15.01327299 13.60268207 16.14037970
 [61] 27.25695471 25.19657503 23.69877250 22.78581096 19.05979178  9.73755412
 [67]  9.34574453 28.27836752 24.93730141 23.45401957 18.51568564 26.20819776
 [73] 17.98309302 19.05160841 12.14435864 11.24394240 11.68256707 10.57736382
 [79]  7.74358762  7.66560455  7.27511702  1.36580727  6.60561475  5.97259075
 [85]  5.94643676  3.47220796  3.99504638  3.56104912  6.42565669  6.01066295
 [91] 24.43561048 19.91159153 19.61668457 16.12457808  9.56431569  9.41917985
 [97]  7.61416747  1.53794871 18.99789046 16.29421052 17.04978892 14.23689498
[103]  9.29748412  9.08815527 17.93558990 17.35917490 13.74163946 25.53493618
[109] 25.49503751 16.90337755 13.83235000 18.38754469  7.50212823  6.83955334
[115]  5.49343775  5.27126323  7.23640348  7.22573710  5.69039839  0.40381144
[121]  4.40138397  3.33187118  4.19013642  1.57351176 23.00171814 17.30287294
[127] 16.85243199 10.65029461 18.23686882  8.98067706  7.86102662  7.28281705
[133]  3.37459360 15.72518587 15.40534964 12.29608563  9.60949879  9.17457172
[139]  9.95337836  8.72905670  8.69759320  6.82626719  8.18764858  7.03358767
[145]  3.62381628  3.80146897  0.24640593 15.41387778 14.15925759 24.78529833
[151] 23.40626459 22.46667132 24.48852127 23.41348791 16.57865162 13.54861669
[157]  6.78362918  5.78165529  5.44161304  1.94012086  4.59663482  3.25872227
[163]  6.18180350  4.68234638  6.61341432  5.94046629  0.64104939  5.43378155
[169]  4.18711555  2.97844260  1.20788975 14.18669077 13.22851398 11.83137462
[175]  6.54042148  2.17493657 16.48500706 15.67686691  8.66694437  7.29250964
[181]  4.79019043  4.11722193  6.90682285  3.33806791  2.48063097  5.92967434
[187]  8.52320142  7.05060089  8.48631428  6.42834110  6.12406910  6.11777258
[193]  4.91331116  5.39592264  5.22472050  0.09642218 12.88901593  7.68051593
[199]  5.86130702  4.13217275 18.65889844 14.68212189 11.87947326 11.56598794
[205] 10.57733203  9.70229422  7.82863385  7.25990810  6.93849576 13.34390403
[211]  0.20789444  3.23123564  5.22273569  4.34895189  2.52300499  0.85006876
[217] 10.03986590  9.03718858  6.39629163 14.92176653  1.95537288  1.25056876
[223]  2.87921007  5.38893255  1.59187693  5.38597166  7.46892775  8.22080159
[229]  4.83554165  3.71111091  3.73557428  2.88546296  2.34741875  1.79058625
[235]  6.29166712  2.82208668  0.85104247  5.71327467  4.28728294 17.71791325
[241]  9.68627081  6.74111018  3.02645744  7.17537168  6.66938393  2.72367246
[247]  4.82218945  3.93942426  1.96095112  5.74927241  4.37838679  2.36504310
[253]  8.47224591  6.32098861  4.73800444  4.60615670  3.48827271  0.13521184
[259]  7.87400035  4.40896140  2.77495862  2.56435028  1.93328574  1.59191878
[265]  1.80050844  4.78337475  4.03201841  0.73013629  0.37933657  2.01916786
[271]  8.91611960  6.69052312  1.93209144  2.44750855  5.53240991  3.79125229
[277]  1.62638580  0.56214721  0.55860602  0.41700103  2.22552201  7.27761490
[283]  7.16354661  2.20152174  1.26558692  0.89464727  3.08213991  1.74826321
[289]  1.20044503  2.29447376  1.41498300  2.17256688  0.34014466  8.41154691
[295]  7.13465479  2.24256371  6.48162510  0.81072755  7.17031782  6.81168067
[301]  1.90766678  2.29355165  0.96428888  0.16681391  1.70424720  5.89798485
[307]  5.73432068  3.97012138  5.87082164  6.58294437  6.28985855  1.60293457
[313]  3.14220851  4.31801940  5.65230667  3.59827180  1.91426046  0.24991258
[319]  2.64903254  1.80136414  1.13483112  0.64191832  0.80536380  0.88188088

$PAR
  [1]  NA   1   1   2   2   2   2   2   3   3   3   3   3   3   3   4   7   8
 [19]   8   9   9   9   9   9   9   9  10  10  10  10  13  13  14  14  14  15
 [37]  15  17  17  23  23  26  26  27  28  28  28  28  30  30  30  31  31  31
 [55]  31  31  31  36  36  37  40  40  40  41  41  43  43  44  44  44  44  45
 [73]  45  46  47  48  52  52  52  54  54  54  55  55  55  55  56  56  57  57
 [91]  62  63  63  63  66  66  67  67  69  69  70  70  70  70  71  71  71  72
[109]  72  73  73  74  75  75  75  80  81  81  81  82  85  85  89  89  91  91
[127]  91  92  93  95  95  95  97  99 100 101 101 101 102 102 102 102 103 103
[145] 103 104 104 105 105 108 108 108 109 109 110 111 113 113 113 113 116 116
[163] 117 117 118 118 118 119 119 119 123 125 125 125 125 125 126 126 128 130
[181] 130 130 131 132 133 137 138 138 139 140 142 142 142 144 144 144 148 148
[199] 148 148 151 151 151 151 151 151 151 151 151 156 158 163 166 166 169 170
[217] 173 173 173 178 181 181 182 183 185 186 187 189 190 191 192 192 194 195
[235] 198 198 198 199 199 201 203 203 203 205 205 207 208 208 208 209 213 215
[253] 217 218 218 219 219 222 228 229 229 229 230 231 233 235 235 235 237 238
[271] 241 241 242 243 245 245 247 247 249 249 250 253 253 256 256 257 259 259
[289] 259 261 261 266 269 271 271 271 272 277 282 282 284 287 287 289 290 294
[307] 294 294 295 299 300 306 308 309 310 311 311 312 313 314 314 314 316 320

$EXTANT
  [1] FALSE FALSE FALSE FALSE FALSE FALSE FALSE FALSE FALSE FALSE FALSE FALSE
 [13] FALSE FALSE FALSE FALSE FALSE FALSE FALSE FALSE FALSE FALSE FALSE FALSE
 [25] FALSE FALSE FALSE FALSE FALSE FALSE FALSE FALSE FALSE FALSE FALSE FALSE
 [37] FALSE FALSE FALSE FALSE FALSE FALSE FALSE FALSE FALSE FALSE FALSE FALSE
 [49] FALSE FALSE FALSE FALSE FALSE  TRUE FALSE  TRUE FALSE FALSE FALSE FALSE
 [61] FALSE FALSE FALSE FALSE FALSE FALSE  TRUE FALSE FALSE FALSE FALSE FALSE
 [73] FALSE FALSE FALSE FALSE FALSE FALSE FALSE FALSE  TRUE  TRUE FALSE  TRUE
 [85]  TRUE FALSE  TRUE FALSE  TRUE FALSE FALSE FALSE FALSE FALSE FALSE FALSE
 [97] FALSE FALSE FALSE FALSE FALSE  TRUE  TRUE  TRUE FALSE FALSE FALSE FALSE
[109] FALSE FALSE FALSE FALSE  TRUE FALSE  TRUE  TRUE FALSE  TRUE  TRUE  TRUE
[121] FALSE  TRUE  TRUE  TRUE  TRUE FALSE FALSE  TRUE FALSE  TRUE FALSE FALSE
[133]  TRUE FALSE FALSE FALSE  TRUE FALSE FALSE FALSE  TRUE  TRUE FALSE  TRUE
[145] FALSE FALSE  TRUE FALSE FALSE FALSE FALSE FALSE FALSE FALSE FALSE FALSE
[157] FALSE  TRUE FALSE  TRUE  TRUE  TRUE  TRUE  TRUE FALSE  TRUE  TRUE FALSE
[169]  TRUE  TRUE FALSE FALSE  TRUE FALSE FALSE  TRUE FALSE FALSE FALSE  TRUE
[181]  TRUE  TRUE FALSE  TRUE  TRUE  TRUE FALSE FALSE FALSE FALSE  TRUE FALSE
[193] FALSE  TRUE  TRUE  TRUE FALSE  TRUE FALSE  TRUE FALSE FALSE  TRUE FALSE
[205] FALSE FALSE  TRUE  TRUE  TRUE FALSE  TRUE FALSE  TRUE FALSE  TRUE  TRUE
[217] FALSE  TRUE FALSE FALSE  TRUE  TRUE FALSE FALSE  TRUE  TRUE FALSE FALSE
[229]  TRUE FALSE  TRUE  TRUE FALSE  TRUE  TRUE  TRUE  TRUE  TRUE  TRUE FALSE
[241]  TRUE  TRUE FALSE FALSE  TRUE  TRUE  TRUE FALSE  TRUE  TRUE  TRUE FALSE
[253] FALSE FALSE  TRUE  TRUE  TRUE  TRUE  TRUE FALSE FALSE  TRUE  TRUE FALSE
[265]  TRUE FALSE  TRUE  TRUE  TRUE  TRUE FALSE FALSE  TRUE FALSE  TRUE FALSE
[277]  TRUE  TRUE  TRUE  TRUE  TRUE  TRUE FALSE  TRUE  TRUE FALSE  TRUE  TRUE
[289]  TRUE  TRUE  TRUE  TRUE  TRUE FALSE FALSE  TRUE FALSE  TRUE FALSE FALSE
[301]  TRUE FALSE  TRUE  TRUE FALSE  TRUE  TRUE  TRUE  TRUE FALSE  TRUE  TRUE
[313]  TRUE  TRUE FALSE  TRUE FALSE  TRUE  TRUE  TRUE  TRUE  TRUE  TRUE  TRUE

