
Birth-death simulation object with 102 species and 17 extant species

Details for some species:

Extinction times (NA means extant)
[1] 39.16610 31.76483 41.02313 36.97366 32.02262 21.32585


Speciation times 
[1] 49.26651 46.64520 45.61119 41.05567 39.24150 44.69877


Species parents (NA for initial)
[1] NA  1  1  1  2  3


Species status (extinct or extant)
[1] "extinct" "extinct" "extinct" "extinct" "extinct" "extinct"


For more details on vector y, try sim$y, with y one of
TE TS PAR EXTANT



$TE
  [1] 39.1661002 31.7648268 41.0231282 36.9736602 32.0226228 21.3258459
  [7] 40.2317494 37.8606042 35.1228027 27.7118248 24.0390029 20.1383464
 [13] 17.6816517 24.6084500 36.2181137 21.9305236 16.2918424 15.9136566
 [19] 12.2955662 20.8466603 11.5080056 29.2078909 15.9875200 20.6065033
 [25] 21.0328255 11.3581820 12.0324827 14.5781823 18.5383453 20.7352936
 [31] 13.9038488 12.3037348 14.2574673 25.2759403 14.5825030 10.5450494
 [37] 15.0148495 17.2034242 13.1409379 18.5122617 15.0611260 13.0263464
 [43] 14.0294953 17.4267503 24.0759507  1.3565545 23.3626663 12.4890597
 [49] 17.6193591 15.3517682         NA 12.3323306 18.5770244 13.4740610
 [55] 25.9951192 12.7914279         NA 10.5116353 12.2675151 12.9535570
 [61]  1.6018235         NA 15.4713087 19.5012064 26.4126489 11.2916351
 [67] 10.4542175  5.8646907         NA  5.6876306  4.0372316         NA
 [73] 15.3505900 14.7719190 15.1121446  8.1211837  8.7029351  7.2075430
 [79]  7.3254737  1.7883587  1.8520437         NA         NA         NA
 [85]         NA  4.1840283  8.1878429  8.3814545         NA         NA
 [91]         NA         NA         NA  6.1315134  5.5354084         NA
 [97]  1.7825817  0.8794766         NA  1.5386259  2.6201739         NA

$TS
  [1] 49.2665115 46.6451979 45.6111872 41.0556700 39.2415003 44.6987714
  [7] 41.1870247 38.7289766 38.3473614 29.3432778 28.2808474 26.5328946
 [13] 23.4080539 38.6321318 36.6354533 25.5064047 18.5344260 35.7994724
 [19] 29.5159344 23.5899560 22.2992764 32.2670682 30.8657387 24.9673021
 [25] 23.9027473 23.3770384 20.4595174 27.1892536 21.9103829 22.9069561
 [31] 15.1738992 13.9036194 30.5569728 27.6580722 25.2274121 22.9219710
 [37] 23.8957076 18.0009033 15.0033362 22.1194358 15.4937243 15.1590149
 [43] 19.6145741 29.6233741 27.1045812 15.3910722 24.0581944 23.4477841
 [49] 22.7644068 16.1175171 12.1431775 23.3598184 21.4829024 14.6821397
 [55] 28.5503157 28.3050169  2.3446702 19.8561070 14.2335352 16.0445506
 [61]  9.1667383  5.8317615 19.6313566 20.4823821 28.2026669 16.2639585
 [67] 12.8126019 12.0621211  8.2424721  8.2094112  4.5345915  3.0082574
 [73] 17.3711941 16.1029378 15.4430004 10.3024640  9.6291202  9.5635867
 [79]  7.6248729  6.7855633  6.0681753  5.7731343  2.0762744  7.3757090
 [85] 10.2255543  9.9674473  8.9123818  8.5455322  6.2105052  2.9418607
 [91]  5.5404089  0.7332775  1.5036362  8.3165329  6.1552373  5.9629573
 [97]  9.4286869  1.0872607  7.3583552  5.4626529  3.6538923  1.2482672

$PAR
  [1] NA  1  1  1  2  3  3  5  6  6  6  6  6  8  9 11 13 14 14 16 16 18 18 18 18
 [26] 18 18 19 19 20 21 21 23 23 23 23 25 26 26 28 28 28 29 33 33 33 35 35 35 36
 [51] 36 37 37 39 44 44 46 48 48 50 51 51 52 53 55 56 58 58 61 61 62 62 63 66 66
 [76] 68 68 68 68 68 68 69 69 70 76 76 76 78 80 80 82 82 84 85 85 85 86 93 97 97
[101] 97 99

$EXTANT
  [1] FALSE FALSE FALSE FALSE FALSE FALSE FALSE FALSE FALSE FALSE FALSE FALSE
 [13] FALSE FALSE FALSE FALSE FALSE FALSE FALSE FALSE FALSE FALSE FALSE FALSE
 [25] FALSE FALSE FALSE FALSE FALSE FALSE FALSE FALSE FALSE FALSE FALSE FALSE
 [37] FALSE FALSE FALSE FALSE FALSE FALSE FALSE FALSE FALSE FALSE FALSE FALSE
 [49] FALSE FALSE  TRUE FALSE FALSE FALSE FALSE FALSE  TRUE FALSE FALSE FALSE
 [61] FALSE  TRUE FALSE FALSE FALSE FALSE FALSE FALSE  TRUE FALSE FALSE  TRUE
 [73] FALSE FALSE FALSE FALSE FALSE FALSE FALSE FALSE FALSE  TRUE  TRUE  TRUE
 [85]  TRUE FALSE FALSE FALSE  TRUE  TRUE  TRUE  TRUE  TRUE FALSE FALSE  TRUE
 [97] FALSE FALSE  TRUE FALSE FALSE  TRUE

