
Birth-death simulation object with 283 species and 98 extant species

Details for some species:

Extinction times (NA means extant)
[1] 48.20897 40.73890 46.81541 43.25409 34.65955 40.52275


Speciation times 
[1] 49.26651 48.99828 47.41807 45.67380 43.72343 45.20413


Species parents (NA for initial)
[1] NA  1  2  2  2  4


Species status (extinct or extant)
[1] "extinct" "extinct" "extinct" "extinct" "extinct" "extinct"


For more details on vector y, try sim$y, with y one of
TE TS PAR EXTANT



$TE
  [1] 48.20896819 40.73890376 46.81540652 43.25409425 34.65954959 40.52275229
  [7] 16.01086362 18.56416411 14.48544704 34.24006869 25.33271477 19.86476147
 [13] 28.58381916 24.14851224 24.57866128 20.58570893 14.84218362 13.15048549
 [19] 13.76738429 15.37090480 21.97775077 29.82573640 27.31740328 28.94186249
 [25] 21.25062584 27.05626908 18.65067834 12.79025958 18.18044957 26.19518030
 [31] 22.34849757 25.59661711 25.83374721 13.90376898 15.76423535 30.65147787
 [37] 28.16646144 17.09814368 14.95038614          NA 14.41429351 24.74781205
 [43] 22.68299350 26.38066747 24.65364352 15.15391137  0.71489486 14.41217049
 [49] 22.74343631 20.09046467 25.36998704 23.35945628 13.66288492 14.78229890
 [55] 17.22399106 11.01041662 15.17306455 14.88220455 14.93288785 11.07948372
 [61] 14.61636854 14.54266833 11.33242360          NA  2.73183237          NA
 [67] 17.40374962 20.62989496 18.69914193 25.69522479  5.87029026 12.16144354
 [73] 12.74445442 25.12100369 12.97925616 15.27074992 14.78740414 17.64961453
 [79] 15.38552829 13.89074552  3.29877657 10.99257666 13.30097197 14.48709707
 [85] 15.53010417 18.30349966 13.49211698  4.12457144          NA 13.95400325
 [91] 17.98698539 29.77071716 15.25639522 14.53304926 13.13490042          NA
 [97]          NA  3.96082207          NA  2.76335355 17.26667291 17.14905541
[103] 13.36356403 17.68114039 16.04234304 12.33205457          NA 18.58260685
[109] 16.92415077 14.54348461 18.14435656          NA          NA 18.60813000
[115] 14.47496529  6.37095186          NA  2.88488926          NA          NA
[121] 20.07382244 25.04504367 22.38436175 17.89291374 14.96049032 12.90299108
[127] 17.95378313  7.39564313          NA          NA          NA  3.15436233
[133]          NA          NA          NA          NA          NA  3.63973519
[139]          NA  3.99472372          NA  4.09403271          NA 13.55160459
[145] 16.57415837 15.23004027 12.30800828 14.95153015 11.71555844 15.39178749
[151] 15.04248746          NA  0.28137264  1.65311396  2.36846520  1.64037965
[157] 12.91117580  7.88084211  6.08297050  1.89371423  6.19263821  0.08255683
[163]          NA  0.09555641 27.69001131 22.85859136 14.56956236 12.29002056
[169] 14.78452872 12.70111692          NA          NA  5.74042569          NA
[175]          NA          NA          NA          NA          NA          NA
[181]          NA          NA  0.54600527          NA          NA  3.75198876
[187]          NA  4.40239876          NA 15.00861660  1.08625595          NA
[193] 10.97810326 14.12941430  5.45348527          NA          NA          NA
[199]          NA          NA          NA  5.97750252  0.06420644 14.76037572
[205] 12.90666452          NA          NA          NA  6.03185925  5.17673241
[211]  3.34808205          NA          NA          NA 13.88490670 13.73120573
[217]  2.12687206  3.73197591  8.90859371          NA          NA          NA
[223]  2.35837639  4.28062793          NA  3.29556767  2.21424819  2.73250855
[229] 16.51875647  2.94139647          NA          NA          NA 12.31165226
[235] 11.51993819          NA          NA  4.44759971          NA          NA
[241]          NA          NA          NA          NA          NA          NA
[247]  0.41813885          NA  5.78485680          NA  5.61524563          NA
[253] 15.18628598          NA          NA          NA          NA          NA
[259]          NA 13.20327630          NA  3.39784666          NA          NA
[265]          NA          NA  2.61091845          NA          NA          NA
[271]          NA          NA  0.06757407          NA          NA          NA
[277]          NA          NA          NA          NA  1.53153373  1.22981128
[283]          NA

$TS
  [1] 49.266511476 48.998281355 47.418067847 45.673799413 43.723434815
  [6] 45.204125737 36.511654165 34.827032623 34.582159911 34.473116712
 [11] 33.451384650 31.628324297 30.867831479 28.937187512 26.142175917
 [16] 23.014862878 22.557006683 19.992906055 19.381456383 33.077409886
 [21] 25.347389247 30.605612719 28.083997338 34.365037763 29.167363323
 [26] 28.317855482 26.871214497 22.278477308 20.821414605 29.987763756
 [31] 29.021164610 28.760925945 28.733950714 26.074724000 17.521271085
 [36] 31.368052615 31.344522614 26.299200203 23.307857886 23.484159322
 [41] 22.179255514 33.534360921 29.706299767 28.278746530 27.952288388
 [46] 15.248725920 13.840601786 20.606730562 29.175481318 25.260780256
 [51] 28.605829097 28.267664017 27.386388588 28.513675613 24.859326331
 [56] 24.138403051 22.741344399 21.119724909 16.605763785 21.654666361
 [61] 19.317718443 18.158226418 14.789299827  6.646137495  4.169329297
 [66]  0.075674922 20.925351311 33.124575548 25.800299702 26.858607586
 [71] 10.152061904 20.021409651 14.785280151 26.783235918 24.733045530
 [76] 23.799466520 22.474678172 19.824013380 18.660760635 18.750479826
 [81] 17.934721928 16.816820377 20.558737529 17.635349499 15.887405856
 [86] 19.845769617 14.930699386  6.539464014  6.514690615 19.265176433
 [91] 18.220534203 32.970706932 29.459973366 24.770902199 26.505017135
 [96]  9.561089661  9.403965669  8.615523191  8.422883490  8.153086656
[101] 19.235964810 17.375771985 14.755566172 21.769183159 19.616992169
[106] 17.567472446 16.531836406 20.466790636 20.037845115 15.469157963
[111] 18.398851499 11.364469647 11.571123550 20.027942866 14.674025040
[116] 14.460656960  5.469668797  4.403650692  4.330649585  3.900347587
[121] 30.781617211 26.115671481 24.455563868 21.227902616 18.233859252
[126] 24.733939456 18.369652797  8.123038022  7.511194514  6.668933920
[131]  6.621918482  4.703557699  2.253901397  8.771340875  5.114943287
[136]  2.711793602  0.001481320  4.657360325  3.753493262  7.850392278
[141]  5.762664431  5.443194036  4.831134977 18.911375514 18.676811763
[146] 17.267371849 14.247117728 15.325116093 12.846583022 18.209517873
[151] 15.370088396 10.080427589  5.678481244  6.614394362  4.953762869
[156]  3.351567100 14.190999415 11.433323591  8.985626477  8.371193948
[161]  7.021751107  3.527807355  1.619733101  2.654996031 30.081809543
[166] 23.038710066 22.912130027 19.273129489 14.828142462 18.216473506
[171]  7.784849621  7.722638207  6.441994707  6.180346858  2.530851208
[176]  1.804826341  1.308683531  1.302984506  0.955421893  5.398596934
[181]  0.426321576  3.949993069  3.731861145  5.770508807  4.765723661
[186]  5.428072606  5.082917689  4.509862605  0.096378360 18.560430127
[191] 14.387631648 13.925545022 17.785367609 16.055348018  6.939728048
[196]  5.418723652  2.830999544  0.829442857  4.973660253  0.750849305
[201]  2.549611038  8.466339562  4.574961535 19.841658940 13.573358084
[206]  5.567833561  1.811135777  7.602281209  6.216908503  5.810135273
[211]  5.667001876  0.353818538  3.014575221  3.795712344 16.955077490
[216] 16.143007907  8.241486223  6.198655075  9.207206270  6.184437087
[221]  4.756565049  4.636652077  3.139137495  4.299803839  1.737097142
[226]  7.747879493  7.009022501  6.745897757 17.117977498  5.430325186
[231]  1.686997026  6.478516423  2.236803303 16.676101047 14.343573001
[236]  7.835198528  6.914390878  6.697114264  5.862961928  5.590426708
[241]  5.170899432  4.353056655  0.914378148  4.593380928  0.496291952
[246]  4.020183684  3.380288005  2.788750777  6.320815852  3.627110794
[251]  6.135524600  3.066431378 16.877608291  5.430236199  2.729325711
[256]  0.006599544  1.376777249  0.743946623  0.347144995 13.813178983
[261]  1.969853076  5.546748489  2.496616177  2.444149077  0.286131283
[266]  3.864600856  3.067343734  2.762646818  2.730019200  1.717573195
[271]  0.913626957  2.400846029  5.155032281  1.163321193  1.742663807
[276]  0.876682971  1.787936084  1.382993569  0.591984792  2.017597981
[281]  4.725196619  4.213697884  2.001298613

$PAR
  [1]  NA   1   2   2   2   4   5   5   7   7   7   7   7   7   7   7   7   7
 [19]   7   8   8   9   9  10  12  12  12  12  12  13  13  14  14  14  19  20
 [37]  20  20  20  21  21  24  24  26  26  28  28  29  30  31  32  32  32  33
 [55]  34  34  34  34  35  38  39  40  40  40  40  40  41  42  42  45  47  48
 [73]  48  49  49  53  53  54  54  55  56  57  58  58  58  60  60  64  64  67
 [91]  67  68  68  69  70  71  71  71  71  71  72  72  72  75  75  75  75  77
[109]  77  77  79  81  82  83  83  87  89  89  89  89  92  93  94  94  94  95
[127]  95  96  96  96  96  96  96  97  97  97  97  99  99 100 100 100 100 101
[145] 101 102 103 106 106 109 110 112 112 113 113 113 116 116 116 116 116 119
[163] 119 120 121 121 123 126 126 127 128 128 130 130 130 130 133 133 133 134
[181] 136 138 139 140 140 142 142 143 143 144 144 144 145 146 152 152 152 152
[199] 153 153 156 158 160 167 170 171 171 172 172 172 172 172 183 186 190 190
[217] 191 191 192 192 192 192 196 199 201 202 202 202 204 206 207 208 208 215
[235] 215 217 217 217 217 217 217 220 220 221 221 222 222 222 226 226 227 228
[253] 229 230 232 232 233 233 233 235 236 240 240 242 244 246 246 246 246 250
[271] 250 252 254 255 263 264 266 269 271 272 273 273 282

$EXTANT
  [1] FALSE FALSE FALSE FALSE FALSE FALSE FALSE FALSE FALSE FALSE FALSE FALSE
 [13] FALSE FALSE FALSE FALSE FALSE FALSE FALSE FALSE FALSE FALSE FALSE FALSE
 [25] FALSE FALSE FALSE FALSE FALSE FALSE FALSE FALSE FALSE FALSE FALSE FALSE
 [37] FALSE FALSE FALSE  TRUE FALSE FALSE FALSE FALSE FALSE FALSE FALSE FALSE
 [49] FALSE FALSE FALSE FALSE FALSE FALSE FALSE FALSE FALSE FALSE FALSE FALSE
 [61] FALSE FALSE FALSE  TRUE FALSE  TRUE FALSE FALSE FALSE FALSE FALSE FALSE
 [73] FALSE FALSE FALSE FALSE FALSE FALSE FALSE FALSE FALSE FALSE FALSE FALSE
 [85] FALSE FALSE FALSE FALSE  TRUE FALSE FALSE FALSE FALSE FALSE FALSE  TRUE
 [97]  TRUE FALSE  TRUE FALSE FALSE FALSE FALSE FALSE FALSE FALSE  TRUE FALSE
[109] FALSE FALSE FALSE  TRUE  TRUE FALSE FALSE FALSE  TRUE FALSE  TRUE  TRUE
[121] FALSE FALSE FALSE FALSE FALSE FALSE FALSE FALSE  TRUE  TRUE  TRUE FALSE
[133]  TRUE  TRUE  TRUE  TRUE  TRUE FALSE  TRUE FALSE  TRUE FALSE  TRUE FALSE
[145] FALSE FALSE FALSE FALSE FALSE FALSE FALSE  TRUE FALSE FALSE FALSE FALSE
[157] FALSE FALSE FALSE FALSE FALSE FALSE  TRUE FALSE FALSE FALSE FALSE FALSE
[169] FALSE FALSE  TRUE  TRUE FALSE  TRUE  TRUE  TRUE  TRUE  TRUE  TRUE  TRUE
[181]  TRUE  TRUE FALSE  TRUE  TRUE FALSE  TRUE FALSE  TRUE FALSE FALSE  TRUE
[193] FALSE FALSE FALSE  TRUE  TRUE  TRUE  TRUE  TRUE  TRUE FALSE FALSE FALSE
[205] FALSE  TRUE  TRUE  TRUE FALSE FALSE FALSE  TRUE  TRUE  TRUE FALSE FALSE
[217] FALSE FALSE FALSE  TRUE  TRUE  TRUE FALSE FALSE  TRUE FALSE FALSE FALSE
[229] FALSE FALSE  TRUE  TRUE  TRUE FALSE FALSE  TRUE  TRUE FALSE  TRUE  TRUE
[241]  TRUE  TRUE  TRUE  TRUE  TRUE  TRUE FALSE  TRUE FALSE  TRUE FALSE  TRUE
[253] FALSE  TRUE  TRUE  TRUE  TRUE  TRUE  TRUE FALSE  TRUE FALSE  TRUE  TRUE
[265]  TRUE  TRUE FALSE  TRUE  TRUE  TRUE  TRUE  TRUE FALSE  TRUE  TRUE  TRUE
[277]  TRUE  TRUE  TRUE  TRUE FALSE FALSE  TRUE

