
Birth-death simulation object with 221 species and 21 extant species

Details for some species:

Extinction times (NA means extant)
[1] 34.49517 47.73261 37.25244 27.20160 36.90251 45.10719


Speciation times 
[1] 52.75889 51.92315 49.67546 43.10612 42.89191 49.23388


Species parents (NA for initial)
[1] NA  1  1  1  1  2


Species status (extinct or extant)
[1] "extinct" "extinct" "extinct" "extinct" "extinct" "extinct"


For more details on vector y, try sim$y, with y one of
TE TS PAR EXTANT



$TE
  [1] 34.49516679 47.73260960 37.25244285 27.20160346 36.90250599 45.10719338
  [7] 45.84747973 38.53381924 38.98318450 35.48330070 24.90707947 26.06599049
 [13] 42.59042043 43.09710208 26.80048118 42.56708340 19.83426399 27.13935574
 [19] 34.60409069 28.79417176 20.51533996 19.09675930 43.04475755 41.73100216
 [25] 32.81036293 34.95154663 23.68297080 35.80333745 35.47573154 30.44768056
 [31] 22.90289615 17.16424037 19.42628677 23.86417620 24.74332508 21.27086070
 [37] 18.90950716 16.54572616 16.12743808 24.63684615 23.91323574 25.54153254
 [43] 37.51586931 18.49596300 29.40585432 33.25972310 22.55206305 15.73162001
 [49] 35.62056924 31.66235410 30.49145402 29.32482715 26.90255029 13.05274769
 [55] 18.58596404 23.87686198 13.21690135 16.17961352 18.05256868 17.67415636
 [61] 19.34300942 17.26085813 16.68446029 18.07007473 17.09247473 17.88473621
 [67] 20.75732554 27.30591593 14.98912598 25.82624856 32.56608895 22.85667283
 [73] 24.14536765 18.96549308 22.82275261 15.66754883 15.51982916 16.85562842
 [79] 15.55454862 11.68135361 35.18189255 29.71115260 28.15118672 15.41115478
 [85] 16.70061948 18.09181207 19.98825169 21.75961727 17.98389778 15.83681611
 [91] 17.69644760 16.34138468 28.91411195 22.05155736 20.45224579 25.93892295
 [97] 21.32893637 13.74654606 13.99964127 24.10767148 34.90538899 17.03260631
[103] 21.57632695 16.93291720 14.58382940  0.05478428 25.58334689 32.85475971
[109] 20.83803458 30.75479843 18.05554074 16.13499091  5.44227147 11.79265380
[115] 12.64883580 15.57630855 17.88217378  9.03218430 19.96894511 17.48877325
[121] 17.26706595 27.71592087 18.27528256 17.70834443 13.58383321 16.95572570
[127] 12.99218872 31.00295099 18.01412420 16.20171738 18.59302174 18.38224768
[133] 17.32605398  8.73186209  7.09709665  7.20523480          NA 22.11050479
[139] 19.17249413 13.06478756 16.07630926 12.47351145  7.81097613          NA
[145] 11.51874158  9.72432053 13.74653214  3.99418794 19.09834600 10.05898696
[151] 23.23776471 22.01103543 20.60844828 12.77209063 16.04030039 14.50162128
[157] 21.85761190  3.60945531 12.94953945 20.33835375 19.55705706 15.10769785
[163] 13.69162877 12.46592606  8.12920753  5.85032810 11.66992606 12.37878880
[169] 10.88417620 16.23303722 14.37233020 11.15236296 12.33242924 25.77801807
[175] 14.67849449  7.46921463          NA  3.05671450          NA          NA
[181]  4.55541114 13.97907664 17.81198921 14.45817578  6.75252951          NA
[187] 14.97693866 18.56794965 13.50778746  8.98662166 14.56281989 16.78304296
[193] 11.48009946  7.29359484  2.09786487  3.90749011          NA          NA
[199]          NA          NA          NA 18.99050801  6.54900213          NA
[205]          NA  0.67738582 13.01107950          NA          NA  2.06891797
[211]  0.03742843  8.22738115 10.96115375  3.77866534          NA          NA
[217]          NA  0.11362464          NA          NA          NA

$TS
  [1] 52.7588915 51.9231475 49.6754596 43.1061158 42.8919127 49.2338806
  [7] 47.8365561 45.3239424 39.8052238 39.9852893 33.0125981 29.6003772
 [13] 47.3093240 45.8259196 45.2514169 44.3127362 41.1432307 37.4879464
 [19] 36.2665123 31.2663553 27.2097751 42.6081271 45.4157690 44.6247476
 [25] 43.5715252 35.8773937 29.0092727 43.2096934 37.6025291 32.5890558
 [31] 28.9891912 28.5061722 26.5524870 25.7686503 25.6557489 24.9920946
 [37] 23.1919054 21.8122462 21.0512668 32.6544032 29.8144980 27.7096361
 [43] 41.4713089 19.7236465 34.9130492 35.6709834 24.8842322 41.8773079
 [49] 36.1821213 36.8314469 35.5508295 31.2774020 28.1349164 25.3874478
 [55] 25.0485745 27.9343302 19.2620854 23.7948786 20.2112445 24.0098769
 [61] 21.7326841 22.4668285 21.2401434 19.4728960 17.3466622 31.0246231
 [67] 28.8282477 27.6109755 28.4654021 26.5008972 39.0373665 30.2154080
 [73] 35.2029232 33.6959575 29.4866717 22.8554982 18.8078512 16.8867190
 [79] 16.6759772 15.9930447 36.6264878 35.8638623 33.5225680 23.8660594
 [85] 19.6704017 24.8320441 21.3880794 22.8599664 18.7852440 19.8043357
 [91] 18.3316422 20.9265632 30.8382335 23.0282611 21.7715160 27.3640082
 [97] 25.8742914 18.7627455 16.3313493 25.9446686 36.6189181 27.2299103
[103] 26.1916553 23.2533440 16.0187323 12.8743510 31.7860975 33.3397322
[109] 32.0531313 31.7060277 20.3563582 20.2350708 17.4821318 18.6053159
[115] 17.4330990 16.9708847 23.9673889 19.3862711 21.1695341 18.1951829
[121] 30.8251348 30.4907898 20.7733965 23.4206102 17.9905470 17.4983923
[127] 14.2348871 36.1038798 22.3226138 18.8084656 22.2021828 18.7873379
[133] 18.4058136 10.3107746  7.9748992  7.7625903  1.8664358 28.9351248
[139] 28.1126236 18.0948506 16.4801472 15.5417607 13.2975393 11.6149450
[145] 14.3332261 12.2904636 14.3396216 12.2092097 20.8792772 20.3865687
[151] 26.4498299 26.2754570 22.3644473 17.9749566 16.9492968 17.2844363
[157] 34.6494791 20.6201142 20.4089225 25.0409742 22.4349554 20.5143709
[163] 15.4317968 12.6502718 10.5913000  8.3203439 11.8483956 14.0831909
[169] 13.2276645 21.5902882 20.7071063 14.8510830 16.0693697 26.3030207
[175] 17.5165857 11.4502287  7.0644028  6.3570236  5.2681762  5.2524673
[181]  4.8650500 14.3145933 22.5245288 20.6464466  7.7067871  6.8072444
[187] 21.3979098 20.0512887 14.4601480 12.9597426 17.1730097 16.9102577
[193] 16.4597997  8.9324702  5.8519586  4.2713665  0.8663001  6.1286729
[199]  4.0902310  4.1804618  4.5781860 20.4258170 14.8353123  7.6610271
[205]  4.4697878  1.0880895 14.2152115  0.5250472  2.1464967  3.2178757
[211]  1.6025026 12.5577747 12.4073769  5.8937556  2.7376196  1.4709417
[217]  1.7166981  4.1669133  1.4425015  0.2313061  0.2690585

$PAR
  [1]  NA   1   1   1   1   2   3   3   3   4   4   4   6   6   6   8   8  10
 [19]  10  11  11  13  14  14  15  15  15  16  17  17  17  17  17  17  17  17
 [37]  17  17  17  18  18  18  22  22  25  26  27  28  28  29  29  30  31  31
 [55]  31  32  32  33  33  34  36  37  37  39  39  40  40  40  41  41  43  45
 [73]  46  48  48  48  48  48  48  48  50  50  50  54  54  55  55  58  58  60
 [91]  60  62  66  66  67  68  69  69  69  70  71  73  74  75  76  80  82  83
[109]  83  83  84  84  84  85  85  85  86  86  87  92  93  93  95  97  98  98
[127]  98 101 102 102 104 104 104 106 106 106 106 109 109 112 113 113 113 113
[145] 114 114 115 118 119 119 121 121 124 125 125 126 128 129 131 139 139 139
[163] 142 142 143 143 146 150 150 153 153 154 156 157 158 158 158 158 158 158
[181] 158 159 160 161 166 166 170 170 172 172 175 175 175 176 177 177 177 178
[199] 178 180 181 184 184 185 186 186 189 197 199 201 201 203 203 204 205 205
[217] 209 214 215 217 219

$EXTANT
  [1] FALSE FALSE FALSE FALSE FALSE FALSE FALSE FALSE FALSE FALSE FALSE FALSE
 [13] FALSE FALSE FALSE FALSE FALSE FALSE FALSE FALSE FALSE FALSE FALSE FALSE
 [25] FALSE FALSE FALSE FALSE FALSE FALSE FALSE FALSE FALSE FALSE FALSE FALSE
 [37] FALSE FALSE FALSE FALSE FALSE FALSE FALSE FALSE FALSE FALSE FALSE FALSE
 [49] FALSE FALSE FALSE FALSE FALSE FALSE FALSE FALSE FALSE FALSE FALSE FALSE
 [61] FALSE FALSE FALSE FALSE FALSE FALSE FALSE FALSE FALSE FALSE FALSE FALSE
 [73] FALSE FALSE FALSE FALSE FALSE FALSE FALSE FALSE FALSE FALSE FALSE FALSE
 [85] FALSE FALSE FALSE FALSE FALSE FALSE FALSE FALSE FALSE FALSE FALSE FALSE
 [97] FALSE FALSE FALSE FALSE FALSE FALSE FALSE FALSE FALSE FALSE FALSE FALSE
[109] FALSE FALSE FALSE FALSE FALSE FALSE FALSE FALSE FALSE FALSE FALSE FALSE
[121] FALSE FALSE FALSE FALSE FALSE FALSE FALSE FALSE FALSE FALSE FALSE FALSE
[133] FALSE FALSE FALSE FALSE  TRUE FALSE FALSE FALSE FALSE FALSE FALSE  TRUE
[145] FALSE FALSE FALSE FALSE FALSE FALSE FALSE FALSE FALSE FALSE FALSE FALSE
[157] FALSE FALSE FALSE FALSE FALSE FALSE FALSE FALSE FALSE FALSE FALSE FALSE
[169] FALSE FALSE FALSE FALSE FALSE FALSE FALSE FALSE  TRUE FALSE  TRUE  TRUE
[181] FALSE FALSE FALSE FALSE FALSE  TRUE FALSE FALSE FALSE FALSE FALSE FALSE
[193] FALSE FALSE FALSE FALSE  TRUE  TRUE  TRUE  TRUE  TRUE FALSE FALSE  TRUE
[205]  TRUE FALSE FALSE  TRUE  TRUE FALSE FALSE FALSE FALSE FALSE  TRUE  TRUE
[217]  TRUE FALSE  TRUE  TRUE  TRUE

