
Birth-death simulation object with 105 species and 20 extant species

Details for some species:

Extinction times (NA means extant)
[1] 47.58890 45.13913 35.44222 36.31192 48.02695 44.31957


Speciation times 
[1] 52.75889 50.85097 50.75369 49.41077 49.02382 47.99614


Species parents (NA for initial)
[1] NA  1  1  1  3  4


Species status (extinct or extant)
[1] "extinct" "extinct" "extinct" "extinct" "extinct" "extinct"


For more details on vector y, try sim$y, with y one of
TE TS PAR EXTANT



$TE
  [1] 47.58889943 45.13912600 35.44222104 36.31191917 48.02695440 44.31957028
  [7] 43.77440713 37.31085457 21.54638385 36.58311450 36.20473545 17.17107980
 [13] 26.05465050 12.43389575 38.40334651 33.95190997 32.54861937 27.31364943
 [19] 21.97171795 17.51635589 21.69844304 16.79415903 14.69438895          NA
 [25] 33.59904497 15.95531991 32.64912115 20.65074481 17.39854487 16.50773847
 [31] 10.46784840          NA  2.71020309 30.90678179 23.39833089 15.15984709
 [37] 32.38144397 15.52178962 10.63886318  4.74891193  1.10657836          NA
 [43]  4.07612796 18.77899878 20.82251263 26.69723948 17.71891228 18.45062770
 [49] 17.09090267          NA 28.33486137 20.36131208 12.30020854 26.40569149
 [55] 17.27372625 15.91649160 27.12939664 22.91365145 15.26181655 15.69685938
 [61] 15.08037328 13.54797345 24.42074749 22.86961520  0.06385040 13.71192724
 [67]  5.15339995 13.79483183 13.40888702 17.47247566          NA          NA
 [73]          NA          NA  1.28315726 12.51927779          NA 13.22910388
 [79]  5.48271797 12.92054688 17.39292984 13.78052156 18.32546887  2.25658317
 [85]  4.50945773  3.50729931          NA  0.09028174          NA  0.75942315
 [91]          NA          NA 18.15648391 16.79208466          NA  3.88905761
 [97]          NA          NA          NA  1.20654524          NA          NA
[103]  1.38225533  2.99991232          NA

$TS
  [1] 52.7588915 50.8509657 50.7536939 49.4107661 49.0238154 47.9961441
  [7] 47.8913214 45.2109678 44.4505465 40.9370160 39.4991806 31.8107358
 [13] 27.0609115 23.9033226 38.6347500 37.1605517 36.6226388 28.0772005
 [19] 25.1954979 24.6835495 24.2984211 18.4919353 23.5637955 14.2081280
 [25] 34.9942270 35.8203937 34.3719136 22.4596847 17.4757537 16.8265315
 [31] 15.9853808  9.8433521  6.3761529 34.3136527 25.8703923 25.4272906
 [37] 32.7878717 15.5809582 11.8028610  5.6751533  5.1578620  3.5198231
 [43]  4.6644193 32.2537994 31.6576623 30.9154477 23.9188714 18.6596212
 [49] 17.1192131  1.5723012 30.7477043 29.3097057 22.1010048 28.3468683
 [55] 27.2787944 20.9291055 28.6462898 24.7290377 18.6118044 17.4538805
 [61] 15.5895692 17.0237445 24.5191130 23.7832390 16.9568743 15.5800975
 [67] 15.4881563 16.1027714 13.6779586 23.4848561  7.9386140  5.8706253
 [73]  5.0468991  4.4606066  1.7690954 14.5183685 14.0324258 13.5961420
 [79]  9.6441887 15.1893283 23.1694065 20.3850029 18.9081895  5.1549120
 [85]  4.7444235  3.5712492  1.2693348  1.3396602  4.6079400  3.1171545
 [91]  0.9764558  8.2442015 18.2234152 17.8050589  3.9134959  4.6424552
 [97]  4.5938425  0.2394199  7.5612518  3.4148912  2.2303010  4.8677152
[103]  4.3104712  3.7202880  0.5393597

$PAR
  [1]  NA   1   1   1   3   4   4   6   6   8   9   9   9   9  10  10  10  12
 [19]  12  12  12  12  14  14  16  17  17  19  22  22  23  24  24  25  26  26
 [37]  27  31  31  32  32  32  33  34  34  34  36  36  36  42  44  44  44  46
 [55]  46  47  51  52  53  53  53  56  58  58  59  61  61  62  62  64  65  65
 [73]  65  65  65  66  67  67  67  68  70  70  70  71  71  71  71  73  77  77
 [91]  77  79  82  82  84  85  85  87  92  92  95  99  99  99 101

$EXTANT
  [1] FALSE FALSE FALSE FALSE FALSE FALSE FALSE FALSE FALSE FALSE FALSE FALSE
 [13] FALSE FALSE FALSE FALSE FALSE FALSE FALSE FALSE FALSE FALSE FALSE  TRUE
 [25] FALSE FALSE FALSE FALSE FALSE FALSE FALSE  TRUE FALSE FALSE FALSE FALSE
 [37] FALSE FALSE FALSE FALSE FALSE  TRUE FALSE FALSE FALSE FALSE FALSE FALSE
 [49] FALSE  TRUE FALSE FALSE FALSE FALSE FALSE FALSE FALSE FALSE FALSE FALSE
 [61] FALSE FALSE FALSE FALSE FALSE FALSE FALSE FALSE FALSE FALSE  TRUE  TRUE
 [73]  TRUE  TRUE FALSE FALSE  TRUE FALSE FALSE FALSE FALSE FALSE FALSE FALSE
 [85] FALSE FALSE  TRUE FALSE  TRUE FALSE  TRUE  TRUE FALSE FALSE  TRUE FALSE
 [97]  TRUE  TRUE  TRUE FALSE  TRUE  TRUE FALSE FALSE  TRUE

