
Birth-death simulation object with 90 species and 9 extant species

Details for some species:

Extinction times (NA means extant)
[1] 49.17586 39.16851 48.34059 42.14965 48.97703 49.38782


Speciation times 
[1] 52.75889 50.82400 50.81389 50.49295 50.17507 49.80542


Species parents (NA for initial)
[1] NA  1  1  1  1  2


Species status (extinct or extant)
[1] "extinct" "extinct" "extinct" "extinct" "extinct" "extinct"


For more details on vector y, try sim$y, with y one of
TE TS PAR EXTANT



$TE
 [1] 49.175858 39.168514 48.340586 42.149645 48.977035 49.387823 43.837312
 [8] 32.173715 14.015205 47.446056 43.141832 43.727556 37.341768 29.319010
[15] 29.199369 20.941944 36.581496 28.173661 16.913821 21.544771 16.233964
[22] 20.274989 27.403395 25.936513 31.712490 26.359225 20.373356 12.973850
[29] 15.560059 36.519113 19.109578 29.668292 18.639644 15.538522 17.862776
[36] 30.109402 27.525881 14.733142 28.438318 20.456888 25.220035 21.795635
[43]  8.375833 12.807299 25.950562 17.028328 18.019179 14.447560 15.745072
[50] 10.938994 20.664605 11.294585 25.505753 21.032925 12.751751  3.538189
[57] 15.443449 17.471177 18.888858 15.366176 11.986763 16.087591 13.185201
[64] 11.566207 18.595452 15.583996        NA        NA 16.608893 15.507622
[71] 14.917862 19.257974  8.583460  9.532152  1.102622        NA  7.433883
[78]  3.802260        NA 13.402269  7.435192  4.800307  1.197400 17.077478
[85] 16.081799        NA        NA        NA        NA        NA

$TS
 [1] 52.7588915 50.8239997 50.8138922 50.4929539 50.1750681 49.8054239
 [7] 48.6965200 44.7446651 39.7863022 49.2621047 50.3863883 44.0484790
[13] 40.3405546 39.9810561 34.8396751 32.3857055 38.9122665 33.6593067
[19] 26.5907966 25.3008544 25.2520724 39.4823420 36.6902359 32.7916638
[25] 31.7939662 27.9703705 27.8703533 23.8964299 20.9111447 37.3520612
[31] 30.2261016 30.0954902 25.6308498 23.3760912 22.7150075 32.0297700
[37] 30.9178287 30.3256788 28.8043595 26.4054122 26.8355938 22.0615258
[43] 15.5717278 19.7981280 27.1873534 24.4745318 19.4545026 22.5659361
[49] 18.2701347 18.0117970 21.4076835 21.0628719 27.1415391 21.7300227
[55] 16.1152521 10.1544387 15.4614152 26.4829734 23.4550015 17.6166010
[61] 16.8422996 16.8022548 13.8849345 17.2209391 26.9510092 15.8705590
[67] 13.0156061  4.7564179 21.9555287 16.5177944 16.2092045 21.9274944
[73] 10.6138346 10.1781074  8.2710190  8.0005999  7.9030346  3.8908205
[79]  2.3746013 21.7339732  8.8946999  6.9508839  5.8139707 18.2253478
[85] 16.4121560  6.8364473  2.4547164  5.9670815  2.0526453  0.9272756

$PAR
 [1] NA  1  1  1  1  2  2  2  2  3  4  4  8  8  8  8  9  9  9  9  9 13 14 15 16
[26] 16 16 19 19 22 22 22 22 22 22 23 23 24 24 24 26 27 28 29 31 31 31 33 34 34
[51] 35 35 38 38 38 43 44 45 46 48 48 49 50 52 53 55 55 56 59 61 64 65 67 67 67
[76] 67 67 67 67 72 73 75 76 80 80 82 83 86 87 88

$EXTANT
 [1] FALSE FALSE FALSE FALSE FALSE FALSE FALSE FALSE FALSE FALSE FALSE FALSE
[13] FALSE FALSE FALSE FALSE FALSE FALSE FALSE FALSE FALSE FALSE FALSE FALSE
[25] FALSE FALSE FALSE FALSE FALSE FALSE FALSE FALSE FALSE FALSE FALSE FALSE
[37] FALSE FALSE FALSE FALSE FALSE FALSE FALSE FALSE FALSE FALSE FALSE FALSE
[49] FALSE FALSE FALSE FALSE FALSE FALSE FALSE FALSE FALSE FALSE FALSE FALSE
[61] FALSE FALSE FALSE FALSE FALSE FALSE  TRUE  TRUE FALSE FALSE FALSE FALSE
[73] FALSE FALSE FALSE  TRUE FALSE FALSE  TRUE FALSE FALSE FALSE FALSE FALSE
[85] FALSE  TRUE  TRUE  TRUE  TRUE  TRUE

