
Birth-death simulation object with 286 species and 130 extant species

Details for some species:

Extinction times (NA means extant)
[1] 37.95789 40.16292 37.61512 37.43079 16.70202 30.16026


Speciation times 
[1] 52.75889 49.57192 44.97964 41.39997 41.87179 38.54716


Species parents (NA for initial)
[1] NA  1  1  2  3  4


Species status (extinct or extant)
[1] "extinct" "extinct" "extinct" "extinct" "extinct" "extinct"


For more details on vector y, try sim$y, with y one of
TE TS PAR EXTANT



$TE
  [1] 37.95789225 40.16292483 37.61512255 37.43078797 16.70202028 30.16026238
  [7] 31.03367243 22.28960942 23.27595867 15.32544547 36.16484311 30.78390853
 [13] 26.94239515 32.41165494 14.25823659 15.00315472 21.40515442 14.15971813
 [19] 18.29870494 31.17484484 30.76205612 31.82230639 18.32181753 25.93989670
 [25] 16.99449379 17.04702371 13.50967029 15.88873286 16.88346505 21.85775512
 [31] 17.88718130 15.90540984 11.68979751 15.14278319 31.58915386 30.34304205
 [37] 16.77181069 14.63327312 16.02855036 25.34440302 17.35990787 15.77081634
 [43] 16.77864442 18.37536087 12.96843438 17.23434386 20.17201142 13.79501496
 [49] 18.55082202 15.25394653 13.27971964 12.62857262 14.63596965 13.13717844
 [55] 11.02403947 11.31658161 18.50179087  5.87363203 15.12655501 18.33135995
 [61] 18.03242659 15.55315409  1.32924641 14.15023372 17.31123910  8.35345155
 [67] 20.50115795 18.37892306 16.48936985 12.74139625 12.49952621 10.13233214
 [73] 11.81310136 11.09646343 13.31351588  5.73863553  9.46646033  0.50244236
 [79]          NA 14.14739116          NA  6.04713355  7.75734012  9.92978557
 [85] 11.24408108 12.93265967  5.28834226          NA 11.12754108 13.99467057
 [91]          NA  1.18034761          NA  5.49921545          NA  8.04033598
 [97]  0.35113248  4.27665598          NA  1.72706467          NA          NA
[103]          NA          NA  0.80272770 11.03024489  5.84358342 12.24360365
[109]  3.18847618  1.86412121  3.29850899  4.20504156          NA  5.18860452
[115]          NA  4.93609118          NA          NA          NA          NA
[121]          NA          NA  0.66197611          NA          NA          NA
[127]          NA  1.60623797  2.72106125          NA          NA          NA
[133]          NA  0.03953759          NA          NA          NA  4.46155118
[139] 10.50289806          NA          NA  5.64010518  0.79116788  2.70649776
[145]  3.23626265  2.62313488  2.88229771  3.91171217  3.34384832          NA
[151]  5.27842803  3.08408984          NA          NA          NA          NA
[157]          NA          NA  3.33855287          NA          NA          NA
[163]          NA          NA          NA          NA          NA          NA
[169]          NA          NA  7.54422362          NA          NA  5.04131127
[175]  4.49196206  7.74256243  4.90466544  5.54709986          NA          NA
[181]  2.47817597  1.79078808          NA          NA  3.38799073  3.13870737
[187]  2.31863342          NA  3.74530098  2.60516749  6.65218447          NA
[193]  0.52618756          NA          NA          NA  0.29292542          NA
[199]  2.22677444          NA  3.18406576          NA          NA          NA
[205]          NA  3.83372716          NA  0.48237070          NA          NA
[211]          NA  1.90663738          NA  0.42547261          NA          NA
[217]  2.74699478  1.99221962  1.50467016          NA          NA  2.23481564
[223]          NA  0.81021429  3.33545264          NA          NA          NA
[229]          NA  2.40459831          NA          NA          NA  2.18291050
[235]          NA          NA          NA          NA  1.69697498          NA
[241]  1.70521878          NA  4.20155863          NA          NA          NA
[247]          NA          NA          NA          NA  1.45217845          NA
[253]          NA          NA          NA          NA  3.54230850          NA
[259]          NA          NA          NA          NA          NA          NA
[265]          NA          NA          NA          NA          NA          NA
[271]          NA          NA          NA          NA          NA          NA
[277]          NA  1.77763979          NA          NA          NA          NA
[283]          NA          NA          NA          NA

$TS
  [1] 52.75889149 49.57191561 44.97964407 41.39996822 41.87178783 38.54715971
  [7] 38.93967724 35.67146261 31.47776488 17.44993202 37.00040614 34.74970991
 [13] 30.70157787 34.33658098 26.66773680 30.53339942 28.93111026 28.77077628
 [19] 23.87078559 33.88957603 33.32198215 32.67616253 21.47598819 27.47547365
 [25] 23.86746280 22.71599968 19.50166323 18.82283566 21.55628456 23.40906679
 [31] 23.01087032 21.96632949 20.41983672 18.53005234 32.32446606 32.65647725
 [37] 20.85863900 20.78983224 18.63529844 26.41690505 22.64996240 17.38860784
 [43] 22.70428288 18.75746696 19.77779363 22.38530652 21.91873302 18.99074759
 [49] 18.62730174 18.81068134 16.46659891 15.76121190 15.56216548 14.46310075
 [55] 12.85865216 12.34096357 20.16429700 20.06559666 18.02060809 19.14172525
 [61] 18.65902109 19.52037316 18.63163567 14.83772296 19.87041984 18.69531770
 [67] 20.57635129 20.33783350 18.31367135 16.52304818 12.68727673 11.35183647
 [73] 18.84868090 17.14778656 14.36183110 12.44872089 10.89657341  7.76042383
 [79] 15.33461239 18.49040113 13.63456600  7.77606436  8.55481789 10.62220926
 [85] 18.04815685 15.53435228 15.01178855 13.52459346 11.69997118 14.07592669
 [91]  7.73793039  7.71451461  5.92663354  7.07844370  5.85138278  8.54346076
 [97]  5.62876483  5.52411937  5.45398916  4.20312357  7.46856510  6.28418895
[103]  5.85203859  3.09309462 13.80387758 12.50422223  6.76925571 12.30932404
[109] 11.67879650 10.75118559  8.01091811  6.95689630  4.82381689 11.24952686
[115]  7.45645119  6.60118774  5.11796665  4.56966185  0.60321363  1.38078956
[121]  5.66101615  6.00085004  5.78184015  2.60330056  2.32334099  3.62096408
[127]  0.71981296  4.56490676  4.21318798  0.33112516  6.81294365  6.05389789
[133]  1.22392100  2.50468641  4.81093754  4.16984032  1.41739856 12.77268908
[139] 11.59042792  4.39530595  4.01542313  6.30654523  9.20522016  7.09495585
[145]  6.97807230  5.96787065  7.75802253  7.45065916  7.34921025  7.33060706
[151]  6.31770503  3.10943980  6.68037298  4.56313212  4.90947981  4.17055608
[157]  3.03341877  0.12517842  4.72114413  4.26136777  2.07305463  1.59061187
[163]  0.57443428  0.58390407  3.34519392  1.97497631  0.40261369  1.01991342
[169]  0.73393342  8.26091418  7.86539859  5.77420167  1.22460942  6.12965555
[175]  5.74734286  8.09740998  7.80982339  7.50929347  6.64946671  5.85083986
[181]  5.01709322  6.56981914  3.93807704  5.88732612  5.83809711  5.24483034
[187]  4.64996681  3.99364917  6.47729950  5.15669103  7.09227290  5.27955204
[193]  5.13503407  5.14906297  4.97896625  1.81145298  2.11034500  1.88437126
[199]  4.03491584  2.68456221  6.86483748  7.77066305  2.47609852  1.01617341
[205]  0.85154093  5.59340804  6.59115527  5.27709886  5.24047938  2.19522111
[211]  0.18833882  3.32162770  2.97246218  5.18961988  4.65715597  1.11505194
[217]  5.52375672  5.25002369  4.18454467  5.06831588  4.27026959  4.71124056
[223]  2.32244533  4.70878673  4.37572328  0.84082325  0.08837934  1.10957934
[229]  0.22123253  2.98976441  3.47916142  4.25747512  4.18448623  2.21390607
[235]  1.24395125  1.96656513  0.28764963  4.85799827  4.29251241  2.54624753
[241]  5.16658170  0.57875917  4.57329987  0.32109228  4.79052897  4.13673910
[247]  3.32069620  2.65774642  0.97295590  3.10306970  3.84917240  2.30164746
[253]  2.45523425  2.16900589  3.53577266  1.46572096  4.22582468  3.39141486
[259]  2.52990294  3.82866949  2.84768111  1.00688034  0.07112677  1.18905621
[265]  1.91770652  1.49409867  1.44481877  2.95148342  0.17485056  2.29251942
[271]  1.17798407  4.17051325  3.81170592  0.92253529  1.98027237  1.34313520
[277]  1.33178017  2.63435518  1.56771923  0.94953168  3.35978006  3.80604422
[283]  0.49335125  1.28080217  0.63347371  2.06911702

$PAR
  [1]  NA   1   1   2   3   4   5   5   5   5   6   6   6   8   8   9   9   9
 [19]   9  14  14  14  15  16  16  16  16  16  18  19  19  19  19  19  20  21
 [37]  23  23  23  24  25  25  26  28  29  30  30  31  31  33  33  33  33  33
 [55]  33  33  38  38  38  43  44  45  45  45  46  46  47  47  50  50  52  56
 [73]  58  58  58  58  58  58  59  61  63  63  66  72  73  73  73  74  74  75
 [91]  76  76  76  78  78  79  79  79  79  79  81  81  81  81  85  87  87  88
[109]  88  88  88  88  88  89  91  91  91  91  91  92  93  94  94  95  95  97
[127]  97  98  99  99 101 101 101 102 103 103 103 105 105 105 105 107 109 110
[145] 110 110 111 111 111 111 112 113 114 115 117 118 118 119 121 121 121 121
[163] 121 126 128 134 134 135 137 138 138 138 140 142 142 143 143 143 143 143
[181] 143 144 144 145 145 145 147 147 148 148 149 149 149 150 153 155 156 157
[199] 159 160 170 171 172 172 172 175 179 179 179 180 180 184 184 185 185 188
[217] 189 189 189 190 192 193 193 194 194 194 194 196 196 199 201 202 202 202
[235] 202 203 203 207 207 207 208 208 209 210 214 214 215 215 216 217 220 220
[253] 221 221 222 223 225 231 231 232 232 233 236 238 240 246 246 247 247 250
[271] 255 257 257 258 261 266 267 268 268 270 272 273 275 277 280 281

$EXTANT
  [1] FALSE FALSE FALSE FALSE FALSE FALSE FALSE FALSE FALSE FALSE FALSE FALSE
 [13] FALSE FALSE FALSE FALSE FALSE FALSE FALSE FALSE FALSE FALSE FALSE FALSE
 [25] FALSE FALSE FALSE FALSE FALSE FALSE FALSE FALSE FALSE FALSE FALSE FALSE
 [37] FALSE FALSE FALSE FALSE FALSE FALSE FALSE FALSE FALSE FALSE FALSE FALSE
 [49] FALSE FALSE FALSE FALSE FALSE FALSE FALSE FALSE FALSE FALSE FALSE FALSE
 [61] FALSE FALSE FALSE FALSE FALSE FALSE FALSE FALSE FALSE FALSE FALSE FALSE
 [73] FALSE FALSE FALSE FALSE FALSE FALSE  TRUE FALSE  TRUE FALSE FALSE FALSE
 [85] FALSE FALSE FALSE  TRUE FALSE FALSE  TRUE FALSE  TRUE FALSE  TRUE FALSE
 [97] FALSE FALSE  TRUE FALSE  TRUE  TRUE  TRUE  TRUE FALSE FALSE FALSE FALSE
[109] FALSE FALSE FALSE FALSE  TRUE FALSE  TRUE FALSE  TRUE  TRUE  TRUE  TRUE
[121]  TRUE  TRUE FALSE  TRUE  TRUE  TRUE  TRUE FALSE FALSE  TRUE  TRUE  TRUE
[133]  TRUE FALSE  TRUE  TRUE  TRUE FALSE FALSE  TRUE  TRUE FALSE FALSE FALSE
[145] FALSE FALSE FALSE FALSE FALSE  TRUE FALSE FALSE  TRUE  TRUE  TRUE  TRUE
[157]  TRUE  TRUE FALSE  TRUE  TRUE  TRUE  TRUE  TRUE  TRUE  TRUE  TRUE  TRUE
[169]  TRUE  TRUE FALSE  TRUE  TRUE FALSE FALSE FALSE FALSE FALSE  TRUE  TRUE
[181] FALSE FALSE  TRUE  TRUE FALSE FALSE FALSE  TRUE FALSE FALSE FALSE  TRUE
[193] FALSE  TRUE  TRUE  TRUE FALSE  TRUE FALSE  TRUE FALSE  TRUE  TRUE  TRUE
[205]  TRUE FALSE  TRUE FALSE  TRUE  TRUE  TRUE FALSE  TRUE FALSE  TRUE  TRUE
[217] FALSE FALSE FALSE  TRUE  TRUE FALSE  TRUE FALSE FALSE  TRUE  TRUE  TRUE
[229]  TRUE FALSE  TRUE  TRUE  TRUE FALSE  TRUE  TRUE  TRUE  TRUE FALSE  TRUE
[241] FALSE  TRUE FALSE  TRUE  TRUE  TRUE  TRUE  TRUE  TRUE  TRUE FALSE  TRUE
[253]  TRUE  TRUE  TRUE  TRUE FALSE  TRUE  TRUE  TRUE  TRUE  TRUE  TRUE  TRUE
[265]  TRUE  TRUE  TRUE  TRUE  TRUE  TRUE  TRUE  TRUE  TRUE  TRUE  TRUE  TRUE
[277]  TRUE FALSE  TRUE  TRUE  TRUE  TRUE  TRUE  TRUE  TRUE  TRUE

