
Birth-death simulation object with 182 species and 30 extant species

Details for some species:

Extinction times (NA means extant)
[1] 45.24666 45.66290 18.97361 44.78766 48.78445 45.89716


Speciation times 
[1] 52.75889 51.01153 50.97092 46.81589 49.48880 49.27762


Species parents (NA for initial)
[1] NA  1  1  1  2  2


Species status (extinct or extant)
[1] "extinct" "extinct" "extinct" "extinct" "extinct" "extinct"


For more details on vector y, try sim$y, with y one of
TE TS PAR EXTANT



$TE
  [1] 45.24666420 45.66290415 18.97360743 44.78766172 48.78444913 45.89715566
  [7] 29.03346900 45.54259513 26.62703065 24.17298916 22.74635581 23.37571942
 [13] 47.84864565 36.08005696 43.16163943 38.56431623 38.55724462 29.57479756
 [19] 30.73233577 36.17749467 28.87235342 37.57028863 20.89918328 26.46164213
 [25] 28.93501754 37.74807751 28.30696657 33.06604364 22.42918489 27.62039223
 [31] 25.99012469 18.03720697 27.68059087 16.05528663 18.80084240 35.28991222
 [37] 32.60114943 29.67282284 16.85700857 18.66029864 16.16997734 23.75907562
 [43]          NA 14.13375585 32.48036881 24.93739838 25.53043283 21.67677115
 [49] 16.95733001 16.48017779 12.22775331 23.41362620 16.18964999 14.08051013
 [55] 15.08663898  6.05611578  1.04678013 20.64150416 17.83033887 17.15036257
 [61] 14.81003582 15.11358001 34.69198011 17.66201732 19.08473904 24.45499859
 [67] 18.19369687 16.35160685 14.19928355  2.92432273  4.91542532          NA
 [73] 18.58830408 28.43732181 18.78818848 14.63577095 20.30196872 25.62100156
 [79] 20.24411776 15.21636191 16.42712931 22.88211283 22.03257202 20.57125574
 [85]          NA  4.69406324  3.66492520 20.50721418 18.03791961  7.50996212
 [91] 17.43459910 19.83112219 15.70431492 14.79149008 13.25327643  2.23196443
 [97] 11.80779724 18.83761838 22.70036612 16.29507988 13.21618411 13.44762131
[103]          NA  4.57597880 16.43899231 13.72736172 17.43762990 18.57278283
[109] 16.80946737 16.45907496 13.27144116 21.42314965 13.23095086 17.88261907
[115] 17.48642992 17.85997202 22.79933608 16.32146987 13.38963989 13.95977108
[121]          NA  4.88303705  6.45385352          NA          NA          NA
[127]  0.06159403 13.19430572 16.12261372 13.74900098 15.24526699 15.27450968
[133] 15.80032148 18.88483722 18.09925879 23.50584907 15.23073569 14.05033898
[139]          NA  3.41807761  1.21301177          NA  3.09918469  1.72949442
[145] 11.17604905 11.72575824 15.28500818  7.14467809 14.75415355 14.06823291
[151] 15.58314406 13.71735023  5.36554652          NA          NA  6.62178608
[157]  2.48816219          NA  0.29381924          NA          NA  1.34073333
[163]  4.06522234          NA          NA          NA          NA  3.42836721
[169]          NA          NA  2.08369738  0.32237411          NA          NA
[175]          NA  0.67925860          NA          NA          NA          NA
[181]          NA          NA

$TS
  [1] 52.7588915 51.0115273 50.9709226 46.8158947 49.4888025 49.2776201
  [7] 49.1715842 48.7808126 38.2320202 33.7632506 27.7036465 23.4694047
 [13] 48.4849056 46.3436679 44.0703470 42.3041891 40.4582303 37.2953720
 [19] 37.2231650 47.2343918 42.0595545 41.0093600 30.9450907 33.4186783
 [25] 42.4650886 38.9108354 38.0980280 34.9692589 34.1647189 29.6635986
 [31] 28.7754876 24.9128310 32.0495296 27.5874277 26.4827100 38.2989548
 [37] 35.2636704 31.0522190 31.7690894 21.4373027 26.1118060 25.8914804
 [43] 21.9504089 25.1546151 37.9218849 30.7909863 29.4835501 24.1862561
 [49] 17.5999392 17.1970829 17.1647510 24.6441800 18.8328206 16.3216664
 [55] 20.6724075 11.1606686  6.1940294 23.9820288 20.0493636 19.1584020
 [61] 15.9734154 15.8822897 36.6021748 35.5796613 34.1610486 28.9632352
 [67] 28.8852857 28.5876995 16.6644927  7.3803553  7.2461797  7.0331446
 [73] 22.0089812 30.8783974 19.0281604 34.0343755 30.1936277 26.2331885
 [79] 25.6572248 19.4461373 25.2241231 24.7441744 25.3288272 22.4044102
 [85]  4.9808042  5.3791758  4.0942311 30.3395231 25.1200316 14.7890335
 [91] 21.9414149 22.3403597 18.1074078 23.6049313 23.4199882  4.5436853
 [97] 29.1397256 26.7165284 24.1560112 20.8692990 13.8371855 13.6078096
[103]  8.5250856  8.3014508 17.3048241 22.8258888 21.6692129 20.5861062
[109] 20.0868047 17.4981337 14.8925117 22.8756529 20.3813399 19.9346336
[115] 25.8647398 24.6312407 22.8465486 18.0067986 15.1287968 14.3988144
[121]  7.8503098  6.6032071  6.5691280  6.0089515  4.8842721  0.1450483
[127]  5.4584622 16.8524662 16.7691839 19.8490888 18.8111930 15.4731925
[133] 16.5825227 25.1385707 19.8551888 23.6414205 22.5089723 14.5743255
[139]  2.7383986  3.9018601  1.5356617  0.5695372  4.6189971  3.0063076
[145] 16.3613851 15.2911300 16.2214295 17.9011610 15.7961850 15.7591471
[151] 23.6855893 20.2868658 12.4364400 10.2915204  8.5312013  7.2292866
[157]  5.0767602  1.8231647  7.2893891  4.4551936  3.3620253  2.7839469
[163]  5.6585993  5.1441216  4.5325767  3.7026712  3.1849803  4.8920383
[169]  4.4098160  2.1028362  3.1833172  2.9843986  2.8046621  0.7346236
[175]  3.8016768  0.8814601  2.4788199  1.4889867  0.8099638  1.1391547
[181]  0.6902761  0.2301558

$PAR
  [1]  NA   1   1   1   2   2   2   3   3   3   3   3   6   7   7   7   7   7
 [19]   7   8  14  14  18  19  20  20  21  21  21  21  23  23  24  24  24  26
 [37]  27  27  29  32  34  34  34  35  36  38  39  39  39  39  39  41  41  41
 [55]  43  43  43  44  44  44  44  44  45  45  45  47  47  47  51  56  56  56
 [73]  58  64  64  65  65  65  65  65  67  67  68  68  70  71  72  74  76  76
 [91]  77  79  80  81  82  85  88  88  88  88  90  90  90  90  93  94  94  94
[109]  94  94  94  95  95  95  97  97  97  97  97  97 103 103 103 103 103 103
[127] 104 105 105 106 106 106 113 115 115 116 116 119 121 124 125 125 127 127
[145] 128 128 129 130 130 130 134 134 146 148 153 154 154 154 155 155 155 155
[163] 159 159 159 159 159 163 164 165 166 166 166 167 168 170 172 173 176 177
[181] 177 179

$EXTANT
  [1] FALSE FALSE FALSE FALSE FALSE FALSE FALSE FALSE FALSE FALSE FALSE FALSE
 [13] FALSE FALSE FALSE FALSE FALSE FALSE FALSE FALSE FALSE FALSE FALSE FALSE
 [25] FALSE FALSE FALSE FALSE FALSE FALSE FALSE FALSE FALSE FALSE FALSE FALSE
 [37] FALSE FALSE FALSE FALSE FALSE FALSE  TRUE FALSE FALSE FALSE FALSE FALSE
 [49] FALSE FALSE FALSE FALSE FALSE FALSE FALSE FALSE FALSE FALSE FALSE FALSE
 [61] FALSE FALSE FALSE FALSE FALSE FALSE FALSE FALSE FALSE FALSE FALSE  TRUE
 [73] FALSE FALSE FALSE FALSE FALSE FALSE FALSE FALSE FALSE FALSE FALSE FALSE
 [85]  TRUE FALSE FALSE FALSE FALSE FALSE FALSE FALSE FALSE FALSE FALSE FALSE
 [97] FALSE FALSE FALSE FALSE FALSE FALSE  TRUE FALSE FALSE FALSE FALSE FALSE
[109] FALSE FALSE FALSE FALSE FALSE FALSE FALSE FALSE FALSE FALSE FALSE FALSE
[121]  TRUE FALSE FALSE  TRUE  TRUE  TRUE FALSE FALSE FALSE FALSE FALSE FALSE
[133] FALSE FALSE FALSE FALSE FALSE FALSE  TRUE FALSE FALSE  TRUE FALSE FALSE
[145] FALSE FALSE FALSE FALSE FALSE FALSE FALSE FALSE FALSE  TRUE  TRUE FALSE
[157] FALSE  TRUE FALSE  TRUE  TRUE FALSE FALSE  TRUE  TRUE  TRUE  TRUE FALSE
[169]  TRUE  TRUE FALSE FALSE  TRUE  TRUE  TRUE FALSE  TRUE  TRUE  TRUE  TRUE
[181]  TRUE  TRUE

