
Birth-death simulation object with 190 species and 67 extant species

Details for some species:

Extinction times (NA means extant)
[1] 35.36687 44.16649 17.95899 32.12120 32.67882 44.91240


Speciation times 
[1] 52.75889 45.76671 45.05320 43.60100 35.36837 44.92556


Species parents (NA for initial)
[1] NA  1  1  1  1  3


Species status (extinct or extant)
[1] "extinct" "extinct" "extinct" "extinct" "extinct" "extinct"


For more details on vector y, try sim$y, with y one of
TE TS PAR EXTANT



$TE
  [1] 35.3668670 44.1664927 17.9589924 32.1211993 32.6788247 44.9124007
  [7] 21.0076824 32.6229620 32.9216785 19.9477805 21.0361420 21.0927252
 [13] 34.5832014 39.6896820 17.9831706 31.1626574 26.8831229 30.5144387
 [19] 13.0655405 17.0883172 16.8917117 20.8188514 23.2082482 25.6496331
 [25] 19.8348910 15.3528282 33.7877144 23.4472892 17.7512112 22.8301231
 [31] 16.7627853 18.4845498  0.8116428 17.1702918 22.4559138 11.5220040
 [37] 16.9006520 15.5147838 17.9062353 18.7350083 34.4600654 31.9969037
 [43] 32.8086836 19.2219995 14.1814241 11.5322209 19.6503989 18.1807775
 [49] 24.7270590 19.4526041 11.8971752 17.4149999 15.3926429 17.7762174
 [55] 12.1945190  7.2559121  7.9916381  9.5115642         NA  0.5424426
 [61] 16.2272842 12.6766319         NA 12.0333803 18.6300662 14.6238194
 [67] 16.8146362 14.5069528 13.9620055 20.4444056 16.6775393 25.0966768
 [73] 19.6298890  6.2772511 12.6781306  8.2592620 15.9421518 17.8854011
 [79] 14.5352332 13.2343740 10.8343346         NA         NA         NA
 [85]  0.4096623         NA  1.9664108  2.9357528  9.2128467         NA
 [91]  5.1068331         NA         NA         NA  2.5696357  1.4284176
 [97]         NA 16.9241389 14.8425571 13.5595452 12.1966802 14.2090875
[103]  9.6189507         NA  2.6211674 11.1477448  2.3772241  4.5333840
[109]  7.8506371  2.3735627         NA         NA  5.1661844  1.8147692
[115]         NA         NA  1.5161490  1.6247763         NA         NA
[121]  0.5862793         NA         NA         NA         NA  5.6346095
[127]         NA 11.1494669         NA         NA  0.3715909         NA
[133]  3.5492625  5.3491960         NA  1.4288711         NA         NA
[139]         NA         NA  3.4064392         NA         NA         NA
[145]  1.1623167         NA  6.2006887  5.9236566 12.0308340         NA
[151]         NA  1.3398031         NA  0.2922573         NA  0.4026144
[157]         NA         NA         NA         NA         NA         NA
[163]         NA         NA         NA  2.9503525         NA         NA
[169]  0.5374917         NA         NA         NA         NA         NA
[175]  0.6092552  4.4455615         NA         NA         NA         NA
[181]         NA         NA  0.1118576  2.6200073         NA         NA
[187]         NA         NA         NA         NA

$TS
  [1] 52.75889149 45.76671241 45.05319914 43.60099932 35.36836624 44.92555666
  [7] 37.13896145 35.06717107 33.44779260 31.82104417 26.93389407 25.20947348
 [13] 43.49034856 42.50626267 38.33494857 35.74326343 32.34101944 33.51935731
 [19] 26.50410297 25.61650696 24.91034769 23.22464213 23.92254637 41.97411475
 [25] 24.03966389 23.58047191 34.68299458 30.34744351 26.98756633 30.91089763
 [31] 22.82995354 21.73681933 21.32931851 19.87178876 25.55700995 21.64803650
 [37] 21.41111628 18.06896391 22.92534825 23.70091935 40.04826046 37.90423278
 [43] 36.57461318 23.86624018 22.54909304 17.29881753 23.65000246 20.91039046
 [49] 26.64031112 25.40206252 25.37314574 21.93246187 19.74173042 17.91840434
 [55] 16.00717763 13.46828200 10.31079767 10.00531422  5.73331959  5.64889938
 [61] 19.57961047 16.95296310 14.38431815 13.13448847 21.91931035 20.26463238
 [67] 18.77815006 17.58268404 15.09196979 23.31352748 26.06601495 25.77029601
 [73] 22.67351878 17.65512908 17.58628455 12.13605899 18.95033130 18.15665077
 [79] 15.88214313 15.56443243 15.54987332  1.62993914  0.44177185  5.27505631
 [85]  4.21430092  1.34066669 13.42642717 10.55221650  9.64576970  7.96635352
 [91]  7.83448434  7.48466451  6.73608808  6.66258086  5.41592311  3.81637924
 [97]  3.53522777 19.41190011 16.20314865 15.58031278 14.89297656 14.39544368
[103] 10.20362095  8.79286581  4.42830562 12.77484860  6.49286952  5.50823980
[109] 10.38469631  5.57592024  4.86750510  4.62651348  7.72467566  7.09817487
[115]  5.02863482  4.31752807  3.10797318  1.83933357  5.66501367  2.93965453
[121]  5.60919655  5.40044295  5.25666087  0.44865857  7.39605701  7.12464052
[127]  6.58595721 12.60344264 12.49296290  5.38810893  3.20346936  4.15985412
[133]  6.60402724  5.92075054  6.27935510  5.52945930  4.50833950  2.87010883
[139]  1.43973387  1.10107295  4.59546040  4.05061835  3.80634779  4.16686370
[145]  6.12641382  4.67445642  6.94096966  6.05683266 12.44232032  7.89346260
[151]  5.28149560  1.49212184  3.96970259  1.91159507  0.87002401  5.32342201
[157]  1.22094939  3.03255615  2.35916478  0.73928501  0.04906315  4.16153171
[163]  4.98224363  4.88495837  2.19221696  5.63201832  4.70610823  4.53989994
[169]  4.30224643  3.61115592  1.50802901  0.61820368  0.14430095  1.51085195
[175]  1.13135945  5.60621529  0.57929040  4.06921945  4.00528472  0.23220384
[181]  0.88857914  0.30218319  1.35336910  2.66014937  2.58374118  1.88713325
[187]  1.32139836  0.23401966  0.36984773  0.56917229

$PAR
  [1]  NA   1   1   1   1   3   3   3   3   3   3   3   4   4   4   4   7   8
 [19]  11  11  11  11  12  14  15  15  16  17  17  18  19  19  19  19  20  20
 [37]  20  20  21  23  24  24  24  25  26  26  28  29  30  30  30  31  31  33
 [55]  33  33  33  33  33  33  34  36  36  36  39  44  45  45  45  47  49  49
 [73]  51  51  51  51  52  52  53  53  55  59  59  60  60  60  63  63  63  63
 [91]  63  63  63  63  63  63  63  65  68  74  74  75  76  76  84  87  87  87
[109]  88  88  90  90  91  91  92  92  92  92  93  93  94  94  95  97 104 104
[127] 104 106 106 107 107 110 113 113 114 119 119 119 119 120 122 122 122 123
[145] 125 125 126 126 129 129 129 129 130 130 130 133 135 137 137 142 142 144
[163] 145 145 145 150 150 150 150 151 158 159 160 164 164 166 167 168 168 168
[181] 171 171 174 178 178 178 178 182 186 187

$EXTANT
  [1] FALSE FALSE FALSE FALSE FALSE FALSE FALSE FALSE FALSE FALSE FALSE FALSE
 [13] FALSE FALSE FALSE FALSE FALSE FALSE FALSE FALSE FALSE FALSE FALSE FALSE
 [25] FALSE FALSE FALSE FALSE FALSE FALSE FALSE FALSE FALSE FALSE FALSE FALSE
 [37] FALSE FALSE FALSE FALSE FALSE FALSE FALSE FALSE FALSE FALSE FALSE FALSE
 [49] FALSE FALSE FALSE FALSE FALSE FALSE FALSE FALSE FALSE FALSE  TRUE FALSE
 [61] FALSE FALSE  TRUE FALSE FALSE FALSE FALSE FALSE FALSE FALSE FALSE FALSE
 [73] FALSE FALSE FALSE FALSE FALSE FALSE FALSE FALSE FALSE  TRUE  TRUE  TRUE
 [85] FALSE  TRUE FALSE FALSE FALSE  TRUE FALSE  TRUE  TRUE  TRUE FALSE FALSE
 [97]  TRUE FALSE FALSE FALSE FALSE FALSE FALSE  TRUE FALSE FALSE FALSE FALSE
[109] FALSE FALSE  TRUE  TRUE FALSE FALSE  TRUE  TRUE FALSE FALSE  TRUE  TRUE
[121] FALSE  TRUE  TRUE  TRUE  TRUE FALSE  TRUE FALSE  TRUE  TRUE FALSE  TRUE
[133] FALSE FALSE  TRUE FALSE  TRUE  TRUE  TRUE  TRUE FALSE  TRUE  TRUE  TRUE
[145] FALSE  TRUE FALSE FALSE FALSE  TRUE  TRUE FALSE  TRUE FALSE  TRUE FALSE
[157]  TRUE  TRUE  TRUE  TRUE  TRUE  TRUE  TRUE  TRUE  TRUE FALSE  TRUE  TRUE
[169] FALSE  TRUE  TRUE  TRUE  TRUE  TRUE FALSE FALSE  TRUE  TRUE  TRUE  TRUE
[181]  TRUE  TRUE FALSE FALSE  TRUE  TRUE  TRUE  TRUE  TRUE  TRUE

