
Birth-death simulation object with 233 species and 58 extant species

Details for some species:

Extinction times (NA means extant)
[1]  9.930533 43.064775 18.746810 40.835332 27.364951 34.345398


Speciation times 
[1] 52.75889 47.30052 45.78030 44.21997 36.45108 35.15070


Species parents (NA for initial)
[1] NA  1  1  1  1  1


Species status (extinct or extant)
[1] "extinct" "extinct" "extinct" "extinct" "extinct" "extinct"


For more details on vector y, try sim$y, with y one of
TE TS PAR EXTANT



$TE
  [1]  9.9305335 43.0647753 18.7468100 40.8353323 27.3649510 34.3453982
  [7] 31.3856235 32.7177061 27.6689382 13.8195417 23.5188779 16.8563273
 [13] 16.0235066 12.5875860 26.7156807 22.8916983 12.2096273 23.0101627
 [19] 16.5659471 13.9743006 17.4518460 18.6723557  8.6256173 22.6922221
 [25] 15.0092023 24.0808016 31.2741253 31.0327851 17.4655316 17.0004787
 [31] 28.3980411 14.9418048 17.1604900 22.1285536 23.3226748 16.9828994
 [37] 19.4276988 24.4939869 16.9525334 17.9039516 16.0562174 13.8815908
 [43] 18.1928716 29.9715368 30.6538548 23.7702601 18.3066723 24.1376437
 [49] 17.6611657 17.3888938 16.2730848 11.6737164 18.5948659 17.0133670
 [55] 18.6538572 33.8389673 31.9667353 29.1802839 28.3302013 30.1148708
 [61] 13.2659649 16.1179497 22.6859514 16.2229545 14.3388522 16.4337414
 [67] 17.8465824 20.5301671 16.9955563 17.4881975 16.8807782 13.0698278
 [73] 10.8562812 20.8766253 19.6114656 18.9636975 14.0186021 12.9362645
 [79] 15.2603502 19.0030075 14.7571965 18.1054839 12.7085509 13.6452168
 [85] 13.1201107 14.2773060 20.0864702 18.0798554 18.1594259 17.0168577
 [91] 16.8188521 18.6597182 17.1406766 17.8169683 13.9651523 14.6289011
 [97] 13.6196355 16.0099972  9.7130017 15.0804641 15.7637047 17.4717882
[103] 15.6725771 16.7028165 17.6035174 18.5722323 16.8075835 15.9730777
[109] 16.6912810 15.8122426 18.8104182 13.4177709 17.6811777 17.6267489
[115] 11.6086485 15.1916729 19.1233720 18.6393909 13.5040617         NA
[121] 15.5347238 15.0243942 15.6080595 11.2596791  1.0088168 15.4969687
[127]         NA 17.0301851 17.7510819 17.9036748  3.8174670 13.8634988
[133] 10.3700865         NA  3.8355099  6.6613647 15.1531925 11.1950232
[139] 11.5309510  3.0904263  7.5972820 14.5882072 10.4819206         NA
[145]         NA 16.9757218 15.6260614 10.1480059         NA         NA
[151]         NA 10.5568103  9.1294230  2.3941765  3.5804082         NA
[157]  8.7347426  7.0890786         NA         NA 15.2113385         NA
[163]  4.2791615         NA         NA  6.0238788  2.1121716         NA
[169]         NA         NA  9.7559813  0.8430672         NA         NA
[175]  3.5477029         NA         NA  3.5181934  3.4914289         NA
[181]         NA  0.5135841         NA  6.2013595         NA         NA
[187]         NA  3.5939910  2.2561432         NA         NA         NA
[193]  6.0705786         NA         NA  3.8025766         NA  6.5667648
[199]         NA  2.3739509         NA         NA         NA         NA
[205]         NA  0.6527336  1.0402784         NA         NA  0.2696269
[211]         NA  1.0832843  3.3602565  3.6034137         NA         NA
[217]         NA         NA  0.7401979         NA         NA         NA
[223]  1.4950782         NA         NA         NA         NA  2.8552937
[229]         NA         NA         NA         NA         NA

$TS
  [1] 52.7588915 47.3005217 45.7803040 44.2199666 36.4510786 35.1507046
  [7] 33.4455415 33.4417007 29.4902519 27.6568757 25.3330893 22.6074716
 [13] 21.8160159 12.6565984 39.3244174 36.6772555 25.5945201 24.2696606
 [19] 23.5151338 21.9739121 43.4806838 20.7386202 13.9330981 25.1029215
 [25] 16.3955279 35.3899008 34.5399768 33.4757194 32.7614168 30.7415582
 [31] 28.7118249 35.8931475 27.5321412 25.3685576 24.6017595 17.0187991
 [37] 38.7852756 34.7853081 25.0863235 24.9792269 26.6781514 24.6340634
 [43] 33.9520094 31.0628087 30.7747300 25.5401780 25.3554507 25.1230035
 [49] 20.2525936 21.9532690 21.8941321 17.8565492 19.3249134 19.2166291
 [55] 23.6038935 34.4806167 33.5569463 31.3387018 30.2004473 34.1671813
 [61] 20.1054339 22.6644985 25.2648263 20.3277207 19.4699078 19.3101882
 [67] 22.8613417 21.7274750 17.8931682 29.3822780 23.4858343 24.3840095
 [73] 23.3772666 21.3341254 19.9914351 19.7632507 21.3626048 16.3800269
 [79] 18.1779794 21.6995862 20.3084829 30.8918992 14.6856832 14.4869806
 [85] 21.9586137 23.8634193 23.2614182 22.8496498 18.2610573 17.8382550
 [91] 21.2450227 23.2901200 21.6504915 24.2082685 23.1591638 18.3578242
 [97] 17.6770861 19.3070205 14.7253718 15.5120841 16.9672438 18.2534916
[103] 16.2704487 24.3212530 18.4187388 20.8717005 17.0054556 16.5907233
[109] 22.5636031 21.1660148 20.3257675 21.7894744 19.7174027 18.2449701
[115] 17.2969151 21.3946457 20.9375802 20.3943904 18.8006761 17.8654327
[121] 20.8757288 21.3643697 19.6425004 15.3200030 16.7037893 18.5907423
[127] 16.9239619 23.2534659 22.7321076 18.9525641 16.7365884 13.9943337
[133] 14.7079690  4.8337226  3.9216900 16.7583200 16.2291981 11.5179994
[139] 12.1255458  9.6845622  8.5753751 15.0048043 14.3109534  7.5041977
[145]  1.1911840 20.4908329 17.7302015 10.6716354  9.2726901  6.3447459
[151] 12.9542502 12.1738657 13.0459587  5.4987789  7.7684438  7.7304619
[157] 13.3798304  7.3207905  3.4051264  1.0365726 15.6369740  6.0588653
[163]  4.8390796  5.0575359  2.2664465  8.9038827  4.4351495  2.8990509
[169]  2.4707779  2.2517848 11.8560241  5.3955936  2.4043438  7.2169917
[175]  7.0704979  7.1755037  5.4892546  4.4954017 10.8572268  5.0560507
[181]  4.3805617  4.5385907  0.2533349  8.3243867  6.7389606  2.1195874
[187]  4.9715216  5.1123910  4.9033231  5.2236249  1.5858392  8.9384645
[193]  7.0597011  4.6615161  1.2235715  8.2847342  6.3300498  6.6642060
[199]  5.7904795  5.4226956  2.3448806  2.6261023  2.1013302  1.8714604
[205]  1.4907922  3.2327804  1.2031676  6.9184786  5.1497120  2.3231325
[211]  4.4046926  5.3629323  4.5522125  4.0895612  3.9152464  2.2528543
[217]  1.0802618  2.9125393  0.8190424  2.1543159  4.2552265  2.2332223
[223]  3.7633667  3.2239557  0.6307207  0.7696150  0.7941585  3.9629763
[229]  2.7618236  0.2021693  0.6373445  1.4134238  1.3793867

$PAR
  [1]  NA   1   1   1   1   1   1   1   1   1   1   1   1   1   3   3   3   3
 [19]   3   3   4  10  10  11  13  15  15  15  15  15  15  16  16  17  17  20
 [37]  21  21  24  24  26  26  27  29  29  29  29  30  30  32  32  32  33  33
 [55]  34  37  37  37  37  38  39  40  41  41  41  41  42  42  42  43  43  47
 [73]  47  47  47  49  51  52  54  55  55  58  61  61  62  63  63  63  64  66
 [91]  68  71  71  72  72  72  73  77  77  78  79  81  81  82  82  85  85  85
[109]  86  86  87  88  88  88  91  93  93  93  93  93  94  95  95  95  96  98
[127]  98 104 104 110 112 112 120 120 120 121 122 124 125 125 125 127 127 127
[145] 127 128 128 131 131 131 133 133 136 140 141 141 143 144 144 144 147 149
[163] 149 150 150 151 151 151 151 151 152 154 154 155 155 156 156 156 157 162
[181] 162 164 164 166 166 170 174 176 176 177 177 179 179 180 180 184 184 185
[199] 185 185 185 187 187 187 190 192 194 196 196 197 199 200 200 200 200 201
[217] 203 208 208 209 212 212 213 215 216 217 220 221 224 225 226 229 229

$EXTANT
  [1] FALSE FALSE FALSE FALSE FALSE FALSE FALSE FALSE FALSE FALSE FALSE FALSE
 [13] FALSE FALSE FALSE FALSE FALSE FALSE FALSE FALSE FALSE FALSE FALSE FALSE
 [25] FALSE FALSE FALSE FALSE FALSE FALSE FALSE FALSE FALSE FALSE FALSE FALSE
 [37] FALSE FALSE FALSE FALSE FALSE FALSE FALSE FALSE FALSE FALSE FALSE FALSE
 [49] FALSE FALSE FALSE FALSE FALSE FALSE FALSE FALSE FALSE FALSE FALSE FALSE
 [61] FALSE FALSE FALSE FALSE FALSE FALSE FALSE FALSE FALSE FALSE FALSE FALSE
 [73] FALSE FALSE FALSE FALSE FALSE FALSE FALSE FALSE FALSE FALSE FALSE FALSE
 [85] FALSE FALSE FALSE FALSE FALSE FALSE FALSE FALSE FALSE FALSE FALSE FALSE
 [97] FALSE FALSE FALSE FALSE FALSE FALSE FALSE FALSE FALSE FALSE FALSE FALSE
[109] FALSE FALSE FALSE FALSE FALSE FALSE FALSE FALSE FALSE FALSE FALSE  TRUE
[121] FALSE FALSE FALSE FALSE FALSE FALSE  TRUE FALSE FALSE FALSE FALSE FALSE
[133] FALSE  TRUE FALSE FALSE FALSE FALSE FALSE FALSE FALSE FALSE FALSE  TRUE
[145]  TRUE FALSE FALSE FALSE  TRUE  TRUE  TRUE FALSE FALSE FALSE FALSE  TRUE
[157] FALSE FALSE  TRUE  TRUE FALSE  TRUE FALSE  TRUE  TRUE FALSE FALSE  TRUE
[169]  TRUE  TRUE FALSE FALSE  TRUE  TRUE FALSE  TRUE  TRUE FALSE FALSE  TRUE
[181]  TRUE FALSE  TRUE FALSE  TRUE  TRUE  TRUE FALSE FALSE  TRUE  TRUE  TRUE
[193] FALSE  TRUE  TRUE FALSE  TRUE FALSE  TRUE FALSE  TRUE  TRUE  TRUE  TRUE
[205]  TRUE FALSE FALSE  TRUE  TRUE FALSE  TRUE FALSE FALSE FALSE  TRUE  TRUE
[217]  TRUE  TRUE FALSE  TRUE  TRUE  TRUE FALSE  TRUE  TRUE  TRUE  TRUE FALSE
[229]  TRUE  TRUE  TRUE  TRUE  TRUE

