
Birth-death simulation object with 112 species and 44 extant species

Details for some species:

Extinction times (NA means extant)
[1] 30.58867 48.22793 26.19191 37.83000 17.10987 19.00024


Speciation times 
[1] 52.75889 48.52534 41.70412 40.02119 31.93069 32.48363


Species parents (NA for initial)
[1] NA  1  1  1  1  3


Species status (extinct or extant)
[1] "extinct" "extinct" "extinct" "extinct" "extinct" "extinct"


For more details on vector y, try sim$y, with y one of
TE TS PAR EXTANT



$TE
  [1] 30.58866556 48.22792685 26.19190613 37.83000128 17.10986833 19.00024307
  [7] 30.36029626 32.69690704 14.96624762 25.50737052 16.36252958 20.51996314
 [13] 26.08498194 18.69163101 27.52298898 23.23460617 20.61348722 18.39749345
 [19] 20.07931768 20.76849405 17.32199096  9.09190419 12.69541182 15.47907194
 [25] 10.07877484 16.01400347 17.18343667 15.96031291 11.67710632          NA
 [31] 17.60421543 20.07904826 14.41535653 14.25390915 15.07649319 11.92777012
 [37] 15.06062908 16.11109856          NA  9.84376545 17.12249720          NA
 [43]  4.68492328 10.06139396          NA          NA  0.38773808          NA
 [49]  4.83102979          NA 10.02735585  6.47312805  3.31107873  4.85595710
 [55]          NA          NA  6.28779697          NA          NA          NA
 [61]          NA  1.17691648  2.62064242  4.40872695  7.12696283          NA
 [67]  1.20258921          NA          NA  1.55249099  0.92176967          NA
 [73]  4.80310562          NA  4.27466064          NA          NA          NA
 [79]  6.35807545  0.91271526          NA          NA  0.07847399          NA
 [85]          NA          NA  2.88329778          NA  1.21648725          NA
 [91]          NA          NA          NA  1.22869566          NA  4.24405105
 [97]  0.72010783          NA  0.04866683          NA          NA          NA
[103]          NA          NA          NA          NA  1.20311449          NA
[109]  0.85778015          NA          NA          NA

$TS
  [1] 52.7588915 48.5253392 41.7041170 40.0211891 31.9306883 32.4836263
  [7] 31.8886928 39.1700149 30.3297845 26.8356404 19.6955419 31.1791777
 [13] 28.2464058 21.5607461 30.7928410 25.2243611 22.7942199 22.6259354
 [19] 22.1121358 25.6062421 18.2599603 17.2499488 17.1355692 25.0382845
 [25] 22.7469716 16.2334642 22.8624131 21.9115237 19.7759475 19.6578520
 [31] 18.1054597 21.0634729 18.7915002 14.7026286 20.4627343 16.4297848
 [37] 15.6340461 18.0355173  6.7559577 15.0471289 19.6052942 17.9754688
 [43] 11.8629714 11.3755576  6.9826007  6.5801758  6.5121310  5.9599845
 [49]  5.1382740  4.7803226 11.7080763  8.1785586  7.3151724 10.8315724
 [55]  6.7847697  6.1825247  6.4789291  2.8138516  1.0841876  5.1897033
 [61]  6.1421576  4.0676198  9.9369745  9.3639393  7.3054400  6.6442150
 [67]  6.0007427  5.6257066  3.7068953  5.3724352  3.4090929  0.1749165
 [73]  5.0379253  4.1171931  5.8570455  2.1447644  5.7963706  5.6398252
 [79]  6.9649778  5.4035918  5.1008700  5.4931369  3.5837885  2.8489441
 [85]  2.1056499  3.4182584  3.0303082  1.3096656  2.8648298  2.6273422
 [91]  3.1484004  5.2440191  4.6696181  2.8921186  5.1886224  4.3090757
 [97]  3.1231762  2.2993158  1.3178532  2.0299330  0.8054694  0.2569293
[103]  0.1434990  0.7800249  0.3010957  4.7899437  4.6666490  4.0849987
[109]  2.3699864  2.3612074  2.3692583  0.4393947

$PAR
  [1]  NA   1   1   1   1   3   3   4   5   5   5   6   6   6   7   9   9   9
 [19]   9  10  11  11  11  20  20  22  24  24  24  24  24  25  25  25  27  29
 [37]  29  30  30  33  35  35  40  42  42  42  42  42  42  42  43  43  43  44
 [55]  45  45  47  47  47  48  53  53  54  54  54  55  55  55  55  56  56  58
 [73]  60  60  61  62  63  63  64  64  64  66  66  66  66  68  68  68  69  71
 [91]  74  77  77  77  78  78  81  81  82  83  84  84  86  88  90  92  92  93
[109]  94  94 108 108

$EXTANT
  [1] FALSE FALSE FALSE FALSE FALSE FALSE FALSE FALSE FALSE FALSE FALSE FALSE
 [13] FALSE FALSE FALSE FALSE FALSE FALSE FALSE FALSE FALSE FALSE FALSE FALSE
 [25] FALSE FALSE FALSE FALSE FALSE  TRUE FALSE FALSE FALSE FALSE FALSE FALSE
 [37] FALSE FALSE  TRUE FALSE FALSE  TRUE FALSE FALSE  TRUE  TRUE FALSE  TRUE
 [49] FALSE  TRUE FALSE FALSE FALSE FALSE  TRUE  TRUE FALSE  TRUE  TRUE  TRUE
 [61]  TRUE FALSE FALSE FALSE FALSE  TRUE FALSE  TRUE  TRUE FALSE FALSE  TRUE
 [73] FALSE  TRUE FALSE  TRUE  TRUE  TRUE FALSE FALSE  TRUE  TRUE FALSE  TRUE
 [85]  TRUE  TRUE FALSE  TRUE FALSE  TRUE  TRUE  TRUE  TRUE FALSE  TRUE FALSE
 [97] FALSE  TRUE FALSE  TRUE  TRUE  TRUE  TRUE  TRUE  TRUE  TRUE FALSE  TRUE
[109] FALSE  TRUE  TRUE  TRUE

