
Birth-death simulation object with 253 species and 61 extant species

Details for some species:

Extinction times (NA means extant)
[1] 40.72697 18.74868 35.85547 38.95455 38.64652 16.14394


Speciation times 
[1] 52.75889 43.35179 40.91477 43.10816 39.40530 20.39571


Species parents (NA for initial)
[1] NA  1  1  2  2  2


Species status (extinct or extant)
[1] "extinct" "extinct" "extinct" "extinct" "extinct" "extinct"


For more details on vector y, try sim$y, with y one of
TE TS PAR EXTANT



$TE
  [1] 40.7269737 18.7486784 35.8554729 38.9545509 38.6465163 16.1439437
  [7] 12.7015030 33.7910300 34.3838076 30.5233392 39.0738202 39.4607111
 [13] 14.7413863 11.7675596 39.2055551 12.0706641 33.4501654 34.8689062
 [19] 24.2163525 32.0710491 37.7497179  9.9201720 27.3502226 18.3133942
 [25] 16.0582892 14.3420308 29.8013052 34.9486966 22.5698018 21.7299819
 [31] 28.0507175 18.4097204 37.0494205 38.3449018         NA 21.8498083
 [37] 19.7729045 15.8351334 25.3895941 20.1038802 12.1503796 16.9565567
 [43] 10.9502151         NA  0.4363106         NA 12.2689004 14.8870685
 [49] 33.9437488 31.6726455 26.8088981 18.3467842 15.9980826 31.9173464
 [55] 28.4223712 17.6447217 16.8358024 18.6531275 15.2576132 16.9152489
 [61] 14.8834480         NA 10.4615263 11.8781691  9.1450459 16.2217321
 [67] 13.7181166 22.5021930 14.2702417 18.5606294 17.0768013 19.4025263
 [73] 12.2773880 13.1028474         NA  1.6951950         NA         NA
 [79] 10.4748863 12.5479268         NA 15.4822194 16.9680298 18.4384555
 [85] 20.5529858 18.2131159 19.4367479 12.2584126 20.8385843 11.7669581
 [91] 13.6943848 27.5637833 18.2402919 16.7677705 18.1726359 18.4417486
 [97] 11.5258789 14.0002774  2.9079194         NA         NA 20.9990210
[103] 12.8028714 14.6773843 12.8415047 17.1179647 18.3277011 13.7365163
[109]         NA 10.9018523 12.1196024 11.3791994 12.7885937  2.7952246
[115]         NA         NA 19.6469157 12.4249789 15.3196929 20.3982592
[121] 10.1467302 17.3254288 23.3670663 17.8062988 18.6210432 22.5101737
[127] 17.7345817 18.4945049 18.6814385 12.5251132 14.1200345 11.9763832
[133]  9.7991513 12.3030378 17.2056637 13.3501504 17.1583615 17.0985041
[139]  6.8448833  0.8477098         NA 15.2343035 12.1865633 14.6877717
[145]  9.1612397         NA 14.6630583 16.0210684  5.9134712  6.0889266
[151]         NA 13.2905040 23.8286902 18.4131493 12.1487055 18.7296245
[157] 18.1404742 15.0358714 12.6617202 12.9005213 20.3997813 10.8002971
[163]  9.4936693  9.0300727         NA         NA         NA  9.7098154
[169] 10.7357227 11.4453392 11.8354399  9.8670504  3.1109843  0.5980676
[175]         NA         NA 15.4034551 10.1883687         NA 21.0922070
[181] 21.2995541 13.1174928         NA         NA 10.1129333 10.5418729
[187]  3.1009819         NA  3.9330164         NA 12.1011181  1.7893942
[193]  7.5756591  9.2726965         NA         NA         NA  9.8563960
[199]  1.7211996         NA         NA  3.4793265  4.3407836  3.8742595
[205]         NA  3.6534074  4.9642880         NA         NA         NA
[211] 15.1179575  3.0878209         NA  4.4106780         NA         NA
[217]         NA         NA         NA  2.1471607  2.4217531         NA
[223]  3.7055417         NA         NA  2.2748814         NA         NA
[229]         NA         NA         NA         NA         NA         NA
[235]         NA         NA  1.5588807  4.2641091         NA         NA
[241]  3.0205695         NA         NA  3.5415709  2.3140849  2.9681302
[247]         NA         NA  0.8764119         NA  2.5695699  0.8011234
[253]  0.2932181

$TS
  [1] 52.75889149 43.35178563 40.91476723 43.10816281 39.40529555 20.39570520
  [7] 19.01358134 39.85683425 38.50715665 36.53547293 42.67781143 39.62252451
 [13] 18.41685071 17.17179498 39.68262146 38.72068828 37.23992593 35.44665238
 [19] 35.87007454 34.30025682 39.50321310 16.86948010 32.39432708 25.99767226
 [25] 18.44012223 15.64423507 37.18938200 35.76306853 35.38358194 35.07443295
 [31] 33.57920635 26.78562739 39.29558815 39.26491988 11.70904060 23.40480793
 [37] 20.08167928 16.94531240 36.55490406 33.47982536 25.27416075 28.96094687
 [43] 25.30315418 30.08995348  7.01299649  0.72566670 16.85811680 16.34127929
 [49] 35.67413596 32.32746617 31.59740614 31.12356785 28.92145352 32.56478225
 [55] 29.64230466 29.00490249 21.16928281 21.11206940 19.94689724 17.27889405
 [61] 15.25734079 14.19999364 13.34223206 13.10465227 12.36240141 26.88672934
 [67] 26.29699995 23.12385337 20.22403953 18.74194169 20.94097143 22.14944547
 [73] 20.01085883 15.55529311  1.20821181  6.76751117  4.51296536  2.33115993
 [79] 14.06915636 13.86821761 15.75439669 24.60242881 24.59886010 23.17922697
 [85] 21.05643264 28.58038914 26.66359861 21.65042497 20.89144699 18.72674502
 [91] 18.64229132 28.54173087 24.17118316 20.66838305 18.48740240 19.79451359
 [97] 16.76574485 15.29201782  7.90485005  5.78474812  0.87684516 22.45230394
[103] 22.15764167 17.51131025 15.05529700 20.88721674 21.28234307 19.82097478
[109]  5.34328937 13.32301751 12.74400373 11.75850763 13.40958604  8.35807550
[115]  4.14889382  3.02702484 20.05250406 16.16366757 16.01775188 22.92340433
[121] 26.71881289 24.12799279 23.99765222 19.95533329 18.75439934 26.22885406
[127] 25.04683709 24.06211917 20.87899770 12.71741531 14.88538286 13.24995870
[133] 12.81857733 12.45700704 17.70638772 19.36422215 18.64740127 17.14740414
[139] 12.27300410  5.81512004  0.49025578 19.04461808 14.51714686 15.35372953
[145] 13.45355049 19.03509564 18.67387981 18.14620795 12.99166078  7.62792114
[151]  0.07524379 25.59587064 24.42129824 22.90069752 14.20544987 24.44201280
[157] 24.43908011 23.44071556 18.02127633 21.50449406 20.60733112 12.35437520
[163] 14.57116911 14.01386255 10.98225749  5.12494745  0.19631938 14.20513275
[169] 11.24272712 17.64990768 13.34248337  9.93964019  9.15312715  7.39700166
[175]  0.80688958  0.11329491 15.99923246 12.50315412 13.46473691 24.35282611
[181] 22.99897213 16.00639451 11.16699236 10.63309182 10.17550456 12.06875935
[187]  8.06272950  6.03738406  5.98296966  4.89139130 15.55987136  4.23528673
[193]  8.84455927 10.30234810  6.48491232  6.17806425  6.03642674 10.60505904
[199]  4.18553621  1.73414816  6.90580934  6.49323929  5.29367832  4.34619220
[205]  0.61683666  5.74652613  5.71759719  5.20977376  4.14071435  2.51701755
[211] 15.55747232  5.91939679  4.38904508  5.67462820  4.95345914  6.87544399
[217]  6.28421067  4.66898082  2.66207441  5.83605598  5.04432044  4.89775301
[223]  4.10379022  2.70032094  5.62815967  5.28058433  3.21937975  4.80048491
[229]  3.93497650  4.46134248  3.77771287  0.47454463  0.27069692  3.46610820
[235]  4.88679364  4.75229445  4.71922929  4.65973703  0.68592940  4.27080459
[241]  3.63004742  3.13039697  1.02812203  3.77056343  3.47527126  4.27294687
[247]  4.24500967  2.12862913  1.29309852  2.72096911  3.63110754  2.59403830
[253]  1.13710779

$PAR
  [1]  NA   1   1   2   2   2   2   3   3   3   4   4   6   6   8   8   9   9
 [19]  10  10  12  13  16  16  16  16  17  17  17  18  19  19  21  21  22  24
 [37]  24  25  27  29  29  30  30  31  35  35  38  38  39  39  39  39  39  40
 [55]  40  40  40  40  41  41  41  41  41  41  41  42  42  42  42  42  43  44
 [73]  44  44  44  45  45  45  47  47  48  52  52  52  52  53  53  53  53  53
 [91]  53  55  56  56  57  58  59  59  62  62  62  66  66  67  67  71  72  72
[109]  76  79  79  79  80  81  81  81  82  82  82  83  86  86  86  86  86  87
[127]  87  87  87  88  90  90  90  90  91  94  94  94  97  99 101 103 103 104
[145] 105 106 106 108 110 114 116 121 121 121 121 126 126 127 127 128 129 133
[163] 136 136 139 140 141 143 145 146 146 146 146 146 146 146 147 149 155 156
[181] 157 160 163 163 163 164 165 165 165 166 170 173 179 183 183 183 183 184
[199] 184 184 187 187 188 188 188 189 189 189 190 190 191 195 195 197 197 201
[217] 201 201 201 202 206 206 209 209 212 212 212 215 215 216 216 216 216 218
[235] 220 220 221 226 227 230 230 231 234 235 235 236 236 236 236 245 247 250
[253] 250

$EXTANT
  [1] FALSE FALSE FALSE FALSE FALSE FALSE FALSE FALSE FALSE FALSE FALSE FALSE
 [13] FALSE FALSE FALSE FALSE FALSE FALSE FALSE FALSE FALSE FALSE FALSE FALSE
 [25] FALSE FALSE FALSE FALSE FALSE FALSE FALSE FALSE FALSE FALSE  TRUE FALSE
 [37] FALSE FALSE FALSE FALSE FALSE FALSE FALSE  TRUE FALSE  TRUE FALSE FALSE
 [49] FALSE FALSE FALSE FALSE FALSE FALSE FALSE FALSE FALSE FALSE FALSE FALSE
 [61] FALSE  TRUE FALSE FALSE FALSE FALSE FALSE FALSE FALSE FALSE FALSE FALSE
 [73] FALSE FALSE  TRUE FALSE  TRUE  TRUE FALSE FALSE  TRUE FALSE FALSE FALSE
 [85] FALSE FALSE FALSE FALSE FALSE FALSE FALSE FALSE FALSE FALSE FALSE FALSE
 [97] FALSE FALSE FALSE  TRUE  TRUE FALSE FALSE FALSE FALSE FALSE FALSE FALSE
[109]  TRUE FALSE FALSE FALSE FALSE FALSE  TRUE  TRUE FALSE FALSE FALSE FALSE
[121] FALSE FALSE FALSE FALSE FALSE FALSE FALSE FALSE FALSE FALSE FALSE FALSE
[133] FALSE FALSE FALSE FALSE FALSE FALSE FALSE FALSE  TRUE FALSE FALSE FALSE
[145] FALSE  TRUE FALSE FALSE FALSE FALSE  TRUE FALSE FALSE FALSE FALSE FALSE
[157] FALSE FALSE FALSE FALSE FALSE FALSE FALSE FALSE  TRUE  TRUE  TRUE FALSE
[169] FALSE FALSE FALSE FALSE FALSE FALSE  TRUE  TRUE FALSE FALSE  TRUE FALSE
[181] FALSE FALSE  TRUE  TRUE FALSE FALSE FALSE  TRUE FALSE  TRUE FALSE FALSE
[193] FALSE FALSE  TRUE  TRUE  TRUE FALSE FALSE  TRUE  TRUE FALSE FALSE FALSE
[205]  TRUE FALSE FALSE  TRUE  TRUE  TRUE FALSE FALSE  TRUE FALSE  TRUE  TRUE
[217]  TRUE  TRUE  TRUE FALSE FALSE  TRUE FALSE  TRUE  TRUE FALSE  TRUE  TRUE
[229]  TRUE  TRUE  TRUE  TRUE  TRUE  TRUE  TRUE  TRUE FALSE FALSE  TRUE  TRUE
[241] FALSE  TRUE  TRUE FALSE FALSE FALSE  TRUE  TRUE FALSE  TRUE FALSE FALSE
[253] FALSE

