
Birth-death simulation object with 247 species and 30 extant species

Details for some species:

Extinction times (NA means extant)
[1] 33.34123 34.22250 48.03885 21.45319 31.27924 33.07365


Speciation times 
[1] 52.75889 51.01455 49.55110 37.66201 45.78262 36.40610


Species parents (NA for initial)
[1] NA  1  1  1  2  2


Species status (extinct or extant)
[1] "extinct" "extinct" "extinct" "extinct" "extinct" "extinct"


For more details on vector y, try sim$y, with y one of
TE TS PAR EXTANT



$TE
  [1] 33.3412342 34.2224983 48.0388524 21.4531859 31.2792382 33.0736515
  [7] 37.0901048 34.3945936 30.9158434 34.4311841 17.9546153  8.4597286
 [13] 35.9116945 29.4897047 14.0165473 27.7065541 22.3896230 27.1208687
 [19] 24.8823902 18.0384257 12.0913482 18.7194742 23.4718712  9.5457688
 [25]         NA  5.9388626 32.3510606 39.5387284 17.8566250 30.3233397
 [31] 19.9666023 24.1572936 21.9556755 17.4662954 15.9573834 20.4726136
 [37] 20.7019587 15.1888248 26.5378732 23.9059295 14.6012745 18.0042751
 [43] 17.9650278 17.4606580 19.2020815  8.1622812  0.8753143         NA
 [49]         NA 41.5058519 25.0098500 28.0319618 26.0633030 11.0917559
 [55] 13.9784271 11.9824983 33.3335289 21.7439749 18.4736990 23.4614777
 [61] 16.5048364 18.8263737 17.5570133 17.9454900 22.7212255 22.3033092
 [67] 20.3659205 22.1467642 16.5841875 17.5504443 11.4179101 17.7826869
 [73] 21.6984135 19.4571556  4.0876780  2.9688366  1.4622531         NA
 [79]         NA         NA 38.5529114 27.0631782 16.0793311  9.2347720
 [85] 14.7957303 12.7068200 16.8713058 17.2086723 22.0676695 17.7145405
 [91] 15.4788985 17.6020647 14.8880756 18.6018166 17.3070764 17.9173081
 [97] 20.2084012 14.9174744 20.3226128 22.1095678 14.1455930 17.7768385
[103] 16.4974489 17.3574136 15.4465514  9.3922447 16.9896362 17.7926933
[109] 17.5148344  0.8918214         NA         NA         NA 25.1909287
[115] 17.6972146 26.7868257 17.3426126 13.3350494 12.7647663 12.1316366
[121] 13.6495240 20.0100822 19.0968251 10.8019135 19.3493833 12.1437517
[127] 17.6521169 18.4214484 15.7484010 10.3079659 13.6634843 22.4057160
[133] 12.0689351 14.8445515 18.1598383 15.7006171 14.5556985 14.9449893
[139] 17.4605941         NA  3.9299233         NA  0.6377963         NA
[145]         NA         NA 28.2353671 27.4628868 14.8515549 26.1774367
[151] 18.6581728 22.7393131 27.0665705 17.9209423 18.7093118 12.2992339
[157] 13.0477828 17.1904983 13.7323536 13.7155217 16.7209715 15.9102389
[163] 17.8535543 13.3668754 10.3329832 10.5328782 13.6371263 14.8281890
[169] 12.7214069  6.4473614         NA         NA  0.6358468 21.1625725
[175] 32.5082849 28.7977761 15.9464353 24.4212687 18.5020930 17.9254232
[181] 17.1255782 13.2322406 13.5416067 13.9812223 17.1257745 16.2212940
[187]  5.4903481 10.5704070  5.9357358  3.9858922         NA         NA
[193] 28.1442280 24.1509787 24.4502241 22.4241441 18.2481232 22.2465518
[199] 19.1386722 17.6272807 19.6735001 20.2851840 14.1144569 18.5589193
[205] 10.3720640 15.1198867 11.9445676 11.7840372  8.6766686  1.1223122
[211]  7.0691788  5.9090932  0.7967740 22.8653072 17.1843945 17.7409665
[217] 18.0326703 12.6486888         NA  3.1550276         NA  0.7932042
[223]         NA  6.4837050  1.7714243 19.7102258 13.4856885  9.7990244
[229] 13.1852568  3.5116125         NA         NA  3.0712912  4.1524532
[235] 18.5861365 14.0793878 10.8688001         NA  2.9442097         NA
[241]  1.6453115 18.6301225         NA         NA         NA         NA
[247]         NA

$TS
  [1] 52.75889149 51.01454921 49.55109911 37.66201281 45.78261823 36.40610321
  [7] 49.46136808 36.89563690 35.89159555 40.24042224 38.82557229 32.26025221
 [13] 47.83089263 41.92054156 35.77984537 32.24418235 38.16244227 33.22526698
 [19] 27.60751284 27.12696284 20.45693521 19.59693480 28.15358800 10.99513063
 [25]  9.27331596  8.97307542 44.73918274 43.07436197 37.73643357 34.51645048
 [31] 31.87651761 32.49487013 25.30878445 18.63651721 28.79851284 28.03609303
 [37] 25.98430401 25.34543815 31.40261252 30.14322413 20.65246267 18.66439440
 [43] 19.53597493 18.77257225 26.82073260  9.26914651  6.90712878  4.05773601
 [49]  6.16541899 42.29355825 33.23088576 32.28500056 26.19195878 25.29193690
 [55] 22.97610101 21.68478579 33.53802762 27.79318573 27.49335306 26.14668475
 [61] 21.32934479 32.47834106 22.54147805 28.18503095 27.73194693 25.15643870
 [67] 23.10041923 22.96586588 20.55676517 22.16732767 25.96986372 26.78716681
 [73] 22.76906260 20.30089577  6.53601511  5.80325146  3.35966641  0.16984337
 [79]  4.19720246  2.88407843 41.88066077 32.99464596 21.15066127 11.20344609
 [85] 20.85719288 19.37404512 18.14059103 27.47395993 23.82485021 22.93716701
 [91] 23.79335006 18.74161380 24.03722493 19.94572186 19.91679917 17.94881000
 [97] 25.66849306 19.34288124 23.55960491 22.95658056 21.75536623 20.56644100
[103] 18.52177744 17.83301823 22.53814309 12.18406227 21.46288253 19.42160137
[109] 22.24512620  5.13078449  2.62714979  1.99909724  1.10957635 40.58576498
[115] 32.05961280 31.69502696 29.75910424 15.50194391 13.58317156 13.10487486
[121] 17.66386887 20.85127427 20.21098167 17.88466019 22.58755376 15.61577088
[127] 18.62638878 19.83162795 18.86015816 18.72584229 25.37644854 23.56261724
[133] 18.83110206 23.52503013 18.31091995 17.64835690 17.51284670 18.69366459
[139] 18.32070002  4.83954641  4.65252496  2.74235419  1.99285056  1.40480368
[145]  0.06724367  0.95869285 34.70600223 32.56632173 30.11039489 26.42677503
[151] 19.51566338 27.00447772 29.05563657 25.83673541 23.82848060 15.32560106
[157] 13.84282000 19.55450631 15.27790825 17.92779068 18.79454123 18.68264885
[163] 17.90530418 14.77729914 13.53686038 12.32901705 15.39094180 15.09274106
[169] 13.80010991 15.67330403  0.79118406  1.42866231  1.28294439 34.49836073
[175] 33.01308148 31.09616770 28.52919121 27.65553050 27.42927998 26.51862703
[181] 18.02983778 16.31227334 16.12164227 14.31920368 18.39480358 16.90477282
[187] 16.48328756 10.83354997  9.79689012  7.93282937  6.60397157  0.70322426
[193] 33.42131390 27.32508971 25.37476930 24.40310369 22.15605625 30.84421386
[199] 29.44288470 27.92614481 25.24950176 26.63857628 18.78147011 21.98893603
[205] 14.08642784 15.24735582 13.83925272 13.63379308 11.24287932  6.30728961
[211]  8.41520622  6.57503707  1.52636437 23.75181993 24.49993949 23.62949715
[217] 24.38064273 20.72338830 12.42639602  6.21372560  4.01444885  2.11848814
[223]  7.65948190  7.13947574  5.93273402 22.38399323 21.44122085 19.73407543
[229] 13.47903560  3.93586919  1.96931972  5.53433196  5.38156770  4.38889604
[235] 20.59021277 20.44714398 12.30379722  0.72079358  3.27957749  4.19116096
[241]  4.09094323 19.10727504  0.36430276  3.00257434  1.89955139  0.36762622
[247]  1.83144681

$PAR
  [1]  NA   1   1   1   2   2   3   4   4   5   5   5   7   7   9   9  11  11
 [19]  11  11  11  11  12  12  12  12  13  13  14  14  14  15  15  15  17  17
 [37]  17  17  18  18  20  20  22  22  23  25  25  25  26  27  29  29  29  29
 [55]  29  29  30  31  31  31  31  32  33  35  35  35  35  35  35  36  40  45
 [73]  45  45  47  47  48  48  49  49  50  51  54  54  55  55  56  58  59  59
 [91]  60  61  62  63  63  63  64  64  66  68  70  70  70  70  71  71  72  72
[109]  73  76  79  79  79  81  82  82  82  85  86  86  88  90  90  90  93  93
[127]  94  95  95  95  97  97  98  99 101 101 101 102 108 110 110 110 111 111
[145] 111 112 114 114 115 115 115 116 117 117 117 121 124 125 126 127 128 129
[163] 129 130 130 130 133 133 133 137 140 142 143 147 147 147 147 148 149 149
[181] 149 149 149 156 161 161 162 166 170 170 170 172 174 174 174 174 174 176
[199] 176 177 177 179 179 180 182 183 187 187 187 187 189 189 191 196 199 200
[217] 201 202 205 210 210 210 211 211 212 215 216 217 218 221 222 223 223 225
[235] 226 227 228 231 232 233 233 236 238 239 241 244 245

$EXTANT
  [1] FALSE FALSE FALSE FALSE FALSE FALSE FALSE FALSE FALSE FALSE FALSE FALSE
 [13] FALSE FALSE FALSE FALSE FALSE FALSE FALSE FALSE FALSE FALSE FALSE FALSE
 [25]  TRUE FALSE FALSE FALSE FALSE FALSE FALSE FALSE FALSE FALSE FALSE FALSE
 [37] FALSE FALSE FALSE FALSE FALSE FALSE FALSE FALSE FALSE FALSE FALSE  TRUE
 [49]  TRUE FALSE FALSE FALSE FALSE FALSE FALSE FALSE FALSE FALSE FALSE FALSE
 [61] FALSE FALSE FALSE FALSE FALSE FALSE FALSE FALSE FALSE FALSE FALSE FALSE
 [73] FALSE FALSE FALSE FALSE FALSE  TRUE  TRUE  TRUE FALSE FALSE FALSE FALSE
 [85] FALSE FALSE FALSE FALSE FALSE FALSE FALSE FALSE FALSE FALSE FALSE FALSE
 [97] FALSE FALSE FALSE FALSE FALSE FALSE FALSE FALSE FALSE FALSE FALSE FALSE
[109] FALSE FALSE  TRUE  TRUE  TRUE FALSE FALSE FALSE FALSE FALSE FALSE FALSE
[121] FALSE FALSE FALSE FALSE FALSE FALSE FALSE FALSE FALSE FALSE FALSE FALSE
[133] FALSE FALSE FALSE FALSE FALSE FALSE FALSE  TRUE FALSE  TRUE FALSE  TRUE
[145]  TRUE  TRUE FALSE FALSE FALSE FALSE FALSE FALSE FALSE FALSE FALSE FALSE
[157] FALSE FALSE FALSE FALSE FALSE FALSE FALSE FALSE FALSE FALSE FALSE FALSE
[169] FALSE FALSE  TRUE  TRUE FALSE FALSE FALSE FALSE FALSE FALSE FALSE FALSE
[181] FALSE FALSE FALSE FALSE FALSE FALSE FALSE FALSE FALSE FALSE  TRUE  TRUE
[193] FALSE FALSE FALSE FALSE FALSE FALSE FALSE FALSE FALSE FALSE FALSE FALSE
[205] FALSE FALSE FALSE FALSE FALSE FALSE FALSE FALSE FALSE FALSE FALSE FALSE
[217] FALSE FALSE  TRUE FALSE  TRUE FALSE  TRUE FALSE FALSE FALSE FALSE FALSE
[229] FALSE FALSE  TRUE  TRUE FALSE FALSE FALSE FALSE FALSE  TRUE FALSE  TRUE
[241] FALSE FALSE  TRUE  TRUE  TRUE  TRUE  TRUE

