
Birth-death simulation object with 194 species and 18 extant species

Details for some species:

Extinction times (NA means extant)
[1] 35.50145 41.41753 37.87431 25.28556 33.58146 44.37442


Speciation times 
[1] 49.51846 49.02885 42.56967 39.05828 36.68251 47.25024


Species parents (NA for initial)
[1] NA  1  1  1  1  2


Species status (extinct or extant)
[1] "extinct" "extinct" "extinct" "extinct" "extinct" "extinct"


For more details on vector y, try sim$y, with y one of
TE TS PAR EXTANT



$TE
  [1] 35.5014509 41.4175256 37.8743063 25.2855648 33.5814635 44.3744244
  [7] 36.7764800 34.6113498 26.3263737 36.2262682 27.2210414 24.8065651
 [13] 35.9142645 33.6738121 30.1858135 15.0042152 33.5463539 30.8170561
 [19] 19.3815347 38.2068801 35.3314524 27.7232652 30.3685209 26.8364347
 [25] 28.6105944 30.3982039 24.3769183 29.5995431 26.8099463 18.6810700
 [31] 16.0497835 14.5452327 18.6894972 28.7824313 25.4201034 27.7484772
 [37] 23.4113061 25.0009064 35.3646481 29.1983093 28.9849587 28.8976088
 [43] 14.9974204 28.1953989 25.9173976 19.5124364 32.2244862 22.4847604
 [49] 14.0816321 13.9288507 31.5051846 28.8725302 29.0342964 21.6642859
 [55] 18.8895038 26.4215148 16.7855791 19.6335335 21.4398474 15.6959051
 [61] 26.5158284 21.6915675 13.0971229 15.4419396 15.1386155 26.0805416
 [67] 21.9357434 16.2240082 31.1967880 14.7460939 14.6895601 15.0926348
 [73] 15.3692979 18.3890476 15.8898606 27.2108494 21.9855287 14.8686611
 [79] 20.0949798 15.7553783 19.8266656 15.6109724 18.9544261 20.6824460
 [85] 21.2963664 17.7298405 18.2595355 14.2696898 11.6310790 14.8760602
 [91] 13.2205733 17.5411203 13.5934692 19.6210890 16.6333023 15.6387768
 [97] 15.3042572 17.3488036 15.5365198 11.5829239 16.1173429 17.3510721
[103] 25.5026916 17.3539163 26.6180881 15.8570024 13.7285247 18.7920755
[109] 15.3400520 25.4149070 15.3305098 21.0510596 14.6792873 14.3270061
[115]  7.4647536 15.1793448 16.6503817 13.4968475 13.1151477 13.6164005
[121] 13.4506154         NA 12.9353524 15.2255594 18.9097609 21.1903747
[127] 22.6843340 14.6884417 13.2886831 18.2251994 15.4344129 15.6180826
[133] 14.8621564 11.7549177 14.8409122  7.4702021 14.4510191 14.7390182
[139] 15.2025598 15.2057833  8.8462951  5.4214215 14.5073517 15.4839885
[145] 20.5397012 18.1285621 13.9974318 15.6998365 13.2780055 14.9324123
[151] 14.8805563  6.1103125  7.2239946 12.2598181 14.7591198 13.2004751
[157]         NA  4.5633588 17.9665847 15.5204747 14.0544595 15.0578091
[163]  6.3639436         NA         NA 12.9254908  3.4864432         NA
[169]  7.7965444  4.3357655         NA 13.8925741 13.3578454  3.9766864
[175]  4.5681245  3.8357835  3.9031426  6.0060116  5.4375494         NA
[181]         NA  2.9280990         NA  3.8024985  0.3100645         NA
[187]         NA         NA         NA         NA         NA         NA
[193]         NA         NA

$TS
  [1] 49.5184600 49.0288520 42.5696686 39.0582814 36.6825118 47.2502432
  [7] 47.0302333 38.6964673 37.6520707 36.3508908 34.0452398 46.1252645
 [13] 40.7918867 36.9434229 35.7008231 33.7910367 33.6119666 31.8979542
 [19] 32.4749658 38.9884863 37.8708080 34.8385228 31.9143319 30.8652141
 [25] 30.6131187 38.2998879 35.3487428 34.0178078 27.7441205 25.9500929
 [31] 19.2950608 18.4571444 31.3022524 31.1521886 30.0287144 29.4001465
 [37] 27.7652450 36.9226887 36.7261170 32.2233797 31.1146211 29.3571394
 [43] 27.9616957 28.9870929 28.7292892 33.8596512 34.7619853 27.5267450
 [49] 26.8795569 26.4004893 32.5280882 30.4411704 29.2272277 23.2270443
 [55] 19.2718253 30.3766257 29.8009803 28.5444954 34.2247776 32.4412899
 [61] 29.7257617 21.9106744 20.6158658 18.5525209 17.9651690 32.1705737
 [67] 26.4862329 25.5214256 33.4179617 25.5807330 23.1896029 25.8712045
 [73] 23.7752470 19.1592929 18.6339508 29.2729210 29.0995203 28.5225451
 [79] 24.1792803 24.1137491 21.2953595 19.6420022 33.4453665 23.9470200
 [85] 22.2873422 22.1767273 31.8057683 29.3016892 14.4143161 24.5451661
 [91] 22.8719199 21.2861712 19.0222352 20.6989553 17.5202247 16.6343212
 [97] 16.3846147 22.3645148 18.4026048 15.9966363 22.7409203 17.5080402
[103] 27.7946874 28.3122503 28.2027392 16.4133090 28.0319097 20.7622957
[109] 20.1357272 30.2998269 22.3944710 21.4939956 26.2042233 18.1998004
[115] 11.7147566 20.8437186 17.5706219 14.9013800 22.4152161 15.2510869
[121] 19.5560311 16.2661266 18.3040505 17.4331662 22.4060686 27.2047199
[127] 26.3978700 19.5897360 16.1459052 24.5265636 21.6987205 16.9928417
[133] 17.9113152 22.4794643 17.9336723 15.5400544 15.2702541 20.1395904
[139] 17.3393635 16.5491819 10.3108021  8.5604883 15.2475263 27.0337359
[145] 26.7436683 22.3309483 18.3796794 16.3522903 15.1804846 16.9410909
[151] 16.3499868  9.8718818  8.2396179 18.7527779 15.4397353 16.0356554
[157]  8.3111498  6.5680919 18.3616240 21.7641089 16.6923196 15.8683477
[163]  9.0880767  8.9157807  6.6988277 15.1345583  6.5133163  8.5776720
[169]  8.1124271  5.1940309  3.7780006 14.2760952 13.7795756  6.1035649
[175]  5.9910988  7.3946939  7.3894364  6.9284761  6.8119338  3.1363838
[181]  5.3285668  6.9772094  6.6028328  5.3810196  5.2437394  0.5109186
[187]  6.0038922  5.5779021  0.4954483  3.8075817  0.2515041  2.8674264
[193]  0.7052378  0.1473324

$PAR
  [1]  NA   1   1   1   1   2   2   4   4   4   4   6   7   8   9   9   9   9
 [19]  11  12  12  12  12  12  12  13  15  15  16  16  16  16  18  19  19  19
 [37]  19  21  21  22  22  22  24  25  25  26  27  27  27  27  28  33  33  33
 [55]  33  34  34  36  38  38  40  43  43  43  43  46  46  46  47  48  48  49
 [73]  49  49  49  52  57  57  57  58  58  58  59  59  59  59  60  60  63  68
 [91]  68  68  68  70  70  70  70  71  71  71  72  73  76  77  77  82  83  84
[109]  86  87  87  87  88  88  89  90  90  90  91  91  92  97  98  98 101 103
[127] 104 104 106 107 107 109 111 113 113 114 114 116 116 119 122 122 124 126
[145] 126 126 131 131 133 134 135 136 136 138 138 140 142 142 144 146 147 150
[163] 152 152 152 154 157 163 164 164 165 166 166 167 167 168 168 168 168 168
[181] 174 176 176 177 177 180 183 183 186 187 189 190 192 193

$EXTANT
  [1] FALSE FALSE FALSE FALSE FALSE FALSE FALSE FALSE FALSE FALSE FALSE FALSE
 [13] FALSE FALSE FALSE FALSE FALSE FALSE FALSE FALSE FALSE FALSE FALSE FALSE
 [25] FALSE FALSE FALSE FALSE FALSE FALSE FALSE FALSE FALSE FALSE FALSE FALSE
 [37] FALSE FALSE FALSE FALSE FALSE FALSE FALSE FALSE FALSE FALSE FALSE FALSE
 [49] FALSE FALSE FALSE FALSE FALSE FALSE FALSE FALSE FALSE FALSE FALSE FALSE
 [61] FALSE FALSE FALSE FALSE FALSE FALSE FALSE FALSE FALSE FALSE FALSE FALSE
 [73] FALSE FALSE FALSE FALSE FALSE FALSE FALSE FALSE FALSE FALSE FALSE FALSE
 [85] FALSE FALSE FALSE FALSE FALSE FALSE FALSE FALSE FALSE FALSE FALSE FALSE
 [97] FALSE FALSE FALSE FALSE FALSE FALSE FALSE FALSE FALSE FALSE FALSE FALSE
[109] FALSE FALSE FALSE FALSE FALSE FALSE FALSE FALSE FALSE FALSE FALSE FALSE
[121] FALSE  TRUE FALSE FALSE FALSE FALSE FALSE FALSE FALSE FALSE FALSE FALSE
[133] FALSE FALSE FALSE FALSE FALSE FALSE FALSE FALSE FALSE FALSE FALSE FALSE
[145] FALSE FALSE FALSE FALSE FALSE FALSE FALSE FALSE FALSE FALSE FALSE FALSE
[157]  TRUE FALSE FALSE FALSE FALSE FALSE FALSE  TRUE  TRUE FALSE FALSE  TRUE
[169] FALSE FALSE  TRUE FALSE FALSE FALSE FALSE FALSE FALSE FALSE FALSE  TRUE
[181]  TRUE FALSE  TRUE FALSE FALSE  TRUE  TRUE  TRUE  TRUE  TRUE  TRUE  TRUE
[193]  TRUE  TRUE

