
Birth-death simulation object with 236 species and 73 extant species

Details for some species:

Extinction times (NA means extant)
[1] 40.48494 36.57181 31.31748 36.72236 40.47275 35.98407


Speciation times 
[1] 49.51846 48.86844 46.14848 44.17544 42.04183 41.26020


Species parents (NA for initial)
[1] NA  1  2  2  2  2


Species status (extinct or extant)
[1] "extinct" "extinct" "extinct" "extinct" "extinct" "extinct"


For more details on vector y, try sim$y, with y one of
TE TS PAR EXTANT



$TE
  [1] 40.48493998 36.57180572 31.31747629 36.72236492 40.47275305 35.98406909
  [7] 27.41170837 33.00965508 41.33149229 32.32466856 33.36639431 40.59997457
 [13] 29.70479934 32.97669007 15.93092538 36.06065608 37.63014646 16.89154873
 [19] 39.67925790 15.23640720 33.15934171 32.99259446 24.72971876 33.06910549
 [25] 27.94160035 23.91993984 23.13229070 14.41415454 32.38233672 25.95664131
 [31] 27.77761694 25.76428222 29.52943577 24.61788099 20.48947078 15.49385376
 [37] 21.70173358 14.88903195 13.17047794 15.59527707 31.16681433 18.53525838
 [43] 28.16222615 21.92432619 14.69872483 23.76807145 23.01371122 23.51669145
 [49] 20.05462289 17.13217798 16.52223356 17.88384213 14.78506378 21.64564288
 [55] 29.23669651 25.34150220 15.40298569 15.58823318 21.86967059 13.28912071
 [61] 14.46304520  4.21080601 21.37378167 20.29549887 15.56156215 17.28916649
 [67] 15.53756363 12.30607717 29.39395650 19.61559262 12.42620416 17.48447446
 [73] 24.46732867 15.29886436 13.80114725 28.23167170 31.62732508 13.41669742
 [79] 14.36638183 18.85026932 15.63927407  0.96212692  2.58760011 30.88309438
 [85] 18.04550249          NA 13.86991244 17.32616282 13.11618258 18.86576890
 [91] 14.04982862 15.32334968 14.65823559 14.02824593 15.70667729  3.64396332
 [97]  0.48024034          NA          NA          NA 19.92494661 19.95485055
[103] 15.47736049 18.35070589 13.14222462 14.42587439 14.55320773 10.96862131
[109]          NA  8.22208840          NA          NA 14.46739264 14.41685432
[115] 15.06060351 15.18190766  4.00259203 11.80166720 12.99822198 15.45389074
[121]          NA          NA          NA  1.44532224          NA 17.58084014
[127] 14.39348425 16.15402414 15.16341440 12.23798647 13.89078932          NA
[133]  7.30235828  7.46907201  2.50042290          NA  0.99291939  2.78218974
[139]          NA          NA          NA 15.07683269 11.63038465 16.92006289
[145] 15.04445269          NA  4.23160271          NA  1.12064280 15.70961665
[151] 15.59980718          NA          NA          NA          NA 15.64526121
[157]          NA          NA          NA          NA          NA          NA
[163]          NA          NA          NA 12.71101391 11.00207162 12.60569811
[169] 11.37901410          NA          NA          NA  1.44854912          NA
[175]          NA  5.20803460  3.82507739          NA          NA  0.35146099
[181]  2.58126812          NA          NA  5.84190882          NA  3.63119254
[187]          NA          NA          NA  2.02258991  0.97730832          NA
[193]          NA 13.88749729 13.31958997 12.18370933 12.04029326  5.58858415
[199]          NA          NA  1.23761348          NA          NA          NA
[205]          NA          NA  3.11530968  5.47950991          NA  0.18215913
[211]  1.80673892          NA          NA          NA          NA          NA
[217]  3.01684400  1.19153818  2.05355588          NA          NA  0.05700657
[223]          NA          NA          NA          NA          NA  2.92105748
[229]          NA          NA  0.41383313          NA          NA          NA
[235]          NA          NA

$TS
  [1] 49.518460031 48.868443802 46.148480896 44.175443311 42.041830338
  [6] 41.260198036 40.694902968 40.557743878 42.802194626 43.911760086
 [11] 42.869121742 40.798031036 39.569096216 36.815394515 33.013151125
 [16] 41.525578251 37.772987812 36.385899877 42.677558214 39.570035168
 [21] 33.529930335 36.198746088 32.226207128 33.633154979 29.804414941
 [26] 28.317753847 26.435287150 24.781430017 40.872014454 36.231949469
 [31] 34.610754206 31.092410396 30.716419591 26.121612159 23.544115963
 [36] 23.200857529 23.024966923 19.868237974 18.672784829 17.730022286
 [41] 34.981399973 32.518157545 29.582667847 24.571025802 24.184047302
 [46] 30.381371212 26.858765774 24.987978460 23.284270643 21.710746013
 [51] 18.721795516 18.389611383 18.112215589 38.930270168 29.906764518
 [56] 28.984740759 26.507137293 20.570587811 23.017397282 20.268264118
 [61] 19.044591896 15.893809195 22.837307373 22.653691419 18.111287565
 [66] 18.017033670 16.951731265 13.726805675 34.815281185 23.971705970
 [71] 18.564299015 24.354526106 24.800755203 23.783567025 20.534145119
 [76] 37.872779056 36.879469088 17.253541345 18.537607666 20.091964433
 [81] 17.517882849  7.080151339  5.116616507 31.003411425 30.833358677
 [86] 23.523335925 21.914327952 23.429524649 20.704764181 18.932530340
 [91] 16.624061017 17.823391742 16.011363250 18.060084012 16.610495543
 [96]  5.808507826  3.017727438  4.737005798  3.810780293  2.636421824
[101] 29.488151679 20.651248790 19.742776240 21.409664017 20.220935480
[106] 17.602528098 15.207510748 12.065804735  9.712698813  9.041867047
[111]  8.621304269  6.036480656 19.492572103 22.686557861 19.409282215
[116] 18.228398164 16.844632324 14.190144154 14.400421846 17.324602213
[121]  1.630437039  1.425634287  3.851051062  3.754879201  2.228387133
[126] 25.560531067 17.561263082 20.767825411 17.018002951 14.370426960
[131] 14.260025981  9.471506889  8.393408274  8.204270584  6.359459257
[136]  5.744818342  4.420192214  3.734678514  3.479918012  6.035293241
[141]  4.423711501 18.110141956 15.075495151 19.474633309 19.005438010
[146]  8.235427186  7.940459963  7.878290349  5.893702101 16.278378849
[151] 16.195519262  1.231918411  3.371286911  3.673157967  1.944778237
[156] 15.762356275  8.617765794  7.627104373  7.689920879  5.766762465
[161]  4.532227964  1.634890995  0.984439560  2.991116251  0.082132768
[166] 13.125263354 18.090227107 16.845471045 15.365034473  6.437736913
[171]  3.676547219  3.304760597  2.609343752  1.397410960  0.474585261
[176]  7.616238644  6.227084667  4.293670163  4.012914648  4.787616246
[181]  2.669557309  1.213970240  1.383213297  7.731132294  1.815896933
[186]  7.425122489  6.977054503  5.996906157  2.965971703  5.105036118
[191]  4.778482421  4.733654767  1.128704876 14.597726464 13.393374348
[196] 13.312459702 12.242004917  6.151381086  4.038156897  5.407818198
[201]  5.019948638  3.744901109  0.498286790  6.627988072  6.367130350
[206]  5.881153460  6.473188431  5.542729359  2.504835950  5.658551052
[211]  2.517449499  1.639445249  0.502678032  0.009372484  4.240035341
[216]  3.257701417  3.428505855  2.123295616  3.240622538  0.838117126
[221]  1.677981180  2.606499780  2.707564150  1.186851756  5.571701714
[226]  0.574119673  3.760673225  4.287918319  2.927015392  2.775642427
[231]  1.584029927  0.682451906  0.645760079  2.544476002  1.704583255
[236]  0.441325029

$PAR
  [1]  NA   1   2   2   2   2   2   2   3   4   4   4   6   6   8  10  10  10
 [19]  11  11  11  13  13  14  15  15  15  15  16  18  18  18  18  18  18  18
 [37]  18  18  18  18  20  20  20  20  20  23  26  27  28  28  28  28  28  29
 [55]  31  32  32  35  36  36  36  36  37  37  38  39  39  39  41  44  45  46
 [73]  48  48  49  54  54  57  58  60  61  62  62  69  69  72  72  74  74  74
 [91]  74  75  78  79  81  82  82  83  83  83  85  85  85  86  86  86  86  86
[109]  86  86  86  86  87  88  88  89  89  89  91  94  97  97  98  99  99 101
[127] 103 104 105 105 105 109 109 109 109 111 111 111 111 112 112 113 113 114
[145] 115 117 117 117 117 120 120 122 123 124 125 129 132 132 134 135 136 136
[163] 136 140 141 143 144 145 145 146 146 146 146 146 146 148 148 148 148 149
[181] 149 149 153 157 158 159 159 159 159 160 160 160 161 169 169 169 169 170
[199] 170 177 177 180 182 184 184 186 187 187 187 188 188 188 189 189 190 190
[217] 191 191 192 199 201 202 204 205 206 206 207 210 210 210 212 215 215 216
[235] 229 230

$EXTANT
  [1] FALSE FALSE FALSE FALSE FALSE FALSE FALSE FALSE FALSE FALSE FALSE FALSE
 [13] FALSE FALSE FALSE FALSE FALSE FALSE FALSE FALSE FALSE FALSE FALSE FALSE
 [25] FALSE FALSE FALSE FALSE FALSE FALSE FALSE FALSE FALSE FALSE FALSE FALSE
 [37] FALSE FALSE FALSE FALSE FALSE FALSE FALSE FALSE FALSE FALSE FALSE FALSE
 [49] FALSE FALSE FALSE FALSE FALSE FALSE FALSE FALSE FALSE FALSE FALSE FALSE
 [61] FALSE FALSE FALSE FALSE FALSE FALSE FALSE FALSE FALSE FALSE FALSE FALSE
 [73] FALSE FALSE FALSE FALSE FALSE FALSE FALSE FALSE FALSE FALSE FALSE FALSE
 [85] FALSE  TRUE FALSE FALSE FALSE FALSE FALSE FALSE FALSE FALSE FALSE FALSE
 [97] FALSE  TRUE  TRUE  TRUE FALSE FALSE FALSE FALSE FALSE FALSE FALSE FALSE
[109]  TRUE FALSE  TRUE  TRUE FALSE FALSE FALSE FALSE FALSE FALSE FALSE FALSE
[121]  TRUE  TRUE  TRUE FALSE  TRUE FALSE FALSE FALSE FALSE FALSE FALSE  TRUE
[133] FALSE FALSE FALSE  TRUE FALSE FALSE  TRUE  TRUE  TRUE FALSE FALSE FALSE
[145] FALSE  TRUE FALSE  TRUE FALSE FALSE FALSE  TRUE  TRUE  TRUE  TRUE FALSE
[157]  TRUE  TRUE  TRUE  TRUE  TRUE  TRUE  TRUE  TRUE  TRUE FALSE FALSE FALSE
[169] FALSE  TRUE  TRUE  TRUE FALSE  TRUE  TRUE FALSE FALSE  TRUE  TRUE FALSE
[181] FALSE  TRUE  TRUE FALSE  TRUE FALSE  TRUE  TRUE  TRUE FALSE FALSE  TRUE
[193]  TRUE FALSE FALSE FALSE FALSE FALSE  TRUE  TRUE FALSE  TRUE  TRUE  TRUE
[205]  TRUE  TRUE FALSE FALSE  TRUE FALSE FALSE  TRUE  TRUE  TRUE  TRUE  TRUE
[217] FALSE FALSE FALSE  TRUE  TRUE FALSE  TRUE  TRUE  TRUE  TRUE  TRUE FALSE
[229]  TRUE  TRUE FALSE  TRUE  TRUE  TRUE  TRUE  TRUE

