
Birth-death simulation object with 85 species and 42 extant species

Details for some species:

Extinction times (NA means extant)
[1] 43.31555 43.26461 26.22771 17.90308 18.38627 20.08238


Speciation times 
[1] 49.51846 46.06233 44.17780 37.46501 28.28641 27.77254


Species parents (NA for initial)
[1] NA  1  1  3  3  3


Species status (extinct or extant)
[1] "extinct" "extinct" "extinct" "extinct" "extinct" "extinct"


For more details on vector y, try sim$y, with y one of
TE TS PAR EXTANT



$TE
 [1] 43.31555449 43.26461096 26.22770558 17.90308473 18.38626920 20.08237718
 [7] 22.75151661 14.86029384          NA 14.10515370 19.92090953 15.03988253
[13] 18.67537909 15.49984050 19.20026671 15.50142808 15.45595677 19.06395402
[19] 11.48131715 11.45695174          NA          NA          NA          NA
[25]  0.74602888 15.13841580 14.94731483 16.03100402 14.96543695 15.29490840
[31]          NA  8.66990086  3.52523838  5.70585238          NA  0.16688872
[37]          NA  1.56753180          NA          NA          NA          NA
[43]          NA          NA 14.79155774          NA  4.52015037  0.38772318
[49]          NA          NA          NA          NA          NA          NA
[55] 12.14252844          NA  3.04027623  4.21483777  6.09112875          NA
[61]          NA          NA          NA  0.67298139          NA          NA
[67]          NA          NA          NA  2.25890834  0.09380668  1.45908675
[73]          NA          NA          NA          NA          NA          NA
[79]  2.43125459          NA  1.06210715          NA          NA          NA
[85]          NA

$TS
 [1] 49.51846003 46.06232595 44.17780161 37.46500606 28.28640653 27.77254175
 [7] 23.19614572 18.11072998 27.89726197 25.84326415 23.06304833 20.67597903
[13] 26.27340720 25.81501892 24.66371726 17.36788789 16.07964504 24.62721177
[19] 14.72193481 11.57763750 10.16653802  5.91000984  5.46795964  2.61517561
[25]  1.79534122 18.69430106 18.46112953 16.65473936 18.46280633 16.50580906
[31]  9.80273822  9.25721203  7.55500627  6.98491898  6.83078231  6.67027391
[37]  6.56200075  6.12058316  5.86111552  3.79375614  4.33555486  0.95331478
[43]  1.35136609  0.03257683 15.69111096  4.94541674  6.62686562  6.70491848
[49]  3.66784761  2.36939375  6.27065088  5.81743714  5.74418191  4.83393753
[55] 15.53676650  0.80054933  6.52244353  5.04071847  6.38297171  5.37099761
[61]  4.47417430  2.98575380  1.27153159  1.67755748  1.79724634  0.64073982
[67]  6.06835385  4.97704430  4.13154998  3.00288492  6.06032315  5.28980283
[73]  3.08678211  1.12757898  0.04166935  2.44954013  1.63815397  3.70800651
[79]  2.47561770  5.95527019  1.86511004  1.49228581  2.48877706  1.74421187
[85]  0.64492405

$PAR
 [1] NA  1  1  3  3  3  4  4  5  5  5  5  6  6  6  8  8  9  9  9  9  9  9  9  9
[26] 10 10 10 14 16 21 21 21 21 21 21 21 21 22 22 23 23 24 24 26 31 33 34 36 36
[51] 37 37 39 39 45 46 47 47 48 48 48 48 48 49 50 50 51 51 52 52 57 57 61 61 61
[76] 62 62 69 70 71 71 71 73 83 84

$EXTANT
 [1] FALSE FALSE FALSE FALSE FALSE FALSE FALSE FALSE  TRUE FALSE FALSE FALSE
[13] FALSE FALSE FALSE FALSE FALSE FALSE FALSE FALSE  TRUE  TRUE  TRUE  TRUE
[25] FALSE FALSE FALSE FALSE FALSE FALSE  TRUE FALSE FALSE FALSE  TRUE FALSE
[37]  TRUE FALSE  TRUE  TRUE  TRUE  TRUE  TRUE  TRUE FALSE  TRUE FALSE FALSE
[49]  TRUE  TRUE  TRUE  TRUE  TRUE  TRUE FALSE  TRUE FALSE FALSE FALSE  TRUE
[61]  TRUE  TRUE  TRUE FALSE  TRUE  TRUE  TRUE  TRUE  TRUE FALSE FALSE FALSE
[73]  TRUE  TRUE  TRUE  TRUE  TRUE  TRUE FALSE  TRUE FALSE  TRUE  TRUE  TRUE
[85]  TRUE

