
Birth-death simulation object with 138 species and 30 extant species

Details for some species:

Extinction times (NA means extant)
[1] 34.00343 31.44680 39.60374 39.04408 41.96603 40.44359


Speciation times 
[1] 49.51846 46.84581 46.32995 44.74071 43.33986 44.69210


Species parents (NA for initial)
[1] NA  1  1  1  1  2


Species status (extinct or extant)
[1] "extinct" "extinct" "extinct" "extinct" "extinct" "extinct"


For more details on vector y, try sim$y, with y one of
TE TS PAR EXTANT



$TE
  [1] 34.0034326 31.4467981 39.6037410 39.0440821 41.9660304 40.4435933
  [7] 29.9163133 25.4201865 29.3764054 37.0531553 28.9454284 13.7622273
 [13] 24.7719006 15.3910930 39.3959103 33.7240904 24.7366756 14.0858315
 [19] 18.1509362 14.8298213 13.4393454 14.1054212 22.9120181 25.1646616
 [25] 16.7152336  6.7288569 15.1550861 35.1860197 13.7425269 14.0904424
 [31]         NA 17.5987860 19.8576610 21.2237168         NA  7.4920560
 [37] 29.0881018 15.2419008 11.5266778  6.3319870  3.3634641  0.4069214
 [43]         NA  1.1356265 13.4210132 16.6126290 18.9646092 13.1519475
 [49] 19.1910031 15.3224791 14.4404651 18.0803995  6.5536620         NA
 [55]  1.8207973  6.5849017         NA  2.2737217         NA 17.1355643
 [61] 13.3067214 18.9073787 15.2970027 24.3456189 15.0359939 15.4283126
 [67] 21.0379924 16.5820419         NA         NA         NA         NA
 [73]         NA         NA  3.1055573 15.3028820  9.5731122 15.4851512
 [79] 12.5784215 15.3701973 15.7885202 15.3701228 23.6629784 21.7232960
 [85] 13.8968554 13.6962753 15.4354679 10.7681724  5.0111781         NA
 [91]  3.0380964         NA         NA         NA         NA 13.3432423
 [97]  7.9720731 13.0582594 14.6516192 13.5214386 12.8078077 13.0107584
[103] 21.5641197 23.2255077 13.3901540         NA 15.5953767         NA
[109]         NA         NA  2.0386230         NA         NA         NA
[115]         NA         NA 16.6926087 11.0532811 12.7462684 13.5909160
[121] 14.4144836 15.0633698 12.4659426  6.2793392  9.0985549  6.0650605
[127]         NA         NA         NA         NA 13.1852940 11.3607383
[133]  9.9861546  7.1660099  0.5135075  6.1677413  3.0330555  5.5204571

$TS
  [1] 49.51846003 46.84580643 46.32995010 44.74071205 43.33986283 44.69210210
  [7] 36.56638203 34.35580960 40.91178182 40.33861874 30.29980895 31.96749626
 [13] 30.54422648 29.72368569 39.43644397 38.19402055 28.33459517 24.42736072
 [19] 18.61048773 16.76367140 15.88973482 14.93420769 28.73371493 28.77683255
 [25] 25.97819429 21.17430428 19.82170827 36.56109650 16.62163393 16.28730942
 [31] 14.83665687 23.01206096 25.69474437 21.55295951  9.55212816  7.71803979
 [37] 36.06150810 35.33746833 12.05183214  9.89647586  9.71042314  9.17633882
 [43]  5.83447024  2.59046867 21.78900531 23.60025410 22.20166588 20.08438856
 [49] 29.79500824 27.98660511 25.35296856 22.55146860  8.23423903  6.90102092
 [55]  7.69271053  6.61361331  4.02837648  2.88786302  4.52694963 20.48710647
 [61] 14.88418243 21.80224004 17.10912435 27.64072859 26.82231959 26.07626857
 [67] 21.63792287 18.65665244  7.54405610  7.10080696  0.63683135  2.29532125
 [73]  4.45746379  3.95533543  3.29362462 19.43192799 13.44439604 21.45171545
 [79] 18.93556682 16.57073476 15.97479247 25.26402287 26.36279947 22.21900821
 [85] 20.73757552 20.22983020 16.78074441 19.20225151  5.43289010  7.08814681
 [91]  6.36524311  5.68153539  0.05711131  3.54642892  1.89279616 18.88953149
 [97]  9.98236986 18.72625014 16.07854230 16.02419005 16.23403741 13.37441267
[103] 24.09549680 24.19310016 18.03803739 17.13087660 16.50132811  6.44499188
[109]  0.13721136  3.76824603  4.20816808  1.78216367  1.29544093  0.68920521
[115]  0.34762423  0.27562266 17.32226707 15.65887657 13.96905240 14.75458521
[121] 14.74647620 16.00759783 13.95207234  9.64404078  9.22214960  7.76896791
[127]  5.01803398  2.31384395  0.14295881  1.00143043 13.34419910 12.31436055
[133] 11.09436981  8.19343267  7.34895821  7.26900943  6.49603951  6.90295860

$PAR
  [1]  NA   1   1   1   1   2   2   2   3   3   7   8   8   8   9  10  12  12
 [19]  12  12  12  12  13  14  14  14  14  16  18  18  22  23  25  25  26  26
 [37]  28  28  31  31  31  31  31  31  32  33  33  33  37  38  38  38  41  41
 [55]  42  42  42  42  43  45  45  46  46  49  50  50  51  51  53  53  57  58
 [73]  59  59  59  60  61  62  62  63  63  64  65  65  65  65  65  66  69  70
 [91]  70  70  72  73  74  76  77  78  78  78  79  79  82  83  86  86  86  90
[109]  90  91  92  92  94  95  95  95  96  99 100 101 101 106 106 106 106 106
[127] 106 106 106 108 118 118 118 124 124 124 126 135

$EXTANT
  [1] FALSE FALSE FALSE FALSE FALSE FALSE FALSE FALSE FALSE FALSE FALSE FALSE
 [13] FALSE FALSE FALSE FALSE FALSE FALSE FALSE FALSE FALSE FALSE FALSE FALSE
 [25] FALSE FALSE FALSE FALSE FALSE FALSE  TRUE FALSE FALSE FALSE  TRUE FALSE
 [37] FALSE FALSE FALSE FALSE FALSE FALSE  TRUE FALSE FALSE FALSE FALSE FALSE
 [49] FALSE FALSE FALSE FALSE FALSE  TRUE FALSE FALSE  TRUE FALSE  TRUE FALSE
 [61] FALSE FALSE FALSE FALSE FALSE FALSE FALSE FALSE  TRUE  TRUE  TRUE  TRUE
 [73]  TRUE  TRUE FALSE FALSE FALSE FALSE FALSE FALSE FALSE FALSE FALSE FALSE
 [85] FALSE FALSE FALSE FALSE FALSE  TRUE FALSE  TRUE  TRUE  TRUE  TRUE FALSE
 [97] FALSE FALSE FALSE FALSE FALSE FALSE FALSE FALSE FALSE  TRUE FALSE  TRUE
[109]  TRUE  TRUE FALSE  TRUE  TRUE  TRUE  TRUE  TRUE FALSE FALSE FALSE FALSE
[121] FALSE FALSE FALSE FALSE FALSE FALSE  TRUE  TRUE  TRUE  TRUE FALSE FALSE
[133] FALSE FALSE FALSE FALSE FALSE FALSE

