
Birth-death simulation object with 180 species and 55 extant species

Details for some species:

Extinction times (NA means extant)
[1] 37.33551 42.16804 29.10720 31.78736 28.68989 33.60921


Speciation times 
[1] 49.51846 43.15407 40.88269 37.65489 36.80212 35.83895


Species parents (NA for initial)
[1] NA  1  1  1  3  3


Species status (extinct or extant)
[1] "extinct" "extinct" "extinct" "extinct" "extinct" "extinct"


For more details on vector y, try sim$y, with y one of
TE TS PAR EXTANT



$TE
  [1] 37.335514445 42.168035824 29.107203333 31.787355932 28.689887253
  [6] 33.609211010 22.210568045 29.786470500 29.699681757 32.195691984
 [11] 14.229144077 30.818744756 30.881621995 15.497382648 24.133241555
 [16] 31.132130262 31.817755838 24.737033745 30.939849635 26.327657284
 [21] 34.847978288 20.277944543 25.095817494 15.006152542 13.879189702
 [26] 30.266964853 24.748381780 23.363832109 13.348128917 25.690136712
 [31] 26.822406980 26.621062637 22.366076113 16.334464268 18.243899695
 [36] 23.640098015 19.468326961 17.582218606 15.328358490 14.599855216
 [41] 25.025162859 27.635337035 30.471922677 11.395563219 23.934318888
 [46] 15.363341354 19.370826135 22.547158135 21.467710068 19.222952266
 [51] 12.360550436 17.636198412 24.418594250 23.894964504 14.704839195
 [56] 14.992130642 25.669376901 16.290773933 15.450230021 14.238748190
 [61] 19.762790904 13.756370631 21.931169734 22.678395919  0.121019830
 [66] 17.224756924 21.607953961 12.528763013 11.643194717 15.457298864
 [71] 19.095126491 23.995549345 20.594931056 14.319856379 16.853441067
 [76] 13.202727358 17.486563863 12.071238393 15.590097110 13.558015125
 [81] 14.889916605 13.124050935 13.869619738  9.473927839  0.008202629
 [86]  6.960511036           NA           NA  5.356093089  2.184878933
 [91]           NA           NA           NA 11.532031670 12.719257644
 [96] 23.795400414 23.480333741 18.956276054 10.993187969 15.264436736
[101] 12.955222886 11.770686771 19.155983783 13.446332572 14.167630099
[106] 14.553992838 11.482514949 10.441773053           NA           NA
[111]  5.861513188           NA           NA  0.633036611           NA
[116]           NA           NA  0.865635161           NA  0.062198521
[121]  4.246261307 13.798350200 23.486731103 15.106210562           NA
[126]  4.568461371           NA           NA           NA           NA
[131]           NA           NA           NA           NA           NA
[136]  0.083990927           NA           NA  1.240105192           NA
[141]           NA           NA  3.734395136 12.147396332  3.034738001
[146]           NA           NA           NA           NA           NA
[151]           NA           NA           NA           NA           NA
[156]  2.162144621           NA           NA  1.391114230 13.607267564
[161]           NA  2.294958113           NA           NA  1.767163724
[166]           NA           NA           NA           NA           NA
[171]           NA  2.311167396           NA           NA           NA
[176]  1.048802328           NA  1.831384251           NA           NA

$TS
  [1] 49.5184600 43.1540748 40.8826907 37.6548858 36.8021168 35.8389462
  [7] 33.8196671 30.9988885 30.9003841 37.5569770 35.6133566 32.5393947
 [13] 31.1500404 29.1490563 34.7464934 34.3708125 32.3312978 27.1616567
 [19] 34.7059388 32.3950693 35.2574406 27.9456867 25.4891994 20.5787705
 [25] 14.7859878 30.8842323 33.6178394 30.8131224 28.2801655 32.5423675
 [31] 33.6103566 31.8897240 29.3630723 27.2132257 20.7490630 30.6110380
 [37] 20.9234166 18.2017467 16.7775199 15.2300320 28.2093827 32.8425247
 [43] 31.7029758 27.7013979 30.0596424 24.8592055 22.9525629 26.8557288
 [49] 22.6554962 21.5125210 20.2474600 19.9455779 28.3926298 24.3176598
 [55] 17.8721335 15.0310161 32.0877287 31.9220673 21.5252909 21.2031919
 [61] 20.8164183 15.1060992 25.7522350 24.3941572 18.5043890 17.7122286
 [67] 26.5215863 13.2880971 13.0436453 27.5965767 25.7347752 29.7956310
 [73] 22.0971326 21.9175684 19.0599598 18.4492838 19.6495620 18.6412462
 [79] 20.7237815 20.4979904 18.2840546 14.4820433 13.8909230 13.2742468
 [85] 11.2752785  9.4094803  8.6369581  7.8917751  6.8153027  4.7084453
 [91]  4.5466867  1.3505100  1.0692120 12.6100217 16.1646727 25.1825836
 [97] 24.5157558 19.8474058 16.2385193 15.7167270 13.1782335 12.5407681
[103] 20.4119606 18.3842667 18.1632976 18.0903774 13.2042598 10.4679582
[109]  7.6445571  6.3926434  6.0665170  0.1908083  7.5569017  8.0791364
[115]  7.2943735  6.8914634  1.7304266  7.2278792  6.2858656  0.1707279
[121]  5.5216456 15.7083862 24.0504177 17.1122239  7.5083269  6.2139005
[127]  5.1437187  0.1184136  5.5908417  0.5917050  5.6219150  2.6650997
[133]  4.3224402  2.3626263  5.1931767  2.5186352  0.0545090  1.1209670
[139]  6.9107105  5.7752177  3.1187484  0.3159074  5.1872043 15.1512117
[145]  6.5729134  1.2879658  0.6531045  0.6181962  1.9467739  3.9280298
[151]  0.7015805  0.7511753  3.9085380  2.7605304  1.1000893  3.4262835
[157]  5.7522419  4.4007186  3.8026112 13.8391443  5.9394895  5.2939307
[163]  3.5258632  0.4719533  2.7095719  1.6715347  0.9646237  3.5209919
[169]  4.5739735  2.4593006  3.3518143  3.2360395  1.9721291  0.5062169
[175]  1.6705511  1.4103169  2.3230174  2.0794889  1.3298103  0.3796572

$PAR
  [1]  NA   1   1   1   3   3   3   3   3   4   4   5   5   5   6   6   7   7
 [19]  10  10  11  11  11  11  11  13  15  15  15  16  19  19  20  22  22  26
 [37]  29  29  29  29  30  31  31  31  32  33  33  34  34  34  34  34  36  36
 [55]  38  40  42  42  44  44  44  44  45  46  46  46  48  51  51  53  57  58
 [73]  58  58  58  59  60  60  61  61  65  65  65  65  65  65  65  65  65  65
 [91]  65  65  65  69  70  71  71  74  74  78  78  78  79  79  80  81  82  84
[109]  85  85  85  85  86  87  87  87  87  88  88  88  89  95  96 105 109 109
[127] 109 109 110 110 113 113 114 114 115 115 115 117 118 118 119 119 121 122
[145] 125 125 125 125 129 131 131 132 133 133 134 139 140 140 140 144 145 145
[163] 145 148 150 150 155 158 161 162 163 168 168 168 169 169 170 170 171 171

$EXTANT
  [1] FALSE FALSE FALSE FALSE FALSE FALSE FALSE FALSE FALSE FALSE FALSE FALSE
 [13] FALSE FALSE FALSE FALSE FALSE FALSE FALSE FALSE FALSE FALSE FALSE FALSE
 [25] FALSE FALSE FALSE FALSE FALSE FALSE FALSE FALSE FALSE FALSE FALSE FALSE
 [37] FALSE FALSE FALSE FALSE FALSE FALSE FALSE FALSE FALSE FALSE FALSE FALSE
 [49] FALSE FALSE FALSE FALSE FALSE FALSE FALSE FALSE FALSE FALSE FALSE FALSE
 [61] FALSE FALSE FALSE FALSE FALSE FALSE FALSE FALSE FALSE FALSE FALSE FALSE
 [73] FALSE FALSE FALSE FALSE FALSE FALSE FALSE FALSE FALSE FALSE FALSE FALSE
 [85] FALSE FALSE  TRUE  TRUE FALSE FALSE  TRUE  TRUE  TRUE FALSE FALSE FALSE
 [97] FALSE FALSE FALSE FALSE FALSE FALSE FALSE FALSE FALSE FALSE FALSE FALSE
[109]  TRUE  TRUE FALSE  TRUE  TRUE FALSE  TRUE  TRUE  TRUE FALSE  TRUE FALSE
[121] FALSE FALSE FALSE FALSE  TRUE FALSE  TRUE  TRUE  TRUE  TRUE  TRUE  TRUE
[133]  TRUE  TRUE  TRUE FALSE  TRUE  TRUE FALSE  TRUE  TRUE  TRUE FALSE FALSE
[145] FALSE  TRUE  TRUE  TRUE  TRUE  TRUE  TRUE  TRUE  TRUE  TRUE  TRUE FALSE
[157]  TRUE  TRUE FALSE FALSE  TRUE FALSE  TRUE  TRUE FALSE  TRUE  TRUE  TRUE
[169]  TRUE  TRUE  TRUE FALSE  TRUE  TRUE  TRUE FALSE  TRUE FALSE  TRUE  TRUE

