
Birth-death simulation object with 203 species and 52 extant species

Details for some species:

Extinction times (NA means extant)
[1] 48.52418 40.91544 45.36962 42.13000 44.27657 40.80506


Speciation times 
[1] 49.51846 49.44574 48.20824 47.26576 47.13702 43.26763


Species parents (NA for initial)
[1] NA  1  2  2  2  2


Species status (extinct or extant)
[1] "extinct" "extinct" "extinct" "extinct" "extinct" "extinct"


For more details on vector y, try sim$y, with y one of
TE TS PAR EXTANT



$TE
  [1] 48.52418177 40.91543570 45.36961859 42.12999599 44.27656660 40.80505822
  [7] 43.11766428 42.09705614 41.05495589 41.43088386 43.37465097 26.65068935
 [13] 34.45359342 27.19034025 27.49606819 33.22374086 17.86464714 30.81791603
 [19] 22.71497772 17.47404704 22.08166475 34.52242185 29.16625811 25.14382620
 [25] 18.78047914 18.44809017 23.91369160 12.86036668 15.17335487 16.75326066
 [31] 25.49675982 11.11864910 24.40678529 18.64869181 20.24629815 15.15043476
 [37] 13.78835432 14.84805630 14.97377467 14.77536282 13.90815456 17.73105280
 [43] 13.85403793 16.05674973 21.93451481 13.27934951  0.61007764 18.86277254
 [49] 15.07117131 14.81416144 12.82051994 14.40071259 30.49636998 21.87280341
 [55] 11.64313080 17.76691607 19.33040513 16.80868644 15.54314015 18.45953372
 [61] 13.63440307 14.93048140 12.04394830 11.90794852 14.34901423 15.50736232
 [67] 15.01177243 15.04428276 12.19454474 14.01868719  5.51412899  9.24447272
 [73] 10.44955663  7.20871715  5.77493457          NA 12.35787065 14.72393493
 [79] 15.53153636 15.20081088 13.82385459 13.61781504 18.92680089 13.48081793
 [85] 10.82192828 12.23870756 13.82901039 15.41950423 14.36162598          NA
 [91]  8.93663248          NA  9.06937034  0.25114132          NA          NA
 [97] 11.37756730 14.99819230 19.51903668 15.32560749 15.59428939 15.54939019
[103] 15.50117947 14.92398375 15.39029745 15.24847866 15.56222577 13.24108202
[109] 18.18052214 12.52787675 10.97004669 12.35073673 15.41387758  3.20296949
[115]          NA  0.32816580          NA  5.79773281  6.20847340  4.55879436
[121]          NA          NA 15.63434929 14.00139768 15.75990936 14.58442983
[127] 14.45547485 13.24946392 12.84148350 15.58294062 15.22139111 16.37849394
[133] 14.25108970 11.22410033 14.76751073          NA          NA          NA
[139]          NA          NA  6.89875800  2.63437936  3.54459687  1.75017814
[145]  0.02761527          NA  5.72723715 14.53097546 15.84443556 14.90902237
[151]          NA  1.15521347          NA  1.81147246  5.39937282          NA
[157]  5.06071939          NA          NA          NA  1.84992144  1.09902061
[163]  0.40825926          NA  5.03860034  3.33280861          NA          NA
[169]          NA          NA          NA          NA          NA  2.81720838
[175]          NA          NA          NA          NA          NA  3.76618701
[181]          NA  3.56785818          NA          NA          NA          NA
[187]          NA          NA          NA  1.57093631          NA          NA
[193]          NA          NA          NA          NA          NA          NA
[199]          NA  2.18463730          NA  2.19195441  1.65260604

$TS
  [1] 49.51846003 49.44574055 48.20824325 47.26576017 47.13702390 43.26762966
  [7] 46.49655182 44.01769518 43.31722163 42.26628417 45.43470688 41.56662515
 [13] 37.65340047 27.46109489 37.45216744 36.34828753 35.46901604 34.97131965
 [19] 30.97210584 29.60870695 27.90572491 35.76507008 31.32760258 25.23592360
 [25] 22.93033733 31.62737970 24.90062555 24.07509122 23.67442168 27.11428218
 [31] 26.50234572 18.07739426 34.68771516 25.76123457 24.19379901 21.82085462
 [37] 19.43192718 19.49302618 18.10050667 17.60985887 14.24054513 21.16507987
 [43] 19.71811034 18.88730268 23.51875548 21.32954285 20.10825867 19.03827816
 [49] 18.29831799 18.27353037 15.98328404 15.10051962 34.18917498 32.33887093
 [55] 23.23458296 22.03944286 20.34117030 23.59229644 21.21277133 19.96005694
 [61] 18.00433916 16.78628005 17.38000895 15.81318226 17.32970220 16.57085949
 [67] 16.15574080 16.19153077 14.30265248 17.08470526 12.65641127 11.28167342
 [73] 10.77886489  9.53615252  7.91078444  1.39871156 14.07728090 29.91797049
 [79] 15.96422433 20.87756048 20.98629130 20.65806901 19.63677290 16.56614684
 [85] 15.37747444 15.13086981 14.15307007 16.21943456 15.82891537  6.40571393
 [91] 10.26945575  9.24991563  9.13607755  7.35340009  5.96023728  0.29787774
 [97] 12.63417732 29.04960377 20.69184003 18.91894914 15.93049960 19.80977274
[103] 17.89960689 16.67458789 16.21406347 19.87662605 18.54289411 14.62909462
[109] 19.17003080 19.11422437 13.97541441 14.73774272 15.68667360  6.01839576
[115]  4.12232965  8.65147283  8.29208463  7.54683834  6.89436716  6.54116966
[121]  2.85567896  0.57826368 17.21436592 15.01562409 15.84342739 15.60588528
[127] 14.99946732 16.16862170 17.36533245 16.55777401 17.38286225 18.90271397
[133] 15.09052938 11.28558173 15.67031982  5.96856662  4.60254410  3.67966950
[139]  1.74763769  0.31347230  8.45052558  7.67970771  6.89145699  6.02068963
[145]  3.17338718  6.54020242  6.27958594 14.74433507 16.22742964 15.94441795
[151]  1.39620627  2.21631699  0.71385867  7.11485939  7.45422394  6.65348286
[157]  6.22180344  6.83014134  4.36277006  4.04545917  5.07213823  2.98361585
[163]  1.07295743  6.39324902  5.50865322  3.43637340  5.92194857  6.64743368
[169]  6.47974035  0.97393306  4.97336373  3.07275786  6.28327797  3.19451782
[175]  2.05589534  2.66831030  2.31606633  1.37575445  6.22489649  5.93118265
[181]  0.33497464  3.61739905  3.33461015  2.96634270  5.84075060  0.61146096
[187]  1.64163596  2.24503632  1.31711261  4.22150798  2.45333635  1.64480682
[193]  0.88258291  5.71247356  3.59167212  1.67724666  0.07458754  1.35575186
[199]  0.12736597  5.70264364  5.33174565  3.76115084  2.12249883

$PAR
  [1]  NA   1   2   2   2   2   3   4   4   6   7  10  12  12  13  13  13  15
 [19]  15  15  15  16  17  17  17  18  19  19  19  20  20  20  22  26  26  26
 [37]  26  28  28  28  28  29  29  29  30  30  30  30  30  30  32  32  33  33
 [55]  34  34  34  35  35  36  37  37  38  38  39  39  39  43  43  47  47  47
 [73]  47  47  47  47  51  54  55  56  58  58  60  61  62  63  64  65  67  71
 [91]  72  74  74  74  75  76  77  78  78  78  79  80  81  81  81  82  82  82
[109]  83  83  85  86  88  90  90  92  92  92  94  94  94  95  98  98 102 104
[127] 104 105 106 106 107 109 110 111 113 114 114 114 115 115 116 116 117 117
[145] 117 118 118 124 129 130 136 138 139 141 142 142 142 143 143 143 144 145
[163] 145 146 146 146 155 156 158 158 161 161 164 164 164 167 167 168 169 169
[181] 169 171 171 172 173 175 176 177 178 179 179 179 179 180 182 185 187 191
[199] 192 194 200 200 201

$EXTANT
  [1] FALSE FALSE FALSE FALSE FALSE FALSE FALSE FALSE FALSE FALSE FALSE FALSE
 [13] FALSE FALSE FALSE FALSE FALSE FALSE FALSE FALSE FALSE FALSE FALSE FALSE
 [25] FALSE FALSE FALSE FALSE FALSE FALSE FALSE FALSE FALSE FALSE FALSE FALSE
 [37] FALSE FALSE FALSE FALSE FALSE FALSE FALSE FALSE FALSE FALSE FALSE FALSE
 [49] FALSE FALSE FALSE FALSE FALSE FALSE FALSE FALSE FALSE FALSE FALSE FALSE
 [61] FALSE FALSE FALSE FALSE FALSE FALSE FALSE FALSE FALSE FALSE FALSE FALSE
 [73] FALSE FALSE FALSE  TRUE FALSE FALSE FALSE FALSE FALSE FALSE FALSE FALSE
 [85] FALSE FALSE FALSE FALSE FALSE  TRUE FALSE  TRUE FALSE FALSE  TRUE  TRUE
 [97] FALSE FALSE FALSE FALSE FALSE FALSE FALSE FALSE FALSE FALSE FALSE FALSE
[109] FALSE FALSE FALSE FALSE FALSE FALSE  TRUE FALSE  TRUE FALSE FALSE FALSE
[121]  TRUE  TRUE FALSE FALSE FALSE FALSE FALSE FALSE FALSE FALSE FALSE FALSE
[133] FALSE FALSE FALSE  TRUE  TRUE  TRUE  TRUE  TRUE FALSE FALSE FALSE FALSE
[145] FALSE  TRUE FALSE FALSE FALSE FALSE  TRUE FALSE  TRUE FALSE FALSE  TRUE
[157] FALSE  TRUE  TRUE  TRUE FALSE FALSE FALSE  TRUE FALSE FALSE  TRUE  TRUE
[169]  TRUE  TRUE  TRUE  TRUE  TRUE FALSE  TRUE  TRUE  TRUE  TRUE  TRUE FALSE
[181]  TRUE FALSE  TRUE  TRUE  TRUE  TRUE  TRUE  TRUE  TRUE FALSE  TRUE  TRUE
[193]  TRUE  TRUE  TRUE  TRUE  TRUE  TRUE  TRUE FALSE  TRUE FALSE FALSE

