
Birth-death simulation object with 390 species and 111 extant species

Details for some species:

Extinction times (NA means extant)
[1] 37.69736 33.80106 39.26067 23.96037 20.92077 36.19069


Speciation times 
[1] 49.51846 46.59276 45.02467 39.96577 39.24725 39.20654


Species parents (NA for initial)
[1] NA  1  1  1  1  1


Species status (extinct or extant)
[1] "extinct" "extinct" "extinct" "extinct" "extinct" "extinct"


For more details on vector y, try sim$y, with y one of
TE TS PAR EXTANT



$TE
  [1] 37.69736400 33.80106495 39.26066550 23.96037263 20.92076527 36.19069001
  [7] 34.01456088 24.78438592 32.42701063 28.64242561 36.09100916 30.06727515
 [13] 22.38662501 18.57795877 17.42102867 23.25026147 30.42632198 31.93781305
 [19] 30.62462605 23.48328742 20.90089077 22.16555799 15.62782900 31.97460415
 [25] 25.86962616 39.49916672 26.29817852 28.45458946 28.29186232 28.05574224
 [31] 35.53551061 31.94793058 20.69295796 13.71360016 14.56284546 18.67562262
 [37] 18.07756077 14.73157291 13.80278780 19.74494578 14.12589824 33.69788250
 [43] 26.23987828 15.14934611 13.18352944 15.17387989 29.52228840 32.19376774
 [49] 26.26180731 24.56655136 25.41102045 14.12759856 22.40319269 28.91901152
 [55] 33.14015013 33.40005558 35.41345669 23.36858605 21.64309037 27.63216531
 [61] 14.77303660 24.50450957 16.40463179 17.98524490 15.37314462 14.04900222
 [67] 21.44923672 18.86259739 20.35105378 14.97991786 16.02308695  5.59992427
 [73] 14.94550154 13.98819125 21.67493838 14.11302118 15.49781321 13.58546836
 [79] 28.64241752 21.98836899 27.17106221 17.94289319 22.16558046 23.43824666
 [85] 17.06031170 15.51601408 15.01520064 24.96199401  9.69159315 27.92875114
 [91] 19.49227931 12.57931011 14.52080772 17.89044200 23.03199210 21.91694921
 [97] 27.47409970 34.47217175 25.89007836 14.26776703 21.40808878 18.66361804
[103] 22.72465163 20.96935251 14.12765018 15.06122442 18.15802882 22.04540755
[109] 13.15791430 14.82783407 14.08323687  9.20828453  1.65723910          NA
[115]          NA          NA 14.24649215 14.82600549 31.66310130 30.66328419
[121] 22.04324197 17.23404509 27.01130225 24.75127350 12.72112656 20.82330824
[127] 21.75894283 14.54743590  8.43959262 11.85219086  8.68401808  4.23781705
[133] 29.16619268 27.45017512 17.16618715 20.58538499 21.95470925 22.90810264
[139] 31.96259799 20.73134375 15.48322562 22.23324507 30.94377832 15.18377864
[145] 14.13262232          NA 19.81269195 17.67267211 14.24580857 17.22193453
[151] 10.79755318  4.47481717          NA  0.61161037  0.47776684  0.64149617
[157] 15.74913473 14.61312293 14.74599612 24.22188891 15.38487254 21.47546281
[163] 22.03765006 10.98372874 14.26257874 14.29463507 11.94106907          NA
[169]          NA 12.24254143  8.86431353          NA          NA  2.73776017
[175] 15.62402592 22.66416573 22.10273929 17.10892720 13.25706601 22.68302110
[181] 15.45699840 14.68108404 22.19269441 13.02852382          NA  4.81326887
[187]  7.11392663          NA          NA 21.34382166 18.45480582  2.78090584
[193]  6.74821044  2.70073226          NA          NA  0.99520698  3.65907542
[199]          NA          NA          NA 15.44356699 14.41184875 14.55323179
[205] 15.25961865 15.71946869 14.17051096 12.59636530          NA          NA
[211]          NA          NA          NA          NA          NA 15.48799917
[217] 21.08759668 23.49573084 11.35012398 21.98898548  4.68640635          NA
[223]  6.00643670  1.72898740          NA  5.01721521  3.78845389          NA
[229]  2.10522692          NA  2.38082664          NA  6.40413345          NA
[235]  1.66698760          NA          NA          NA          NA          NA
[241] 14.84293285 14.68387355 11.08820319 14.18740727 13.93995707 14.55706159
[247] 15.88489825 15.29866345 14.64207220 11.52285769 12.73626196 13.79517610
[253]  2.81253399          NA  2.89562485          NA  3.76752453          NA
[259]          NA 15.35249518 20.54945471 14.27215358 21.62469453 15.84047193
[265] 12.69166613 11.85059254  6.98794696  5.15076561  6.84802175          NA
[271]          NA  1.86481798  5.95148303          NA  0.09558232          NA
[277]          NA          NA  2.98490244  4.10234794          NA  0.30585464
[283]          NA          NA 15.25225749 15.14319430 12.80664971 13.33853663
[289] 13.66327428 14.37121747 12.39748588  8.45119653          NA 12.98833738
[295] 14.96576852 14.37606015          NA  1.50071552  4.01850836          NA
[301]  3.18515164          NA  5.52260181          NA          NA  4.68961607
[307]  5.24237286  6.00303315          NA  6.16155568          NA  0.48035942
[313]          NA          NA  5.81951162          NA          NA          NA
[319]          NA  0.03618970          NA          NA          NA 12.45483458
[325] 11.31543299 10.12772210  5.36658116 17.82998659 13.55801323 11.14454737
[331]          NA          NA          NA  2.47049308          NA          NA
[337]          NA  0.21399105  2.39864524          NA          NA  0.84914038
[343]          NA          NA          NA          NA          NA          NA
[349]          NA          NA          NA          NA  2.51547858          NA
[355]          NA          NA          NA          NA          NA          NA
[361]          NA          NA          NA          NA          NA          NA
[367]  1.02034215          NA          NA  3.76237025          NA  4.93653104
[373]  3.98708485          NA          NA  2.85167784          NA  0.06122399
[379]          NA  0.35894078  4.91214769          NA          NA          NA
[385]          NA          NA          NA          NA  4.20295374          NA

$TS
  [1] 49.51846003 46.59276287 45.02466942 39.96577381 39.24724582 39.20653853
  [7] 39.95799352 37.68770436 34.32720468 44.58194393 43.45031476 36.88280018
 [13] 31.57345217 30.19212741 26.90373390 24.47888465 36.47791944 34.45535276
 [19] 31.82336858 24.11192438 23.73138076 22.94772286 20.95920793 34.37986107
 [25] 31.82367624 41.79753809 33.66393640 32.01352138 31.37543627 29.00117190
 [31] 37.58869090 36.51682276 36.02123376 27.31697173 23.43188928 22.95043292
 [37] 20.96621073 19.46906505 24.05572918 22.60652622 19.01820348 34.40495243
 [43] 33.95097142 19.41979519 17.92136809 32.64176747 32.51795485 32.30583184
 [49] 26.65201604 26.10061611 32.12347011 30.01436828 28.73285985 37.55882080
 [55] 35.94731734 35.76810724 35.97977426 35.46761586 28.33995568 28.19360912
 [61] 27.28935796 26.42769539 25.31699577 23.04257863 19.47278365 16.41876243
 [67] 22.73228813 22.81507151 22.80754747 19.33925295 18.47687533 16.91001155
 [73] 16.44595136 16.25286765 22.96276743 18.63070723 15.52217765 15.22390868
 [79] 33.14356269 32.75394241 29.52564752 28.62335221 28.56097080 27.57298023
 [85] 18.57868231 17.09769912 15.98113697 29.31375817 19.08483679 31.26621689
 [91] 27.08548122 26.67325583 25.25938935 24.16762413 37.47623965 36.34688772
 [97] 28.94878187 35.96704103 29.49448577 24.54416212 23.54606382 22.05448443
[103] 26.83330666 25.31973415 26.06574859 21.56994766 19.99442283 22.14688159
[109] 15.36932691 20.55635510 18.06038146 10.08942339  9.56636746  8.60454160
[115]  8.48483274  5.73650532 14.51180891 18.03531875 32.18375816 31.29322231
[121] 25.14842497 23.39244999 27.73835440 26.61607300 23.50214375 22.15107650
[127] 23.76471634 14.93194534 13.12458195 13.07933600  9.92154434  9.74504981
[133] 30.30564274 29.61840346 21.19918106 24.69620769 23.19539050 24.04090366
[139] 33.32933716 32.64697448 28.08456118 24.14032568 35.03133716 23.64574903
[145] 19.90405500 25.25705516 22.17155083 20.22615597 18.44065026 18.19153566
[151] 14.29561855  9.45527951  9.44527445  8.23346768  3.92858853  0.75168906
[157] 16.27066603 15.81743438 15.16737305 31.27406147 23.56336028 21.66861125
[163] 22.15294943 21.41431819 17.35401777 14.82091547 12.62324081 10.99753733
[169]  9.64281624 12.89319041  9.08273572  8.75292132  8.11792812  7.88036994
[175] 17.84548371 24.20100791 22.51190109 22.23344144 26.95237023 26.40996520
[181] 17.17735369 16.96918172 22.97155735 13.52744564 10.37481648  9.33644739
[187]  8.88076062  7.26900520  5.81213906 22.02492228 20.33377769  8.95934829
[193]  7.58908460  7.11178705  6.91422119  6.02619746  5.77246552  4.49969910
[199]  6.30572659  0.63855223  3.08165357 22.40031811 21.46641902 17.43803167
[205] 17.30064691 18.16295911 16.70829395 14.89423391  8.51963025  6.22027329
[211]  6.33258717  2.89977292  2.78140784  5.92816211  0.14092872 23.54383068
[217] 23.93827466 25.52733954 23.68506401 22.59677518 10.08522972  8.58036688
[223]  7.09578591  4.29827492  0.47394571  7.54399232  6.29503138  8.20247413
[229]  3.91074998  0.54767251  4.03213182  0.78775619  7.16080135  7.10384877
[235]  3.95937491  3.14550106  2.51376340  0.66758004  5.07138147  3.76607749
[241] 21.14490010 19.35561441 17.15504482 16.23430059 15.96217394 15.65736304
[247] 17.16212014 15.89489805 16.99769638 15.94721075 15.79578833 14.90978712
[253] 12.91400960  5.03821430  2.97228927  3.77437978  4.62114748  0.04935180
[259]  0.06767179 19.06233895 22.87570969 23.52036649 23.63138048 19.67791380
[265] 13.06495734 12.49589503  9.15354331  8.37612236  8.20463223  7.62832677
[271]  5.71475166  7.90344735  7.46168621  6.50670285  2.01486376  7.47788992
[277]  4.90015636  4.00640439  6.70588176  4.80028781  2.92574857  1.44959529
[283]  2.72033548  2.09480794 16.56421623 16.46435691 14.66750606 14.28862630
[289] 15.73063323 14.64470205 13.07875844 10.37475521  0.18961301 22.75341613
[295] 15.02387691 22.46275101  8.89018599  8.64470126  5.33959363  6.45475466
[301]  5.45477233  4.45555452  5.66581068  2.68583099  6.90112308  6.00682111
[307]  5.70130267  6.15381593  6.05752654  6.36200131  3.79993733  3.58741439
[313]  2.43174598  1.20870335  6.87522443  2.62136642  0.46016669  2.86500724
[319]  1.00870563  2.42274669  1.28832940  1.23158557  0.80592599 13.81299454
[325] 12.43929969 10.37459285  9.38922428 20.46167834 17.14190254 12.99864440
[331]  1.63722186  1.46087758  1.61816926  4.45018978  3.02658579  2.33983710
[337]  6.55684117  6.54194722  4.53504922  2.05661594  1.17590480  2.39129216
[343]  1.34314614  1.09363820  0.12436853  0.19218908  9.00229130  8.19703855
[349]  6.83654017  0.48753973  2.45444521  5.93734446  5.81104406  0.45900221
[355]  0.27616635  3.67313389  7.80807280  6.49751251  3.98027740  2.17500498
[361]  0.58430270  5.69406902  3.82784396  1.04335887  0.35820933  5.37708779
[367]  3.58442481  2.66039229  2.10889803  7.04302871  6.41762955  6.46099907
[373]  4.73607122  1.45041528  2.33130461  3.73777309  1.41439888  2.21408359
[379]  1.74339004  6.58889824  6.28600760  2.80496821  1.15587296  5.11399470
[385]  1.01174195  1.68426770  1.06073744  0.54035094  4.98780423  2.69333977

$PAR
  [1]  NA   1   1   1   1   1   2   2   2   3   3   4   4   4   4   4   5   5
 [19]   5   5   5   5   5   7   8  10  10  10  10  10  11  11  12  13  13  14
 [37]  14  14  15  15  15  17  17  23  23  24  24  24  25  25  27  27  27  31
 [55]  31  31  32  32  33  33  33  33  33  33  34  34  35  36  36  38  38  38
 [73]  38  38  39  41  41  41  43  43  43  43  43  43  44  45  45  46  46  47
 [91]  51  52  53  53  54  54  54  57  58  58  58  59  61  61  62  63  63  64
[109]  66  68  70  72  72  72  72  72  74  76  79  79  80  80  82  82  82  82
[127]  83  89  89  89  89  89  90  90  92  93  93  94  95  95  95  95  98 100
[145] 102 103 104 106 110 110 111 112 113 113 115 115 118 118 118 120 121 122
[163] 125 125 125 125 129 129 129 130 132 132 132 132 135 136 136 136 140 141
[181] 144 144 146 146 146 146 146 146 146 147 147 152 153 153 153 153 153 153
[199] 154 154 155 161 161 161 161 164 164 164 169 169 172 172 172 173 173 176
[217] 179 180 180 183 185 185 185 185 185 186 186 187 188 188 189 189 192 192
[235] 194 195 196 196 197 199 202 202 203 203 203 203 204 204 206 206 207 207
[253] 208 209 209 210 214 214 215 216 217 218 219 219 219 219 221 221 221 221
[271] 221 222 222 222 222 226 227 228 233 234 234 234 236 236 241 243 245 245
[289] 248 251 251 253 256 262 262 263 267 267 268 270 270 270 271 271 272 272
[307] 272 273 273 274 274 274 274 275 276 276 277 278 278 281 281 282 284 288
[325] 291 292 292 294 294 294 297 297 298 302 302 304 305 305 309 309 311 316
[343] 316 316 319 322 327 327 327 332 335 338 338 338 338 339 347 349 349 349
[361] 351 352 352 352 352 353 353 356 356 357 357 358 358 358 362 363 363 367
[379] 369 370 371 371 371 372 375 378 378 378 381 384

$EXTANT
  [1] FALSE FALSE FALSE FALSE FALSE FALSE FALSE FALSE FALSE FALSE FALSE FALSE
 [13] FALSE FALSE FALSE FALSE FALSE FALSE FALSE FALSE FALSE FALSE FALSE FALSE
 [25] FALSE FALSE FALSE FALSE FALSE FALSE FALSE FALSE FALSE FALSE FALSE FALSE
 [37] FALSE FALSE FALSE FALSE FALSE FALSE FALSE FALSE FALSE FALSE FALSE FALSE
 [49] FALSE FALSE FALSE FALSE FALSE FALSE FALSE FALSE FALSE FALSE FALSE FALSE
 [61] FALSE FALSE FALSE FALSE FALSE FALSE FALSE FALSE FALSE FALSE FALSE FALSE
 [73] FALSE FALSE FALSE FALSE FALSE FALSE FALSE FALSE FALSE FALSE FALSE FALSE
 [85] FALSE FALSE FALSE FALSE FALSE FALSE FALSE FALSE FALSE FALSE FALSE FALSE
 [97] FALSE FALSE FALSE FALSE FALSE FALSE FALSE FALSE FALSE FALSE FALSE FALSE
[109] FALSE FALSE FALSE FALSE FALSE  TRUE  TRUE  TRUE FALSE FALSE FALSE FALSE
[121] FALSE FALSE FALSE FALSE FALSE FALSE FALSE FALSE FALSE FALSE FALSE FALSE
[133] FALSE FALSE FALSE FALSE FALSE FALSE FALSE FALSE FALSE FALSE FALSE FALSE
[145] FALSE  TRUE FALSE FALSE FALSE FALSE FALSE FALSE  TRUE FALSE FALSE FALSE
[157] FALSE FALSE FALSE FALSE FALSE FALSE FALSE FALSE FALSE FALSE FALSE  TRUE
[169]  TRUE FALSE FALSE  TRUE  TRUE FALSE FALSE FALSE FALSE FALSE FALSE FALSE
[181] FALSE FALSE FALSE FALSE  TRUE FALSE FALSE  TRUE  TRUE FALSE FALSE FALSE
[193] FALSE FALSE  TRUE  TRUE FALSE FALSE  TRUE  TRUE  TRUE FALSE FALSE FALSE
[205] FALSE FALSE FALSE FALSE  TRUE  TRUE  TRUE  TRUE  TRUE  TRUE  TRUE FALSE
[217] FALSE FALSE FALSE FALSE FALSE  TRUE FALSE FALSE  TRUE FALSE FALSE  TRUE
[229] FALSE  TRUE FALSE  TRUE FALSE  TRUE FALSE  TRUE  TRUE  TRUE  TRUE  TRUE
[241] FALSE FALSE FALSE FALSE FALSE FALSE FALSE FALSE FALSE FALSE FALSE FALSE
[253] FALSE  TRUE FALSE  TRUE FALSE  TRUE  TRUE FALSE FALSE FALSE FALSE FALSE
[265] FALSE FALSE FALSE FALSE FALSE  TRUE  TRUE FALSE FALSE  TRUE FALSE  TRUE
[277]  TRUE  TRUE FALSE FALSE  TRUE FALSE  TRUE  TRUE FALSE FALSE FALSE FALSE
[289] FALSE FALSE FALSE FALSE  TRUE FALSE FALSE FALSE  TRUE FALSE FALSE  TRUE
[301] FALSE  TRUE FALSE  TRUE  TRUE FALSE FALSE FALSE  TRUE FALSE  TRUE FALSE
[313]  TRUE  TRUE FALSE  TRUE  TRUE  TRUE  TRUE FALSE  TRUE  TRUE  TRUE FALSE
[325] FALSE FALSE FALSE FALSE FALSE FALSE  TRUE  TRUE  TRUE FALSE  TRUE  TRUE
[337]  TRUE FALSE FALSE  TRUE  TRUE FALSE  TRUE  TRUE  TRUE  TRUE  TRUE  TRUE
[349]  TRUE  TRUE  TRUE  TRUE FALSE  TRUE  TRUE  TRUE  TRUE  TRUE  TRUE  TRUE
[361]  TRUE  TRUE  TRUE  TRUE  TRUE  TRUE FALSE  TRUE  TRUE FALSE  TRUE FALSE
[373] FALSE  TRUE  TRUE FALSE  TRUE FALSE  TRUE FALSE FALSE  TRUE  TRUE  TRUE
[385]  TRUE  TRUE  TRUE  TRUE FALSE  TRUE

