
Birth-death simulation object with 246 species and 90 extant species

Details for some species:

Extinction times (NA means extant)
[1] 40.70632 46.48544 44.20761 39.78120 23.89713 18.59015


Speciation times 
[1] 49.51846 47.76444 44.60558 44.13119 41.47053 41.70666


Species parents (NA for initial)
[1] NA  1  1  1  1  4


Species status (extinct or extant)
[1] "extinct" "extinct" "extinct" "extinct" "extinct" "extinct"


For more details on vector y, try sim$y, with y one of
TE TS PAR EXTANT



$TE
  [1] 40.70632063 46.48543952 44.20760537 39.78120094 23.89712935 18.59014651
  [7] 25.70295018 36.36359981 14.24837274 15.44860820 14.70691080 15.73462672
 [13] 17.20341767 23.01080611 29.14563404 16.46956483 20.08593715 22.28071346
 [19] 25.08643921 25.48047559 18.32148471 17.34166656 15.44203495 16.31590762
 [25] 24.23755087 13.97086573 20.80192457 20.59704654 13.58099805 18.33925567
 [31] 20.28648373 14.51611374 18.48892224 16.94896388 12.01009543 18.60320620
 [37] 22.83718268 31.26429783 33.65669121 18.16655977 24.97532391 24.05279655
 [43] 26.35345576 16.83075605 15.54004171 15.85704628 15.40847079 13.04544630
 [49] 21.41506927 13.35349044 10.93152888 19.34095652 13.66296968 11.60922414
 [55]          NA 15.52958508 16.52692367 12.44584217 15.39120289 15.48450393
 [61] 15.54712700 24.60276401 20.75453565 20.16723410 16.43511591 13.07259105
 [67] 12.67542360 12.64842765 13.17208389 13.41114647 12.73370783 14.54306148
 [73] 14.32241360 15.41413907 10.94753691 14.31577053 11.47245129 13.78916412
 [79] 12.50386842 12.99571672 12.10170526          NA          NA  6.38397739
 [85]  8.57585871 15.08422416 19.56744047 14.51933213 22.40934090 13.26903812
 [91] 16.72121742 15.21543335 10.92389568 14.32821203 12.51998887 15.38963956
 [97] 15.70251538 16.96646392 15.29546657 14.73785197 14.58080850  9.08699024
[103] 15.17635471 14.38685400 13.94013448 14.05777239 15.29845366          NA
[109]          NA          NA  4.61976493  6.00212439          NA  0.09722017
[115]          NA          NA 14.14423538 17.12775050 13.68903875 12.11152077
[121] 14.34691063          NA 15.12184790 12.80924157 14.87201706 13.37553736
[127]  7.10842912          NA          NA          NA  8.38284685  4.93786233
[133]  1.08907864  3.78147548  6.68471132          NA          NA          NA
[139]          NA          NA  1.54034383  4.50840209          NA          NA
[145]          NA 12.21755317 13.80003134  2.05522370          NA          NA
[151]          NA  0.71332121          NA          NA  7.31044558          NA
[157]  0.74225659          NA  4.00775148  5.89962323          NA          NA
[163]          NA          NA  0.71408067          NA          NA          NA
[169]          NA  2.75314657          NA  0.54639506          NA          NA
[175]  0.38432383  5.30302874          NA  2.58678603 11.62939902          NA
[181]          NA  0.50452808          NA 13.68065985 11.05738167  3.23059306
[187]  4.49427859          NA          NA          NA          NA          NA
[193]  3.46365329          NA          NA          NA          NA          NA
[199]          NA          NA          NA          NA          NA  2.92980738
[205]          NA          NA          NA          NA          NA          NA
[211]          NA  0.81921782  3.42341370          NA  3.25222494          NA
[217]          NA  3.36938636          NA  2.01205766          NA  0.08293517
[223]          NA          NA          NA          NA          NA          NA
[229]  0.44592368          NA          NA          NA          NA          NA
[235]          NA          NA  2.79831727  3.23302811          NA  0.03253979
[241]          NA          NA          NA          NA          NA          NA

$TS
  [1] 4.951846e+01 4.776444e+01 4.460558e+01 4.413119e+01 4.147053e+01
  [6] 4.170666e+01 4.119727e+01 3.744249e+01 2.964815e+01 2.624954e+01
 [11] 3.325165e+01 3.126944e+01 2.631378e+01 2.423031e+01 3.868228e+01
 [16] 3.048065e+01 2.907156e+01 2.914485e+01 2.598758e+01 2.580759e+01
 [21] 1.981580e+01 2.420878e+01 2.040047e+01 1.714002e+01 2.954572e+01
 [26] 1.499166e+01 2.745024e+01 2.552006e+01 2.292108e+01 2.246895e+01
 [31] 2.097150e+01 1.976992e+01 1.967662e+01 1.787910e+01 2.541032e+01
 [36] 2.347839e+01 2.310918e+01 3.831126e+01 3.419440e+01 2.922915e+01
 [41] 2.922571e+01 2.488372e+01 2.854964e+01 2.615445e+01 2.500188e+01
 [46] 1.817240e+01 1.916946e+01 1.644051e+01 2.515541e+01 1.415176e+01
 [51] 2.493290e+01 2.145869e+01 1.789878e+01 2.049226e+01 1.795736e+01
 [56] 1.662345e+01 1.655766e+01 2.137583e+01 2.662842e+01 2.074574e+01
 [61] 1.829368e+01 2.830424e+01 2.418457e+01 2.393227e+01 2.265851e+01
 [66] 2.358404e+01 1.784813e+01 1.723332e+01 1.815669e+01 1.811520e+01
 [71] 1.493006e+01 2.471319e+01 1.945007e+01 1.657491e+01 1.139937e+01
 [76] 2.062339e+01 1.386826e+01 1.777331e+01 1.578048e+01 1.708382e+01
 [81] 1.243803e+01 1.031468e+01 9.930397e+00 9.350496e+00 9.114112e+00
 [86] 1.739354e+01 2.037721e+01 1.801632e+01 2.295949e+01 1.954318e+01
 [91] 1.846674e+01 1.703957e+01 1.334534e+01 1.559234e+01 1.284611e+01
 [96] 1.774360e+01 1.583751e+01 2.082771e+01 1.747933e+01 1.780109e+01
[101] 1.623738e+01 1.129494e+01 1.966246e+01 1.717077e+01 1.592558e+01
[106] 1.490850e+01 1.681889e+01 8.292812e+00 6.214504e+00 3.557074e+00
[111] 8.796616e+00 8.094276e+00 7.255160e+00 7.008209e+00 6.298730e+00
[116] 6.923497e+00 1.612483e+01 1.764751e+01 1.374173e+01 1.717927e+01
[121] 1.703608e+01 1.016223e+01 1.868236e+01 1.714239e+01 1.494187e+01
[126] 1.533317e+01 7.368260e+00 4.616933e+00 3.021567e+00 4.677680e-01
[131] 8.539639e+00 7.974858e+00 7.189378e+00 6.121771e+00 7.728508e+00
[136] 6.959168e+00 6.383374e+00 4.465254e+00 2.221511e+00 1.448591e+00
[141] 7.003397e+00 6.944583e+00 2.307332e+00 1.260132e+00 6.109244e+00
[146] 1.615914e+01 1.458627e+01 8.118093e+00 6.198898e+00 6.164074e+00
[151] 5.850836e+00 5.625009e+00 5.538331e+00 2.149063e-01 1.409525e+01
[156] 7.361721e+00 6.894083e+00 6.563294e+00 7.056650e+00 7.004596e+00
[161] 6.127572e+00 5.790572e+00 7.599880e+00 6.401473e+00 4.508373e+00
[166] 4.214470e+00 5.029728e+00 2.078229e+00 2.522468e+00 6.111590e+00
[171] 5.310424e+00 4.389032e+00 1.895667e+00 6.915836e+00 6.183601e+00
[176] 5.919959e+00 5.133674e+00 3.373679e+00 1.262453e+01 3.040600e+00
[181] 2.916508e+00 5.856161e+00 1.829970e-01 1.381750e+01 1.243953e+01
[186] 6.975743e+00 5.539185e+00 5.870433e+00 4.698888e+00 6.344107e+00
[191] 6.329171e+00 5.529793e+00 4.777265e+00 3.888857e+00 3.674253e+00
[196] 1.258143e+00 6.383280e+00 2.715972e+00 2.435333e+00 1.971842e+00
[201] 3.757664e+00 2.324143e+00 4.507044e+00 4.323684e+00 5.769558e-01
[206] 1.541930e+00 4.272359e+00 3.132570e+00 1.265359e+00 4.333299e+00
[211] 3.964829e+00 2.776872e+00 6.924394e+00 6.136522e+00 3.375702e+00
[216] 2.586402e+00 9.776586e-01 4.928604e+00 2.901382e+00 6.029277e+00
[221] 3.847397e+00 3.664261e+00 1.381412e+00 4.018807e+00 3.230570e+00
[226] 3.784088e-01 3.096838e+00 2.780347e+00 2.074932e+00 1.170176e+00
[231] 3.462708e-01 4.191681e+00 2.844882e-01 6.912235e-01 1.093795e+00
[236] 2.899099e+00 4.311269e+00 3.890402e+00 3.510308e+00 5.346698e-01
[241] 2.675699e+00 9.531041e-01 8.585112e-04 6.542346e-01 2.245000e-01
[246] 5.736708e-01

$PAR
  [1]  NA   1   1   1   1   4   4   5   5   5   6   6   6   6   7   7   7   9
 [19]   9   9   9  10  10  10  11  11  12  12  12  12  12  12  12  12  13  14
 [37]  14  15  15  15  16  16  17  18  18  22  23  23  25  26  28  28  32  35
 [55]  35  35  35  36  40  40  40  41  44  44  44  45  45  45  46  46  48  51
 [73]  51  51  51  52  53  54  54  55  55  55  55  55  55  59  60  61  63  66
 [91]  66  66  66  67  68  69  69  72  72  73  73  75  76  78  78  79  80  82
[109]  82  82  83  83  83  83  83  84  86  90  90  91  92 102 103 104 104 107
[127] 108 109 109 109 111 111 111 111 112 113 113 113 113 113 114 114 114 114
[145] 116 121 121 122 122 122 122 122 122 122 126 127 132 132 133 133 133 134
[163] 135 136 136 136 137 137 138 141 141 141 141 142 142 142 142 145 146 148
[181] 148 149 153 155 155 156 156 157 157 158 158 158 158 161 163 163 164 165
[199] 165 166 167 167 171 171 172 173 174 174 175 177 177 177 186 186 186 189
[217] 189 190 190 191 191 191 191 192 192 194 195 195 195 195 202 203 203 206
[235] 210 211 218 220 220 221 222 230 231 232 232 244

$EXTANT
  [1] FALSE FALSE FALSE FALSE FALSE FALSE FALSE FALSE FALSE FALSE FALSE FALSE
 [13] FALSE FALSE FALSE FALSE FALSE FALSE FALSE FALSE FALSE FALSE FALSE FALSE
 [25] FALSE FALSE FALSE FALSE FALSE FALSE FALSE FALSE FALSE FALSE FALSE FALSE
 [37] FALSE FALSE FALSE FALSE FALSE FALSE FALSE FALSE FALSE FALSE FALSE FALSE
 [49] FALSE FALSE FALSE FALSE FALSE FALSE  TRUE FALSE FALSE FALSE FALSE FALSE
 [61] FALSE FALSE FALSE FALSE FALSE FALSE FALSE FALSE FALSE FALSE FALSE FALSE
 [73] FALSE FALSE FALSE FALSE FALSE FALSE FALSE FALSE FALSE  TRUE  TRUE FALSE
 [85] FALSE FALSE FALSE FALSE FALSE FALSE FALSE FALSE FALSE FALSE FALSE FALSE
 [97] FALSE FALSE FALSE FALSE FALSE FALSE FALSE FALSE FALSE FALSE FALSE  TRUE
[109]  TRUE  TRUE FALSE FALSE  TRUE FALSE  TRUE  TRUE FALSE FALSE FALSE FALSE
[121] FALSE  TRUE FALSE FALSE FALSE FALSE FALSE  TRUE  TRUE  TRUE FALSE FALSE
[133] FALSE FALSE FALSE  TRUE  TRUE  TRUE  TRUE  TRUE FALSE FALSE  TRUE  TRUE
[145]  TRUE FALSE FALSE FALSE  TRUE  TRUE  TRUE FALSE  TRUE  TRUE FALSE  TRUE
[157] FALSE  TRUE FALSE FALSE  TRUE  TRUE  TRUE  TRUE FALSE  TRUE  TRUE  TRUE
[169]  TRUE FALSE  TRUE FALSE  TRUE  TRUE FALSE FALSE  TRUE FALSE FALSE  TRUE
[181]  TRUE FALSE  TRUE FALSE FALSE FALSE FALSE  TRUE  TRUE  TRUE  TRUE  TRUE
[193] FALSE  TRUE  TRUE  TRUE  TRUE  TRUE  TRUE  TRUE  TRUE  TRUE  TRUE FALSE
[205]  TRUE  TRUE  TRUE  TRUE  TRUE  TRUE  TRUE FALSE FALSE  TRUE FALSE  TRUE
[217]  TRUE FALSE  TRUE FALSE  TRUE FALSE  TRUE  TRUE  TRUE  TRUE  TRUE  TRUE
[229] FALSE  TRUE  TRUE  TRUE  TRUE  TRUE  TRUE  TRUE FALSE FALSE  TRUE FALSE
[241]  TRUE  TRUE  TRUE  TRUE  TRUE  TRUE

