
Birth-death simulation object with 239 species and 92 extant species

Details for some species:

Extinction times (NA means extant)
[1] 36.34007 37.69510 34.52252 32.49976 39.84406 40.53509


Speciation times 
[1] 49.51846 45.08996 42.74433 40.04987 43.74215 42.16272


Species parents (NA for initial)
[1] NA  1  1  1  2  3


Species status (extinct or extant)
[1] "extinct" "extinct" "extinct" "extinct" "extinct" "extinct"


For more details on vector y, try sim$y, with y one of
TE TS PAR EXTANT



$TE
  [1] 36.340071721 37.695103569 34.522517042 32.499764749 39.844055203
  [6] 40.535092817 34.525468943 36.092886682 37.967148657 29.601484723
 [11] 37.585478875 27.269440420 21.736577095 37.685480294 12.708544316
 [16] 17.927671523 28.155866456 32.941589148 24.280162689 13.906582241
 [21] 14.507912932 15.518978599 21.268069866 14.515910919 23.288238529
 [26] 13.188191020 19.360851351 15.248827921 14.784254232 14.330330368
 [31] 19.574345656 20.546014658 17.432189047 14.703015613 15.638643657
 [36] 15.644746447 25.995751332 26.776636974 19.795501522 15.589722683
 [41] 15.149383983 12.616360607 18.840614497 19.425546256 22.120222310
 [46] 14.424823219 15.996353927 16.934090898 19.608644057 14.639455721
 [51] 21.904284926 24.103450744 24.904132972 17.846092083 14.281759208
 [56] 17.287324316 14.849437287 14.843709676 12.171870607 14.052534384
 [61] 14.332109437 16.176226809 13.407678126 20.439595724 26.140925847
 [66] 14.964055330 21.320872073 14.592544390 11.463172525 14.670741408
 [71] 22.227909032 15.533561658 16.840183769 15.601053734 15.441421228
 [76] 16.078106268 15.236461947 15.057512150 12.581077165 13.176416041
 [81] 13.222647059 11.928893086 13.930675999 15.384170255 15.130203637
 [86] 14.984768961           NA 15.956509112 19.237009277 15.058119689
 [91] 15.470665633 15.239328121 11.945851447 14.120783691 15.151619521
 [96] 11.128287684  8.219521051  8.450191678           NA  1.306678488
[101]           NA  4.870330090           NA           NA           NA
[106]           NA 15.902815535 14.012022462 14.533351148  8.038045796
[111]  8.346728045  7.930743909  2.445044590  3.579533788           NA
[116]  0.997231047           NA           NA           NA  0.509264083
[121]  0.538474616           NA           NA  0.473348604  7.527999655
[126]           NA  0.978156796           NA           NA           NA
[131]           NA           NA           NA           NA  5.891410780
[136]           NA  3.706542623           NA           NA           NA
[141]           NA           NA  4.807104226  0.793015610           NA
[146]  5.923411178  5.296006248           NA           NA           NA
[151]  2.787919906  0.871837854           NA           NA  0.760234729
[156]           NA           NA  5.365452868  5.572289323  0.387347943
[161]  0.249024894           NA           NA           NA           NA
[166]           NA           NA  0.626848153  5.178924435  5.586714209
[171]           NA           NA           NA  5.603517211           NA
[176]           NA  1.540065521           NA  1.743138756           NA
[181]           NA           NA           NA           NA  5.035757056
[186]           NA  4.595870020           NA  0.002309047  0.637401194
[191]           NA           NA           NA           NA  4.406962141
[196]           NA           NA  2.659923225           NA           NA
[201]  1.969920092           NA  4.462324848           NA           NA
[206]           NA  3.415947377           NA           NA           NA
[211]           NA           NA           NA           NA           NA
[216]           NA           NA           NA           NA           NA
[221]           NA           NA           NA           NA           NA
[226]           NA  1.491629452  1.164890249           NA           NA
[231]  0.461176924           NA           NA  5.673755710           NA
[236]  1.743416412           NA           NA  1.366239423

$TS
  [1] 49.51846003 45.08996391 42.74433121 40.04986724 43.74214948 42.16272382
  [7] 41.02241057 38.55065300 39.29918081 42.79676668 40.64767862 38.05242127
 [13] 35.24973446 40.75369506 37.66592928 28.38223342 29.04165400 35.88156732
 [19] 32.42578746 17.14350515 27.65702784 22.04230605 21.41906512 19.03824878
 [25] 31.67882710 29.71163923 29.37254785 24.57388617 15.42250577 14.92721349
 [31] 27.61152360 22.45976382 21.13154348 20.73051598 20.99339874 15.72229900
 [37] 30.67143362 28.34080706 23.78798565 26.76063477 18.09766688 26.94850280
 [43] 21.16605499 20.68558131 23.80845854 20.48629877 19.17551717 20.20720614
 [49] 20.48390899 18.38144370 29.12455739 27.29370783 28.20820838 19.82385745
 [55] 26.87113781 25.65953808 23.83490261 17.35067108 13.51052774 18.84251510
 [61] 18.65282078 17.12195835 17.04111122 27.40059903 27.08833040 24.85383440
 [67] 22.65122371 21.48839221 15.18420714 25.18226274 24.17093401 23.65373443
 [73] 18.01778417 15.73388102 15.45264790 17.11851240 15.55418112 16.37320951
 [79] 14.42784561 23.80313363 18.34966983 16.70077697 16.35360958 17.67449405
 [85] 16.46542900 15.09690325 13.08304301 21.82144035 19.75470627 19.65140090
 [91] 15.68503142 15.23948799 12.72307975 15.91393570 16.73538496 12.01344302
 [97] 10.35807284  9.89894759  9.79835581  6.90540744  6.02742070  5.82883528
[103]  3.23517526  2.75512732  1.28883611  0.92391201 18.00198851 16.25283092
[109] 15.17454817 10.15384668  9.47134819  8.68181608  8.91962078  8.23966491
[115]  7.87010137  3.96029889  0.05249321  6.86097563  1.84285959  1.46806721
[121]  2.24064553  1.97901549  8.95480462  8.46110683  8.16309270  6.28072374
[127]  4.75364808  6.58800739  5.90199739  4.14543076  1.96563537  0.66921756
[133]  2.73859725  1.97071441  6.24591891  5.77290055  5.72948620  3.03169103
[139]  2.47157534  2.13600872  1.15753517  8.00029448  7.90266231  5.71105939
[145]  0.87912045  7.94130342  7.76926483  6.25018411  1.21215662  2.54766735
[151]  3.61423167  2.08118098  6.07046776  4.60949133  1.25462518  2.12110053
[157]  1.04974812  7.78031921  6.72531711  2.45142168  7.30436620  6.86656592
[163]  5.68383256  0.95103865  7.06515623  6.08217349  6.76282542  5.87992333
[169]  5.74017402  6.75161429  7.04942020  6.45363838  5.77264036  5.75007884
[175]  4.22216444  0.62354129  3.82800163  5.22561317  3.10944663  6.44923394
[181]  5.74937772  4.56357624  6.58454917  5.97120766  5.66251469  2.27061468
[187]  6.03452298  3.45006920  1.60180045  0.65415438  0.05594555  1.97600097
[193]  3.64675859  0.46765517  6.00220104  4.78542900  4.51731177  4.23570171
[199]  1.81033775  0.19951754  2.12696796  0.28043366  6.19712978  5.47478219
[205]  2.06701920  5.46360343  3.46667096  3.31616183  2.25084735  0.88191685
[211]  2.21663616  5.80919432  3.14895075  3.38054009  2.73747537  2.16299767
[217]  3.63137628  1.16683632  1.98043069  0.09477078  6.04957221  5.32290416
[223]  4.90219947  4.19839678  3.54128712  2.32988507  1.76812166  1.54117539
[229]  5.41250713  2.36857921  0.97782409  2.44585642  1.06733616  5.80422029
[235]  3.69078109  1.97678554  1.05512517  2.71597525  2.26838772

$PAR
  [1]  NA   1   1   1   2   3   3   3   4   5   6   7   7  10  12  12  13  15
 [19]  15  15  16  16  16  16  19  19  19  19  20  20  21  21  21  21  22  24
 [37]  25  25  25  26  26  27  27  27  28  28  28  31  34  35  37  37  38  39
 [55]  42  42  42  42  42  43  46  47  50  51  51  55  55  55  55  56  56  57
 [73]  57  57  57  61  61  63  63  64  66  66  66  68  68  69  69  70  70  70
 [91]  72  77  79  80  81  82  87  87  87  87  87  87  87  87  87  87  90  90
[109]  90  97  98  98  99  99  99  99  99 100 100 103 104 104 110 111 112 114
[127] 114 115 115 115 115 115 116 122 123 123 123 123 123 123 123 124 124 124
[145] 124 125 125 126 126 128 129 130 135 136 139 140 140 142 142 142 143 143
[163] 143 144 146 146 147 147 153 158 161 162 162 162 162 162 163 165 165 167
[181] 168 168 170 170 171 171 172 173 173 175 175 177 178 178 180 180 180 180
[199] 180 181 182 182 183 183 183 184 184 184 184 184 186 187 188 197 197 197
[217] 198 199 201 202 203 204 204 206 206 206 211 211 212 212 212 215 218 221
[235] 222 222 222 223 230

$EXTANT
  [1] FALSE FALSE FALSE FALSE FALSE FALSE FALSE FALSE FALSE FALSE FALSE FALSE
 [13] FALSE FALSE FALSE FALSE FALSE FALSE FALSE FALSE FALSE FALSE FALSE FALSE
 [25] FALSE FALSE FALSE FALSE FALSE FALSE FALSE FALSE FALSE FALSE FALSE FALSE
 [37] FALSE FALSE FALSE FALSE FALSE FALSE FALSE FALSE FALSE FALSE FALSE FALSE
 [49] FALSE FALSE FALSE FALSE FALSE FALSE FALSE FALSE FALSE FALSE FALSE FALSE
 [61] FALSE FALSE FALSE FALSE FALSE FALSE FALSE FALSE FALSE FALSE FALSE FALSE
 [73] FALSE FALSE FALSE FALSE FALSE FALSE FALSE FALSE FALSE FALSE FALSE FALSE
 [85] FALSE FALSE  TRUE FALSE FALSE FALSE FALSE FALSE FALSE FALSE FALSE FALSE
 [97] FALSE FALSE  TRUE FALSE  TRUE FALSE  TRUE  TRUE  TRUE  TRUE FALSE FALSE
[109] FALSE FALSE FALSE FALSE FALSE FALSE  TRUE FALSE  TRUE  TRUE  TRUE FALSE
[121] FALSE  TRUE  TRUE FALSE FALSE  TRUE FALSE  TRUE  TRUE  TRUE  TRUE  TRUE
[133]  TRUE  TRUE FALSE  TRUE FALSE  TRUE  TRUE  TRUE  TRUE  TRUE FALSE FALSE
[145]  TRUE FALSE FALSE  TRUE  TRUE  TRUE FALSE FALSE  TRUE  TRUE FALSE  TRUE
[157]  TRUE FALSE FALSE FALSE FALSE  TRUE  TRUE  TRUE  TRUE  TRUE  TRUE FALSE
[169] FALSE FALSE  TRUE  TRUE  TRUE FALSE  TRUE  TRUE FALSE  TRUE FALSE  TRUE
[181]  TRUE  TRUE  TRUE  TRUE FALSE  TRUE FALSE  TRUE FALSE FALSE  TRUE  TRUE
[193]  TRUE  TRUE FALSE  TRUE  TRUE FALSE  TRUE  TRUE FALSE  TRUE FALSE  TRUE
[205]  TRUE  TRUE FALSE  TRUE  TRUE  TRUE  TRUE  TRUE  TRUE  TRUE  TRUE  TRUE
[217]  TRUE  TRUE  TRUE  TRUE  TRUE  TRUE  TRUE  TRUE  TRUE  TRUE FALSE FALSE
[229]  TRUE  TRUE FALSE  TRUE  TRUE FALSE  TRUE FALSE  TRUE  TRUE FALSE

