
Birth-death simulation object with 394 species and 130 extant species

Details for some species:

Extinction times (NA means extant)
[1] 40.06055 47.07332 28.70065 47.28795 41.80182 23.00751


Speciation times 
[1] 49.51846 49.44138 44.55859 48.53632 47.30632 42.46630


Species parents (NA for initial)
[1] NA  1  1  2  2  3


Species status (extinct or extant)
[1] "extinct" "extinct" "extinct" "extinct" "extinct" "extinct"


For more details on vector y, try sim$y, with y one of
TE TS PAR EXTANT



$TE
  [1] 40.06054551 47.07331555 28.70064811 47.28795459 41.80182087 23.00750794
  [7] 15.14328263 40.24599731 29.31247806 38.18970814 33.33275658 26.30366819
 [13] 22.17209794 21.56239066 22.81922152 23.35751695 14.34294475 15.53035224
 [19] 43.83172345 40.79762459 44.00252771 24.57200083 41.66564084 20.99198288
 [25] 29.61416491 27.86099962 13.74591178 21.92068402 22.20721642 18.47195139
 [31] 22.49176190 14.40750581 16.16429402 23.60381480 15.22213887 16.38514188
 [37] 14.28450824 22.90134354 31.23344560 27.10912338 13.13693250 18.23729854
 [43] 11.33976247 14.70511789 23.77202384 14.98269807 22.69272261 17.38032164
 [49] 14.82395815 13.09907719 11.97577264 14.24849127 12.56202358 21.02338961
 [55] 14.44648250 10.84511197          NA 15.39495293 18.78068756 28.48619024
 [61] 14.63086962 36.14993116 33.51362918 14.91455046 14.78037644 21.95071220
 [67] 16.94836179 14.38711475 21.51431155 20.47530426 13.12265333 14.75706404
 [73] 13.58528338 15.11435809 15.39485887 15.16829517 15.23798099 15.01231500
 [79] 13.87143092 12.04516627 15.14300945 14.23396148  4.35999783          NA
 [85]          NA          NA 27.30379467  7.29474005 15.34696899 23.70913609
 [91]  9.12268217 15.10538457 15.17018330 14.61040965 14.63002290 12.59421564
 [97] 29.49936358 14.65757433 26.71138794 25.59066968 14.69848716 14.61658418
[103] 15.08517736 19.16541605 19.72747177 12.42782761 14.02312965 11.92089126
[109] 14.40291660 12.49232183  0.65442745  2.20579971  5.49816004  3.18888259
[115]          NA          NA          NA          NA          NA 10.83687352
[121]          NA 14.90675595 11.89490087 17.09244677 11.77214367 13.42165792
[127] 15.58381150 23.14027414 16.34193799 16.15986292 15.21098765 14.67004155
[133] 15.08394410 14.06781382 15.34034365 15.27608458  8.54078350 14.88326529
[139]          NA          NA          NA  5.19091243          NA          NA
[145]  7.83109447          NA          NA          NA          NA          NA
[151]          NA          NA 15.57511434 10.88922150          NA  7.61913589
[157]          NA 14.71782491 14.77022896 13.75077509 12.82134796 14.77759678
[163] 22.42395576  6.76901005 14.43707066 15.41189127 18.46311054 15.63719115
[169] 14.35692575 15.21321909  6.50810432  0.89821307  3.30874206          NA
[175]  1.44425401  3.52391340  4.84018046  0.47012307          NA          NA
[181]  1.48405909          NA          NA          NA          NA          NA
[187]          NA          NA 13.49467717  7.42500658          NA  0.38189042
[193] 14.88225800 24.33408111  8.17587865 21.17930393 14.36399326          NA
[199]  8.06649624  8.07840621 12.47724880 15.73625226 17.94920470 13.91226401
[205] 15.34699864 14.14723715 14.84111386          NA  6.62493047          NA
[211]  5.37956283          NA          NA          NA          NA  3.55843529
[217]          NA  7.08712977          NA          NA          NA  0.20226688
[223]  4.40118563  0.91705011          NA          NA  5.60935897          NA
[229]  1.55788962          NA          NA          NA          NA 10.69179590
[235]  3.27918552  5.26241956  0.33643383          NA  5.83559750  1.83777380
[241]          NA 15.46688183 15.62947759 15.62228862 18.68821125 13.29867163
[247] 10.99475715 12.98450935          NA 12.74941919 11.91528235  1.49177138
[253]          NA          NA  6.97759932 14.92413805 14.50208569          NA
[259]  4.72317897  2.46633319  0.83955523          NA          NA  3.14373783
[265]          NA  0.60269755  3.08040322          NA          NA          NA
[271]          NA          NA          NA          NA  6.04330932          NA
[277] 12.57777103 15.01288556 19.37197233 14.40694703 15.10283540 21.84566478
[283] 14.23983058 11.73604220 12.71773414 13.35064260  9.94995313          NA
[289]          NA 14.47028104          NA  4.36314499          NA  3.17491556
[295]          NA  0.60318063  2.07109550          NA  2.55001205 15.43444858
[301] 15.44895184 14.10546582  1.58278085  4.68073291          NA  0.46732695
[307]          NA  0.25424687  5.82964465          NA          NA          NA
[313]  1.59436483  5.03298438          NA          NA          NA 15.32342345
[319] 13.06915931 20.09446156 18.02443803 12.51592148 12.20514932 12.44013224
[325]          NA  0.68276987          NA          NA 12.62334971          NA
[331]          NA          NA          NA  5.72600658          NA          NA
[337]          NA          NA          NA  3.05171317          NA  1.56850509
[343]          NA          NA  4.76501898          NA          NA          NA
[349]          NA          NA  0.36452922          NA  1.44067829  0.83526511
[355]  0.94002057  0.37131266 14.88879247 14.41918775 11.92286810 11.66371797
[361]  4.38497582          NA  2.39467293  2.73943452          NA          NA
[367]          NA          NA  0.51353300          NA          NA          NA
[373]  4.02620433          NA          NA          NA          NA  0.73133729
[379]          NA  0.02649899          NA 13.98257362  4.50087569          NA
[385]          NA          NA          NA          NA          NA          NA
[391]          NA          NA          NA          NA

$TS
  [1] 49.51846003 49.44138306 44.55858606 48.53631508 47.30631614 42.46630314
  [7] 35.59664340 46.40371594 45.01735251 38.50988873 36.89679027 35.00518738
 [13] 27.94270080 27.26825365 27.13742058 26.13618844 20.02792470 16.30964700
 [19] 46.39796470 46.37400908 45.60114008 40.64070718 44.46336749 32.15786840
 [25] 33.70657472 28.10659387 26.68768136 24.63860162 23.09946822 26.32732678
 [31] 24.61525694 21.98096728 27.05916251 25.38291165 17.97190571 17.21460616
 [37] 16.61375472 41.22389694 38.33968270 37.38761607 30.35928332 27.95584225
 [43] 26.56803377 22.21766630 30.46750665 21.71184571 23.91618048 23.16594920
 [49] 25.61808856 25.31417819 19.95501115 18.58319556 14.57126622 23.98954048
 [55] 22.34678871 18.57497163 17.23257903 16.40894673 31.56629395 31.04762684
 [61] 25.43142751 37.46300371 33.62285947 31.28990777 28.26971209 27.67666875
 [67] 23.61630516 14.68453226 22.09068145 21.51754920 13.22149199 18.34387547
 [73] 17.25086144 16.48472981 16.96035625 15.27002393 18.23075586 17.50188842
 [79] 21.48274521 13.76118105 17.19874888 15.01455185 11.13487573  7.59930092
 [85]  4.99787969  1.21306300 30.40901795 29.48153738 26.62464924 26.24601309
 [91] 23.11449891 20.54964503 24.35034262 20.78711859 19.00640383 18.81570365
 [97] 33.59711493 18.36633876 27.77547226 25.61756905 19.79584185 19.35778598
[103] 16.10326380 27.67317194 21.41816886 15.90369781 16.51821525 14.99417890
[109] 16.65090794 12.51241356  8.06343124  7.19511823  7.18433722  7.13973805
[115]  6.34134421  1.18626812  0.10845905  9.87875856  7.95532027 19.13776494
[121] 12.18193267 19.64568534 19.38169863 18.13894131 15.88713285 15.37456151
[127] 16.36026406 31.87884920 17.84228219 17.59841243 17.27564047 17.17713364
[133] 16.80974766 15.68711944 21.92571663 21.39116950 14.88882453 14.90569207
[139]  5.16706830  0.85178286  6.98866557  5.91500469  6.30502134  5.99677547
[145]  8.53053613  7.90630263  6.40527174  2.65656605  0.26154153  5.71668474
[151]  2.02200968  1.95081500 18.02064229 10.98362299  9.79922820  8.38735197
[157]  2.56894032 18.45117845 16.38429837 14.75691898 13.41474664 14.99458528
[163] 30.20383080 24.21345749 16.84763929 16.65343237 21.00225707 20.40172627
[169] 19.71423026 17.60440973 11.25514737 10.01100152  3.58401985  1.38115724
[175]  5.86875008  5.54438950  5.86065657  3.51334931  8.51875699  8.29088170
[181]  8.12581717  6.90986007  6.26973547  5.77103369  2.69614911  2.39618314
[187]  2.35886743  0.77046859 16.76342921  9.27907300  8.07308762  7.56000803
[193] 25.72868926 25.44458706 24.97001975 21.21779143 18.94774019  9.12038667
[199]  8.65176866  8.59503382 15.47580204 17.38031314 19.45651470 19.06343961
[205] 18.68730512 15.49221711 15.63680124  7.61574736  8.78628200  8.11429488
[211]  7.74330981  2.72515679  1.03481655  4.66261621  4.32058074  4.85662258
[217]  2.06752341  7.62035436  7.51142437  5.90131793  8.22162446  1.65581911
[223]  6.25991918  1.54135071  6.79999854  6.51068315  6.35870103  4.40754207
[229]  5.07618708  3.89887145  0.90177742  0.84735133  0.06952669 13.58937283
[235]  7.67177038  6.96474583  1.13655316  0.58344444  7.38432605  2.80411539
[241]  1.46731656 23.56255695 22.70986573 24.64317159 23.97147472 14.58005650
[247] 14.24694832 13.34248939 10.23328690 18.80384770 14.72269390  6.58786277
[253]  0.57969306  8.54536625  8.33684180 19.38295645 16.87063061  7.34332698
[259]  4.86310676  8.72815986  6.87225080  2.28649281  0.65662547  7.18705497
[265]  5.49774861  5.82791874  5.94686174  3.94605955  2.98646262  2.01491585
[271]  2.81795194  0.39087590 11.87940270  3.61379891  6.89877804  6.46317154
[277] 22.47030575 19.46543033 22.63263826 18.76436630 23.59337429 22.43932491
[283] 22.73433929 14.45831087 14.24082491 13.84253227 10.19380338  6.30577487
[289]  4.99978285 18.26895325  6.42806163  5.72864043  0.21246734  7.82073377
[295]  7.57502745  6.30166575  4.61575288  3.79739462  2.72509659 18.24795039
[301] 17.04535163 14.62478830  5.70381935  7.91385231  6.35915535  5.75466953
[307]  0.56464280  6.32702013  6.05165312  3.87509360  0.74879726  5.92812150
[313]  1.65303097  6.53322188  5.38835056  1.74325762  1.53029944 22.11874962
[319] 16.35744835 22.09030521 18.06793986 21.10698798 12.59082231 13.78140033
[325]  5.88051642  4.31941988  3.84879970  1.88676126 14.66560135  0.22329523
[331]  0.02668570  6.86594259  5.88069035  7.04859690  1.01479860  4.04441955
[337]  3.21375997  2.64412650  1.20507076  6.46140893  6.33038570  5.69937439
[343]  5.25332456  5.07338889  5.59797033  4.70507689  2.78359104  1.79458759
[349]  6.29256318  2.45548818  1.00828612  0.62836577  3.72639296  1.58218142
[355]  0.96248864  0.62835899 16.07702282 16.46289363 13.60580647 13.47612300
[361]  4.62381200  2.45754450  5.96769150  3.75339548  0.62666730  6.16762348
[367]  2.53667466  2.37492144  2.36610759  1.24679179  1.77881573  0.25831967
[373]  4.09281011  1.20452925  3.00153180  3.50853726  0.38095379  1.79365804
[379]  1.85224483  1.02965232  0.02006663 15.30044070  5.01856957  0.29911451
[385]  0.84155122  0.33944346  1.85787295  0.60031387  1.63223346  2.78844239
[391]  1.92638806  2.54565269  1.23044816  1.48603229

$PAR
  [1]  NA   1   1   2   2   3   3   5   5   6   6   6   6   6   7   7   7   7
 [19]   8   8   8   8   9   9  11  12  13  13  13  14  14  14  15  16  17  17
 [37]  17  20  22  22  24  24  24  24  25  27  28  28  30  30  30  32  32  33
 [55]  33  33  33  35  38  38  38  39  39  39  40  40  41  41  42  43  43  46
 [73]  46  50  51  51  52  52  55  56  57  57  57  57  57  57  59  59  59  59
 [91]  59  59  61  61  61  61  63  64  65  65  65  65  65  66  70  72  73  73
[109]  79  80  83  84  84  84  84  84  85  88  88  89  91  92  93  93  94  94
[127]  96  97  98  98  98  98  98  98 104 104 107 109 111 111 112 112 113 115
[145] 118 118 118 118 118 119 119 119 120 121 121 121 121 122 122 123 123 126
[163] 128 128 131 132 136 136 136 136 137 137 139 139 142 142 143 143 145 145
[181] 145 146 147 147 147 147 150 152 153 155 155 155 163 163 163 164 164 164
[199] 164 164 166 168 169 169 169 169 170 171 172 172 172 172 172 176 176 177
[217] 178 179 179 179 180 180 181 181 182 182 182 182 183 183 185 185 186 189
[235] 190 191 191 191 192 192 192 193 193 194 195 195 195 195 195 197 197 198
[253] 198 200 200 203 204 208 208 209 210 214 217 218 219 221 225 226 226 228
[271] 230 232 234 235 239 239 242 242 243 243 244 244 245 246 246 247 249 249
[289] 249 250 252 252 253 254 254 254 254 254 254 256 256 257 258 260 260 261
[307] 263 264 264 264 265 267 270 273 273 274 276 277 277 279 281 283 284 285
[325] 288 288 289 289 290 291 291 294 294 295 295 296 297 298 298 304 304 304
[343] 304 304 305 305 306 306 308 308 308 308 312 312 312 312 318 322 324 324
[361] 325 327 332 333 333 334 336 336 336 336 338 338 341 341 342 344 346 347
[379] 349 349 349 358 363 365 366 366 367 367 368 375 376 390 390 392

$EXTANT
  [1] FALSE FALSE FALSE FALSE FALSE FALSE FALSE FALSE FALSE FALSE FALSE FALSE
 [13] FALSE FALSE FALSE FALSE FALSE FALSE FALSE FALSE FALSE FALSE FALSE FALSE
 [25] FALSE FALSE FALSE FALSE FALSE FALSE FALSE FALSE FALSE FALSE FALSE FALSE
 [37] FALSE FALSE FALSE FALSE FALSE FALSE FALSE FALSE FALSE FALSE FALSE FALSE
 [49] FALSE FALSE FALSE FALSE FALSE FALSE FALSE FALSE  TRUE FALSE FALSE FALSE
 [61] FALSE FALSE FALSE FALSE FALSE FALSE FALSE FALSE FALSE FALSE FALSE FALSE
 [73] FALSE FALSE FALSE FALSE FALSE FALSE FALSE FALSE FALSE FALSE FALSE  TRUE
 [85]  TRUE  TRUE FALSE FALSE FALSE FALSE FALSE FALSE FALSE FALSE FALSE FALSE
 [97] FALSE FALSE FALSE FALSE FALSE FALSE FALSE FALSE FALSE FALSE FALSE FALSE
[109] FALSE FALSE FALSE FALSE FALSE FALSE  TRUE  TRUE  TRUE  TRUE  TRUE FALSE
[121]  TRUE FALSE FALSE FALSE FALSE FALSE FALSE FALSE FALSE FALSE FALSE FALSE
[133] FALSE FALSE FALSE FALSE FALSE FALSE  TRUE  TRUE  TRUE FALSE  TRUE  TRUE
[145] FALSE  TRUE  TRUE  TRUE  TRUE  TRUE  TRUE  TRUE FALSE FALSE  TRUE FALSE
[157]  TRUE FALSE FALSE FALSE FALSE FALSE FALSE FALSE FALSE FALSE FALSE FALSE
[169] FALSE FALSE FALSE FALSE FALSE  TRUE FALSE FALSE FALSE FALSE  TRUE  TRUE
[181] FALSE  TRUE  TRUE  TRUE  TRUE  TRUE  TRUE  TRUE FALSE FALSE  TRUE FALSE
[193] FALSE FALSE FALSE FALSE FALSE  TRUE FALSE FALSE FALSE FALSE FALSE FALSE
[205] FALSE FALSE FALSE  TRUE FALSE  TRUE FALSE  TRUE  TRUE  TRUE  TRUE FALSE
[217]  TRUE FALSE  TRUE  TRUE  TRUE FALSE FALSE FALSE  TRUE  TRUE FALSE  TRUE
[229] FALSE  TRUE  TRUE  TRUE  TRUE FALSE FALSE FALSE FALSE  TRUE FALSE FALSE
[241]  TRUE FALSE FALSE FALSE FALSE FALSE FALSE FALSE  TRUE FALSE FALSE FALSE
[253]  TRUE  TRUE FALSE FALSE FALSE  TRUE FALSE FALSE FALSE  TRUE  TRUE FALSE
[265]  TRUE FALSE FALSE  TRUE  TRUE  TRUE  TRUE  TRUE  TRUE  TRUE FALSE  TRUE
[277] FALSE FALSE FALSE FALSE FALSE FALSE FALSE FALSE FALSE FALSE FALSE  TRUE
[289]  TRUE FALSE  TRUE FALSE  TRUE FALSE  TRUE FALSE FALSE  TRUE FALSE FALSE
[301] FALSE FALSE FALSE FALSE  TRUE FALSE  TRUE FALSE FALSE  TRUE  TRUE  TRUE
[313] FALSE FALSE  TRUE  TRUE  TRUE FALSE FALSE FALSE FALSE FALSE FALSE FALSE
[325]  TRUE FALSE  TRUE  TRUE FALSE  TRUE  TRUE  TRUE  TRUE FALSE  TRUE  TRUE
[337]  TRUE  TRUE  TRUE FALSE  TRUE FALSE  TRUE  TRUE FALSE  TRUE  TRUE  TRUE
[349]  TRUE  TRUE FALSE  TRUE FALSE FALSE FALSE FALSE FALSE FALSE FALSE FALSE
[361] FALSE  TRUE FALSE FALSE  TRUE  TRUE  TRUE  TRUE FALSE  TRUE  TRUE  TRUE
[373] FALSE  TRUE  TRUE  TRUE  TRUE FALSE  TRUE FALSE  TRUE FALSE FALSE  TRUE
[385]  TRUE  TRUE  TRUE  TRUE  TRUE  TRUE  TRUE  TRUE  TRUE  TRUE

