
Birth-death simulation object with 317 species and 59 extant species

Details for some species:

Extinction times (NA means extant)
[1] 29.98669 35.03599 39.68702 36.93956 15.06962 30.96006


Speciation times 
[1] 49.51846 46.05471 40.60533 39.74897 45.62485 41.95225


Species parents (NA for initial)
[1] NA  1  1  1  2  2


Species status (extinct or extant)
[1] "extinct" "extinct" "extinct" "extinct" "extinct" "extinct"


For more details on vector y, try sim$y, with y one of
TE TS PAR EXTANT



$TE
  [1] 29.98669451 35.03599380 39.68701950 36.93955647 15.06962325 30.96005656
  [7] 35.48015662 37.10797720 35.80150648 12.64063000 14.08964696 22.78349135
 [13] 15.54097529 13.96001380 16.28976163 34.42542456 17.18211045 20.78449206
 [19] 36.55014661 38.54201486 12.68040976 37.25843693 25.29367399 25.63588974
 [25] 13.20427904 13.63862136 12.44981813 14.47124556 12.17753224 20.15413983
 [31] 19.79041938  1.90646057 18.12456039 20.84854845 29.58371641 29.85941112
 [37] 27.80651398 17.94257595 18.86401920 29.15933742 19.45456249 18.37931668
 [43] 18.01126481 34.25528693 17.89827937 21.46925315 15.88179000 13.66865473
 [49] 29.38244382 26.98907383 24.23095839 13.78810168 12.59817237 16.46315948
 [55] 12.53890113          NA  2.97036111  3.61368950          NA          NA
 [61]          NA 15.93198089 19.90601626 12.31566406 15.59684833 19.79662591
 [67] 12.58249922 23.49590337 31.97736063 15.33962322 22.78659651 27.64384493
 [73] 20.96679947 14.27796862 15.05468565 29.43771882 17.49720785 12.59802862
 [79] 15.14893058 19.80996047 36.36439598 13.86830525 17.78480666 26.74135334
 [85] 15.33124387 15.42188944 11.94866653 13.32180199 13.50789141 15.41192699
 [91] 13.03417342  0.88209371  2.87383532          NA          NA          NA
 [97]          NA          NA          NA          NA          NA          NA
[103] 15.43346418 13.49006244 14.25451394 17.22115497 27.56405310 20.53557212
[109] 18.72903984 16.47374908 16.74239410 15.83821663 13.66204260 15.51957505
[115] 15.67899562 14.04297803 13.92901897 16.95991246 19.41366754 15.13932665
[121]  9.39916458 14.68790997 29.66419533 22.02897589 15.46284797 23.56922539
[127] 20.53125600 15.64580497 15.60566486 17.36765253 15.51916055 12.01093376
[133] 19.23478657 16.05833989 11.68313988 12.21319958 24.29925893 18.81714440
[139] 18.01118123 20.19155045 19.76246557 15.37647684 12.58597093 14.19185823
[145]  1.91591813          NA  1.76337191  2.56096261  5.36021684  3.50665838
[151]          NA          NA          NA  4.54291672          NA          NA
[157]          NA          NA          NA 15.14320861 14.16440925 26.61207916
[163] 24.41536724 14.96389278 16.39527309 14.81852670 15.02888695 12.76966933
[169] 15.49920801 12.47000342 14.76940425 15.60790212 24.38874186 15.60472048
[175] 16.05158723 15.34725441 14.27335435 26.07896828 16.81065420 15.11759988
[181] 15.38544300 14.17020339 12.69789555 14.23936090 17.15017421 14.90200289
[187] 15.18061479 15.23492014 20.85823610 16.35562725  2.01488180          NA
[193]          NA  2.18832369          NA          NA          NA          NA
[199]          NA          NA 13.86864181 14.60825707 15.63528035 18.16923981
[205] 17.24089860 11.73920235 15.17878096 16.61167802 15.59495900 14.80006901
[211] 24.11360873 13.91268847 21.42343773 25.62098655 12.26230107 14.86939567
[217] 17.07310039 14.82680927 13.24644892 16.05645588 15.55725618 17.27557323
[223]          NA 19.49305680 14.25599437 14.73211798 18.07835522 19.85931108
[229]  0.98934306          NA          NA  0.70768452 15.25180377 13.61169999
[235] 13.95435978 14.27202782 14.22158453 13.44096055 13.77059977 14.77099047
[241] 16.17825698 25.15468252 24.35990914 16.20459194 17.18617515 17.21769546
[247] 15.27351311 17.69787398 14.86245996 15.71957374 16.73048989 11.72349456
[253]  2.03044988  2.75752563          NA 14.20729520 11.81098737  3.78284543
[259]  0.53275105 12.13087847 16.83671077 15.23555311 15.20918799 16.86968666
[265] 15.36384409 13.35693019 15.49259711 19.10490685 14.62216762  7.01185139
[271]          NA          NA          NA          NA 14.44053279 12.69474147
[277] 14.83322489 11.82061813  1.97144364 15.27745375 13.18239728 12.22391946
[283]  2.45853730  0.96088072          NA  0.53339438          NA          NA
[289]          NA  5.53220469  6.17833551 12.21985159          NA          NA
[295]          NA  0.06013501          NA          NA  2.14897978          NA
[301]          NA  3.86783577  0.25743608          NA  0.03302137          NA
[307]          NA          NA          NA          NA          NA          NA
[313]  1.25543745  1.30092107          NA  1.83471287          NA

$TS
  [1] 49.5184600 46.0547096 40.6053316 39.7489663 45.6248465 41.9522516
  [7] 38.0789437 40.5890991 39.3556250 33.4697939 31.3025462 27.9633403
 [13] 26.8536709 17.8383882 16.7525886 40.3069469 36.1982071 33.5585919
 [19] 37.3251669 39.6992146 39.0183209 38.7283049 29.4672083 27.8380519
 [25] 23.0444414 20.5253189 19.4638976 15.1792463 14.0103992 23.4698902
 [31] 20.0808884 19.5029659 26.8469458 22.7577538 36.8576349 36.7785789
 [37] 35.2668487 22.8324462 22.0190269 33.2747305 23.9234832 23.8072860
 [43] 21.5755865 37.4602981 23.5027483 21.5442606 20.9379450 14.9611160
 [49] 38.0995098 27.6416843 27.4846648 16.3255747 14.4933135 18.0429147
 [55] 16.4342532  8.8759012  6.2104771  6.0113795  5.7963734  4.2705538
 [61]  4.0244674 24.4573882 21.5253405 20.3711355 22.6051996 21.0262201
 [67] 30.3008588 34.4695315 32.1376971 31.5490102 30.3383295 28.7529579
 [73] 22.2990189 19.6826789 18.9291803 31.4264441 30.8002287 29.1830887
 [79] 21.9822008 20.2747053 36.9237390 20.7052162 19.1755963 36.1763611
 [85] 36.1335915 34.0473001 15.6166683 13.8923751 13.5328508 17.1509809
 [91] 13.5172846  7.6366099  7.1059532  2.3075477  2.1363346  1.6775203
 [97]  5.7443422  4.0138341  3.4649018  0.3337419  3.2579390  3.7705473
[103] 17.2673366 16.0361466 17.8548847 20.4987946 29.4381504 23.6969384
[109] 20.2561128 16.9942941 28.4854814 24.3171188 22.0518155 21.9132716
[115] 20.5271839 16.2629395 24.8413348 23.4864961 23.3745374 21.1407884
[121] 19.4781800 17.1726002 31.3788803 31.1583911 28.5262712 25.2092078
[127] 24.6870143 21.2649321 24.7422172 18.2905640 17.0094219 13.8037449
[133] 21.5986002 19.4588477 18.7796727 15.1878264 31.7948185 28.3572047
[139] 24.9669721 27.7497942 24.9991746 16.1490679 13.7394104 16.4341309
[145]  6.5610779  1.1066712  6.9915513  6.0669876  5.9954987  5.9762741
[151]  3.0395981  1.8199363  0.1728365  4.7499706  0.9201608  3.1890587
[157]  2.9698049  1.2435598  1.5181870 15.7733597 16.3137837 29.3518673
[163] 27.7881514 22.9871326 22.4405431 18.5472232 16.6280394 16.0076103
[169] 20.9994075 18.4655406 18.3062944 19.6991046 24.5600633 18.4741707
[175] 20.7561060 16.4481206 31.0427032 28.2295759 17.9850313 21.0648360
[181] 18.1093582 15.5496461 12.7882154 17.8313562 17.5601799 27.1262685
[187] 21.1268897 20.4563987 24.3756114 21.2511835  5.0151288  1.0905290
[193]  0.0375276  3.6800926  5.3876843  1.1546060  1.0139342  0.3926673
[199]  0.5560922  1.1954126 20.2072469 19.5040705 19.6968072 18.2832583
[205] 17.6781153 13.3511019 18.1468764 17.9197135 19.8474936 15.9542453
[211] 27.0828069 22.5141462 22.2040124 26.4793011 17.7677808 20.9327823
[217] 20.7951181 16.7273421 14.2795197 17.4127549 25.6494580 17.4355033
[223] 17.4770539 20.0048845 16.9500763 22.7214320 21.8850845 20.1945059
[229]  4.1338299  3.4891993  2.7923985  0.9461507 17.5338881 16.5801938
[235] 14.8101808 14.5747154 18.7901321 17.5912646 17.5360375 17.9340042
[241] 16.6238080 25.3427285 25.1353839 21.1258193 18.6179212 20.8171951
[247] 20.2384060 18.6461469 16.3815579 16.6115876 19.3717255 17.0855779
[253]  9.7018110  7.3044498  6.9403757 15.6312778 16.3058483  4.0245374
[259]  1.4993948 17.2208126 18.6130821 17.4361925 16.9111820 17.0513779
[265] 16.0029933 20.2077670 18.2748401 19.4878461 16.3932268  7.1238596
[271]  6.1360175  5.0737134  6.7815112  4.7054603 14.8047355 13.2895097
[277] 16.2457398 13.1501086 12.6165413 15.7391920 14.2323529 15.2833772
[283]  5.9299425  4.5127378  3.0126880  1.6241943  0.1101022  6.3996866
[289]  0.1220667 10.0621365  7.5839351 12.4030966  1.5867863  1.3831393
[295]  6.2150034  8.3607865  6.9078073  6.7771524  6.5324764  6.4239143
[301]  6.4951214  5.7814994  2.9501224  7.6718184  1.4580302  0.2494327
[307]  2.0126631  1.4818599  6.8661139  5.9802198  0.7412927  0.7947551
[313]  6.0851278  4.5129596  2.7081121  3.0610468  0.1585448

$PAR
  [1]  NA   1   1   1   2   2   4   5   5   5   5   5   5   5   5   6   6   6
 [19]   7   8   8   9  10  10  10  10  10  10  10  11  11  11  13  13  16  16
 [37]  17  17  17  18  18  18  18  21  21  21  21  21  22  23  23  25  26  32
 [55]  32  32  32  32  32  32  32  33  33  33  34  34  35  36  37  37  37  37
 [73]  38  38  38  40  40  40  41  42  44  45  45  49  49  49  52  53  53  54
 [91]  55  56  56  56  56  56  59  59  59  59  60  61  64  64  65  66  67  67
[109]  67  67  68  68  70  70  70  70  71  71  71  73  74  74  76  76  77  77
[127]  77  77  78  78  78  78  79  79  79  79  85  85  85  86  86  86  88  90
[145]  92  92  93  93  93  93  93  94  95  97  97  98  98  99 101 103 105 107
[163] 111 111 111 112 112 112 114 114 114 115 117 117 119 120 124 124 128 129
[181] 129 131 132 134 134 138 139 139 141 141 145 146 146 148 149 151 151 151
[199] 152 159 165 165 169 170 170 170 171 174 175 176 177 177 177 178 179 180
[217] 180 181 182 185 186 186 187 188 188 189 189 190 191 191 194 196 201 201
[235] 201 201 202 205 205 207 209 211 211 212 212 216 216 216 218 220 221 221
[253] 223 223 223 225 226 229 231 233 237 237 237 240 240 244 244 246 247 253
[271] 253 253 254 254 257 257 260 260 260 262 266 269 271 271 271 272 272 273
[289] 274 279 279 282 284 284 288 290 290 290 290 290 291 295 295 296 297 297
[307] 298 298 304 304 304 308 309 309 313 314 315

$EXTANT
  [1] FALSE FALSE FALSE FALSE FALSE FALSE FALSE FALSE FALSE FALSE FALSE FALSE
 [13] FALSE FALSE FALSE FALSE FALSE FALSE FALSE FALSE FALSE FALSE FALSE FALSE
 [25] FALSE FALSE FALSE FALSE FALSE FALSE FALSE FALSE FALSE FALSE FALSE FALSE
 [37] FALSE FALSE FALSE FALSE FALSE FALSE FALSE FALSE FALSE FALSE FALSE FALSE
 [49] FALSE FALSE FALSE FALSE FALSE FALSE FALSE  TRUE FALSE FALSE  TRUE  TRUE
 [61]  TRUE FALSE FALSE FALSE FALSE FALSE FALSE FALSE FALSE FALSE FALSE FALSE
 [73] FALSE FALSE FALSE FALSE FALSE FALSE FALSE FALSE FALSE FALSE FALSE FALSE
 [85] FALSE FALSE FALSE FALSE FALSE FALSE FALSE FALSE FALSE  TRUE  TRUE  TRUE
 [97]  TRUE  TRUE  TRUE  TRUE  TRUE  TRUE FALSE FALSE FALSE FALSE FALSE FALSE
[109] FALSE FALSE FALSE FALSE FALSE FALSE FALSE FALSE FALSE FALSE FALSE FALSE
[121] FALSE FALSE FALSE FALSE FALSE FALSE FALSE FALSE FALSE FALSE FALSE FALSE
[133] FALSE FALSE FALSE FALSE FALSE FALSE FALSE FALSE FALSE FALSE FALSE FALSE
[145] FALSE  TRUE FALSE FALSE FALSE FALSE  TRUE  TRUE  TRUE FALSE  TRUE  TRUE
[157]  TRUE  TRUE  TRUE FALSE FALSE FALSE FALSE FALSE FALSE FALSE FALSE FALSE
[169] FALSE FALSE FALSE FALSE FALSE FALSE FALSE FALSE FALSE FALSE FALSE FALSE
[181] FALSE FALSE FALSE FALSE FALSE FALSE FALSE FALSE FALSE FALSE FALSE  TRUE
[193]  TRUE FALSE  TRUE  TRUE  TRUE  TRUE  TRUE  TRUE FALSE FALSE FALSE FALSE
[205] FALSE FALSE FALSE FALSE FALSE FALSE FALSE FALSE FALSE FALSE FALSE FALSE
[217] FALSE FALSE FALSE FALSE FALSE FALSE  TRUE FALSE FALSE FALSE FALSE FALSE
[229] FALSE  TRUE  TRUE FALSE FALSE FALSE FALSE FALSE FALSE FALSE FALSE FALSE
[241] FALSE FALSE FALSE FALSE FALSE FALSE FALSE FALSE FALSE FALSE FALSE FALSE
[253] FALSE FALSE  TRUE FALSE FALSE FALSE FALSE FALSE FALSE FALSE FALSE FALSE
[265] FALSE FALSE FALSE FALSE FALSE FALSE  TRUE  TRUE  TRUE  TRUE FALSE FALSE
[277] FALSE FALSE FALSE FALSE FALSE FALSE FALSE FALSE  TRUE FALSE  TRUE  TRUE
[289]  TRUE FALSE FALSE FALSE  TRUE  TRUE  TRUE FALSE  TRUE  TRUE FALSE  TRUE
[301]  TRUE FALSE FALSE  TRUE FALSE  TRUE  TRUE  TRUE  TRUE  TRUE  TRUE  TRUE
[313] FALSE FALSE  TRUE FALSE  TRUE

