
Birth-death simulation object with 322 species and 57 extant species

Details for some species:

Extinction times (NA means extant)
[1] 41.38168 48.11984 42.51431 38.90018 45.94895 14.67496


Speciation times 
[1] 49.51846 48.94579 43.27068 48.43877 47.76953 46.20756


Species parents (NA for initial)
[1] NA  1  1  2  4  4


Species status (extinct or extant)
[1] "extinct" "extinct" "extinct" "extinct" "extinct" "extinct"


For more details on vector y, try sim$y, with y one of
TE TS PAR EXTANT



$TE
  [1] 41.3816757 48.1198436 42.5143054 38.9001775 45.9489525 14.6749614
  [7] 34.3620526 30.8822999 44.4318623 42.2441117 41.2435630 15.0300468
 [13]  8.8895351 11.7384567 26.6529989 38.4490589 35.6927612 35.5254432
 [19] 35.3873989 20.3035961 17.4916027 13.2330345 13.5213114 14.7632247
 [25] 14.1167822 13.3764825 15.0785870         NA 14.3859635 39.6989075
 [31] 38.6378029 36.0307022 22.0994155 20.9188013 13.0292175 14.4020461
 [37] 15.3513599 12.2795128 13.9623965 12.5994337         NA  4.9856180
 [43]         NA         NA 14.0778990 43.5273960 32.6986728 30.0713315
 [49] 32.4028834 15.4745665 14.7908683 24.8113930 26.8876489 12.3131895
 [55] 15.2494353 19.0716993 13.0780610 11.2225043         NA 37.0474610
 [61] 37.0614154 37.3814258 30.4967129 35.5568037 33.9525104 31.2392125
 [67] 27.9940946 30.0357099 33.6864978 23.3434916 28.2480947 13.4853089
 [73] 19.5659417 14.0829972 16.3552344 17.9538081 14.3933455 23.0986684
 [79] 18.6145842 20.5259910 14.3253367 13.0394569 15.7390144 24.0031134
 [85] 14.5910762 18.0055245 16.9116473 32.3540503 14.8940295 15.5714753
 [91] 16.7769366 11.3002845 15.2998929 16.9653163 24.4442355 15.5007493
 [97] 15.5456897 14.0726252 14.4747332 10.7217773 10.8399333 11.6785052
[103] 14.5689255 16.4359193 19.2235398 15.3283190 14.9614594 14.0166888
[109] 11.7359208 13.4954206 16.0632571 26.0475806 21.8286573 12.9395487
[115] 13.6365422 15.2575186 17.8006716 20.4670356 20.8066554 13.0994976
[121] 12.6352686 15.3212442 13.2951096 12.8141930 16.7223171 10.1374462
[127] 17.7940575 11.2848049 18.0018788 17.6845603 14.8615892 14.6497141
[133] 13.6495054 12.4446693 12.9128139 11.5138290 15.1362777 14.6721488
[139] 12.8583539 14.9654768 15.6323679 15.6403929 14.5362963 13.4747173
[145] 15.4567630 15.5549795 20.1284848 25.7173303 18.2595126 16.3147183
[151] 15.0268952 12.4635161 14.7264271 16.3594394 12.4596477 14.6206092
[157] 13.2714003 19.6917282 14.2332232 13.7104018  3.7401363 14.8697281
[163] 12.8740335 17.5814662 15.3382203  5.4250047 14.6908984 12.3841728
[169] 12.6897473 13.4693166 17.7225690 15.2583553 14.4000570 16.3293403
[175] 14.8224038 15.0210512 21.0780589 15.1069524 13.8103962 14.2156515
[181] 13.3019200 16.8212642 15.1578546 13.4591820  5.0050960         NA
[187]         NA  2.2298872 16.8994143 14.0086730 15.3586687 14.0954221
[193] 11.8746026 13.6209234 15.3366665 17.0178532  0.7526932  4.1895730
[199]  2.8912735 14.6630855 14.0006224 14.0626923 15.1371744 16.6431928
[205] 18.3429747 14.5640108 14.4962193 15.9102443 14.9849371 13.5047251
[211] 13.1431538 14.0186224 13.0101915         NA 12.5339436         NA
[217]  2.7739454  3.7012895         NA         NA  4.0990411         NA
[223]         NA         NA  0.3846057  0.3955506 15.4542951 16.0942706
[229] 15.2375843 14.7857809 16.5019233 15.2822828 14.3203808 15.3618784
[235] 15.3382071 14.6905475 13.4393176 14.4173744 15.6905620 14.0088544
[241] 14.9675856 13.9104275  7.1653062  8.1219871  2.2009899  1.0467551
[247]         NA 13.3667587 11.1910316 11.8212547  1.2616979  2.7442403
[253]         NA  3.7383710  3.7870227         NA  2.2233695         NA
[259]  3.8772968         NA  0.8282134 15.5567020 15.1929593 14.7427122
[265] 16.6510709 17.1735167 15.4381518         NA         NA         NA
[271]  4.4010049  0.3685056         NA  0.5126477  5.9100303         NA
[277]         NA         NA         NA         NA  1.4679499         NA
[283]  2.8209066  2.8845194  0.3969049         NA 16.0337905         NA
[289]         NA         NA  2.8177956  3.6130327         NA         NA
[295]         NA         NA         NA         NA  1.3195408  0.7689839
[301]         NA         NA         NA         NA         NA         NA
[307]         NA  0.2175876         NA  3.4805584         NA         NA
[313]         NA         NA         NA         NA  1.4431139         NA
[319]         NA  0.8021913         NA         NA

$TS
  [1] 49.51846003 48.94578893 43.27068302 48.43876880 47.76953385 46.20756402
  [7] 40.22992820 47.03812274 46.57956763 42.42596286 41.34922517 22.74670108
 [13] 19.97830771 19.28031511 36.36092476 44.42723147 40.71053940 38.38175245
 [19] 37.83489121 20.43647519 18.03321225 16.78694434 16.77829775 15.39573989
 [25] 19.30321628 19.30172555 16.24317653  9.01146294 16.74830226 43.93585545
 [31] 39.94059866 37.13520721 37.02263404 36.53315063 13.87818128 17.81901283
 [37] 17.31900505 14.54842300 14.20933841 15.15512170  6.94979623  6.92035653
 [43]  6.67680789  0.09748692 14.70393975 43.80354056 40.05314709 39.52652845
 [49] 36.91764638 35.47722311 30.22772490 28.50477862 29.47788803 27.29813271
 [55] 27.22251096 21.88650956 14.05994144 12.94135574  2.81334669 39.32748295
 [61] 38.19514863 38.06556026 33.61592745 35.80075934 34.84695418 33.83035229
 [67] 30.35244722 35.38188737 33.89389656 31.30511989 31.23906601 28.01128236
 [73] 27.23204130 18.62617857 16.55587979 22.37786763 27.83769516 28.24191257
 [79] 26.32839855 23.79744090 19.15599275 15.16737602 25.32491380 24.32474630
 [85] 22.49583366 20.77418815 32.31273699 35.03958884 30.33161948 26.37837724
 [91] 23.63748482 17.15352096 15.81964809 21.57947081 26.99109026 22.38761604
 [97] 20.60089260 14.45190643 26.28752825 26.20021678 22.31615835 13.69605563
[103] 20.23297208 16.74910412 20.00768226 19.88820997 18.36304625 16.97880002
[109] 20.36905758 19.10263631 18.42967027 32.68100180 26.89491881 17.81922111
[115] 17.03593321 16.98311549 25.64596057 24.49385430 22.56649309 18.99742244
[121] 22.28178862 17.79251108 15.07370351 13.19793625 20.56879158 18.74031153
[127] 22.09250221 21.79972445 18.48735970 19.54340659 18.81052874 21.85024473
[133] 20.68889990 15.20733167 13.32644800 12.69491032 15.38645969 17.34012695
[139] 16.92872240 15.44448134 18.48884483 17.36211897 14.80326548 14.92404265
[145] 30.77123569 29.47966694 27.98131886 27.24676096 27.16814737 26.34392761
[151] 15.86618609 14.54710470 22.81315472 20.54385844 15.70615936 14.68679624
[157] 21.47036084 21.36626081 18.22290811 15.27877172 10.18845307 18.84794062
[163] 19.34530469 18.08313969 17.82306865 12.69863190 15.87158521 13.51866912
[169] 13.49873837 14.27731018 24.16854603 18.55911591 17.89699433 16.68537975
[175] 25.65363894 22.88356492 23.02156220 21.29453516 18.08168830 17.62220968
[181] 16.31412108 17.78629627 19.63178675 17.53431455  7.92542570  6.87846652
[187]  6.64488980  6.60406858 17.59207501 14.90607399 16.25697254 14.55589810
[193] 14.15887456 13.86050807 17.42029476 17.27511285  9.16048276  7.53160792
[199]  7.28691332 20.99308604 19.85631480 16.56523459 16.54259699 23.45587242
[205] 23.28650822 19.71826437 18.28800153 16.20906955 17.72230953 15.25269622
[211] 16.00303537 14.86569524 14.23377887 13.69998520 15.38963879  5.93628312
[217]  4.40065706  4.13545198  2.34136699  8.58616020  8.44458224  1.37320766
[223]  7.35354248  6.92629455  4.16645449  3.93810122 18.05538488 17.57241206
[229] 19.52735315 18.23721398 17.10651681 15.71378145 14.87984312 16.53591892
[235] 16.10724273 15.27183360 17.96471972 17.83300113 17.45378684 15.96973550
[241] 15.23340440 14.65634640 14.10625471  9.29560183  8.53379138  7.22912138
[247]  0.73715267 13.52185588 13.32891560 13.18794259  4.46833574  3.34790018
[253]  6.95631788  6.16324347  6.15716662  8.36292595  6.16066286  4.87747020
[259]  7.30291479  1.52751485  1.12393619 17.47602061 17.80272937 18.04171762
[265] 17.84208256 17.72022194 16.99123059  8.25381372  6.36274716  6.23511689
[271]  4.53872590  2.09717773  1.06929347  3.03137796  5.99567428  1.65588119
[277]  1.48804605  5.73312542  5.52076183  7.16492940  5.24440931  1.24107802
[283]  5.79071712  4.29400223  4.20688504  4.06877765 17.67044078  4.31917184
[289]  1.58255506  6.36080265  5.42274282  4.72094948  3.47456877  1.08908348
[295]  0.89221089  0.99316241  0.71378367  1.08509365  4.77441753  3.16872625
[301]  1.74671815  1.52595571  2.55961529  0.96913520  0.43388368  1.49949434
[307]  1.97402691  4.11685334  3.20698632  3.99234070  2.73591810  0.48861049
[313]  1.54566672  1.31330106  0.93344624  0.27686351  2.11042734  1.52452263
[319]  0.83784755  1.81499563  0.19345834  0.01193372

$PAR
  [1]  NA   1   1   2   4   4   4   5   5   6   6   6   6   6   7   8   8   8
 [19]   8  12  12  12  12  12  13  13  13  13  14  16  16  17  17  17  22  26
 [37]  26  26  26  27  28  28  28  28  29  30  30  31  33  33  33  33  34  34
 [55]  34  34  39  40  43  47  47  47  47  48  48  48  48  50  50  50  50  50
 [73]  50  50  50  51  52  53  54  54  54  54  55  55  55  56  63  68  70  70
 [91]  72  72  72  73  77  77  77  77  79  79  80  82  83  83  85  85  85  85
[109]  86  86  86  88  89  89  89  89  90  90  90  90  91  91  92  92  94  94
[127]  96  96  96  97  97 100 100 100 100 100 103 106 108 108 109 109 109 110
[145] 112 112 112 112 112 113 115 115 117 117 120 120 121 121 121 121 126 127
[163] 128 128 132 134 138 139 139 144 146 146 146 146 147 147 149 149 150 150
[181] 153 154 157 157 161 161 161 161 162 162 163 163 163 163 165 165 166 166
[199] 166 171 171 172 173 175 175 175 175 175 176 176 179 179 179 181 184 186
[217] 186 187 188 197 197 197 198 198 199 199 200 200 201 201 201 201 201 202
[235] 203 203 206 206 206 209 209 210 210 214 214 214 214 215 215 215 216 216
[253] 220 220 220 221 221 221 223 224 225 228 229 230 230 238 239 243 245 246
[271] 246 246 246 252 253 253 253 254 255 256 256 256 257 258 259 259 263 268
[289] 268 269 269 269 269 270 270 274 274 277 278 278 278 280 281 285 285 286
[307] 288 290 290 292 293 294 300 300 302 307 309 311 311 317 318 318

$EXTANT
  [1] FALSE FALSE FALSE FALSE FALSE FALSE FALSE FALSE FALSE FALSE FALSE FALSE
 [13] FALSE FALSE FALSE FALSE FALSE FALSE FALSE FALSE FALSE FALSE FALSE FALSE
 [25] FALSE FALSE FALSE  TRUE FALSE FALSE FALSE FALSE FALSE FALSE FALSE FALSE
 [37] FALSE FALSE FALSE FALSE  TRUE FALSE  TRUE  TRUE FALSE FALSE FALSE FALSE
 [49] FALSE FALSE FALSE FALSE FALSE FALSE FALSE FALSE FALSE FALSE  TRUE FALSE
 [61] FALSE FALSE FALSE FALSE FALSE FALSE FALSE FALSE FALSE FALSE FALSE FALSE
 [73] FALSE FALSE FALSE FALSE FALSE FALSE FALSE FALSE FALSE FALSE FALSE FALSE
 [85] FALSE FALSE FALSE FALSE FALSE FALSE FALSE FALSE FALSE FALSE FALSE FALSE
 [97] FALSE FALSE FALSE FALSE FALSE FALSE FALSE FALSE FALSE FALSE FALSE FALSE
[109] FALSE FALSE FALSE FALSE FALSE FALSE FALSE FALSE FALSE FALSE FALSE FALSE
[121] FALSE FALSE FALSE FALSE FALSE FALSE FALSE FALSE FALSE FALSE FALSE FALSE
[133] FALSE FALSE FALSE FALSE FALSE FALSE FALSE FALSE FALSE FALSE FALSE FALSE
[145] FALSE FALSE FALSE FALSE FALSE FALSE FALSE FALSE FALSE FALSE FALSE FALSE
[157] FALSE FALSE FALSE FALSE FALSE FALSE FALSE FALSE FALSE FALSE FALSE FALSE
[169] FALSE FALSE FALSE FALSE FALSE FALSE FALSE FALSE FALSE FALSE FALSE FALSE
[181] FALSE FALSE FALSE FALSE FALSE  TRUE  TRUE FALSE FALSE FALSE FALSE FALSE
[193] FALSE FALSE FALSE FALSE FALSE FALSE FALSE FALSE FALSE FALSE FALSE FALSE
[205] FALSE FALSE FALSE FALSE FALSE FALSE FALSE FALSE FALSE  TRUE FALSE  TRUE
[217] FALSE FALSE  TRUE  TRUE FALSE  TRUE  TRUE  TRUE FALSE FALSE FALSE FALSE
[229] FALSE FALSE FALSE FALSE FALSE FALSE FALSE FALSE FALSE FALSE FALSE FALSE
[241] FALSE FALSE FALSE FALSE FALSE FALSE  TRUE FALSE FALSE FALSE FALSE FALSE
[253]  TRUE FALSE FALSE  TRUE FALSE  TRUE FALSE  TRUE FALSE FALSE FALSE FALSE
[265] FALSE FALSE FALSE  TRUE  TRUE  TRUE FALSE FALSE  TRUE FALSE FALSE  TRUE
[277]  TRUE  TRUE  TRUE  TRUE FALSE  TRUE FALSE FALSE FALSE  TRUE FALSE  TRUE
[289]  TRUE  TRUE FALSE FALSE  TRUE  TRUE  TRUE  TRUE  TRUE  TRUE FALSE FALSE
[301]  TRUE  TRUE  TRUE  TRUE  TRUE  TRUE  TRUE FALSE  TRUE FALSE  TRUE  TRUE
[313]  TRUE  TRUE  TRUE  TRUE FALSE  TRUE  TRUE FALSE  TRUE  TRUE

