
Birth-death simulation object with 146 species and 52 extant species

Details for some species:

Extinction times (NA means extant)
[1] 18.64069 38.08935 19.06802 24.79840 13.92674 40.39445


Speciation times 
[1] 49.95521 43.93072 35.36896 31.45521 27.86629 42.07822


Species parents (NA for initial)
[1] NA  1  1  1  1  2


Species status (extinct or extant)
[1] "extinct" "extinct" "extinct" "extinct" "extinct" "extinct"


For more details on vector y, try sim$y, with y one of
TE TS PAR EXTANT



$TE
  [1] 18.6406915 38.0893482 19.0680180 24.7984004 13.9267374 40.3944511
  [7] 33.2046470 27.4230806 29.9798349 16.5673611 22.9444011 15.8326893
 [13] 15.1809875 18.1999712 20.3814829         NA 33.2424991 20.3379951
 [19] 18.7813907 15.1904885 12.9627402 17.0764937 17.5906147 25.2282444
 [25]  5.5222966  7.8816991 18.7743513         NA         NA 15.4471824
 [31] 23.6587236 24.0950841 18.2999706 15.8634185 13.8263385 16.1847697
 [37]  6.0925974  1.5164384         NA  5.5454880 11.1696966 13.3371358
 [43] 13.7672547  0.3249384  9.6166808  3.2176854 14.5221252         NA
 [49] 28.2712210 29.2773942  9.0385422 18.0920817 14.7759139 15.9052895
 [55] 19.6614889         NA  7.5529019  7.3075987         NA         NA
 [61] 10.7403466  7.5801189         NA  5.7767081         NA  9.8110777
 [67]         NA  4.0549802 10.1614613         NA 15.0496859 12.5973918
 [73] 14.5240309  5.1098021         NA         NA         NA  5.9767084
 [79]         NA         NA         NA         NA  5.0134159         NA
 [85]         NA         NA  0.1503625  6.1503855  3.2379099  4.9894617
 [91]  1.8843820 13.5930733  2.8808461         NA  0.5447150         NA
 [97]  0.6661351         NA         NA  1.8853245         NA         NA
[103]         NA  3.6148126  1.2626182  7.0360485         NA  3.0873544
[109]         NA  8.7483968  5.6121185         NA         NA  0.7546340
[115]  5.0744904         NA  0.8851732  0.1038713         NA         NA
[121]         NA  1.3876962         NA  4.3672072         NA  4.0977859
[127]  2.7205244         NA         NA  1.4909962  0.8399284         NA
[133]         NA         NA  0.6161975  1.9357422         NA         NA
[139]         NA         NA         NA         NA  0.2863682  1.7316250
[145]         NA         NA

$TS
  [1] 49.95521172 43.93071529 35.36895672 31.45520893 27.86628860 42.07822012
  [7] 33.67809976 31.46277796 29.98795133 28.79815576 22.99440193 20.49791567
 [13] 19.87334660 26.66654261 25.97770859 20.35437681 40.79454722 29.01062646
 [19] 24.44049302 20.03087793 18.23040405 19.19800246 17.80482578 25.55702214
 [25] 22.42020791 21.99138566 21.44964347  4.10665717  3.51771429 38.92321227
 [31] 26.74070302 25.33446563 22.91942710 16.07739064 15.89291039 17.12507344
 [37] 13.83726364 10.53686335  8.84753439  7.03487741 20.61924133 15.39443041
 [43] 13.85322461 11.23668846 10.38437344  7.91564604 19.51405459  4.02859987
 [49] 34.65934456 32.59984098 21.64570807 19.24486202 18.17674353 16.39163989
 [55] 24.83756162 10.35326066  8.53536841  8.61742671  6.37951199  3.92766226
 [61] 12.07209070  9.53678833  8.62042898  7.11210899  9.93781214  9.92199040
 [67]  7.06114375 17.68626010 15.51041994  3.56755356 17.90880152 15.27149444
 [73] 21.48728593  7.73659517  7.26705267  5.25302773  4.37041965  8.03473508
 [79]  7.63801048  8.21255449  1.46175456  0.09432959  6.88648494  6.35692174
 [85]  6.37271481  4.99928776  5.87555981 14.47614211  9.58052944  9.01972626
 [91]  6.71663282 14.32124817 10.80759172  4.61167561  2.08439068  6.71343320
 [97]  7.86311018  7.71605764  5.65288306  4.31984123  4.07030710  2.56042927
[103]  6.68579422  9.03278830  6.85328829  9.31976249  4.94750140  5.38859727
[109] 10.25763018 10.08722426  6.15807396  4.25448132  3.21485358  2.72744194
[115]  6.37178299  2.93446673  7.66959812  7.20319620  4.48748460  0.21720500
[121]  6.25448587  2.00087977  0.29668105  4.81181738  6.34204706  7.86353979
[127]  3.90941499  6.95732654  2.73094572  9.13309243  2.69041791  2.42999083
[133]  3.19567901  3.43646273  2.46914468  2.77474580  1.99362724  2.71698247
[139]  2.48935054  1.89459164  6.48053716  3.55422047  2.12130937  7.48575472
[145]  3.15780391  1.22861090

$PAR
  [1]  NA   1   1   1   1   2   3   3   3   3   3   3   3   4   5   5   6   8
 [19]  10  10  10  13  13  14  14  14  15  16  16  17  18  18  18  20  21  22
 [37]  25  25  25  25  26  26  26  26  26  26  27  28  30  30  30  30  30  30
 [55]  32  38  38  39  39  39  41  44  44  44  45  45  46  47  47  48  53  53
 [73]  55  56  56  56  56  57  57  58  59  60  63  63  65  65  67  68  68  68
 [91]  68  69  69  76  77  79  80  80  80  80  80  80  83  88  88  89  89  91
[109]  93  93  93  93  93  94  96  96  97  97  97 102 103 103 103 104 105 106
[127] 108 109 109 110 112 114 117 118 118 119 119 121 121 125 128 128 129 130
[145] 130 145

$EXTANT
  [1] FALSE FALSE FALSE FALSE FALSE FALSE FALSE FALSE FALSE FALSE FALSE FALSE
 [13] FALSE FALSE FALSE  TRUE FALSE FALSE FALSE FALSE FALSE FALSE FALSE FALSE
 [25] FALSE FALSE FALSE  TRUE  TRUE FALSE FALSE FALSE FALSE FALSE FALSE FALSE
 [37] FALSE FALSE  TRUE FALSE FALSE FALSE FALSE FALSE FALSE FALSE FALSE  TRUE
 [49] FALSE FALSE FALSE FALSE FALSE FALSE FALSE  TRUE FALSE FALSE  TRUE  TRUE
 [61] FALSE FALSE  TRUE FALSE  TRUE FALSE  TRUE FALSE FALSE  TRUE FALSE FALSE
 [73] FALSE FALSE  TRUE  TRUE  TRUE FALSE  TRUE  TRUE  TRUE  TRUE FALSE  TRUE
 [85]  TRUE  TRUE FALSE FALSE FALSE FALSE FALSE FALSE FALSE  TRUE FALSE  TRUE
 [97] FALSE  TRUE  TRUE FALSE  TRUE  TRUE  TRUE FALSE FALSE FALSE  TRUE FALSE
[109]  TRUE FALSE FALSE  TRUE  TRUE FALSE FALSE  TRUE FALSE FALSE  TRUE  TRUE
[121]  TRUE FALSE  TRUE FALSE  TRUE FALSE FALSE  TRUE  TRUE FALSE FALSE  TRUE
[133]  TRUE  TRUE FALSE FALSE  TRUE  TRUE  TRUE  TRUE  TRUE  TRUE FALSE FALSE
[145]  TRUE  TRUE

