
Birth-death simulation object with 278 species and 81 extant species

Details for some species:

Extinction times (NA means extant)
[1] 46.17895 39.25809 16.96622 34.27723 36.83376 18.64643


Speciation times 
[1] 49.95521 49.06796 47.25878 42.28757 39.49676 28.70513


Species parents (NA for initial)
[1] NA  1  2  2  2  3


Species status (extinct or extant)
[1] "extinct" "extinct" "extinct" "extinct" "extinct" "extinct"


For more details on vector y, try sim$y, with y one of
TE TS PAR EXTANT



$TE
  [1] 46.1789536 39.2580851 16.9662156 34.2772287 36.8337632 18.6464259
  [7] 26.0616673         NA 18.5077801 20.6588607 21.0036715 13.9626278
 [13] 19.5257815 19.9570320 12.9557094 26.3215009 17.5268689 15.8588379
 [19]  2.8356650  5.0532112         NA         NA 16.0154822 17.8564921
 [25] 14.9341304 36.7013516 23.2300244 15.7545346 29.7316378 16.4173238
 [31] 11.3340586 17.0683222  3.9790259  4.2235903         NA 16.5727210
 [37]  1.4713959 18.8563535 32.6515703 26.7299847 30.6643394 29.0449960
 [43] 15.0111841 20.0717419 18.9807417 30.0997523 29.6621390 15.7286774
 [49] 23.7918030  5.2800264         NA         NA         NA  1.7736289
 [55]  1.3415097  1.2513716         NA 26.2309142 25.7529398 28.4499757
 [61] 19.1887410 22.2545219 15.7556395 15.6536129 11.9788796 16.1370702
 [67] 16.0864236 21.3369888 18.2118321 30.8784245 15.8970462 20.7033631
 [73]         NA         NA         NA         NA  3.8433074         NA
 [79]  0.2135739 15.9783763 28.9416986 26.2323309 22.8616391 13.5046074
 [85] 14.6583413 14.6426339 15.9009899 14.2588262 18.6218442 20.7593972
 [91] 13.9982953 15.9694082  9.0456391 11.9582045 20.2367639 12.6921939
 [97] 15.6080753 14.0520017 15.9953342 15.2846888 21.0556718 19.2129080
[103] 14.3427665 12.3710976         NA 13.5786393 16.0343977 25.1026215
[109] 14.5072229 17.3843714 15.6190959 15.3343272 15.3019526 14.0750572
[115] 12.2007438 15.6000601  2.8848108 15.6877153 17.0745885 14.7806054
[121] 13.8231011 18.8489961 15.9495965 14.9234147 14.9784833 15.6367440
[127] 15.5496529 15.8518331 14.8054207 17.8055924 18.4613104 15.8923205
[133] 14.5105054 16.5042043 12.0975194  2.0705612 15.0487650 13.9917146
[139] 13.3593928  1.5893888         NA  9.5144715  3.3675016  1.5174907
[145] 12.3529145 12.5607071 18.0967562 14.5435577 13.7580063 11.3273727
[151] 19.2416694 16.0587891 13.5216633 18.4068766 17.7808745 14.3292425
[157] 11.5845911 12.3038859  0.5600158 13.1616546  1.7940137  6.3926311
[163]  3.2443869  6.6135284         NA         NA         NA  3.6727412
[169]         NA 13.9852522         NA 13.1645265 11.9235753  7.0414507
[175]  4.7200975 18.7825802 13.7418308  8.1773061         NA  3.7384812
[181]         NA         NA         NA         NA         NA         NA
[187]         NA         NA         NA  1.1731282         NA 14.4664231
[193] 13.7028818  8.0022921  8.0971548  7.0542640  7.7452736  7.8907899
[199]  5.7698504  3.3988612  8.4361235         NA         NA         NA
[205]         NA  0.6322708  2.2223605         NA         NA         NA
[211]         NA  2.5377482         NA         NA         NA  1.9162102
[217]  5.8221135         NA  3.9956056  6.2221399         NA  4.0536291
[223]  4.2884367  0.8181392  5.5122596         NA  2.2896433         NA
[229]         NA  2.5993127  6.9606624  0.8817737         NA  1.5546984
[235]         NA         NA  5.4543106         NA  5.9559674         NA
[241]  7.3938486         NA         NA         NA         NA  1.7374712
[247]  0.7224538         NA         NA         NA         NA  5.8676989
[253]  2.8274199         NA         NA         NA         NA  1.2707207
[259]  0.4970598         NA         NA         NA  0.4554788         NA
[265]  1.4302279         NA         NA         NA         NA         NA
[271]         NA         NA         NA         NA         NA         NA
[277]         NA         NA

$TS
  [1] 49.9552117 49.0679561 47.2587848 42.2875741 39.4967568 28.7051295
  [7] 27.5632914 27.3308916 24.3441855 22.5601999 22.2774230 21.5011629
 [13] 20.6694833 37.6676428 37.6611329 37.2964944 19.0046896 20.3707442
 [19]  9.2053654  5.9803816  3.0759992  1.3712967 18.7161706 18.2325944
 [25] 19.7687983 37.1964671 36.9046601 36.3919535 32.2919311 22.0366246
 [31] 21.3241194 17.0782464  8.6628625  7.1381160  5.2752630 17.6041722
 [37] 17.1565783 19.2281025 34.6739541 33.9368218 32.4631067 32.3436157
 [43] 29.1126565 27.8834731 25.6050826 36.0112671 30.8867594 30.1082373
 [49] 26.0904017  6.2218373  5.4482999  4.3624743  6.1017983 11.6540402
 [55]  8.2118156  8.1318207  3.9246287 28.0148218 32.0517031 30.1308987
 [61] 26.2630349 22.5957178 21.4445999 21.0421411 26.6241348 24.7009777
 [67] 23.0888634 22.0861676 20.8959095 30.8836956 16.8025041 25.4834826
 [73]  2.6787823  3.1829875  8.3656231  6.0715199  3.9765951  3.5771658
 [79]  0.2185778 26.3389554 30.6994912 29.0556933 24.3897704 19.8422398
 [85] 20.0364966 19.5687180 18.5059910 18.0953079 26.0965722 25.5493984
 [91] 22.7295456 16.0712392 13.0424804 12.5380298 23.1687242 22.3329106
 [97] 20.6499745 18.4670083 17.7324590 22.0863750 21.1856827 19.2529176
[103] 21.8907989 20.8260518  2.2725799 26.1718976 22.8287057 28.5378608
[109] 22.9420556 18.8320258 18.3025878 17.2114343 18.1191438 17.5605376
[115] 17.0008937 16.2269607 17.8560880 21.6399073 20.8216006 19.9446118
[121] 14.9132029 19.6518961 17.1035883 19.9242827 16.7045924 16.9419504
[127] 21.6712712 15.9642131 15.9011308 22.6954174 22.2629889 17.5102071
[133] 16.9766051 17.7268901 16.2954590 15.9182953 16.9616629 15.5263351
[139] 15.1163003 13.6366962 12.4593714 10.3259521  6.2796075  3.6648083
[145] 14.7855207 14.3124169 19.2895183 18.3938549 16.7256699 20.6407748
[151] 20.2578046 19.8793047 18.8777804 19.7704809 18.3037496 21.4157627
[157] 13.8159553 15.2342416  4.9895239 13.7186875  6.7885547  8.1589232
[163]  8.0323375  6.9153712  6.8410745  6.5531584  3.7797682  9.5789300
[169]  3.6765112 17.8786102 15.9435329 14.5505215 14.3236307 19.8534047
[175] 13.3141857 19.3843606 14.0916068 13.0991747  4.3861769  6.4777104
[181]  7.7708683  5.3758529  4.6055491  2.5283959  5.4762598  0.3850071
[187]  4.4058102  1.7427525  8.6277354  6.6345681  1.9102759 15.6206409
[193] 13.9310088  8.1380295 11.0123366  8.6300203  7.9777743  7.9191683
[199]  7.3185400 11.1637542  9.3824415  9.1096654  8.6408368  2.4917031
[205]  2.7702252  2.7309943  3.7566728  0.6803391  4.7026148  1.6840950
[211]  8.1663275  6.8391296  3.0481312  1.7466973  1.6786360  8.2466368
[217]  8.2416300  9.1751526  7.8438896  6.2225857  3.7522196  7.9659141
[223]  4.3509424  8.0122497  7.3848205  5.7645566  2.3710561  0.9187410
[229]  6.4631885  7.7238407  7.0994425  4.6204377  2.9249946  1.8370355
[235]  0.3136134  7.3511551  7.3371971  3.6245759  7.8063012  7.7911854
[241]  7.5945177  6.7750776  4.2939280  4.4774074  2.4027690  2.0080755
[247]  3.4120168  3.7981593  2.8669906  6.6447699  5.9567031  6.6255470
[253]  6.6182441  1.6017985  0.7936372  0.3946596  5.8984120  2.0441777
[259]  0.5788972  4.1489443  0.5320587  2.0620092  4.1490853  0.6343828
[265]  5.5340024  3.1372635  2.9809980  3.0691691  1.5039544  0.4276135
[271]  0.8857163  1.7797773  1.1745516  2.5868956  1.6113668  1.1724882
[277]  1.3039223  0.5877685

$PAR
  [1]  NA   1   2   2   2   3   3   3   3   3   3   3   3   4   5   5   6   8
 [19]   8   8   8   8  12  12  13  14  14  14  15  15  15  15  19  19  20  23
 [37]  23  25  27  27  27  27  27  27  27  28  28  28  28  33  33  33  34  37
 [55]  37  37  37  40  41  42  43  43  43  43  44  44  45  45  45  47  48  49
 [73]  51  52  54  55  56  56  57  58  59  59  61  61  63  63  63  64  65  65
 [91]  65  65  65  65  66  66  66  66  66  67  67  67  72  72  75  80  80  82
[109]  83  85  85  85  86  86  86  86  88  91  91  91  91  96  96  97  98  99
[127] 100 104 104 106 106 107 107 109 111 112 115 115 115 117 117 117 117 117
[145] 121 121 124 124 124 127 127 127 127 130 130 131 135 136 136 139 140 141
[163] 141 141 141 141 141 142 143 148 148 148 149 150 150 154 158 158 159 161
[181] 162 165 165 165 166 166 168 169 171 171 171 174 174 174 175 175 175 175
[199] 175 178 178 178 178 181 182 182 183 183 185 188 189 189 189 189 190 195
[217] 195 200 200 200 202 203 203 211 211 212 213 215 216 217 217 218 218 218
[235] 218 219 219 221 222 222 222 222 222 224 224 224 226 229 232 236 237 239
[253] 239 240 240 240 242 243 243 244 248 250 253 254 257 260 260 263 263 264
[271] 266 267 267 268 272 272 274 277

$EXTANT
  [1] FALSE FALSE FALSE FALSE FALSE FALSE FALSE  TRUE FALSE FALSE FALSE FALSE
 [13] FALSE FALSE FALSE FALSE FALSE FALSE FALSE FALSE  TRUE  TRUE FALSE FALSE
 [25] FALSE FALSE FALSE FALSE FALSE FALSE FALSE FALSE FALSE FALSE  TRUE FALSE
 [37] FALSE FALSE FALSE FALSE FALSE FALSE FALSE FALSE FALSE FALSE FALSE FALSE
 [49] FALSE FALSE  TRUE  TRUE  TRUE FALSE FALSE FALSE  TRUE FALSE FALSE FALSE
 [61] FALSE FALSE FALSE FALSE FALSE FALSE FALSE FALSE FALSE FALSE FALSE FALSE
 [73]  TRUE  TRUE  TRUE  TRUE FALSE  TRUE FALSE FALSE FALSE FALSE FALSE FALSE
 [85] FALSE FALSE FALSE FALSE FALSE FALSE FALSE FALSE FALSE FALSE FALSE FALSE
 [97] FALSE FALSE FALSE FALSE FALSE FALSE FALSE FALSE  TRUE FALSE FALSE FALSE
[109] FALSE FALSE FALSE FALSE FALSE FALSE FALSE FALSE FALSE FALSE FALSE FALSE
[121] FALSE FALSE FALSE FALSE FALSE FALSE FALSE FALSE FALSE FALSE FALSE FALSE
[133] FALSE FALSE FALSE FALSE FALSE FALSE FALSE FALSE  TRUE FALSE FALSE FALSE
[145] FALSE FALSE FALSE FALSE FALSE FALSE FALSE FALSE FALSE FALSE FALSE FALSE
[157] FALSE FALSE FALSE FALSE FALSE FALSE FALSE FALSE  TRUE  TRUE  TRUE FALSE
[169]  TRUE FALSE  TRUE FALSE FALSE FALSE FALSE FALSE FALSE FALSE  TRUE FALSE
[181]  TRUE  TRUE  TRUE  TRUE  TRUE  TRUE  TRUE  TRUE  TRUE FALSE  TRUE FALSE
[193] FALSE FALSE FALSE FALSE FALSE FALSE FALSE FALSE FALSE  TRUE  TRUE  TRUE
[205]  TRUE FALSE FALSE  TRUE  TRUE  TRUE  TRUE FALSE  TRUE  TRUE  TRUE FALSE
[217] FALSE  TRUE FALSE FALSE  TRUE FALSE FALSE FALSE FALSE  TRUE FALSE  TRUE
[229]  TRUE FALSE FALSE FALSE  TRUE FALSE  TRUE  TRUE FALSE  TRUE FALSE  TRUE
[241] FALSE  TRUE  TRUE  TRUE  TRUE FALSE FALSE  TRUE  TRUE  TRUE  TRUE FALSE
[253] FALSE  TRUE  TRUE  TRUE  TRUE FALSE FALSE  TRUE  TRUE  TRUE FALSE  TRUE
[265] FALSE  TRUE  TRUE  TRUE  TRUE  TRUE  TRUE  TRUE  TRUE  TRUE  TRUE  TRUE
[277]  TRUE  TRUE

