
Birth-death simulation object with 98 species and 23 extant species

Details for some species:

Extinction times (NA means extant)
[1] 26.45958 46.89168 14.94796 39.29949 24.64857 29.06689


Speciation times 
[1] 49.95521 49.46037 45.20357 41.57922 38.39015 31.85374


Species parents (NA for initial)
[1] NA  1  1  1  1  1


Species status (extinct or extant)
[1] "extinct" "extinct" "extinct" "extinct" "extinct" "extinct"


For more details on vector y, try sim$y, with y one of
TE TS PAR EXTANT



$TE
 [1] 26.459577 46.891684 14.947965 39.299491 24.648574 29.066889 12.437214
 [8] 43.131168 27.859186 31.418113 22.532035 22.443152 19.819430 20.657420
[15] 34.434367 32.534687 19.487889 21.942496 29.778492 14.733940 16.092849
[22]        NA 16.860452 11.695369 29.244888 21.045723 17.302646 15.781989
[29] 24.297605 21.354902 25.307228 14.730914 22.527608 18.800350 14.936805
[36]  3.384307 22.614604 15.685191 15.447797 18.189975 17.944469  3.043395
[43]        NA 13.734790 30.936350 15.521767 21.141665 20.685844 13.609735
[50] 15.003576        NA 16.048224 13.957630 14.013592 14.419625 14.207063
[57]        NA  5.093617  2.444121 23.372848 15.911052 15.625227 18.055393
[64]        NA        NA  2.656187        NA 21.281333 15.135171 12.929132
[71] 10.915011  9.560720        NA  7.281401        NA        NA        NA
[78]  2.729010 14.997544 15.593577 15.690097 17.784598        NA        NA
[85]        NA  4.305738        NA  5.904984        NA  6.023880        NA
[92]        NA        NA        NA        NA  1.865253        NA        NA

$TS
 [1] 49.9552117 49.4603710 45.2035713 41.5792157 38.3901506 31.8537413
 [7] 31.1338764 44.2119169 34.0795804 33.8262360 31.9587889 27.2195194
[13] 23.9772119 22.1846386 36.6286698 34.0196660 27.4977195 25.5828551
[19] 30.6649014 29.8437688 29.7720894 22.4226016 18.2582464 14.2416649
[25] 33.0224281 24.1486039 22.7241000 20.6225751 25.7050647 24.6890410
[31] 25.3367473 30.1532872 27.6445093 25.7641879 25.7079436 16.8738188
[37] 26.2623833 22.2556345 21.6109256 19.5914862 22.3714985  3.1530940
[43]  0.2292842 13.9508185 31.0799051 22.6391919 23.4480586 22.8498053
[49] 15.4419421 15.1041401 14.8471987 23.0345118 17.0318006 16.1931267
[55] 16.0126255 16.8711120 10.6943013  9.8531028  6.4067746 24.6640504
[61] 18.8714998 17.2334148 20.3275325  6.6947419  3.9090936  3.7611060
[67]  1.0155636 21.7192418 16.0309636 15.4437694 14.6549140 10.5203298
[73] 10.0685487  7.3342313  5.6105850  1.3032946  7.9459066  6.8038225
[79] 24.1958752 16.3275446 16.3217331 18.1318116  1.0423396  9.4409488
[85]  7.6711626  4.8796351  0.7559816  5.9803081  2.3958724  7.4180335
[91]  0.1216554  6.6687608  3.7077359  2.0105175  1.9216896  3.5960267
[97]  1.9193072  0.2313690

$PAR
 [1] NA  1  1  1  1  1  1  3  3  3  3  3  3  3  5  5  5  5  6  6  7  7  7  7 10
[26] 12 12 13 17 17 18 19 20 20 20 20 21 21 21 21 22 22 22 24 25 27 32 32 32 32
[51] 32 34 35 35 35 36 36 36 36 37 39 39 46 51 51 51 51 52 53 53 56 57 57 57 57
[76] 57 58 58 60 61 62 63 64 73 73 73 73 77 77 84 84 85 85 85 85 93 95 95

$EXTANT
 [1] FALSE FALSE FALSE FALSE FALSE FALSE FALSE FALSE FALSE FALSE FALSE FALSE
[13] FALSE FALSE FALSE FALSE FALSE FALSE FALSE FALSE FALSE  TRUE FALSE FALSE
[25] FALSE FALSE FALSE FALSE FALSE FALSE FALSE FALSE FALSE FALSE FALSE FALSE
[37] FALSE FALSE FALSE FALSE FALSE FALSE  TRUE FALSE FALSE FALSE FALSE FALSE
[49] FALSE FALSE  TRUE FALSE FALSE FALSE FALSE FALSE  TRUE FALSE FALSE FALSE
[61] FALSE FALSE FALSE  TRUE  TRUE FALSE  TRUE FALSE FALSE FALSE FALSE FALSE
[73]  TRUE FALSE  TRUE  TRUE  TRUE FALSE FALSE FALSE FALSE FALSE  TRUE  TRUE
[85]  TRUE FALSE  TRUE FALSE  TRUE FALSE  TRUE  TRUE  TRUE  TRUE  TRUE FALSE
[97]  TRUE  TRUE

