
Birth-death simulation object with 252 species and 67 extant species

Details for some species:

Extinction times (NA means extant)
[1] 31.86815 48.45644 44.80441 19.74066 35.19508 36.21711


Speciation times 
[1] 49.95521 49.74727 49.63443 40.23749 38.17470 37.39028


Species parents (NA for initial)
[1] NA  1  1  1  1  1


Species status (extinct or extant)
[1] "extinct" "extinct" "extinct" "extinct" "extinct" "extinct"


For more details on vector y, try sim$y, with y one of
TE TS PAR EXTANT



$TE
  [1] 31.8681510 48.4564418 44.8044055 19.7406616 35.1950783 36.2171077
  [7] 28.3785857 14.5962564 32.7417295 28.4426175 16.6409380 20.4490224
 [13] 23.6753918 22.5518701 13.9193232 20.1865963 15.4579451 44.3040612
 [19] 36.2553079 36.1116694 29.8990415 29.4932250 23.6203257 15.7427511
 [25] 36.5978911 26.1348361 26.7784832 16.7895331 16.0456590 13.8436072
 [31] 15.8268924 10.8023753 18.2029100 12.4035436 13.9024409 13.6246027
 [37]  6.6764873         NA 18.7658658  9.1455569 16.5570139  4.7004137
 [43] 16.8013797 31.6046936 32.5529512 22.0813150 25.7844081 14.3520448
 [49] 14.0824805 14.0934009 18.9797207  7.4348532 15.0610591 13.3464177
 [55] 17.7074084 14.3634565 25.2877821         NA 24.6793239 15.9389891
 [61]  9.9226477 12.7818772 14.9239892 24.0515416 13.8256098 11.7967714
 [67]  8.0203450         NA  3.6690137  6.6498459  5.5023072         NA
 [73]         NA         NA 15.2124630  8.8281659 14.4642399 15.4379447
 [79] 21.0411097 22.5641060 14.9579283 11.5322163 24.0522247 14.2760450
 [85] 13.2184662 15.6448540 15.8490060         NA         NA         NA
 [91]  1.0032605 15.5027447 10.3088025 14.6013357 10.7162902         NA
 [97] 12.1113117 15.9552429 23.9169870 12.2043934 10.8488066         NA
[103] 13.0722767 14.4603414 12.3266806         NA  3.2804137  2.5068448
[109]  7.6795041  2.8083168         NA  5.2889726         NA  1.0060907
[115]         NA  7.6382226  6.8638073         NA  8.6950554  6.1647261
[121]  6.4010013         NA  4.9476802  2.3587925 19.8616525 20.8934219
[127] 18.3084731 14.2923698 15.3619063 22.8386924 15.4413503 13.7236345
[133]  2.8329307         NA  4.1125191         NA  2.4206052 15.7519290
[139]         NA 12.6227642 15.5114688 11.7559037  3.8358072         NA
[145]  4.9636680  4.8679667  1.4687873         NA  2.3548046         NA
[151]         NA         NA         NA         NA  5.1235693         NA
[157]  4.6556109         NA         NA  6.6053473         NA         NA
[163]  3.5886913  0.2490833         NA 22.3655333 15.7703847 16.2867051
[169] 16.4012736 13.1498976 14.4279003 13.8569347 23.1201942 13.9864356
[175]  4.7455528  5.6353040         NA         NA 13.9930561 10.0841421
[181]         NA         NA  7.4976782  3.5603673  6.3829201         NA
[187]  6.9768084  0.1239663  1.9280890         NA  0.3442061         NA
[193]  0.9216041         NA  4.9889001         NA         NA  3.8605969
[199]         NA         NA 21.3405462 18.8994233 17.5885910 18.0228807
[205] 16.0058097 14.9388307 22.8474403  7.8638120         NA         NA
[211]  4.0876773         NA 14.3456975  3.0005442  7.3982388  7.2289943
[217]         NA         NA  4.0330098         NA         NA         NA
[223]  2.5230342 22.3000322 18.5469738 14.2040550  6.9833020  3.9342211
[229]  1.5656212  1.2293823         NA         NA  1.9354352         NA
[235]         NA         NA         NA  1.7921813         NA         NA
[241] 16.0930606  5.1382150  2.6515074         NA         NA         NA
[247]         NA  0.1022431 14.4327303  3.2551048         NA         NA

$TS
  [1] 49.95521172 49.74726635 49.63442655 40.23748642 38.17469545 37.39027629
  [7] 34.53907421 33.16561012 47.36283637 39.20131942 38.68711070 30.24451135
 [13] 26.35120044 25.55174108 22.73160897 22.41113677 30.85131360 45.39795084
 [19] 39.97092556 38.85130244 38.77911523 33.89692670 33.68088961 35.00985169
 [25] 37.66390543 33.03259988 29.08523382 26.47669122 25.31524925 29.39580180
 [31] 28.87798076 26.25023680 20.83990884 23.97202358 16.82987957 16.27837894
 [37] 16.15232809 14.66406800 21.55604312 21.27841596 26.92364773 25.23169882
 [43] 18.66237395 37.72345999 36.81156863 32.26338538 28.76720313 28.36372169
 [49] 21.61465137 16.19771715 29.00061072 26.94926322 21.30845464 19.70776730
 [55] 19.18671065 17.44205161 25.82935883 20.02315104 27.62482926 27.20257332
 [61] 26.34407361 20.31724621 17.52793954 25.26938940 15.16230972 11.87262679
 [67]  8.43728942  7.03259544 13.90227318 10.80643107 10.40896848  8.44156651
 [73]  7.79785335  2.14720635 16.90390134 10.92283573 17.56907350 17.11658470
 [79] 30.15420624 29.18082162 24.19027177 22.43850816 28.71792689 23.26387029
 [85] 18.45258980 21.00673701 19.65557418 10.56961439 10.24877221 10.14749370
 [91]  7.69433945 16.59626941 14.17484811 16.88670062 13.51112278  0.59844076
 [97] 23.73702133 19.36222726 24.09269033 20.39786126 12.02054882 10.92797062
[103] 15.08483129 14.59532851 12.99262880  8.23710544  6.61756176 10.40252138
[109]  9.66785921  9.63179749  8.84935905  7.98934008  6.69622707  5.92517957
[115] 10.17855798  7.96227108  7.85681253  7.68696176  8.91794287  8.59902028
[121]  7.92623462  7.75684384  6.79630218  9.81891219 27.42290143 21.65529842
[127] 28.85831659 19.26609617 15.46959293 26.75825458 19.15452491 18.75692867
[133]  9.48367173  5.12103768  6.84092659  6.65961371  5.50473656 16.64731458
[139] 11.88729046 12.87088923 17.04523100 12.84896972 10.25969157  9.04205371
[145]  7.13836088  6.90381403  8.22340402  7.80703122  2.95723056  3.25529862
[151]  2.24969920  7.28965664  3.19923988  1.05661160  8.26382685  1.66629724
[157]  6.95478013  4.82390536  4.77254900  6.77969119  6.67154236  6.40446960
[163]  6.29087092  7.25676597  6.60184500 27.26876049 20.30349516 21.50873716
[169] 19.48679576 17.97107242 15.09753316 14.43801633 26.20620001 15.86451305
[175]  9.38886169  8.05634914  5.37633221  0.04761674 16.55237854 11.31148240
[181]  1.70289937  8.02522918  8.98653243  6.20250383  6.43820124  5.85802861
[187]  7.43192814  4.97143724  2.68809245  5.49225157  1.07573492  0.28771915
[193]  6.49747840  6.37076167  5.20778826  5.60970590  4.67287543  6.53095880
[199]  0.21180299  0.19281710 26.72640720 26.67904716 21.22189994 19.39426263
[205] 18.41631157 15.72196008 24.64189986  8.70260878  5.20260375  6.46995751
[211]  6.44257244  1.55347500 14.75730281 10.98143844 10.57726310  7.80305572
[217]  5.81359613  5.67873405  5.37704448  4.69883136  4.13719788  2.51366732
[223]  3.92536233 25.29629556 20.61766826 18.56534567  8.59307649  5.58259191
[229]  4.16749653  3.84384495  7.53834882  4.36102196  3.08687304  2.64733824
[235]  1.43277322  0.21869816  4.17850544  1.96426341  0.76696617  3.59589910
[241] 16.89045381  7.78984411  3.37832947  6.16314820  2.85449294  3.02600641
[247]  1.69636264  0.81661353 16.25320591  4.73624421  0.59556008  0.04068610

$PAR
  [1]  NA   1   1   1   1   1   1   1   3   4   4   4   4   4   4   4   7   9
 [19]   9   9   9   9   9  10  11  11  11  11  11  12  12  12  12  13  15  15
 [37]  15  15  16  16  17  17  17  21  21  21  23  24  24  24  27  27  28  29
 [55]  29  29  30  30  31  31  31  31  31  32  32  37  37  37  38  38  38  38
 [73]  38  38  40  40  41  41  46  46  46  46  47  48  48  51  51  52  52  52
 [91]  52  54  54  56  58  58  60  60  61  61  61  61  62  62  62  67  68  69
[109]  69  69  69  69  69  69  70  70  70  70  71  71  72  73  73  76  79  79
[127]  80  81  81  83  84  86  88  90  91  91  91  94  95  97  98 100 108 108
[145] 108 108 110 110 110 111 111 112 113 114 115 115 117 122 122 123 123 123
[163] 123 124 124 125 125 126 127 128 128 128 130 132 133 133 136 136 138 139
[181] 139 143 144 144 146 147 148 148 149 152 152 156 157 157 162 164 164 165
[199] 165 165 166 166 168 168 169 170 173 175 175 176 176 177 179 180 180 182
[217] 182 184 184 193 193 196 197 201 202 204 208 210 210 214 216 217 217 217
[235] 217 218 220 220 222 223 226 227 229 231 232 233 234 235 241 244 244 247

$EXTANT
  [1] FALSE FALSE FALSE FALSE FALSE FALSE FALSE FALSE FALSE FALSE FALSE FALSE
 [13] FALSE FALSE FALSE FALSE FALSE FALSE FALSE FALSE FALSE FALSE FALSE FALSE
 [25] FALSE FALSE FALSE FALSE FALSE FALSE FALSE FALSE FALSE FALSE FALSE FALSE
 [37] FALSE  TRUE FALSE FALSE FALSE FALSE FALSE FALSE FALSE FALSE FALSE FALSE
 [49] FALSE FALSE FALSE FALSE FALSE FALSE FALSE FALSE FALSE  TRUE FALSE FALSE
 [61] FALSE FALSE FALSE FALSE FALSE FALSE FALSE  TRUE FALSE FALSE FALSE  TRUE
 [73]  TRUE  TRUE FALSE FALSE FALSE FALSE FALSE FALSE FALSE FALSE FALSE FALSE
 [85] FALSE FALSE FALSE  TRUE  TRUE  TRUE FALSE FALSE FALSE FALSE FALSE  TRUE
 [97] FALSE FALSE FALSE FALSE FALSE  TRUE FALSE FALSE FALSE  TRUE FALSE FALSE
[109] FALSE FALSE  TRUE FALSE  TRUE FALSE  TRUE FALSE FALSE  TRUE FALSE FALSE
[121] FALSE  TRUE FALSE FALSE FALSE FALSE FALSE FALSE FALSE FALSE FALSE FALSE
[133] FALSE  TRUE FALSE  TRUE FALSE FALSE  TRUE FALSE FALSE FALSE FALSE  TRUE
[145] FALSE FALSE FALSE  TRUE FALSE  TRUE  TRUE  TRUE  TRUE  TRUE FALSE  TRUE
[157] FALSE  TRUE  TRUE FALSE  TRUE  TRUE FALSE FALSE  TRUE FALSE FALSE FALSE
[169] FALSE FALSE FALSE FALSE FALSE FALSE FALSE FALSE  TRUE  TRUE FALSE FALSE
[181]  TRUE  TRUE FALSE FALSE FALSE  TRUE FALSE FALSE FALSE  TRUE FALSE  TRUE
[193] FALSE  TRUE FALSE  TRUE  TRUE FALSE  TRUE  TRUE FALSE FALSE FALSE FALSE
[205] FALSE FALSE FALSE FALSE  TRUE  TRUE FALSE  TRUE FALSE FALSE FALSE FALSE
[217]  TRUE  TRUE FALSE  TRUE  TRUE  TRUE FALSE FALSE FALSE FALSE FALSE FALSE
[229] FALSE FALSE  TRUE  TRUE FALSE  TRUE  TRUE  TRUE  TRUE FALSE  TRUE  TRUE
[241] FALSE FALSE FALSE  TRUE  TRUE  TRUE  TRUE FALSE FALSE FALSE  TRUE  TRUE

