
Birth-death simulation object with 236 species and 66 extant species

Details for some species:

Extinction times (NA means extant)
[1] 43.65047 44.51590 34.96784 43.59456 17.92492 35.73630


Speciation times 
[1] 49.95521 48.46194 45.33421 45.21061 47.01060 46.74628


Species parents (NA for initial)
[1] NA  1  1  1  2  2


Species status (extinct or extant)
[1] "extinct" "extinct" "extinct" "extinct" "extinct" "extinct"


For more details on vector y, try sim$y, with y one of
TE TS PAR EXTANT



$TE
  [1] 43.6504684 44.5159003 34.9678389 43.5945563 17.9249227 35.7363008
  [7] 28.3947893 39.0637919 26.9650134 25.3300692 28.9612182 29.2105885
 [13] 29.4350772 15.7428614 12.9341198 24.2059889 21.2238335 36.0134579
 [19] 17.2775239 11.2648364 12.5978605 15.1446869 15.1179951 28.4479178
 [25] 26.4125729 21.4287453 12.4626614 14.6122693 15.4391367 14.1752992
 [31] 34.2424635 30.4083512 14.4453493 17.6900195 19.9241315 20.1757040
 [37] 18.8566488 11.7381917 20.1049133 17.6489440         NA         NA
 [43] 34.3880723 25.8328386 23.2433889 14.7988980 15.4195719 15.3068539
 [49] 14.3509445 27.2756556 20.3001459 18.2152488  2.7158585 15.1007966
 [55] 17.9143333 12.2981189 26.7245697 15.7282957 17.3385330 28.7476232
 [61] 23.8499947 15.9726660 19.2201279 15.5769838 15.7018684 12.8361152
 [67] 17.3514641 20.1284261 15.7994167 14.2462649 33.0152826 26.1919112
 [73] 15.9645743 16.1316391 12.5378744 14.0293309 20.6695860 14.3422727
 [79]  8.1556541 15.1385446 14.4910600 11.7764049  2.4512837         NA
 [85]  8.3368892  6.0191938         NA  6.3918875 15.7840848 15.7179589
 [91] 13.9629309 18.1955240  5.5273093  0.7385143  7.7487977         NA
 [97]         NA  5.6177349         NA 15.6644399 11.2784544 14.8275129
[103] 17.0383951 16.8153987 19.5346428 14.2706835 16.0400194 15.3940967
[109] 14.8455458 16.1169112 20.3827386 18.6303817 16.4009470 14.4441258
[115] 16.0818307 14.5019019 15.1113501 12.8187911 16.3320334 10.5755847
[121] 12.0835750 15.2515577         NA         NA         NA  2.3072823
[127]         NA 12.6374114  7.6098375  6.8733143  2.8347240 13.6786445
[133] 15.5818016  1.7147017  3.2910511         NA         NA         NA
[139]         NA         NA         NA  1.3044848  2.5280539 18.1798987
[145] 14.4925251 14.7867561 18.8499711 15.9811879 14.5728332 13.9495519
[151] 12.5208588 14.5116511 14.8213893 14.2750411 14.2557169  2.4292719
[157]  2.6158116         NA  0.2481222  2.0481563         NA         NA
[163]  4.3700313         NA         NA         NA  3.4631183  3.5773214
[169]         NA         NA  1.8091511  6.5136059         NA  1.7907540
[175]  4.0482534         NA         NA         NA         NA 13.1167343
[181]         NA 14.2757427 11.6102009 14.1138172  1.6758164  4.2251637
[187]         NA         NA  0.9759609         NA         NA         NA
[193]         NA         NA         NA         NA  0.1139041         NA
[199]         NA         NA  3.8129344  1.5310054 14.4614408 12.3495199
[205]  1.8060071         NA         NA         NA  0.8671247         NA
[211]  2.5693524         NA         NA         NA         NA  0.3532253
[217]         NA         NA  4.7594873         NA         NA         NA
[223]         NA         NA         NA  6.0933562         NA         NA
[229]  0.3284394         NA  1.7060965         NA         NA         NA
[235]         NA  0.4651437

$TS
  [1] 49.9552117 48.4619406 45.3342120 45.2106099 47.0106008 46.7462770
  [7] 41.2281224 40.7638642 39.4043788 35.0777304 33.5965020 32.4470040
 [13] 31.6088780 29.6045885 27.7908900 24.2292227 21.8884976 37.8500690
 [19] 33.4906073 28.6588545 34.8477451 30.2434201 28.4039157 32.7412170
 [25] 31.3151791 30.4277538 24.9839784 22.9067124 16.6429458 14.8929567
 [31] 37.2674359 31.9829418 31.3300868 23.7219416 22.8724213 21.7483018
 [37] 19.6580906 25.2260537 22.6882490 20.9929287 17.0267684 11.9672769
 [43] 34.7330774 27.0067788 25.3538654 18.6599794 17.2892031 17.0419406
 [49] 14.7933988 29.4376597 24.2052366 23.5251306 22.4155420 21.3824272
 [55] 21.0746850 15.7563582 27.2083579 23.2352700 17.6616537 30.4088573
 [61] 28.6778312 27.1199608 28.3259993 25.5214528 21.8603407 21.5006079
 [67] 21.0780211 20.3323212 20.0509463 14.3565238 34.3666584 29.4741771
 [73] 23.6132265 18.1248373 22.0125417 20.0796919 20.7614052 19.5690097
 [79] 17.9440082 16.3302810 20.6656072 12.8157045  8.1584241  0.9044058
 [85] 11.7927850  8.3142408  1.1657424 18.5757735 20.8382307 20.0702228
 [91] 21.0207137 19.4302983 10.3671106 10.3621839  9.8444373  7.8013776
 [97]  7.2511009  6.9755486  5.0178128 17.9224026 25.9047137 21.8715900
[103] 22.9573645 22.5176400 21.4580159 21.3536329 18.9277492 20.6414821
[109] 20.5451085 17.5468099 21.4765797 19.7428339 16.6324080 19.1435339
[115] 16.5126645 14.8255627 18.9304031 18.4305071 17.6035577 16.4904304
[121] 12.2851389 19.5163897  6.2812180 10.6245270  9.7662624  9.3468877
[127]  6.1839600 12.8255027  8.6205276  8.5153525  6.5338972 17.4063264
[133] 17.7671289  9.1519712  7.6038921  4.9830023  4.6833013  2.4194494
[139]  2.1765098  3.0666379  1.9117240  3.3725096  3.0346229 19.9084492
[145] 15.7086255 15.6541682 19.9675142 16.1062706 21.7440459 20.3952912
[151] 16.0841249 17.3879533 17.9013279 15.4100506 15.0160725  9.5945116
[157]  6.6325916  6.3566791  5.7243737  4.6266988  0.8829919  7.6893633
[163]  6.5913615  5.0595375  4.2624103  0.3602724  8.0941301  6.6184517
[169]  2.1614796  3.8110341  2.8622218  7.5972626  6.3706823  4.4141862
[175]  5.9031228  3.1949971  2.9709885  2.7328605  2.4569921 14.1157465
[181] 12.8398067 15.1650784 15.8635012 15.0545060  7.4203309  7.0364210
[187]  4.6418365  2.8353474  4.9747158  4.1309548  6.4396383  2.0427881
[193]  7.8010782  1.2038726  0.4066897  2.4492711  4.7410368  0.9046538
[199]  1.0791565 10.1277201  9.4312579  4.5260997 15.2174266 12.5377725
[205]  6.6367928  5.2197433  3.2732733  5.3177784  0.8771948  0.4554260
[211]  3.0549523  0.3017580  7.6900795  0.1099635  2.7216060  2.0492231
[217]  0.8622844  0.7314987  6.9511293  5.4894399  4.6478774  0.4722388
[223]  4.8385206  4.6957001  3.9022053  6.4493483  3.9974056  0.6567044
[229]  3.0010581  2.8776718  2.9982838  2.8738535  2.2013793  2.1036720
[235]  2.5426677  1.5805903

$PAR
  [1]  NA   1   1   1   2   2   3   3   3   5   5   5   5   5   5   5   5   7
 [19]   7   7  10  10  10  11  11  11  14  14  15  15  18  19  19  19  19  19
 [37]  19  20  20  20  20  20  21  21  21  21  21  21  21  22  22  22  22  22
 [55]  22  22  23  23  23  24  24  25  26  26  27  27  27  27  27  30  31  33
 [73]  33  34  35  35  36  38  38  38  39  41  41  41  42  42  42  46  52  52
 [91]  53  53  53  53  53  53  53  53  53  54  61  62  63  63  63  63  66  67
[109]  67  69  73  73  74  75  76  76  78  78  79  79  79  81  83  85  85  85
[127]  86  88  88  88  88  90  91  93  94  94  94  94  94  96  97  99  99 101
[145] 101 101 102 102 103 106 106 107 108 108 109 124 124 124 124 124 124 125
[163] 125 125 125 125 126 126 127 131 131 134 134 134 135 137 140 140 140 150
[181] 151 152 153 153 156 156 156 158 159 159 163 164 167 169 170 171 173 176
[199] 178 181 181 181 183 183 185 185 185 186 188 188 191 192 193 194 197 197
[217] 199 199 200 201 201 206 208 208 208 213 213 220 223 223 224 225 229 229
[235] 231 234

$EXTANT
  [1] FALSE FALSE FALSE FALSE FALSE FALSE FALSE FALSE FALSE FALSE FALSE FALSE
 [13] FALSE FALSE FALSE FALSE FALSE FALSE FALSE FALSE FALSE FALSE FALSE FALSE
 [25] FALSE FALSE FALSE FALSE FALSE FALSE FALSE FALSE FALSE FALSE FALSE FALSE
 [37] FALSE FALSE FALSE FALSE  TRUE  TRUE FALSE FALSE FALSE FALSE FALSE FALSE
 [49] FALSE FALSE FALSE FALSE FALSE FALSE FALSE FALSE FALSE FALSE FALSE FALSE
 [61] FALSE FALSE FALSE FALSE FALSE FALSE FALSE FALSE FALSE FALSE FALSE FALSE
 [73] FALSE FALSE FALSE FALSE FALSE FALSE FALSE FALSE FALSE FALSE FALSE  TRUE
 [85] FALSE FALSE  TRUE FALSE FALSE FALSE FALSE FALSE FALSE FALSE FALSE  TRUE
 [97]  TRUE FALSE  TRUE FALSE FALSE FALSE FALSE FALSE FALSE FALSE FALSE FALSE
[109] FALSE FALSE FALSE FALSE FALSE FALSE FALSE FALSE FALSE FALSE FALSE FALSE
[121] FALSE FALSE  TRUE  TRUE  TRUE FALSE  TRUE FALSE FALSE FALSE FALSE FALSE
[133] FALSE FALSE FALSE  TRUE  TRUE  TRUE  TRUE  TRUE  TRUE FALSE FALSE FALSE
[145] FALSE FALSE FALSE FALSE FALSE FALSE FALSE FALSE FALSE FALSE FALSE FALSE
[157] FALSE  TRUE FALSE FALSE  TRUE  TRUE FALSE  TRUE  TRUE  TRUE FALSE FALSE
[169]  TRUE  TRUE FALSE FALSE  TRUE FALSE FALSE  TRUE  TRUE  TRUE  TRUE FALSE
[181]  TRUE FALSE FALSE FALSE FALSE FALSE  TRUE  TRUE FALSE  TRUE  TRUE  TRUE
[193]  TRUE  TRUE  TRUE  TRUE FALSE  TRUE  TRUE  TRUE FALSE FALSE FALSE FALSE
[205] FALSE  TRUE  TRUE  TRUE FALSE  TRUE FALSE  TRUE  TRUE  TRUE  TRUE FALSE
[217]  TRUE  TRUE FALSE  TRUE  TRUE  TRUE  TRUE  TRUE  TRUE FALSE  TRUE  TRUE
[229] FALSE  TRUE FALSE  TRUE  TRUE  TRUE  TRUE FALSE

