
Birth-death simulation object with 104 species and 25 extant species

Details for some species:

Extinction times (NA means extant)
[1] 36.24154 22.03748 26.17863 37.99584 30.14611 35.69438


Speciation times 
[1] 49.95521 39.54059 38.97598 38.84682 36.06641 35.90529


Species parents (NA for initial)
[1] NA  1  1  2  2  2


Species status (extinct or extant)
[1] "extinct" "extinct" "extinct" "extinct" "extinct" "extinct"


For more details on vector y, try sim$y, with y one of
TE TS PAR EXTANT



$TE
  [1] 36.2415357 22.0374816 26.1786293 37.9958397 30.1461094 35.6943834
  [7] 25.8180882 24.7880795 30.5292577 35.0494593 26.9059727 31.1667286
 [13] 35.0338032 27.0683903 26.4353472 33.5488750 26.4981889 20.4249305
 [19] 23.6848674 26.0242140 16.5586511 33.9209231 26.8808990 25.8707352
 [25] 14.4828346 14.3507505 25.0069991 20.6888453 24.3193734 15.7101826
 [31] 17.6640521 14.8365688 20.6952837 17.5752248 15.8047819 15.9579254
 [37] 15.8359962 14.5388724 20.1817137 15.9388646 14.4789323 11.8184211
 [43] 15.3267590 13.6741503 14.8157567 17.7805025 22.9107027 14.4416040
 [49] 13.7298670 13.1822742 15.2215426 24.5185373 20.7088689 15.4918371
 [55] 15.3041684 15.3393233 15.6479185  7.9124709 14.1175240 14.5770811
 [61] 13.7218033 14.6375132  8.2016358         NA 14.1896368 13.5202799
 [67] 12.0872003 10.0679367  1.1707059 13.1936021         NA 14.6606393
 [73]         NA  4.9896199  3.0371527         NA  3.9666038  1.7378453
 [79]         NA         NA         NA         NA         NA  3.5729039
 [85]  0.5683561         NA  3.7919706         NA         NA         NA
 [91]         NA         NA  4.8762432  3.8744884         NA         NA
 [97]         NA         NA         NA         NA         NA         NA
[103]         NA         NA

$TS
  [1] 49.9552117 39.5405866 38.9759826 38.8468164 36.0664121 35.9052912
  [7] 37.1162912 26.1957531 35.8356050 35.4834822 33.1257570 32.5756586
 [13] 35.2436973 32.6948304 28.8724374 35.2469157 32.0976256 31.4744296
 [19] 29.7420285 27.9667574 27.4866691 34.6632557 31.7848099 28.3262502
 [25] 26.5706365 22.5467930 27.7497211 25.0587819 24.5413965 28.8951811
 [31] 27.5860150 28.3053788 27.7715067 22.0345663 21.0369195 20.1538312
 [37] 25.1514360 23.5621652 20.2921674 19.1869767 16.5305259 27.2817202
 [43] 19.0207544 23.8560128 19.0231608 18.0494432 23.3677770 16.0531937
 [49] 18.8057941 14.8452159 20.1961186 26.5848576 22.2608467 19.8487283
 [55] 16.7166334 16.4683698 16.9224585 16.3487390 16.0676992 16.0742194
 [61] 13.9031243 20.0133629 15.5518827 17.4237467 17.3306051 14.6346653
 [67] 12.4247652 10.1928950  8.4894493 13.4164652  2.2547880 16.2134287
 [73]  8.2760464  7.1042825  6.3863930  3.4792829  7.9672175  6.9545146
 [79]  4.4631088  0.1345182  5.7792129  6.1730465  4.9044464  6.4993141
 [85]  2.0406957  1.6745360  6.1633968  5.7483857  3.8401171  3.4985878
 [91]  0.2865677  0.9761430  6.4907459  6.0726015  5.3608029  1.6399066
 [97]  6.1597745  4.1885122  4.6339778  1.0850979  6.1016490  0.4131019
[103]  0.2819985  0.1732833

$PAR
  [1]  NA   1   1   2   2   2   3   3   5   5   5   5   7   7   7   9   9   9
 [19]  11  11  11  16  17  18  18  18  20  21  21  23  23  24  24  25  25  25
 [37]  30  30  30  30  30  31  31  33  34  34  37  37  38  38  39  42  42  42
 [55]  43  43  45  45  45  49  50  51  51  54  54  63  63  63  63  64  64  65
 [73]  69  69  69  69  73  73  73  73  74  75  75  78  78  81  82  82  82  82
 [91]  82  83  84  84  84  86  87  87  88  90  93  95 102 102

$EXTANT
  [1] FALSE FALSE FALSE FALSE FALSE FALSE FALSE FALSE FALSE FALSE FALSE FALSE
 [13] FALSE FALSE FALSE FALSE FALSE FALSE FALSE FALSE FALSE FALSE FALSE FALSE
 [25] FALSE FALSE FALSE FALSE FALSE FALSE FALSE FALSE FALSE FALSE FALSE FALSE
 [37] FALSE FALSE FALSE FALSE FALSE FALSE FALSE FALSE FALSE FALSE FALSE FALSE
 [49] FALSE FALSE FALSE FALSE FALSE FALSE FALSE FALSE FALSE FALSE FALSE FALSE
 [61] FALSE FALSE FALSE  TRUE FALSE FALSE FALSE FALSE FALSE FALSE  TRUE FALSE
 [73]  TRUE FALSE FALSE  TRUE FALSE FALSE  TRUE  TRUE  TRUE  TRUE  TRUE FALSE
 [85] FALSE  TRUE FALSE  TRUE  TRUE  TRUE  TRUE  TRUE FALSE FALSE  TRUE  TRUE
 [97]  TRUE  TRUE  TRUE  TRUE  TRUE  TRUE  TRUE  TRUE

