
Birth-death simulation object with 186 species and 37 extant species

Details for some species:

Extinction times (NA means extant)
[1] 45.58197 45.06177 34.41140 39.40296 34.57073 32.82257


Speciation times 
[1] 49.95521 48.67935 46.30382 40.27317 37.36166 36.02175


Species parents (NA for initial)
[1] NA  1  2  3  3  3


Species status (extinct or extant)
[1] "extinct" "extinct" "extinct" "extinct" "extinct" "extinct"


For more details on vector y, try sim$y, with y one of
TE TS PAR EXTANT



$TE
  [1] 45.5819681 45.0617729 34.4114004 39.4029560 34.5707280 32.8225690
  [7] 14.1072518 26.2358813 33.7380199 34.6762109 22.5791915 15.3565330
 [13] 15.1162776 14.4920090 20.6416273 24.6398759 19.3969858 15.1811882
 [19] 31.8194417 13.5507552 16.9473337 18.6160254 15.2995356 14.2560158
 [25] 14.3788792 12.6758849 12.3654186 24.1855584 21.9789321  0.7619105
 [31] 15.5099959 15.3290841 13.8709125 14.1040489 21.7831143 26.4059417
 [37] 15.6935575 14.2959568 12.4448649 14.4693979 21.1391376 13.9917372
 [43] 11.3727256 13.4550175 18.8048381 13.0157934 15.9702158  5.8651734
 [49] 20.9951921 15.0971299 13.1224752 15.2708613  8.7589334  3.6835125
 [55]  3.6453538         NA 16.2801040 13.2924208 23.3310687 13.5671858
 [61]         NA 15.2437762 13.1041230 14.1065072 15.9427606 15.7091603
 [67] 14.5279185 15.3287361 14.6680606 17.0856173 12.4509253  8.0628250
 [73]  5.4724281 14.0150618         NA 14.7079469 14.7786171 14.7860084
 [79] 13.2746329  5.8976293  3.2452294  6.8400956  0.5415627 14.8227289
 [85] 12.6082584 12.5693981 13.9944662 11.7087692 15.1737241 14.0836653
 [91] 19.0921155 18.0876333 15.6765574  4.8014635 15.4745938 20.1156688
 [97] 16.8796631  3.4280692 16.4176361 13.8999342 15.7987869  2.2624235
[103]  0.8335832 15.8607051 14.2778284 19.3438762 17.4016660 19.0925568
[109]  2.1209228         NA         NA  4.0813346 15.5865073 17.0916429
[115] 15.9238622 12.4708835 13.4391907 15.1774452 12.6156275         NA
[121]         NA 11.5586341 14.5165083 15.0967599 11.4209129 15.0002217
[127] 13.5344452  4.2680680  8.3726962         NA         NA         NA
[133]         NA 15.4443210 13.3706209 12.5767959 15.1421931         NA
[139]  3.1396698 13.8335823         NA 14.7121843 10.5798123         NA
[145] 12.0312470 14.4429919 15.8107932 14.2622740         NA  4.8218517
[151]         NA         NA  1.7556138         NA         NA 14.1073874
[157] 11.9337564 13.0904039         NA  7.6917453         NA         NA
[163]  2.4604354 11.4436125         NA         NA  0.4280855         NA
[169]         NA  0.6445999         NA  4.3535153         NA         NA
[175]         NA  4.1229137  0.8954773         NA         NA         NA
[181]  2.4610030         NA         NA         NA  1.9974864         NA

$TS
  [1] 49.9552117 48.6793490 46.3038190 40.2731673 37.3616610 36.0217463
  [7] 39.5862406 36.2785758 34.3720754 34.8375493 30.0232215 19.3897543
 [13] 16.6573002 15.2655229 32.1002967 31.8717170 29.8971930 28.4368059
 [19] 34.8209529 29.4976924 27.5841669 26.2152108 15.8065554 16.3410078
 [25] 24.4160330 22.4688971 26.3251330 27.3711753 24.1006697 26.2628177
 [31] 25.0808118 18.6749238 16.8062983 16.7425280 29.0960502 28.0495921
 [37] 18.0184343 19.6897727 19.6943240 23.4974311 22.0229783 17.8976277
 [43] 15.2300537 15.0421152 24.9249539 14.6803023 26.8211617 23.7166301
 [49] 22.8353819 24.4940172 16.0736029 15.7403914  9.5416383  6.1608054
 [55]  3.9060435  1.9175937 24.2766639 14.6478054 28.4785626 24.6372456
 [61] 19.0642385 16.1457734 14.9810178 14.4472875 21.1670316 20.4082808
 [67] 14.9459726 16.3033874 15.0033423 24.9947368 22.3902655 12.0610565
 [73]  6.1699019 15.4213778  3.7796360 24.3725360 17.1678798 18.9871434
 [79] 18.1004060 10.0972027  7.9292183  7.2383985  2.8258730 15.6130094
 [85] 13.9246295 18.3675521 17.9796515 17.0041132 18.3454077 18.1631053
 [91] 21.1059996 20.6928213 20.3333801 10.9875236 23.0933219 22.6036272
 [97] 18.7609344 17.8587963 16.9197250 16.3270811 17.3831854  4.1843368
[103]  3.9783651 17.2754425 15.2749153 20.1339310 19.3914889 19.7676466
[109] 10.3368499  7.7708292  6.0512985  5.6035342 18.8565753 18.0014364
[115] 17.0281424 15.8829073 17.8501291 17.3918452 13.7585218  7.0975601
[121]  6.6379175 14.0467483 16.7414381 15.1518965 14.4698731 19.1672080
[127] 19.2691847  9.2788098  8.5028179  6.0615983  3.2826013  2.1378068
[133]  7.2272977 16.7986932 15.3030167 13.4793066 15.5821088  4.4853787
[139]  3.1697406 15.8920090 15.2993546 15.1432294 12.6274852 11.6032325
[145] 18.3860927 16.9034697 17.7381697 14.6492146  5.0165831  8.3968007
[151]  3.8757806  3.2026488  4.0218943  2.5229101  1.0114028 15.0910641
[157] 13.0985815 15.1537618  0.3797372  9.6832227  6.9114255  6.8871425
[163]  3.9825573 11.7230540  6.8802746  6.2484532  3.1633473  2.7328983
[169]  1.1005496  7.7370491  6.0841440  4.5122590  5.2452817  0.6362416
[175]  1.0901364  7.3780914  6.8019962  4.4256804  0.9131100  0.2838449
[181]  6.1257687  4.7193669  1.5038687  0.1090775  5.4845187  3.9085551

$PAR
  [1]  NA   1   2   3   3   3   4   5   6   7   7   7   7   7   8   8   8   8
 [19]  10  11  11  11  12  13  15  15  16  17  17  18  18  18  18  18  20  20
 [37]  20  21  22  25  25  26  26  26  27  27  28  29  29  30  30  30  30  30
 [55]  30  30  31  34  35  35  38  38  39  39  40  40  40  42  44  47  47  48
 [73]  48  51  55  60  60  61  61  61  61  61  61  62  63  65  65  65  66  66
 [91]  70  71  71  72  76  76  76  76  77  78  79  81  81  87  89  91  91  92
[109]  94  94  94  94  95  95  95  95  97  98  98  98  98 100 101 105 105 107
[127] 108 109 109 109 109 109 110 115 117 117 118 120 120 123 123 124 125 125
[145] 126 126 127 127 128 129 130 131 133 133 133 135 136 137 138 141 141 141
[163] 141 143 144 144 144 152 152 160 161 162 165 166 169 170 170 172 173 175
[181] 176 177 178 180 181 182

$EXTANT
  [1] FALSE FALSE FALSE FALSE FALSE FALSE FALSE FALSE FALSE FALSE FALSE FALSE
 [13] FALSE FALSE FALSE FALSE FALSE FALSE FALSE FALSE FALSE FALSE FALSE FALSE
 [25] FALSE FALSE FALSE FALSE FALSE FALSE FALSE FALSE FALSE FALSE FALSE FALSE
 [37] FALSE FALSE FALSE FALSE FALSE FALSE FALSE FALSE FALSE FALSE FALSE FALSE
 [49] FALSE FALSE FALSE FALSE FALSE FALSE FALSE  TRUE FALSE FALSE FALSE FALSE
 [61]  TRUE FALSE FALSE FALSE FALSE FALSE FALSE FALSE FALSE FALSE FALSE FALSE
 [73] FALSE FALSE  TRUE FALSE FALSE FALSE FALSE FALSE FALSE FALSE FALSE FALSE
 [85] FALSE FALSE FALSE FALSE FALSE FALSE FALSE FALSE FALSE FALSE FALSE FALSE
 [97] FALSE FALSE FALSE FALSE FALSE FALSE FALSE FALSE FALSE FALSE FALSE FALSE
[109] FALSE  TRUE  TRUE FALSE FALSE FALSE FALSE FALSE FALSE FALSE FALSE  TRUE
[121]  TRUE FALSE FALSE FALSE FALSE FALSE FALSE FALSE FALSE  TRUE  TRUE  TRUE
[133]  TRUE FALSE FALSE FALSE FALSE  TRUE FALSE FALSE  TRUE FALSE FALSE  TRUE
[145] FALSE FALSE FALSE FALSE  TRUE FALSE  TRUE  TRUE FALSE  TRUE  TRUE FALSE
[157] FALSE FALSE  TRUE FALSE  TRUE  TRUE FALSE FALSE  TRUE  TRUE FALSE  TRUE
[169]  TRUE FALSE  TRUE FALSE  TRUE  TRUE  TRUE FALSE FALSE  TRUE  TRUE  TRUE
[181] FALSE  TRUE  TRUE  TRUE FALSE  TRUE

