
Birth-death simulation object with 331 species and 80 extant species

Details for some species:

Extinction times (NA means extant)
[1] 39.74756 44.36568 48.41335 43.22619 27.89991 38.44482


Speciation times 
[1] 49.95521 49.18732 48.99404 48.99367 46.70496 48.48909


Species parents (NA for initial)
[1] NA  1  1  1  1  3


Species status (extinct or extant)
[1] "extinct" "extinct" "extinct" "extinct" "extinct" "extinct"


For more details on vector y, try sim$y, with y one of
TE TS PAR EXTANT



$TE
  [1] 39.747560716 44.365682828 48.413348547 43.226188302 27.899906680
  [6] 38.444823840 41.616335279 41.603791378 38.869047432 16.596759145
 [11] 23.944456246 37.325219012 37.960353800 42.663606580 35.262634173
 [16] 24.780370743 17.661379305 39.232325161 23.200518920 37.496186803
 [21] 35.672649364 36.615685032 36.276737845 35.160489388 22.650929083
 [26] 21.263585039 24.944145738 30.858341099 20.124753285 25.715199841
 [31] 23.124751354 11.950327349 37.379837398 34.581230085 11.769122684
 [36] 25.895816785 33.348963094 15.983177440 16.066095723 38.423523116
 [41] 31.574246715 35.372383965 30.536966270 19.438257179 17.539359709
 [46]  0.348923446 22.294122470 33.064983643 18.768531311 16.148626250
 [51] 12.281942301 12.199857865 14.619702495 27.988178644 27.151419467
 [56] 30.638204155 14.890991757 15.359569932 15.266618524 17.453540984
 [61] 14.134856915 33.752561159 33.605156578 20.331480177  8.525176816
 [66] 15.823855043 15.627652881           NA           NA  5.452651318
 [71]  3.679392153           NA           NA 25.631573119 13.712866394
 [76] 24.303875127           NA 36.294849547 12.861648496 14.964527929
 [81] 15.713162816 12.666716935  5.353543751 24.528702149 28.025446121
 [86] 27.516896181 28.282176462 22.195145951 18.950083021 27.939791189
 [91] 16.073693552 16.007327065 17.054899285 15.942822860  2.198414384
 [96] 14.060250925 14.596990859 14.819712221 12.356859156  6.208615105
[101] 13.499450562  2.644018267           NA           NA  6.494669487
[106]  4.987897787  3.138253375           NA           NA  4.578636945
[111] 19.677364141 25.686011410 24.163269348 12.725999373 18.458907874
[116] 25.802064928 24.153261302 17.235080581 15.551111126 14.356686619
[121] 10.793525329  2.308922271  1.067935597 12.994432046 12.134879737
[126] 15.812562211 13.100186726 15.915765787 22.151032151 19.859386656
[131] 23.264477883 24.344177392 23.771979236 13.991210548 13.805449716
[136] 20.290849154 12.551204239 14.083226799  9.348293694           NA
[141] 13.680624511           NA  8.545257805  7.659694023 12.940677173
[146]  5.238783590  2.601625392  3.047533445           NA           NA
[151]           NA           NA           NA           NA           NA
[156]           NA  1.729385462 17.846907738 18.765818042 15.919317481
[161] 23.741594312 21.637784468 14.935452635 16.829525507 13.993250316
[166] 15.878192176 13.461490196 24.783108547 19.211301065 14.396271101
[171] 11.269085751  0.369898754 10.846071631 18.147677555 12.424854846
[176] 18.659818102 12.981164647 23.991988982 26.247726085 20.292343464
[181] 17.860635775  6.949852842 15.263852911  9.056778701           NA
[186]           NA 14.156251890  8.058431438           NA  1.581686964
[191]           NA           NA           NA  3.935103317  4.763888608
[196]           NA           NA           NA 21.115226573 23.545507021
[201] 21.293744407 15.903132111  6.231882797 14.608545238 12.936519663
[206] 23.840137267 21.658163412 14.275101586  0.564366697 13.179581470
[211] 21.135690701 17.152366408           NA 12.200113671 15.106192048
[216] 12.939272737 13.332000611 14.435531370  3.277303361           NA
[221]  0.975878946           NA  4.679662637  3.875726167  0.408763642
[226]           NA 24.660488895 16.750196232 18.877526734 15.293935537
[231] 15.430694787 14.853402529  8.664271711 12.488726225 15.435141042
[236] 14.413769614 13.895007232 14.797853554  7.334543973           NA
[241]  0.254581319           NA 15.055027903  0.228154095  1.125982682
[246]           NA           NA 15.277652835 11.449617046 13.228252146
[251]  0.663509345  5.303090421           NA  3.115953887           NA
[256]  4.357452093           NA  0.805334320           NA           NA
[261] 15.628599283 15.633542958 15.403657387 15.939035934 15.279625175
[266] 15.866623005 15.725706934 14.871314759 12.590497903 14.003878932
[271]  9.326510283  6.498633785  2.463654920           NA           NA
[276]  1.250011088  0.001471207           NA  5.417194673           NA
[281]  1.298433841           NA  0.984694631 15.942039620           NA
[286]           NA           NA           NA           NA           NA
[291]           NA 16.525802707 10.081925767 15.857660834  9.737553619
[296]  3.996276405           NA           NA           NA  0.118965134
[301]  2.154157178           NA           NA           NA           NA
[306]           NA  0.314181696           NA           NA  4.306678305
[311]           NA           NA 15.833530180           NA           NA
[316]           NA           NA           NA           NA           NA
[321]           NA  8.962531297           NA  1.327842151  0.273727070
[326]           NA           NA           NA           NA           NA
[331]           NA

$TS
  [1] 49.9552117 49.1873161 48.9940399 48.9936669 46.7049579 48.4890921
  [7] 48.6416695 44.8206388 40.0129013 35.1279338 29.8420599 48.4188791
 [13] 48.2121553 47.7212307 43.2519621 35.1052733 24.0208263 41.4961509
 [19] 41.2569557 37.6160288 43.4848440 39.3239950 46.1897378 43.8512839
 [25] 38.7155132 33.6839785 33.2799203 30.8712540 27.5080364 25.9072341
 [31] 25.2978997 40.6250768 40.2036634 42.3321853 29.4143003 26.5778998
 [37] 33.6014135 21.3763703 23.7400730 40.0341324 39.2865790 38.1168775
 [43] 35.8983594 27.2522922 25.0661251 38.9273718 37.7833544 39.5263853
 [49] 23.1721490 21.7852892 15.9064951 14.2752415 16.7100818 32.6304076
 [55] 32.0600797 33.5180452 23.8851132 23.4521696 23.4145392 23.9634726
 [61] 17.9380962 38.4826007 38.2931452 22.0509561 21.6282201 19.1489610
 [67] 19.0563448 10.5537545  9.6080167  8.5313018  6.4887828  6.3306273
 [73]  1.0806782 29.2719273 28.7765746 28.6666449 22.5261816 37.3212286
 [79] 19.9493075 19.1099870 17.0360602 15.4724593 14.9029712 29.7890981
 [85] 31.6337213 30.9595773 30.1074186 28.6521354 28.1458618 32.7066438
 [91] 17.9560605 17.8088317 22.7229395 23.7833290 17.6841957 21.1333710
 [97] 16.8976042 15.7668653 14.7389374  9.5888982 16.6336229  7.8734772
[103]  5.6920553  8.5281576  7.2453609  5.9646484  3.2371660  1.6605830
[109]  6.4771845  6.3294599 28.7963766 26.3070358 25.6718012 24.5497195
[115] 23.7109313 27.7333271 27.5772275 26.4163067 21.3146348 14.5237428
[121] 11.0283264  6.4163565  4.1105447 13.0189251 17.2758963 17.2482928
[127] 13.6557144 26.2736898 30.6225573 28.2544933 27.2658082 28.1096760
[133] 25.5568874 32.4436884 16.5073123 20.5088787 16.4803407 14.6615570
[139] 10.6859690  4.4575795 14.8485939  9.3245938  9.1222795  7.8058145
[145] 14.4727352  7.1839218  7.0839382  6.2578021  3.0657908  0.9410383
[151]  5.9443816  5.6316461  0.7017079  2.1802582  1.3562858  0.1405799
[157]  5.9927918 27.2062936 25.6565715 25.3695262 24.1954844 23.9384906
[163] 20.8758407 19.8468953 18.3981099 17.9644543 14.4911657 26.2146619
[169] 25.6673531 21.5477492 19.5257777  2.4670363 16.1508405 18.8171753
[175] 16.5667153 22.9992865 23.0094826 27.3198870 26.7442988 24.3561830
[181] 20.6650183 20.0994953 15.3025971 15.3498393  2.2261905  1.2482200
[187] 14.2877953 13.8289370  7.1277317  6.2622525  6.0752392  3.6268937
[193]  2.8870282  6.2145265  6.8412700  4.7504889  0.6367368  1.2914001
[199] 25.9430924 24.5106691 21.9557389 19.5926129 20.5545559 17.8237710
[205] 17.5078157 24.3924566 22.0186845 17.6530078 15.8900538 13.5668748
[211] 21.9377576 21.8649844 18.5016889 25.5938411 17.9752766 13.4281518
[217] 15.1463572 15.0155395 11.3199425  0.3652512  9.2436755  8.6455774
[223]  8.4837525  4.1782881  5.8913635  0.5667135 25.9044625 21.1614270
[229] 18.8975437 18.0334634 17.1705076 16.8470070  8.6844754 17.5761434
[235] 22.0154188 15.8694592 14.6488154 14.8150036  9.2897606  2.8186762
[241]  2.0669894  1.0862696 17.8845270 11.8245752  8.6166480  7.7980254
[247]  3.1674896 19.6606528 17.4151412 14.4505316  7.8378667  8.3185021
[253]  7.6714478  3.8210054  6.8754168  6.6138223  2.7108746  5.7613925
[259]  2.9461047  1.9556267 19.1965028 17.3110751 17.2990156 17.0808963
[265] 16.6686439 16.6276078 16.3488714 15.5315108 13.2913979 17.1019259
[271] 11.7212220  7.4068924  6.8209028  6.5870727  2.9306516  2.8496634
[277]  1.4163646  1.1564301  6.5433485  3.0262320  6.5372124  4.7038115
[283]  3.1517869 16.7086597  1.2831989  7.0657864  5.5674831  1.5701388
[289]  6.4066851  0.8164217  0.3049912 17.7340263 17.2545255 16.2068819
[295] 14.2365269  6.6546469  6.0139047  2.8878073  6.2591447  4.8240481
[301]  4.4238836  2.8143599  1.3209989  1.9624529  1.2888677  1.4523752
[307]  1.1624532  3.2052142  2.0776648  5.4726966  3.8604486  1.3511033
[313] 16.7900918 13.4619225  5.1685819  1.5592375  1.9528007  4.6157388
[319]  3.3162462  0.8501011  0.7389164 10.2101051  5.5926348  4.1231939
[325]  1.6730772  0.9787439  0.5180973  1.2231639  4.2265405  3.4655882
[331]  0.1306843

$PAR
  [1]  NA   1   1   1   1   3   4   5   5   5   5   6   6   6   8  10  11  12
 [19]  12  12  13  13  14  14  15  19  19  19  19  19  19  23  23  24  25  25
 [37]  26  26  29  32  32  32  32  32  32  33  33  34  35  35  35  35  38  41
 [55]  41  43  44  44  44  45  45  46  46  46  46  46  46  46  46  46  46  46
 [73]  46  47  47  47  47  48  49  49  50  51  51  54  55  55  55  55  55  56
 [91]  57  57  58  60  61  65  65  65  65  65  67  68  68  69  69  69  69  69
[109]  71  71  74  74  75  75  75  76  76  76  77  77  77  77  77  79  80  80
[127]  82  84  86  86  88  89  89  90  92  94  95  95  95  95  98 100 100 100
[145] 101 102 102 104 104 104 106 106 108 109 109 109 110 111 111 111 114 114
[163] 114 114 114 114 114 118 118 118 119 122 125 128 128 129 130 132 132 134
[181] 134 134 134 135 140 140 141 141 142 142 142 142 142 146 147 147 154 155
[199] 158 158 158 159 163 164 164 169 169 171 171 171 177 177 177 178 182 182
[217] 184 184 184 186 188 188 188 189 190 196 199 199 202 202 202 203 203 204
[235] 207 208 208 209 209 209 209 209 213 213 213 213 213 214 214 214 219 221
[253] 221 221 222 222 222 223 225 225 228 228 228 228 230 230 230 232 234 235
[271] 244 244 244 244 244 244 244 244 245 245 246 246 246 248 251 252 252 253
[289] 255 259 259 261 261 263 270 272 274 274 281 281 281 281 281 282 282 283
[307] 283 287 287 289 289 289 292 293 296 297 298 299 299 299 306 314 314 314
[325] 315 317 317 319 323 324 326

$EXTANT
  [1] FALSE FALSE FALSE FALSE FALSE FALSE FALSE FALSE FALSE FALSE FALSE FALSE
 [13] FALSE FALSE FALSE FALSE FALSE FALSE FALSE FALSE FALSE FALSE FALSE FALSE
 [25] FALSE FALSE FALSE FALSE FALSE FALSE FALSE FALSE FALSE FALSE FALSE FALSE
 [37] FALSE FALSE FALSE FALSE FALSE FALSE FALSE FALSE FALSE FALSE FALSE FALSE
 [49] FALSE FALSE FALSE FALSE FALSE FALSE FALSE FALSE FALSE FALSE FALSE FALSE
 [61] FALSE FALSE FALSE FALSE FALSE FALSE FALSE  TRUE  TRUE FALSE FALSE  TRUE
 [73]  TRUE FALSE FALSE FALSE  TRUE FALSE FALSE FALSE FALSE FALSE FALSE FALSE
 [85] FALSE FALSE FALSE FALSE FALSE FALSE FALSE FALSE FALSE FALSE FALSE FALSE
 [97] FALSE FALSE FALSE FALSE FALSE FALSE  TRUE  TRUE FALSE FALSE FALSE  TRUE
[109]  TRUE FALSE FALSE FALSE FALSE FALSE FALSE FALSE FALSE FALSE FALSE FALSE
[121] FALSE FALSE FALSE FALSE FALSE FALSE FALSE FALSE FALSE FALSE FALSE FALSE
[133] FALSE FALSE FALSE FALSE FALSE FALSE FALSE  TRUE FALSE  TRUE FALSE FALSE
[145] FALSE FALSE FALSE FALSE  TRUE  TRUE  TRUE  TRUE  TRUE  TRUE  TRUE  TRUE
[157] FALSE FALSE FALSE FALSE FALSE FALSE FALSE FALSE FALSE FALSE FALSE FALSE
[169] FALSE FALSE FALSE FALSE FALSE FALSE FALSE FALSE FALSE FALSE FALSE FALSE
[181] FALSE FALSE FALSE FALSE  TRUE  TRUE FALSE FALSE  TRUE FALSE  TRUE  TRUE
[193]  TRUE FALSE FALSE  TRUE  TRUE  TRUE FALSE FALSE FALSE FALSE FALSE FALSE
[205] FALSE FALSE FALSE FALSE FALSE FALSE FALSE FALSE  TRUE FALSE FALSE FALSE
[217] FALSE FALSE FALSE  TRUE FALSE  TRUE FALSE FALSE FALSE  TRUE FALSE FALSE
[229] FALSE FALSE FALSE FALSE FALSE FALSE FALSE FALSE FALSE FALSE FALSE  TRUE
[241] FALSE  TRUE FALSE FALSE FALSE  TRUE  TRUE FALSE FALSE FALSE FALSE FALSE
[253]  TRUE FALSE  TRUE FALSE  TRUE FALSE  TRUE  TRUE FALSE FALSE FALSE FALSE
[265] FALSE FALSE FALSE FALSE FALSE FALSE FALSE FALSE FALSE  TRUE  TRUE FALSE
[277] FALSE  TRUE FALSE  TRUE FALSE  TRUE FALSE FALSE  TRUE  TRUE  TRUE  TRUE
[289]  TRUE  TRUE  TRUE FALSE FALSE FALSE FALSE FALSE  TRUE  TRUE  TRUE FALSE
[301] FALSE  TRUE  TRUE  TRUE  TRUE  TRUE FALSE  TRUE  TRUE FALSE  TRUE  TRUE
[313] FALSE  TRUE  TRUE  TRUE  TRUE  TRUE  TRUE  TRUE  TRUE FALSE  TRUE FALSE
[325] FALSE  TRUE  TRUE  TRUE  TRUE  TRUE  TRUE

