
Birth-death simulation object with 115 species and 35 extant species

Details for some species:

Extinction times (NA means extant)
[1] 38.72606 33.53948 41.27698 36.81391 31.01210 39.61640


Speciation times 
[1] 49.95521 44.18290 43.40833 38.99528 40.43246 42.41915


Species parents (NA for initial)
[1] NA  1  1  1  2  3


Species status (extinct or extant)
[1] "extinct" "extinct" "extinct" "extinct" "extinct" "extinct"


For more details on vector y, try sim$y, with y one of
TE TS PAR EXTANT



$TE
  [1] 38.726060 33.539484 41.276981 36.813915 31.012100 39.616396 40.977334
  [8] 41.564313 28.594524 18.052416 34.098145 35.281255 21.585814 30.448562
 [15] 26.103393 15.460507 15.095167  8.716356 12.027956 14.021679 17.935558
 [22] 21.636915 23.100757 18.154788 15.504205        NA 13.862877 15.217864
 [29] 12.205466        NA  7.485349  2.819527 14.501062 15.908480 17.138910
 [36] 13.618922 16.996311 24.730913 14.533419 22.763376 18.643526 17.337644
 [43] 15.600009 14.554539  5.847739        NA  7.063253        NA 14.127378
 [50]  2.346800  3.447648  5.545590        NA        NA  1.798314  5.094255
 [57]  4.113354  7.485088  3.681064  3.766012 13.161245 15.445829 14.356906
 [64] 16.520557 15.518505 14.840151 13.122111 15.912431 11.483669  2.656038
 [71]        NA        NA  7.554129        NA  0.624568  2.908135        NA
 [78]  6.139548        NA        NA        NA        NA        NA        NA
 [85]  6.719006        NA        NA  0.398130        NA        NA        NA
 [92] 15.234763 12.325431        NA  1.976883        NA        NA        NA
 [99]  0.497035        NA        NA  5.177961  2.837151        NA        NA
[106]  2.434441  1.631024  2.382165        NA        NA        NA        NA
[113]  1.388754        NA        NA

$TS
  [1] 49.9552117 44.1829033 43.4083253 38.9952796 40.4324555 42.4191527
  [7] 41.8163842 41.8274157 41.0559167 38.4217118 37.3799797 35.5161975
 [13] 33.8676072 35.2545155 27.8304269 26.6852564 24.4384808 21.1871150
 [19] 19.9782937 19.4287621 21.8565837 30.9076488 26.4539825 21.4786050
 [25] 20.0212705 17.5015233 16.1229731 15.2351314 13.3747178 11.3718100
 [31] 11.0683149  8.8561039 19.2283384 16.0469984 21.4545391 18.2620642
 [37] 28.2855617 24.8984049 23.0111907 22.8281786 18.9136898 18.6263286
 [43] 17.4332406 16.5389097  8.9950739  7.6668568  7.0936184  4.4031740
 [49] 14.8359834 10.0190259  8.2688573  5.6472578  3.3847624  3.3544024
 [55]  8.9773796  8.9038168  8.0413657  7.7066865  6.6700705  4.1919601
 [61] 18.9813613 18.9409861 18.7913270 18.1668157 17.5452539 15.9686886
 [67] 14.0370310 17.7450899 18.7595053  6.2005559  5.2298030  1.4928526
 [73]  7.9090097  7.3109944  6.5787623  3.1115008  2.3997931  6.2111494
 [79]  1.2341084  0.6737626  2.2456180  0.6108059  6.1863654  5.5866338
 [85]  6.8608382  5.5578054  5.3619552  7.3439411  7.2285853  5.9089389
 [91]  3.8700056 17.7521320 12.3651985  0.4199058  4.5996338  1.2538539
 [97]  1.6285838  5.1240877  2.9431666  2.4568123  0.9756556  6.8571730
[103]  3.3918884  1.3401903  5.3907442  4.1142085  5.7918602  2.7285265
[109]  3.3821189  3.1496329  2.9525266  0.8494534  2.8116389  4.3973643
[115]  0.4560893

$PAR
  [1]  NA   1   1   1   2   3   3   6   7   9   9   9   9  10  10  10  10  10
 [19]  10  10  13  14  15  16  16  16  17  18  18  18  18  18  20  20  21  21
 [37]  22  22  22  22  24  25  25  25  26  26  26  26  27  30  30  30  30  30
 [55]  31  31  32  32  32  32  33  33  35  35  35  36  36  37  41  45  46  48
 [73]  50  50  50  50  50  51  53  53  54  54  55  55  56  56  56  57  57  59
 [91]  60  69  69  72  74  74  83  84  87  87  87  88  88  88  89  89  90  90
[109]  91  91  95  97  98 107 109

$EXTANT
  [1] FALSE FALSE FALSE FALSE FALSE FALSE FALSE FALSE FALSE FALSE FALSE FALSE
 [13] FALSE FALSE FALSE FALSE FALSE FALSE FALSE FALSE FALSE FALSE FALSE FALSE
 [25] FALSE  TRUE FALSE FALSE FALSE  TRUE FALSE FALSE FALSE FALSE FALSE FALSE
 [37] FALSE FALSE FALSE FALSE FALSE FALSE FALSE FALSE FALSE  TRUE FALSE  TRUE
 [49] FALSE FALSE FALSE FALSE  TRUE  TRUE FALSE FALSE FALSE FALSE FALSE FALSE
 [61] FALSE FALSE FALSE FALSE FALSE FALSE FALSE FALSE FALSE FALSE  TRUE  TRUE
 [73] FALSE  TRUE FALSE FALSE  TRUE FALSE  TRUE  TRUE  TRUE  TRUE  TRUE  TRUE
 [85] FALSE  TRUE  TRUE FALSE  TRUE  TRUE  TRUE FALSE FALSE  TRUE FALSE  TRUE
 [97]  TRUE  TRUE FALSE  TRUE  TRUE FALSE FALSE  TRUE  TRUE FALSE FALSE FALSE
[109]  TRUE  TRUE  TRUE  TRUE FALSE  TRUE  TRUE

