
Birth-death simulation object with 315 species and 111 extant species

Details for some species:

Extinction times (NA means extant)
[1] 46.01402 15.63785 38.28136 36.76117 16.63484 31.86861


Speciation times 
[1] 49.95521 46.90909 46.79108 38.41667 37.26584 34.65373


Species parents (NA for initial)
[1] NA  1  1  2  2  2


Species status (extinct or extant)
[1] "extinct" "extinct" "extinct" "extinct" "extinct" "extinct"


For more details on vector y, try sim$y, with y one of
TE TS PAR EXTANT



$TE
  [1] 46.014022111 15.637851928 38.281362888 36.761174172 16.634843681
  [6] 31.868613975 27.336461480 27.901734286  9.959455950 18.825596978
 [11] 18.600018957 41.888248898 10.814691070 31.050288008 33.373952127
 [16] 24.942302574 27.935273898 22.820713503 12.660805041 17.500450151
 [21] 27.432955029 17.460244934 20.564547365 15.999116405  2.400172612
 [26]           NA 35.469461703 26.681154107 23.986852758 16.021464332
 [31] 14.652607932 32.456105277 23.373985831 29.232995716 14.892423815
 [36] 10.588220429 15.601850098 14.515761680 12.640338861 12.664814758
 [41] 16.023019379 15.943887937 21.815935377 16.087249473 16.688170589
 [46] 24.480898369 15.230301047           NA  2.203144657           NA
 [51]           NA  3.330795008  6.032766400 35.576482306 20.508664483
 [56] 20.690517473 13.909142624 16.814925210 15.337909368 20.731761530
 [61] 11.717020911 16.436450098 15.678291580 15.312066533 16.090969907
 [66] 11.899529177 17.499422988 14.644633945 13.109938391  1.798309712
 [71]  4.844926604           NA  5.277124105           NA 16.561038419
 [76] 17.241611204 20.809199422 11.975040308 13.593683504 11.697589041
 [81] 14.993135507 15.199205298 13.314227833  9.665969250 13.552215402
 [86] 15.153393469 11.141908075 15.841964479 14.555018263  3.985411386
 [91]  2.950816649  1.478832176           NA           NA  6.328422821
 [96]  0.258500385 13.433715987 21.132519427 14.443754309 14.026307353
[101] 12.324567801 20.751317507 16.066497629 14.662956283 13.239007471
[106] 14.437428022 13.523982316  8.834219764 13.695095369  3.836221326
[111] 10.026265815           NA  8.066526535 12.168078170 16.349523920
[116] 15.512358394  5.769677794           NA  3.494797788 14.093857555
[121] 14.450511498 11.223073882 15.839434075  8.945468374  9.712980495
[126]  6.438607554  2.311316231  3.591880773           NA  3.946987062
[131]           NA  8.519561921 11.669570953 10.641015660  8.180672395
[136] 15.525244904  1.974424811           NA           NA           NA
[141]  8.697726285  3.997813509  4.984886040           NA  2.899055271
[146]  2.232423993           NA           NA  3.495524487           NA
[151]  4.974147617  1.457978622  2.591211953           NA  1.265906362
[156]  1.703074037  3.262221948 11.308794953 13.439402436  4.490108155
[161]           NA  0.870714238           NA  2.410921872           NA
[166]  5.351579180  7.655079354  7.783646451  2.803755087           NA
[171]           NA  1.947669372           NA  0.491933260  5.548538714
[176]  3.156103733           NA           NA  4.534734718  1.208343872
[181]           NA           NA  0.254069877           NA           NA
[186]           NA           NA  6.830030322  7.554027585  4.758725096
[191]  0.884685093           NA           NA  2.815179251  1.967479741
[196]  0.006045280           NA  3.511483613  4.774955185  6.070405976
[201]  7.316584775  6.455819059           NA           NA  2.751133714
[206]           NA           NA           NA  0.585735221           NA
[211]           NA  3.748305818           NA           NA  4.759403385
[216]  4.299550609  6.044750941  4.413561758           NA           NA
[221]           NA           NA           NA           NA           NA
[226]  2.958764548  2.708726187           NA           NA  6.563912106
[231]           NA           NA  2.565611415           NA           NA
[236]  5.278698555  2.916915103  0.956682624  2.722788190           NA
[241]           NA           NA           NA  2.649995960           NA
[246]           NA  0.325476293           NA  0.019477890           NA
[251]           NA  2.370687042  2.168633654           NA           NA
[256]           NA           NA  0.803611816  0.539166030           NA
[261]  3.831685196           NA  0.305143739           NA           NA
[266]           NA  0.071638685  0.021233063           NA           NA
[271]           NA           NA           NA           NA           NA
[276]           NA  3.072667087  0.939916926  4.161030642  4.356917543
[281]           NA           NA  2.324017096           NA  2.004916414
[286]           NA           NA           NA           NA  5.571844609
[291]           NA           NA  4.868556283  0.317575729           NA
[296]           NA           NA           NA           NA           NA
[301]           NA           NA           NA           NA  0.271022339
[306]           NA           NA           NA           NA           NA
[311]  2.282762615  0.591195178  0.009421468           NA           NA

$TS
  [1] 49.95521172 46.90908659 46.79108351 38.41666975 37.26584163 34.65373496
  [7] 30.92387610 29.02565870 25.63264391 24.31318606 18.89966585 42.54015546
 [13] 38.58506707 36.63135482 35.96715131 33.01249610 32.01374131 26.50754717
 [19] 19.43216054 19.20626973 33.10153231 32.14961027 27.90449677 20.29037321
 [25] 11.09534908 10.46773888 38.14723813 30.59387071 30.33690628 16.03022537
 [31] 15.92769291 32.88315932 30.18450055 29.67216756 23.73342823 18.40798290
 [37] 16.22951167 15.31645181 12.94663268 12.83711865 18.90797930 18.71649836
 [43] 28.58013804 18.21693437 17.68035913 25.89399652 19.06399858 10.46019735
 [49]  7.31394391  7.01434489  6.89101672  4.04466892  6.52907757 37.02994804
 [55] 35.63914932 28.29699791 14.80871558 24.68324482 22.99475788 22.10565178
 [61] 17.28106614 18.36689380 16.06359132 17.59701220 16.80916920 16.67882688
 [67] 26.85660511 18.01880117 17.59531517 15.78495306  9.01156142  7.36830320
 [73]  6.84071481  3.22757763 25.13072710 19.76605195 22.70651178 22.68420419
 [79] 22.64032911 22.45139745 18.64331939 16.59327053 14.90351892 11.98393692
 [85] 17.47586242 16.32962415 15.24560433 21.78584131 16.43741879  7.54231925
 [91]  7.05203430  6.71974800  7.94981695  7.30840112  6.97484929  2.96776923
 [97] 18.25142626 21.58751108 18.67554216 16.60122416 12.54997644 20.96490236
[103] 19.02310472 18.18318614 15.70083136 16.44260818 13.98160173 17.48501941
[109] 16.17534319 11.67703268 10.18221814 17.37832303 13.72108685 19.44450596
[115] 18.88059972 15.97658325 15.37604135  5.17486901  4.31069691 14.18490176
[121] 16.71790271 17.82550165 17.14599792 11.67772333 10.35155371  9.21507546
[127]  6.17167722 10.15013965  7.86341803  5.17130671  1.38358237 12.39903784
[133] 11.70953521 10.84205850 10.40421200 17.47029117 15.61107450 11.25599323
[139] 10.77702637  9.96683027  9.83131974  8.86216578  7.06486715  2.93837027
[145]  4.17012231  3.59757019 12.12081279  8.50766102  6.62847412  4.46232567
[151]  7.62194930  7.15652663  4.56376710  9.94507021  8.96729062 10.67832709
[157]  9.03077781 14.79692278 13.56115604 12.83737411  7.89272060  7.77866618
[163]  0.35683810 10.67058513  1.20375534  9.82719452  8.86998114  8.47777077
[169]  6.76185431  0.10333060  7.03336224  7.06239760  8.51200677  7.27476862
[175]  6.81313069  3.46188010  1.09075939  1.33594914  5.56664084  5.29258709
[181]  1.31908528  5.54599526  4.14461653  3.30587486  6.65990839  6.09656065
[187]  2.26564676  9.36867353  9.29833659  5.52772157  3.07237520  2.71273361
[193]  7.62039804  6.80918229  6.54431147  3.46045030 12.37082578  8.53841485
[199]  7.54118059  6.99300130 10.09692267  7.63576153  7.40561970  6.64751624
[205]  5.25590310  3.71426254  3.70298408  0.00413001  8.54841935  4.94999696
[211]  3.75173558  6.73031190  4.47874147  5.20287209  5.49560333  5.16394198
[217]  6.35680782  6.25695987  3.76173032  0.88338233  2.56675799  1.99619064
[223]  3.49937490  2.10581209  2.02418927  5.99935294  4.67702342  2.87813276
[229]  0.39732950  7.37687649  6.64528678  4.78860188  4.24415393  2.74888386
[235]  4.55642690  5.93092232  5.26622355  7.42119860  9.87507538  6.95394731
[241]  6.73505396  6.64047135  4.73731528  3.32306427  4.67258066  3.88752042
[247]  2.82495706  0.18962610  6.87266490  6.17161914  1.70880200  4.57427010
[253]  3.37621101  2.02211651  3.36738693  1.10957094  5.11764259  1.17414462
[259]  0.76856625  5.27363433  5.13443810  3.39448272  1.33329863  1.61482347
[265]  1.50220066  2.88622457  0.90546288  0.25461275  4.46329194  4.11317637
[271]  3.76780392  2.83526031  0.33042986  4.32634155  0.96973686  0.93169739
[277]  6.80371119  9.70850116  6.23884158  5.33737193  2.28015661  3.81803976
[283]  3.83466787  1.47351525  2.95916006  2.67457517  4.21741661  1.69074571
[289]  2.25336885  5.88678941  3.55652748  0.19213535  4.96142341  1.94301836
[295]  0.61791594  0.84915082  4.37121029  0.18562049  0.29299114  0.94743535
[301]  2.71913513  4.68685983  0.43861645  3.59455402  3.28682141  1.08348458
[307]  0.34309146  2.51249941  0.01334748  0.10833344  2.66469668  2.21608580
[313]  0.04922066  0.86622112  0.30168833

$PAR
  [1]  NA   1   1   2   2   2   2   2   2   2   2   3   3   5   5   5   5   5
 [19]   5   5   6   6   7   9   9   9  13  13  13  13  13  16  17  17  18  19
 [37]  19  19  19  19  20  20  21  22  22  23  24  25  25  25  25  25  26  27
 [55]  27  29  31  33  35  35  36  41  41  42  42  42  43  44  45  47  48  48
 [73]  51  51  55  58  59  59  59  59  59  59  61  61  62  64  66  67  68  70
 [91]  70  70  71  71  72  72  75  78  78  78  78  79  79  79  79  80  80  81
[109]  81  84  84  85  87  88  88  89  89  92  93 100 103 104 104 108 108 110
[127] 110 112 112 112 112 113 113 113 113 115 116 117 117 117 117 117 117 118
[145] 119 119 122 126 126 127 128 128 130 132 132 134 135 137 137 137 137 137
[163] 138 139 139 140 140 140 140 140 142 143 147 147 147 147 147 148 149 149
[181] 150 152 152 154 155 155 155 156 156 156 156 156 157 157 157 157 158 160
[199] 161 161 164 164 164 164 164 164 164 165 166 169 169 171 171 172 173 173
[217] 174 174 174 178 180 180 183 183 184 185 185 185 186 193 193 193 193 193
[235] 194 195 195 199 201 202 203 203 203 204 205 205 207 207 209 209 209 210
[253] 210 211 213 213 214 214 214 215 218 219 219 221 221 223 224 224 226 226
[271] 227 228 228 232 234 235 238 239 239 240 240 241 243 243 244 244 245 245
[289] 247 249 249 249 250 254 254 256 257 262 264 274 278 280 282 287 287 288
[307] 289 291 291 298 301 302 304 306 307

$EXTANT
  [1] FALSE FALSE FALSE FALSE FALSE FALSE FALSE FALSE FALSE FALSE FALSE FALSE
 [13] FALSE FALSE FALSE FALSE FALSE FALSE FALSE FALSE FALSE FALSE FALSE FALSE
 [25] FALSE  TRUE FALSE FALSE FALSE FALSE FALSE FALSE FALSE FALSE FALSE FALSE
 [37] FALSE FALSE FALSE FALSE FALSE FALSE FALSE FALSE FALSE FALSE FALSE  TRUE
 [49] FALSE  TRUE  TRUE FALSE FALSE FALSE FALSE FALSE FALSE FALSE FALSE FALSE
 [61] FALSE FALSE FALSE FALSE FALSE FALSE FALSE FALSE FALSE FALSE FALSE  TRUE
 [73] FALSE  TRUE FALSE FALSE FALSE FALSE FALSE FALSE FALSE FALSE FALSE FALSE
 [85] FALSE FALSE FALSE FALSE FALSE FALSE FALSE FALSE  TRUE  TRUE FALSE FALSE
 [97] FALSE FALSE FALSE FALSE FALSE FALSE FALSE FALSE FALSE FALSE FALSE FALSE
[109] FALSE FALSE FALSE  TRUE FALSE FALSE FALSE FALSE FALSE  TRUE FALSE FALSE
[121] FALSE FALSE FALSE FALSE FALSE FALSE FALSE FALSE  TRUE FALSE  TRUE FALSE
[133] FALSE FALSE FALSE FALSE FALSE  TRUE  TRUE  TRUE FALSE FALSE FALSE  TRUE
[145] FALSE FALSE  TRUE  TRUE FALSE  TRUE FALSE FALSE FALSE  TRUE FALSE FALSE
[157] FALSE FALSE FALSE FALSE  TRUE FALSE  TRUE FALSE  TRUE FALSE FALSE FALSE
[169] FALSE  TRUE  TRUE FALSE  TRUE FALSE FALSE FALSE  TRUE  TRUE FALSE FALSE
[181]  TRUE  TRUE FALSE  TRUE  TRUE  TRUE  TRUE FALSE FALSE FALSE FALSE  TRUE
[193]  TRUE FALSE FALSE FALSE  TRUE FALSE FALSE FALSE FALSE FALSE  TRUE  TRUE
[205] FALSE  TRUE  TRUE  TRUE FALSE  TRUE  TRUE FALSE  TRUE  TRUE FALSE FALSE
[217] FALSE FALSE  TRUE  TRUE  TRUE  TRUE  TRUE  TRUE  TRUE FALSE FALSE  TRUE
[229]  TRUE FALSE  TRUE  TRUE FALSE  TRUE  TRUE FALSE FALSE FALSE FALSE  TRUE
[241]  TRUE  TRUE  TRUE FALSE  TRUE  TRUE FALSE  TRUE FALSE  TRUE  TRUE FALSE
[253] FALSE  TRUE  TRUE  TRUE  TRUE FALSE FALSE  TRUE FALSE  TRUE FALSE  TRUE
[265]  TRUE  TRUE FALSE FALSE  TRUE  TRUE  TRUE  TRUE  TRUE  TRUE  TRUE  TRUE
[277] FALSE FALSE FALSE FALSE  TRUE  TRUE FALSE  TRUE FALSE  TRUE  TRUE  TRUE
[289]  TRUE FALSE  TRUE  TRUE FALSE FALSE  TRUE  TRUE  TRUE  TRUE  TRUE  TRUE
[301]  TRUE  TRUE  TRUE  TRUE FALSE  TRUE  TRUE  TRUE  TRUE  TRUE FALSE FALSE
[313] FALSE  TRUE  TRUE

