
Birth-death simulation object with 130 species and 38 extant species

Details for some species:

Extinction times (NA means extant)
[1] 43.73238 38.41241 43.85243 33.86869 41.34307 32.32880


Speciation times 
[1] 49.95521 45.97537 45.40690 45.21436 43.66527 38.91695


Species parents (NA for initial)
[1] NA  1  1  1  2  2


Species status (extinct or extant)
[1] "extinct" "extinct" "extinct" "extinct" "extinct" "extinct"


For more details on vector y, try sim$y, with y one of
TE TS PAR EXTANT



$TE
  [1] 43.73238251 38.41240528 43.85242839 33.86868954 41.34306610 32.32880070
  [7] 35.78795012 35.13809237 24.43543187 34.98891994 35.25796778 13.49976166
 [13] 28.58582555 14.28728185 15.23587423 31.96959932 23.29808411  7.77220200
 [19] 29.08613976 17.80874368 14.54444914 13.18820738 15.61372825 20.23526178
 [25] 16.03019537 28.44950931 33.42556035 33.71695649 22.37714273 27.45603410
 [31] 22.15622841 15.62182679  5.81328057 28.53022600 29.76196716 21.17883796
 [37] 13.04756236 17.39149261 16.52494215 13.89566318 28.64895586 13.18954145
 [43] 22.82143541          NA 25.77826628 22.62156314 17.07209388 13.22515972
 [49] 28.06224341 21.33634925          NA          NA          NA          NA
 [55]          NA 19.28440199 11.67712866 30.11661433 17.40585629 15.11725751
 [61]          NA          NA          NA          NA 12.24463159  2.78568429
 [67]  3.63262150 12.96919058 13.44255170          NA          NA          NA
 [73]  3.99760490  3.00972666  4.83856254  9.77843246          NA          NA
 [79]          NA 18.28849233 15.87609971 11.79620127 12.66738156 12.80732100
 [85] 11.00820716 18.83093629          NA  0.06281628  7.15230029  5.22117479
 [91]          NA  3.26359128          NA  6.11062207          NA          NA
 [97]          NA          NA          NA          NA          NA          NA
[103] 12.34633289          NA  6.17486059  3.88957679          NA  3.31599499
[109] 14.47995594  6.43683819 12.10137574          NA  5.57672898  3.86996445
[115]          NA 10.87130161  9.13845942          NA  7.46224488 12.17287822
[121]  1.44082465  1.53271505          NA          NA  0.20534732  5.74988817
[127]          NA          NA          NA          NA

$TS
  [1] 49.9552117 45.9753678 45.4069005 45.2143621 43.6652733 38.9169460
  [7] 44.3826702 36.0218174 35.9262230 42.2571155 36.5645843 35.9983302
 [13] 29.8117455 29.5868905 25.3612236 39.4597009 38.0300771 32.1059611
 [19] 31.4197409 29.1851052 23.0378715 22.5287857 16.0244122 21.8266994
 [25] 18.2226010 36.7202718 34.5369315 34.2721717 32.0395891 36.4367119
 [31] 24.3627840 16.1539439  9.2923391 31.0258808 29.8507396 23.7162870
 [37] 20.5813730 19.8691199 21.2134353 15.4626853 29.1498199 35.9338405
 [43] 33.7817971  5.8205303 28.8701656 22.8427600 19.6468333 14.8543982
 [49] 31.4434599 27.9275043  5.7323180  5.0584049  2.6529650  2.0644360
 [55]  1.9171526 19.4983144 13.9940948 30.9958144 26.5292073 24.7091334
 [61]  2.1340564  0.6839517  1.6273082  1.0303329 13.6608801 12.6716177
 [67] 12.5600870 23.8286130 24.2378279  1.1600581  0.2225108 10.1952141
 [73]  8.9881249  6.8466113  6.2590202 10.9715356  9.4157251  8.0261994
 [79]  6.3275748 21.8028438 19.7719281 16.9357195 16.7037659 14.7104903
 [85] 13.0286187 22.8202824  0.9481452  0.9364435  7.4657823  7.4651731
 [91]  1.4230492  6.1420075  3.3027243  8.0810785  3.9453772  3.5275556
 [97]  0.9711590  0.7942303  0.1162885  4.8445840  2.3913791 11.0637724
[103] 22.5149290  1.1544308  8.5819127  7.7495744  7.2693343  6.6434490
[109] 21.5167198 18.1342290 12.9598631  7.5669723  7.5479548  6.2182030
[115]  6.5634601 14.4862947 12.7775796  4.8891005  7.4635708 13.6635386
[121] 10.8590721  2.0418971  1.5625067  1.2686161 10.2252951  9.3865535
[127]  7.9702550  0.1401735  6.8974992  4.2265048

$PAR
  [1]  NA   1   1   1   2   2   4   4   4   5   7   8   9   9   9  10  10  12
 [19]  12  12  12  12  12  14  15  16  16  16  16  17  18  18  18  19  19  20
 [37]  20  20  22  22  26  30  30  33  34  36  37  40  42  42  44  44  44  44
 [55]  44  47  48  49  50  50  52  52  53  54  57  57  57  59  60  63  63  66
 [73]  66  66  66  67  67  67  67  68  68  68  68  68  68  69  70  70  72  72
 [91]  72  73  74  77  77  77  78  78  78  79  79  85  86  95 102 102 102 102
[109] 103 103 103 105 105 105 108 109 111 112 113 116 117 118 118 118 121 121
[127] 121 123 125 125

$EXTANT
  [1] FALSE FALSE FALSE FALSE FALSE FALSE FALSE FALSE FALSE FALSE FALSE FALSE
 [13] FALSE FALSE FALSE FALSE FALSE FALSE FALSE FALSE FALSE FALSE FALSE FALSE
 [25] FALSE FALSE FALSE FALSE FALSE FALSE FALSE FALSE FALSE FALSE FALSE FALSE
 [37] FALSE FALSE FALSE FALSE FALSE FALSE FALSE  TRUE FALSE FALSE FALSE FALSE
 [49] FALSE FALSE  TRUE  TRUE  TRUE  TRUE  TRUE FALSE FALSE FALSE FALSE FALSE
 [61]  TRUE  TRUE  TRUE  TRUE FALSE FALSE FALSE FALSE FALSE  TRUE  TRUE  TRUE
 [73] FALSE FALSE FALSE FALSE  TRUE  TRUE  TRUE FALSE FALSE FALSE FALSE FALSE
 [85] FALSE FALSE  TRUE FALSE FALSE FALSE  TRUE FALSE  TRUE FALSE  TRUE  TRUE
 [97]  TRUE  TRUE  TRUE  TRUE  TRUE  TRUE FALSE  TRUE FALSE FALSE  TRUE FALSE
[109] FALSE FALSE FALSE  TRUE FALSE FALSE  TRUE FALSE FALSE  TRUE FALSE FALSE
[121] FALSE FALSE  TRUE  TRUE FALSE FALSE  TRUE  TRUE  TRUE  TRUE

