
Birth-death simulation object with 192 species and 48 extant species

Details for some species:

Extinction times (NA means extant)
[1] 39.11363 47.80096 28.27113 43.83732 38.35246 36.45606


Speciation times 
[1] 49.26651 48.79259 48.11095 45.16177 42.35831 41.92027


Species parents (NA for initial)
[1] NA  1  1  1  1  1


Species status (extinct or extant)
[1] "extinct" "extinct" "extinct" "extinct" "extinct" "extinct"


For more details on vector y, try sim$y, with y one of
TE TS PAR EXTANT



$TE
  [1] 39.1136327 47.8009642 28.2711302 43.8373189 38.3524642 36.4560587
  [7] 43.0333694 30.4506361 30.0472124 32.2759779 29.6683635 36.3340143
 [13] 26.1435942 33.1631707 29.8926688 19.6390078 24.2829389 31.6186275
 [19] 31.1290442 22.2868614 29.9485994 32.3113166 35.9907963 15.3048011
 [25] 32.8418377 31.9915478 26.5213119 22.7035357 27.2076093 28.2021366
 [31] 17.8286563 15.2286127 29.1275993 20.0863869 23.9560227 27.0846077
 [37] 23.8575871 26.6452322 14.1003709 15.3335510 16.0625942 25.0977384
 [43] 16.4048858 16.3049072 16.5981107 13.9876954 18.7417513 15.2283627
 [49] 13.7897805 20.9809890 30.3223061 20.4163118 27.2676048 18.8664091
 [55] 14.7071809 14.3273053 16.1955052 18.9661275 19.0093381 13.6218825
 [61] 25.9811210 13.8628303 11.1738325 11.3580360 15.1383805  6.5720702
 [67] 11.1994944  8.4785001 26.4292483 13.0182065 12.7461729 14.5031846
 [73] 20.4409121 15.2900020 13.8012716  4.3317312 18.9453957 26.2408463
 [79] 18.9092284 13.9453120 17.8916255 12.0201233 12.1627679 14.5162671
 [85] 18.3510072 17.7412427 15.3110786 14.1686038         NA  9.4995426
 [91]  5.1016296 12.0887105 12.9070753  0.8325332  5.9615135 28.9034593
 [97] 23.3012433 15.5973470 15.2983331 13.9432972 18.2240050 16.9197650
[103] 25.3730167 22.2163779 19.0208827 14.7056497 13.7822671  7.4754120
[109]         NA 10.7546414 25.4093965 15.0125948 12.0630674 12.5753948
[115] 13.9256699 14.3355681 15.1986471 11.4467169 11.4790042         NA
[121]  8.5276868 12.3696075  6.4692626         NA  1.5805424         NA
[127] 13.9981036 14.7559086 13.7445974         NA 12.4133397 12.3865017
[133]         NA  1.2095367  0.4683883         NA  8.0854228  4.6636641
[139]  0.7195168         NA         NA         NA         NA 14.1245459
[145] 12.0879237         NA         NA         NA         NA  7.3200782
[151]         NA         NA         NA         NA 13.0624960         NA
[157]  7.7424154  6.5228198         NA  4.2387327  3.0823153  1.4592776
[163]         NA         NA         NA         NA  5.7024750         NA
[169]         NA  4.9501542         NA         NA  4.7939114         NA
[175]         NA         NA         NA         NA         NA         NA
[181]         NA         NA  0.2308457         NA         NA         NA
[187]         NA         NA         NA         NA         NA         NA

$TS
  [1] 49.26651148 48.79259360 48.11095384 45.16176784 42.35830717 41.92026796
  [7] 45.07935149 44.04761635 38.47430443 34.67025153 30.40049785 39.42051069
 [13] 38.32477542 33.42973139 32.84571102 32.57725060 32.64583128 34.41322007
 [19] 33.87042423 33.09332017 32.49165715 36.84433475 36.29065449 34.44775176
 [25] 33.25450688 32.57283062 29.89715091 28.31167135 28.18496129 30.06490660
 [31] 32.17136546 30.87475997 30.32862390 26.37365923 25.43643787 34.07576990
 [37] 31.28598994 27.07496019 24.17953733 36.31766579 34.43459206 25.48430090
 [43] 18.03859910 18.03668039 17.14590844 15.53684490 25.90180009 24.79632935
 [49] 24.76069664 28.50510874 31.34449259 29.68199295 27.52314885 19.58175428
 [55] 28.18612435 25.42381881 31.75919811 29.04801438 19.19297395 14.93464922
 [61] 32.42331940 21.91128982 16.50720701 17.90364132 19.89181550 18.27290355
 [67] 13.81679734 22.03066546 30.64174117 28.89991734 19.46456295 18.36075981
 [73] 23.73727506 21.63185729 16.63191489 28.59964516 21.07520664 26.94357299
 [79] 20.61642627 27.27399065 19.32982475 13.95119029 14.65539753 16.49911062
 [85] 19.86684796 18.79436684 18.66424547 17.17585628 14.65070446 10.17464782
 [91]  6.91601721 13.98013512 13.28617101 11.48134501  9.20423105 30.56563337
 [97] 25.41687158 17.16649178 16.43615644 16.22118678 21.56532900 19.65826286
[103] 26.49810783 24.46638362 21.74248388 20.03382102 14.74174410 13.64019667
[109] 13.02463095 11.95340295 26.48197514 26.30349877 19.82322744 13.74564032
[115] 15.63765126 15.44520771 15.37920433 14.21744439 12.42631173  6.16847129
[121] 13.27358354 13.11026612  9.30671054  8.33446640  7.15631194  6.20389317
[127] 17.03745098 16.29362027 14.93333242  2.23941464 16.37408085 13.83571127
[133]  5.56546953  2.28383260  1.78545530  0.52621812  9.48338136  8.95484628
[139]  8.62043483  1.26120405  0.12943384  5.43738206  3.55617974 15.59914269
[145] 15.48706570 13.35001418  1.26259996  0.68200732  8.60289742  7.36497626
[151]  1.46946503  0.81575645  1.59368636  1.94814415 13.07351147  8.55876956
[157]  8.18223543  7.64942374  6.82864529  6.74481355  6.06204460  5.61312035
[163]  3.11166897  2.71888989  2.03767856  0.29917860  7.58351142  2.43223028
[169]  0.75548323  5.57321532  4.64751796  4.08295269  5.03629680  3.31730042
[175]  3.61300835  1.81771637  0.25072790  2.81328034  4.91258550  2.38803905
[181]  0.26917221  2.20278542  0.51335492  0.28127460  2.30612650  0.29421941
[187]  0.04549361  0.81031918  0.60945974  0.21203518  0.43087388  0.20819580

$PAR
  [1]  NA   1   1   1   1   1   3   3   3   3   3   6   6   8   8   8   9  10
 [19]  10  10  10  13  13  13  13  13  13  13  13  15  17  17  17  17  17  18
 [37]  20  20  20  22  22  24  24  24  24  24  28  28  28  30  31  31  31  31
 [55]  32  34  36  36  39  39  40  40  43  44  49  49  49  50  51  52  54  55
 [73]  56  56  56  57  57  58  58  61  62  62  63  64  65  65  65  66  66  66
 [91]  66  68  68  68  68  69  70  71  71  71  74  74  76  76  76  76  76  76
[109]  76  76  78  78  80  83  84  88  88  88  89  91  92  93  94  94  95  95
[127]  98  98 100 109 113 118 120 120 120 120 121 121 121 124 124 125 125 128
[145] 131 131 135 135 137 139 139 139 142 143 146 146 146 146 146 146 146 146
[163] 146 146 146 146 149 149 152 159 160 161 162 162 171 171 171 172 173 174
[181] 174 175 175 176 178 178 178 179 180 185 188 191

$EXTANT
  [1] FALSE FALSE FALSE FALSE FALSE FALSE FALSE FALSE FALSE FALSE FALSE FALSE
 [13] FALSE FALSE FALSE FALSE FALSE FALSE FALSE FALSE FALSE FALSE FALSE FALSE
 [25] FALSE FALSE FALSE FALSE FALSE FALSE FALSE FALSE FALSE FALSE FALSE FALSE
 [37] FALSE FALSE FALSE FALSE FALSE FALSE FALSE FALSE FALSE FALSE FALSE FALSE
 [49] FALSE FALSE FALSE FALSE FALSE FALSE FALSE FALSE FALSE FALSE FALSE FALSE
 [61] FALSE FALSE FALSE FALSE FALSE FALSE FALSE FALSE FALSE FALSE FALSE FALSE
 [73] FALSE FALSE FALSE FALSE FALSE FALSE FALSE FALSE FALSE FALSE FALSE FALSE
 [85] FALSE FALSE FALSE FALSE  TRUE FALSE FALSE FALSE FALSE FALSE FALSE FALSE
 [97] FALSE FALSE FALSE FALSE FALSE FALSE FALSE FALSE FALSE FALSE FALSE FALSE
[109]  TRUE FALSE FALSE FALSE FALSE FALSE FALSE FALSE FALSE FALSE FALSE  TRUE
[121] FALSE FALSE FALSE  TRUE FALSE  TRUE FALSE FALSE FALSE  TRUE FALSE FALSE
[133]  TRUE FALSE FALSE  TRUE FALSE FALSE FALSE  TRUE  TRUE  TRUE  TRUE FALSE
[145] FALSE  TRUE  TRUE  TRUE  TRUE FALSE  TRUE  TRUE  TRUE  TRUE FALSE  TRUE
[157] FALSE FALSE  TRUE FALSE FALSE FALSE  TRUE  TRUE  TRUE  TRUE FALSE  TRUE
[169]  TRUE FALSE  TRUE  TRUE FALSE  TRUE  TRUE  TRUE  TRUE  TRUE  TRUE  TRUE
[181]  TRUE  TRUE FALSE  TRUE  TRUE  TRUE  TRUE  TRUE  TRUE  TRUE  TRUE  TRUE

