
Birth-death simulation object with 150 species and 26 extant species

Details for some species:

Extinction times (NA means extant)
[1] 45.34813 40.64389 45.19900 44.42829 36.93845 37.90739


Speciation times 
[1] 49.26651 48.30613 47.00848 45.40296 45.05082 42.11640


Species parents (NA for initial)
[1] NA  1  2  3  4  5


Species status (extinct or extant)
[1] "extinct" "extinct" "extinct" "extinct" "extinct" "extinct"


For more details on vector y, try sim$y, with y one of
TE TS PAR EXTANT



$TE
  [1] 45.3481269 40.6438908 45.1989953 44.4282867 36.9384459 37.9073900
  [7] 37.4085908 38.9312323 27.0430836 18.1014212 37.8353212 27.7754690
 [13] 31.8854301         NA 37.0817470 30.0445863 14.7941885 13.7501872
 [19] 15.3491477 12.8455945 18.3396856 28.5134976 12.4962394 23.2525254
 [25] 18.2274330 16.0731867 12.7256842 14.3080199  5.4425027  0.9701259
 [31] 24.7730993 20.9874259 18.0438524 14.6805704 17.9421060 17.5362547
 [37] 15.0705942 16.8738885 14.0926813 17.9063890 16.1525888 15.6284941
 [43] 12.4581355 10.4596601 27.3232794 20.1755319 24.7783046 21.0284188
 [49] 16.0330884 10.6661384  0.6238550         NA         NA  4.0280253
 [55]  0.8764601 14.8666894 14.3355189 16.8140675 17.1852327 19.6723390
 [61] 17.1423468 11.2467439 14.7629162 17.0497954 13.4447349 14.0954051
 [67] 12.3008538 14.7969976 18.7991360 17.6092572 22.8985972 20.9594393
 [73] 14.1800244 10.6236809  2.3029281         NA         NA  9.6077776
 [79]  5.1251030         NA         NA  3.0835524 18.9202007 15.1562502
 [85] 14.3175157 23.8546955 14.7956302 14.4002099 14.6743967 11.0001371
 [91]  5.8372394 11.7452816 18.2461508 17.7105406 13.2738290 20.1315323
 [97] 14.7375314 14.3716374 12.0150638 15.2419449 12.1046843  5.3642052
[103]         NA         NA  5.1699594         NA 16.4273196  5.5857648
[109] 15.1071486  9.9062102         NA 19.4142581 14.7683737 19.1861507
[115]  5.9685288 11.2724139 10.6628134 13.5812395 14.2461320         NA
[121]         NA 20.1882084 14.7893490         NA         NA 11.2158578
[127]  5.7348053 13.4339449 17.8258095 13.9109094         NA         NA
[133]         NA         NA 11.4943208  4.2054988  9.8377630         NA
[139]  1.9244004  3.0915572         NA         NA  3.7643962         NA
[145]         NA  4.8166072  4.0509643  3.0899182         NA         NA

$TS
  [1] 49.2665115 48.3061332 47.0084767 45.4029587 45.0508200 42.1163955
  [7] 40.9182627 39.1491014 37.3419210 41.3796958 38.3044195 32.9097434
 [13] 32.3268749 27.9696300 37.1038130 31.2464952 31.0374157 21.9007413
 [19] 21.2016617 20.6478496 19.9221354 29.4124999 28.2373219 26.0657968
 [25] 19.5054103 18.5952974 15.7945195 14.9138919 13.8573143  1.8364239
 [31] 31.0102528 29.8249776 29.0502907 23.6249396 18.9261498 18.2567523
 [37] 15.4849867 19.0025783 18.2974855 20.8172901 19.2225416 15.7680185
 [43] 14.6093599 12.9810864 29.0013889 27.6296724 25.6556453 25.3595409
 [49] 24.1150357 13.2469618 11.4772607 11.3824634  7.8786364  7.0806060
 [55]  6.0339737 29.3357603 28.9342994 28.4301102 23.1133240 19.6814762
 [61] 17.3712547 16.6007936 15.9609688 17.5944528 16.3609077 15.2702405
 [67] 19.5743847 28.9532220 22.9890216 23.9506419 23.1964871 21.9077696
 [73] 17.2218456 10.8052870  7.1705202  4.1739224  2.5687031 11.2945571
 [79]  9.0519411  1.9767225  1.0998190  5.1599146 19.5298233 17.4428917
 [85] 15.3428579 28.6374698 15.0438746 20.1325724 20.0964602 17.1526742
 [91] 15.0709490 19.3753877 24.8160159 22.3286986 21.8568202 21.6927276
 [97] 20.5673993 20.9394341 19.3929528 21.4574597 14.9985474  6.3991513
[103]  0.6854029  0.4067545  6.3088022  0.2866623 17.9468317 14.5880668
[109] 15.4210924 12.8786022  7.6399021 23.4454025 21.6936564 20.0687704
[115] 16.1919282 13.5405677 14.7841403 17.8051896 15.8122774  1.7426537
[121]  0.9410841 20.4649594 18.9700013 12.1651279  6.0094611 13.5000806
[127] 12.1727714 15.7249797 17.8802252 14.8373846  1.6521650  5.3278663
[133]  5.1357923  0.5129081 12.5988446 11.8001317 10.6057329 10.0533888
[139]  9.0346608  6.6122925  1.4549371  4.1568302  4.3596734  6.5071437
[145]  0.8103222  6.3925849  4.8090170  4.7331226  1.6116629  3.1121948

$PAR
  [1]  NA   1   2   3   4   5   5   5   5   6   7   9   9   9  10  10  10  10
 [19]  10  10  10  12  12  14  14  14  14  14  14  14  16  17  17  17  17  17
 [37]  17  18  18  19  19  20  20  20  22  23  24  24  24  29  29  29  29  29
 [55]  29  31  31  33  33  34  34  34  34  38  39  39  40  45  46  49  49  49
 [73]  49  51  51  51  51  52  52  52  53  54  56  56  56  57  57  58  58  64
 [91]  66  67  68  68  68  69  69  70  70  72  73  75  76  76  79  81  88  88
[109]  89  90  91  93  94  94  95  95  97  98 100 111 111 112 113 115 115 117
[127] 117 119 123 123 124 125 125 125 126 127 127 127 127 127 132 133 136 138
[145] 138 139 139 139 144 148

$EXTANT
  [1] FALSE FALSE FALSE FALSE FALSE FALSE FALSE FALSE FALSE FALSE FALSE FALSE
 [13] FALSE  TRUE FALSE FALSE FALSE FALSE FALSE FALSE FALSE FALSE FALSE FALSE
 [25] FALSE FALSE FALSE FALSE FALSE FALSE FALSE FALSE FALSE FALSE FALSE FALSE
 [37] FALSE FALSE FALSE FALSE FALSE FALSE FALSE FALSE FALSE FALSE FALSE FALSE
 [49] FALSE FALSE FALSE  TRUE  TRUE FALSE FALSE FALSE FALSE FALSE FALSE FALSE
 [61] FALSE FALSE FALSE FALSE FALSE FALSE FALSE FALSE FALSE FALSE FALSE FALSE
 [73] FALSE FALSE FALSE  TRUE  TRUE FALSE FALSE  TRUE  TRUE FALSE FALSE FALSE
 [85] FALSE FALSE FALSE FALSE FALSE FALSE FALSE FALSE FALSE FALSE FALSE FALSE
 [97] FALSE FALSE FALSE FALSE FALSE FALSE  TRUE  TRUE FALSE  TRUE FALSE FALSE
[109] FALSE FALSE  TRUE FALSE FALSE FALSE FALSE FALSE FALSE FALSE FALSE  TRUE
[121]  TRUE FALSE FALSE  TRUE  TRUE FALSE FALSE FALSE FALSE FALSE  TRUE  TRUE
[133]  TRUE  TRUE FALSE FALSE FALSE  TRUE FALSE FALSE  TRUE  TRUE FALSE  TRUE
[145]  TRUE FALSE FALSE FALSE  TRUE  TRUE

