
Birth-death simulation object with 230 species and 60 extant species

Details for some species:

Extinction times (NA means extant)
[1] 28.54858 43.55010 34.51602 30.75747 26.82286 34.90502


Speciation times 
[1] 49.26651 44.50912 41.41656 35.06485 28.97213 39.41632


Species parents (NA for initial)
[1] NA  1  1  1  1  3


Species status (extinct or extant)
[1] "extinct" "extinct" "extinct" "extinct" "extinct" "extinct"


For more details on vector y, try sim$y, with y one of
TE TS PAR EXTANT



$TE
  [1] 28.54857522 43.55010288 34.51601924 30.75746581 26.82285520 34.90501921
  [7] 12.91165276 26.36602660 20.63172319 19.76837618 18.81574580 32.55861909
 [13] 22.61012782 15.24024772 11.85461599 20.99812119 18.77445450 15.24348467
 [19] 27.89984069 16.62966639 15.12462949 29.07060902 17.42599678 26.10565920
 [25] 24.94216208 18.21604682 12.92885598 14.43784305 12.27646451 13.19841599
 [31] 11.81124995          NA  7.56321068 15.01557202 15.52944123 15.21215020
 [37]  2.94596395 15.66715090 14.34105243 27.96581375 24.13441401 16.77655619
 [43] 14.28151764 16.18490137 23.07808603 26.50125587 24.85613614 14.91204366
 [49] 14.68749128 10.96551853 13.04145184 12.03946865  5.88750202  6.99783343
 [55]          NA  1.88439759 10.97786561 15.40627702 15.10927611  4.37939848
 [61]          NA  2.74004700 11.35453118 17.84104731 17.87060572 13.44067224
 [67] 18.45503881 16.86849013 15.39421768 13.46559365 17.29361055 14.74897429
 [73] 20.98090027 14.40611381 12.80508030 13.60640098 14.97007082 11.62688058
 [79] 11.50579062 12.84486485 11.07360312 12.34193126  2.62350427  3.06927368
 [85]  2.56158006  8.38357557          NA          NA 14.64713607          NA
 [91]          NA  4.25654235  1.34802460          NA          NA 11.89292314
 [97] 15.09205550 14.93685597 13.95179855 14.08696127 14.07260874 12.33511470
[103] 11.34294119 12.74584920 15.45051788 15.08147382 17.83919046 17.44766541
[109] 14.79570047 11.62170678 23.48834277 14.58903506  6.42513287 11.46130740
[115] 11.58508488          NA          NA  2.17200156  4.35110587          NA
[121]          NA  7.24515179          NA          NA          NA          NA
[127]  2.00922283  2.94909923          NA          NA 11.30037096 13.37449431
[133]  1.45516075 13.81894609 17.50804692 14.56962740 14.70574207 17.08510372
[139] 11.85498867 14.82489515 14.15159903 16.86356830 15.18326349 15.24406882
[145] 13.45753015 13.11497158          NA  2.90350286          NA  3.63505916
[151]          NA  2.14257362          NA          NA          NA  1.38202152
[157]  2.59598031  0.81582084  1.31583872          NA          NA          NA
[163]  2.83196111  5.09740121  6.22326919 11.46195615 13.46328748 12.70235154
[169]          NA 13.08582584 13.62099837 12.65057367 10.85514446  7.48966241
[175]  5.17282975          NA          NA          NA          NA          NA
[181]          NA  0.61362695  4.03647089  4.69211854          NA          NA
[187]          NA          NA          NA  6.03985611          NA  5.77460742
[193]  1.59929239 12.97776023 14.34560195 14.52796677 12.72717571  7.78639623
[199]          NA          NA 11.63309482  0.69296896  1.88724783          NA
[205]          NA  1.32831011  5.07795365  1.72992501  7.67818493  2.12300154
[211]          NA          NA          NA  0.45529099          NA          NA
[217]  3.66468652          NA  2.56122957          NA          NA          NA
[223]          NA  0.04675727          NA          NA          NA          NA
[229]          NA  0.30000657

$TS
  [1] 49.26651148 44.50912250 41.41655817 35.06485096 28.97213427 39.41632111
  [7] 37.75341844 28.95781826 28.43387328 36.52676369 36.18186507 35.82695699
 [13] 28.14388755 24.46426060 24.15562443 21.16148844 20.72873199 20.48555583
 [19] 28.16837678 20.72282989 35.19745610 30.47541471 25.41992436 28.60769723
 [25] 27.97408252 27.26314973 24.37190132 24.02887959 17.17876259 14.61339387
 [31] 13.51740296 12.51588812 12.24203701 19.18773741 17.79792921 16.81317026
 [37] 16.71676646 15.80912614 15.71600067 30.23392343 26.93783832 20.90807061
 [43] 19.58907397 28.47648247 26.93213704 27.90250897 27.26023009 25.51496651
 [49] 15.06562569 14.84045647 16.14796604 12.33305618 10.18436044  9.29209528
 [55]  8.01752545  5.25532741 11.62456994 17.62683011 16.74449376  9.08912794
 [61]  7.63689993  6.32739542 15.37827960 25.43057945 24.96120545 18.81734779
 [67] 18.80478711 22.04170109 20.81271332 19.37307912 17.90560793 26.12367907
 [73] 26.05767618 20.72420359 20.51113540 18.62473799 15.35692361 14.95550947
 [79] 13.86792012 13.62789113 12.96110223 13.39444635  9.03097820  7.61839688
 [85]  6.45132924  8.92500224  8.24189259  4.69623788 15.95887050 15.21170410
 [91]  8.84617296  4.57820851  6.73741135  6.10142697  3.47153340 13.59231347
 [97] 21.79500346 21.68279787 20.25521768 21.06025401 20.01987109 13.58263920
[103] 19.69829396 17.37347002 18.31144702 17.18944242 21.21263313 20.07727995
[109] 18.95443855 15.75261652 25.28632757 15.82143812 14.66094761 13.35379298
[115] 12.46815488  4.14065746  5.25105584  6.30201158  4.92096687  0.94468999
[121]  2.54177969  8.42016603  7.82430908  4.37364332  2.11728007  2.01588394
[127]  8.83266333  6.06855987  0.73591812  2.08281114 13.14787639 20.20130101
[133] 19.30359353 17.14993488 18.35191627 18.49647011 18.48165196 17.32776547
[139] 13.20833720 15.67984170 18.54725058 18.78115160 16.41910985 16.04577269
[145] 13.89472068 13.13365385  7.99546383  3.72549587  3.29061870  4.34839492
[151]  3.81206110  3.12632907  1.81983451  2.47935812  4.45281279  6.62857250
[157]  6.24866328  3.93237978  2.11026868  1.53145461  1.47551977  0.11520065
[163]  8.41952976  7.71476029  7.30620772 18.37902280 15.99637021 17.84243771
[169] 11.10854232 17.84967379 15.49970920 13.06989268 17.98662744  7.57104144
[175]  5.74220991  0.26114671  1.37448296  1.17836610  1.79366899  1.13249114
[181]  0.06573185  1.18827824  6.27762461  5.10520120  6.15948355  3.70093710
[187]  1.25834765  0.60385292  0.15975263  7.77342739  5.55817600  5.86279386
[193]  5.78524879 13.33878220 14.94319118 15.95561003 14.48267667  9.57481706
[199]  9.32598039  8.54601885 13.53839247  5.52839882  4.18261375  0.40453464
[205]  1.35724261  6.46637880  6.27370895  8.60257835  8.38107087  7.66598449
[211]  1.75357392  4.57146431 12.29534551  3.65078018  5.62957452  4.38047677
[217]  5.83448768  2.66831914  7.13243738  2.09950906  0.72806530  5.06605717
[223]  3.35774350  0.28887435  1.00744887  3.13680472  2.25738875  1.32907398
[229]  1.21244775  0.49112003

$PAR
  [1]  NA   1   1   1   1   3   3   5   5   6   6   6   7   7   7   7   7   7
 [19]   8   9  10  10  10  11  11  11  14  14  15  15  15  15  15  18  18  18
 [37]  18  18  18  21  21  21  23  24  24  25  25  26  28  28  29  32  32  32
 [55]  32  32  33  35  36  37  37  37  39  41  41  42  43  44  44  44  44  47
 [73]  47  48  48  48  48  48  50  50  50  51  53  53  53  54  54  56  59  59
 [91]  60  60  61  61  61  63  64  64  64  65  65  66  68  68  69  69  72  72
[109]  72  72  73  75  78  79  79  83  85  87  87  87  88  90  90  90  90  90
[127]  91  91  91  93  96  97  99  99 100 103 103 104 104 106 107 108 109 109
[145] 113 113 113 116 116 117 117 117 117 118 119 123 123 123 123 125 125 126
[163] 127 127 127 132 132 133 133 137 137 139 142 147 147 147 149 151 154 154
[181] 154 155 156 156 157 157 160 161 161 163 163 164 164 166 167 168 168 169
[199] 169 169 173 183 185 185 186 190 190 198 198 199 199 200 201 202 206 208
[217] 210 212 213 213 214 215 215 215 220 223 226 226 228 229

$EXTANT
  [1] FALSE FALSE FALSE FALSE FALSE FALSE FALSE FALSE FALSE FALSE FALSE FALSE
 [13] FALSE FALSE FALSE FALSE FALSE FALSE FALSE FALSE FALSE FALSE FALSE FALSE
 [25] FALSE FALSE FALSE FALSE FALSE FALSE FALSE  TRUE FALSE FALSE FALSE FALSE
 [37] FALSE FALSE FALSE FALSE FALSE FALSE FALSE FALSE FALSE FALSE FALSE FALSE
 [49] FALSE FALSE FALSE FALSE FALSE FALSE  TRUE FALSE FALSE FALSE FALSE FALSE
 [61]  TRUE FALSE FALSE FALSE FALSE FALSE FALSE FALSE FALSE FALSE FALSE FALSE
 [73] FALSE FALSE FALSE FALSE FALSE FALSE FALSE FALSE FALSE FALSE FALSE FALSE
 [85] FALSE FALSE  TRUE  TRUE FALSE  TRUE  TRUE FALSE FALSE  TRUE  TRUE FALSE
 [97] FALSE FALSE FALSE FALSE FALSE FALSE FALSE FALSE FALSE FALSE FALSE FALSE
[109] FALSE FALSE FALSE FALSE FALSE FALSE FALSE  TRUE  TRUE FALSE FALSE  TRUE
[121]  TRUE FALSE  TRUE  TRUE  TRUE  TRUE FALSE FALSE  TRUE  TRUE FALSE FALSE
[133] FALSE FALSE FALSE FALSE FALSE FALSE FALSE FALSE FALSE FALSE FALSE FALSE
[145] FALSE FALSE  TRUE FALSE  TRUE FALSE  TRUE FALSE  TRUE  TRUE  TRUE FALSE
[157] FALSE FALSE FALSE  TRUE  TRUE  TRUE FALSE FALSE FALSE FALSE FALSE FALSE
[169]  TRUE FALSE FALSE FALSE FALSE FALSE FALSE  TRUE  TRUE  TRUE  TRUE  TRUE
[181]  TRUE FALSE FALSE FALSE  TRUE  TRUE  TRUE  TRUE  TRUE FALSE  TRUE FALSE
[193] FALSE FALSE FALSE FALSE FALSE FALSE  TRUE  TRUE FALSE FALSE FALSE  TRUE
[205]  TRUE FALSE FALSE FALSE FALSE FALSE  TRUE  TRUE  TRUE FALSE  TRUE  TRUE
[217] FALSE  TRUE FALSE  TRUE  TRUE  TRUE  TRUE FALSE  TRUE  TRUE  TRUE  TRUE
[229]  TRUE FALSE

