
Birth-death simulation object with 117 species and 32 extant species

Details for some species:

Extinction times (NA means extant)
[1] 47.08557 42.96150 44.08622 26.93315 15.08749 22.60687


Speciation times 
[1] 49.26651 48.63644 44.64488 44.50733 42.15283 36.62679


Species parents (NA for initial)
[1] NA  1  2  3  4  4


Species status (extinct or extant)
[1] "extinct" "extinct" "extinct" "extinct" "extinct" "extinct"


For more details on vector y, try sim$y, with y one of
TE TS PAR EXTANT



$TE
  [1] 47.0855711 42.9615031 44.0862160 26.9331546 15.0874883 22.6068658
  [7] 20.6851111 31.0839086 33.0842322 16.4850241 31.1541503 21.8643639
 [13] 29.8588446 14.9081735 11.7739342 20.0352542 12.0403204 36.0345390
 [19] 30.9012220 14.1441395 27.5294414 16.0154893 23.4818371 19.9494729
 [25] 15.7934599 15.2601224 15.3200685 15.3391973 15.1239792 13.0716372
 [31] 15.0270066 16.1124064 13.6617641 21.0585632 14.8842432 14.4508824
 [37] 11.9094118 16.3150522 14.2372232  8.2697563 18.5032118 19.0356188
 [43] 20.1792071 17.8086248 15.2434533 11.2241945  1.2029487  0.8888289
 [49] 11.4566122 23.4508758 13.1221414 13.7003271 11.5287718  9.8105733
 [55]  4.7546322  5.9062223         NA         NA  2.5582722         NA
 [61]         NA 25.8131905 17.5795212 11.7359689 13.7982457 11.2393537
 [67] 13.5895199         NA         NA  2.2285542  0.6653744         NA
 [73]         NA         NA 13.8221397 15.0133330  2.7230859 11.1189455
 [79]         NA         NA  5.3395627         NA         NA         NA
 [85]  3.6530354  4.3230396         NA 13.9509234 14.2561321  0.3716169
 [91]         NA  0.1147639         NA         NA         NA  1.7091964
 [97]  1.4983408         NA  0.1115834         NA         NA         NA
[103]         NA  2.0915111         NA         NA  2.2473667  0.4796556
[109]         NA  2.0930054         NA  6.0406584         NA  0.3906300
[115]         NA         NA         NA

$TS
  [1] 49.266511476 48.636439639 44.644878459 44.507325145 42.152826453
  [6] 36.626793286 36.075389238 34.457537640 38.519322380 17.809863971
 [11] 34.036469510 24.960014792 34.948212677 25.621727949 25.267105040
 [16] 24.019282608 22.088208130 37.309069357 36.222351349 17.159534996
 [21] 30.986780174 30.810323273 25.029519171 21.600471367 19.847598916
 [26] 16.301143573 16.230388463 16.146683914 22.268368711 20.028283949
 [31] 18.634842140 16.535186808 15.295909589 34.756360784 14.897047473
 [36] 16.661239667 20.341979933 16.674298830 15.632446354 14.622432915
 [41] 30.791568115 24.999020387 23.711875141 19.258097732 15.979413203
 [46] 14.028087943 12.684800772 15.315423141 11.850390862 28.430583583
 [51] 20.327415808 22.392689570 11.548323173 10.950716240 10.215157657
 [56]  9.174615037  7.983628634  7.286953540  6.847721027  6.851293256
 [61]  6.600531239 25.863672152 18.212641633 16.823824328 15.763164789
 [66] 14.344859196 13.821208375  6.344902099  7.175884865  5.651734903
 [71]  5.171070597  2.693842506  1.997526661  1.509894740 15.638286587
 [76] 15.020847032 12.618651804 12.279625863  5.709360293  1.944120360
 [81]  5.491116109  4.674695962  1.787069962  5.369791441  5.248371721
 [86]  4.586947646  3.248750764 14.694573784 14.262198684  9.261775501
 [91]  3.815531783  3.741550538  0.626453114  0.678528873  4.708419367
 [96]  4.473196709  4.164756277  4.042612851  0.274083008  0.222211552
[101]  8.938770011  7.163583938  4.348810169  3.987340256  7.896205422
[106]  1.643640784  3.974061707  2.817652486  1.922490296  3.198154317
[111]  2.567432007  7.889047124  4.485468749  4.221056547  0.240693976
[116]  2.231050568  0.007829202

$PAR
  [1]  NA   1   2   3   4   4   4   4   5   5   6   6   7   7   7   7   7   9
 [19]   9  10  13  13  14  14  14  14  14  14  15  17  17  17  17  19  20  22
 [37]  24  25  29  30  34  34  34  37  37  37  37  39  40  41  41  42  47  47
 [55]  47  47  47  47  47  48  48  50  51  52  52  52  52  55  56  60  60  60
 [73]  61  61  65  65  66  66  68  68  69  69  69  70  70  70  70  75  75  77
 [91]  77  79  80  82  84  84  85  85  87  87  90  90  90  98 101 101 103 103
[109] 103 104 104 105 105 105 105 110 115

$EXTANT
  [1] FALSE FALSE FALSE FALSE FALSE FALSE FALSE FALSE FALSE FALSE FALSE FALSE
 [13] FALSE FALSE FALSE FALSE FALSE FALSE FALSE FALSE FALSE FALSE FALSE FALSE
 [25] FALSE FALSE FALSE FALSE FALSE FALSE FALSE FALSE FALSE FALSE FALSE FALSE
 [37] FALSE FALSE FALSE FALSE FALSE FALSE FALSE FALSE FALSE FALSE FALSE FALSE
 [49] FALSE FALSE FALSE FALSE FALSE FALSE FALSE FALSE  TRUE  TRUE FALSE  TRUE
 [61]  TRUE FALSE FALSE FALSE FALSE FALSE FALSE  TRUE  TRUE FALSE FALSE  TRUE
 [73]  TRUE  TRUE FALSE FALSE FALSE FALSE  TRUE  TRUE FALSE  TRUE  TRUE  TRUE
 [85] FALSE FALSE  TRUE FALSE FALSE FALSE  TRUE FALSE  TRUE  TRUE  TRUE FALSE
 [97] FALSE  TRUE FALSE  TRUE  TRUE  TRUE  TRUE FALSE  TRUE  TRUE FALSE FALSE
[109]  TRUE FALSE  TRUE FALSE  TRUE FALSE  TRUE  TRUE  TRUE

