
Birth-death simulation object with 172 species and 34 extant species

Details for some species:

Extinction times (NA means extant)
[1] 33.87567 44.88941 27.15568 36.22365 26.01245 42.83902


Speciation times 
[1] 49.26651 45.33842 44.35690 43.43691 37.44446 43.51025


Species parents (NA for initial)
[1] NA  1  1  1  1  3


Species status (extinct or extant)
[1] "extinct" "extinct" "extinct" "extinct" "extinct" "extinct"


For more details on vector y, try sim$y, with y one of
TE TS PAR EXTANT



$TE
  [1] 33.8756669 44.8894061 27.1556759 36.2236516 26.0124465 42.8390196
  [7] 35.2325380 25.6679647 25.7693288 25.8271997 30.8231205 29.7908146
 [13] 22.1758836 22.5096656 23.3517551 23.5439671 28.2682587 10.8188893
 [19] 17.5221559 32.3389930 23.3716885 15.1262836 26.7890660 16.2522158
 [25] 24.1954056 13.0048079 18.5860317 14.9272893 28.0706394 27.6962177
 [31] 18.3207454 14.6236197 31.4112003 20.2071709 13.4659367 13.4480955
 [37] 13.6635445 11.7481802 14.5828038 15.2282339 19.6781319 26.9879507
 [43] 26.8253633 16.9552456 15.2630139 18.6296795 13.6437597 15.0127151
 [49] 13.3419038 15.0491286 14.4275799 24.6542283 21.5074716 15.1336002
 [55] 15.0727980  1.1674238 11.2993755 14.5206614 25.1692096 15.8232760
 [61] 16.8683507  1.6747120 13.8369674 13.3063345 23.8276249 17.9102168
 [67] 14.9003878 14.7655428 11.2875914 15.3052763 11.5036503 15.6901234
 [73] 16.1857933 14.8147425 19.6127681 12.7979244  9.3500664 29.1703432
 [79] 13.3664474 14.5920481 17.9723925 11.7928512 15.1185110 12.0813084
 [85]  8.8563058         NA         NA         NA  2.7070289 12.3641663
 [91] 14.5470759 13.1543744  2.8197160         NA  5.1004727  1.1976811
 [97]  1.6120852 20.4207655 16.8009135 15.0771294 13.9298192 12.5560160
[103] 13.3140971 14.8522736 12.5100995 14.5389641 16.0891086 17.6048877
[109] 17.7371792 11.6412502 11.3130592         NA         NA         NA
[115]         NA         NA 15.3943941 12.9271628 17.8964463 11.6052523
[121] 13.2025859  0.7241693         NA         NA         NA 15.1779635
[127] 11.7213646 13.0350794 15.3415304 17.3936372 15.2495144 17.2393952
[133] 13.9643588 15.2380657 11.2524706         NA  0.2644890         NA
[139]         NA         NA  1.9424903         NA         NA 14.3243415
[145] 13.4311453         NA 11.7157383         NA         NA         NA
[151]         NA 13.8767903 14.3303512 15.0318881 10.5956001         NA
[157]  8.4319262  1.1895026         NA         NA         NA 11.4494312
[163]         NA         NA  5.3647268         NA  5.4250234         NA
[169]         NA  6.2212547         NA         NA

$TS
  [1] 49.26651148 45.33841610 44.35689790 43.43690956 37.44445838 43.51025395
  [7] 41.84181148 35.51648949 32.76401805 30.31414839 38.79506039 36.83639965
 [13] 33.91554664 30.69183006 29.59328662 40.04880085 33.40994489 30.25027220
 [19] 28.19990831 35.72176533 33.97147336 31.87264150 31.10178836 28.84329206
 [25] 25.55070812 22.22538390 25.41073900 26.13758952 32.85843419 32.67288809
 [31] 32.65694338 28.44641183 31.92556923 27.16702460 23.51465412 21.85722544
 [37] 19.09971330 12.26817706 27.17379491 22.10031441 33.54375020 30.61621577
 [43] 27.24122144 20.59980355 18.55301263 26.30008641 20.26212727 20.08928957
 [49] 23.26170399 21.37076355 31.39956685 25.43567593 24.68022394 18.90173987
 [55] 24.85778621 20.77288782 15.75753698 14.81346484 27.11162561 26.80740854
 [61] 20.46726285 15.99808634 14.26628956 24.66122163 24.09785631 21.21306798
 [67] 20.75666499 18.59492939 20.62859712 20.18995837 17.51599939 23.32460547
 [73] 19.42310996 14.98874858 20.99244474 17.79902963 15.50025111 30.69375328
 [79] 25.00070338 15.24201253 18.65128877 19.66263334 18.73093052 13.64906845
 [85]  8.90762360  8.06963071  8.04067179  3.47822232  3.23174802 12.68006987
 [91] 18.76703054 18.45754189 10.80724723 10.07990441  7.35360651  4.68465578
 [97]  3.82383628 21.90700431 21.61014674 18.31527298 18.04328169 16.86523585
[103] 17.52754999 17.28678721 13.75234759 23.02994339 19.70640082 17.68556842
[109] 18.21387552 13.27676828 12.21929501  6.08002448  3.45220390  2.63345030
[115]  2.25361276  1.00526467 16.36678976 14.87861476 18.17034227 14.52368770
[121] 14.17471197  6.46955404  4.74237385  5.70927452  2.03135543 15.28228866
[127] 16.21934545 14.95216129 15.48985209 20.77188145 18.60593656 17.78127906
[133] 14.58369100 16.60899238 12.18218439  4.77887920  2.59554739  2.18616690
[139]  1.97757849  1.52025774  3.37408976  2.57294641  1.95037279 14.52080240
[145] 14.45233146 13.29312267 11.72816866  3.44105643  2.13131205  0.05497489
[151]  2.32684768 14.58772534 14.42110661 20.07749877 12.01754717  1.46986855
[157] 10.13123677  3.15276726  1.16830304  1.46801845  0.25609282 11.72476459
[163] 11.28316957  0.50585493  9.50303046  2.92734345  8.24586633  7.93959790
[169]  1.61565954  6.41458028  1.94390036  1.42094129

$PAR
  [1]  NA   1   1   1   1   3   3   3   3   3   4   4   5   5   5   7   8   8
 [19]  10  11  11  13  13  13  13  13  14  15  16  16  16  16  17  18  18  18
 [37]  18  18  19  19  21  22  22  22  22  24  26  26  27  27  31  31  31  31
 [55]  32  32  32  32  34  34  34  36  36  39  39  40  40  40  41  44  45  46
 [73]  46  47  49  49  49  51  51  51  55  56  56  56  56  56  56  56  56  57
 [91]  60  60  62  62  62  62  62  64  64  66  67  68  69  69  69  72  72  76
[109]  82  84  84  86  86  86  88  88  91  91  92  92  92  93  94  95  97 100
[127] 101 101 103 106 106 106 106 107 110 112 112 112 112 112 113 113 113 118
[145] 118 120 120 122 123 123 124 127 127 130 135 143 146 146 146 149 149 155
[163] 155 156 163 163 165 165 166 167 168 171

$EXTANT
  [1] FALSE FALSE FALSE FALSE FALSE FALSE FALSE FALSE FALSE FALSE FALSE FALSE
 [13] FALSE FALSE FALSE FALSE FALSE FALSE FALSE FALSE FALSE FALSE FALSE FALSE
 [25] FALSE FALSE FALSE FALSE FALSE FALSE FALSE FALSE FALSE FALSE FALSE FALSE
 [37] FALSE FALSE FALSE FALSE FALSE FALSE FALSE FALSE FALSE FALSE FALSE FALSE
 [49] FALSE FALSE FALSE FALSE FALSE FALSE FALSE FALSE FALSE FALSE FALSE FALSE
 [61] FALSE FALSE FALSE FALSE FALSE FALSE FALSE FALSE FALSE FALSE FALSE FALSE
 [73] FALSE FALSE FALSE FALSE FALSE FALSE FALSE FALSE FALSE FALSE FALSE FALSE
 [85] FALSE  TRUE  TRUE  TRUE FALSE FALSE FALSE FALSE FALSE  TRUE FALSE FALSE
 [97] FALSE FALSE FALSE FALSE FALSE FALSE FALSE FALSE FALSE FALSE FALSE FALSE
[109] FALSE FALSE FALSE  TRUE  TRUE  TRUE  TRUE  TRUE FALSE FALSE FALSE FALSE
[121] FALSE FALSE  TRUE  TRUE  TRUE FALSE FALSE FALSE FALSE FALSE FALSE FALSE
[133] FALSE FALSE FALSE  TRUE FALSE  TRUE  TRUE  TRUE FALSE  TRUE  TRUE FALSE
[145] FALSE  TRUE FALSE  TRUE  TRUE  TRUE  TRUE FALSE FALSE FALSE FALSE  TRUE
[157] FALSE FALSE  TRUE  TRUE  TRUE FALSE  TRUE  TRUE FALSE  TRUE FALSE  TRUE
[169]  TRUE FALSE  TRUE  TRUE

