
Birth-death simulation object with 145 species and 40 extant species

Details for some species:

Extinction times (NA means extant)
[1] 34.62331 38.25155 17.10369 31.66597 35.11569 27.00018


Speciation times 
[1] 49.26651 41.62879 39.61188 40.40836 39.04045 38.20320


Species parents (NA for initial)
[1] NA  1  1  2  2  3


Species status (extinct or extant)
[1] "extinct" "extinct" "extinct" "extinct" "extinct" "extinct"


For more details on vector y, try sim$y, with y one of
TE TS PAR EXTANT



$TE
  [1] 34.62330972 38.25155202 17.10368539 31.66596756 35.11568676 27.00018125
  [7] 20.42914048 14.00186566          NA 14.90473496 30.53791766 31.37593568
 [13] 35.11201328 27.47809505 26.93931508 14.67395123 17.85160871  7.09454354
 [19] 10.81203733 10.61157459  7.67625383  2.17881580          NA  1.40672837
 [25]          NA          NA 14.88965973 14.42851510 28.45149167 25.32150465
 [31] 15.25597004 14.02296487 17.29180805 11.59004638          NA          NA
 [37]  1.11534600          NA  7.07065420  5.37247737          NA  3.73573954
 [43]          NA          NA 29.43211938 12.47034765 24.04558776 26.70009303
 [49] 25.99249962 16.13968574          NA          NA          NA          NA
 [55]  0.08244217          NA  0.08336001          NA          NA          NA
 [61] 27.42502386 16.21615865 18.51912195 15.35063034 26.84426707 29.43532111
 [67] 29.69573995 16.23629312 14.36506358  4.01425843  3.25593379          NA
 [73] 14.04366021 16.88072868 18.65802904 17.66769450 16.61009416 16.76269858
 [79] 14.63685356 26.77129365 13.63680979 14.95664616 13.94267716 16.81731636
 [85] 13.91791633 15.38903050 15.39208585 13.92887445 13.63093107  2.96511430
 [91]  0.20916902 13.52087794 17.30959218 14.85916637 11.41844295 15.09249823
 [97] 14.26090424 11.87505695 15.08423973 14.17911003          NA          NA
[103]          NA 13.52373587  3.38901390  4.49226410 14.88207288 12.29411538
[109] 14.49386361          NA  2.12188811          NA          NA  5.61389567
[115]  2.27633644          NA          NA 11.20358321 14.56232653 10.83986603
[121] 13.39877042          NA  3.23887209  5.49393697          NA  1.47486783
[127]          NA  9.54632906 11.67015943          NA  5.16794768  3.79356050
[133]          NA  5.96631004  3.38973260          NA          NA  0.71310317
[139]          NA  1.39736945          NA          NA          NA          NA
[145]          NA

$TS
  [1] 49.2665115 41.6287909 39.6118806 40.4083619 39.0404540 38.2031950
  [7] 27.5816241 22.4330136 20.1912663 17.5854508 39.0523550 31.8375596
 [13] 36.5139368 30.2678884 28.8156646 22.0220369 20.9472038 17.7853949
 [19] 11.2722882 10.7447950 10.2332030  9.6506338  8.9541486  5.5150111
 [25]  1.9695006  1.4420468 17.1161974 15.7425446 36.9750129 33.7757968
 [31] 19.8787993 18.4230801 17.7513428 12.4654568  8.2214522  8.1699514
 [37]  5.6811786  8.7256180  7.2456277  6.7952188  6.0360237  4.5354184
 [43]  4.7622005  2.2798857 32.4561509 31.9954996 28.7241420 33.7594421
 [49] 28.7930788 18.2467719  2.2781126  5.5354843  7.0578936  3.1291866
 [55]  0.3926468  2.6595670  1.1726593  3.8596138  0.2540352  0.4543114
 [61] 30.1195074 29.6648598 26.8879550 22.3262911 27.3048873 33.3204219
 [67] 30.8931001 30.7056329 28.2229889  6.5356419  5.5697857  3.6434150
 [73] 19.6049466 19.5848110 19.3839802 22.3373435 19.6958383 18.4326073
 [79] 15.3906582 27.1956065 19.2514837 16.6719721 19.8287354 17.6009512
 [85] 16.1852228 15.5759862 15.5577350 14.9312786 14.8283282  6.1648886
 [91] 17.3830432 18.9577000 21.1633946 19.8346606 19.0815867 17.1327686
 [97] 14.2725630 13.6460821 19.7540760 14.7896449  6.0456300  4.4031173
[103]  3.9781733 14.5215722 10.5314923  7.1760481 20.9833456 15.1084771
[109] 16.3752120  5.7663660  4.8730059  3.3521941  0.9557493  8.5558744
[115]  5.5151469  6.8043280  5.9044671 18.4164141 16.4717223 12.8739041
[121] 15.0349087  0.6741312  6.3211550  6.2751742  1.4025144  2.4903681
[127]  0.8662037 14.6800781 12.0016494 12.8158914  5.9784326  5.5411960
[133]  5.9696555  7.5579905  5.7541113  2.0098950  1.6022343  5.0980172
[139]  5.1573969  4.7789113  3.6227098  0.6846341  4.5098340  0.3011941
[145]  0.1629161

$PAR
  [1]  NA   1   1   2   2   3   3   3   3   3   4   4   5   6   6   7   7   9
 [19]   9   9   9   9   9   9   9   9  10  10  11  11  16  17  18  18  18  21
 [37]  22  23  23  23  23  23  24  24  29  29  29  30  30  31  35  37  38  38
 [55]  38  41  41  43  43  44  45  46  46  46  47  48  48  48  49  53  53  53
 [73]  62  62  62  63  63  64  64  65  68  68  69  69  69  69  69  69  69  70
 [91]  74  75  76  76  76  78  81  81  83  85  90  90  90  91  91  91  93  94
[109]  95 101 101 103 103 105 105 106 106 107 107 108 109 113 114 116 116 117
[127] 117 118 118 120 123 123 124 130 130 130 130 133 135 139 139 139 140 141
[145] 141

$EXTANT
  [1] FALSE FALSE FALSE FALSE FALSE FALSE FALSE FALSE  TRUE FALSE FALSE FALSE
 [13] FALSE FALSE FALSE FALSE FALSE FALSE FALSE FALSE FALSE FALSE  TRUE FALSE
 [25]  TRUE  TRUE FALSE FALSE FALSE FALSE FALSE FALSE FALSE FALSE  TRUE  TRUE
 [37] FALSE  TRUE FALSE FALSE  TRUE FALSE  TRUE  TRUE FALSE FALSE FALSE FALSE
 [49] FALSE FALSE  TRUE  TRUE  TRUE  TRUE FALSE  TRUE FALSE  TRUE  TRUE  TRUE
 [61] FALSE FALSE FALSE FALSE FALSE FALSE FALSE FALSE FALSE FALSE FALSE  TRUE
 [73] FALSE FALSE FALSE FALSE FALSE FALSE FALSE FALSE FALSE FALSE FALSE FALSE
 [85] FALSE FALSE FALSE FALSE FALSE FALSE FALSE FALSE FALSE FALSE FALSE FALSE
 [97] FALSE FALSE FALSE FALSE  TRUE  TRUE  TRUE FALSE FALSE FALSE FALSE FALSE
[109] FALSE  TRUE FALSE  TRUE  TRUE FALSE FALSE  TRUE  TRUE FALSE FALSE FALSE
[121] FALSE  TRUE FALSE FALSE  TRUE FALSE  TRUE FALSE FALSE  TRUE FALSE FALSE
[133]  TRUE FALSE FALSE  TRUE  TRUE FALSE  TRUE FALSE  TRUE  TRUE  TRUE  TRUE
[145]  TRUE

