
Birth-death simulation object with 162 species and 69 extant species

Details for some species:

Extinction times (NA means extant)
[1] 37.04801 37.65202 28.61955 34.73800 38.46763 28.13903


Speciation times 
[1] 49.26651 40.11159 39.79708 37.68418 39.35704 32.96469


Species parents (NA for initial)
[1] NA  1  1  1  2  3


Species status (extinct or extant)
[1] "extinct" "extinct" "extinct" "extinct" "extinct" "extinct"


For more details on vector y, try sim$y, with y one of
TE TS PAR EXTANT



$TE
  [1] 37.04800836 37.65202094 28.61954743 34.73799911 38.46763420 28.13902761
  [7] 19.26974336 29.75830130 13.96769069 20.93489327 19.80555327 11.26808663
 [13] 20.34915175 18.30157709 29.34886409 19.09611674 24.65599585 16.20784141
 [19] 27.08489064 22.58806023 19.48312805 16.64662299 20.96365488 16.15524099
 [25] 15.74797977  3.00482212 18.13597188 15.09056758 17.86492513 14.98058305
 [31] 16.29709847 13.51122904 14.25197633 12.24964132 13.83420752          NA
 [37]          NA 24.90251637 14.49311298 15.27278643 13.57615323 13.74696168
 [43] 13.99852537 14.87567776 14.94788722 15.58616495          NA          NA
 [49]  1.49419455  2.30479566          NA          NA  1.42863619          NA
 [55]          NA  9.51375639 14.03046497 14.36070787 14.11939543 15.17143558
 [61] 13.90241133          NA  2.16442813          NA  1.18696871  3.78918798
 [67]  3.01873375  6.43622359          NA  5.38607897  0.95650021  1.22511509
 [73]  0.67178409          NA          NA          NA  8.33503378  0.14051004
 [79]          NA          NA  1.69980015          NA  1.42317032          NA
 [85]          NA  4.55818159          NA  0.61860829          NA          NA
 [91]          NA          NA          NA          NA          NA          NA
 [97]          NA  2.05148407  0.08863853          NA          NA  5.07107214
[103]          NA          NA  3.90039800          NA  2.16847471          NA
[109]  1.14396098  5.73577341  3.70713940          NA          NA          NA
[115]          NA  0.20824231          NA          NA          NA          NA
[121]          NA  0.34806519          NA          NA  4.11309366  4.19638387
[127]          NA          NA  0.91417698          NA          NA  5.82786153
[133]  3.30898378  3.00086766          NA          NA          NA  1.48800365
[139]          NA  6.29715437          NA          NA          NA  1.96389237
[145]  3.80163978          NA  3.24290076  1.50117059  0.51425112          NA
[151]          NA          NA  4.60161248          NA          NA          NA
[157]          NA          NA  0.46096995          NA          NA          NA

$TS
  [1] 49.26651148 40.11158844 39.79707861 37.68418469 39.35703977 32.96469256
  [7] 29.90011031 35.89616902 30.83398493 30.21599432 25.38918376 23.56273476
 [13] 22.26253378 20.02864431 34.28446956 28.35567068 24.81834860 24.14119760
 [19] 27.14205646 26.24530205 23.70045966 21.89398250 21.51839112 20.35086854
 [25] 18.06454358 11.31134116 29.73676119 19.23405524 18.61491667 16.52867960
 [31] 19.37609103 19.21723055 19.19956812 20.19076169 16.30286378 10.98951042
 [37]  8.40672505 29.01578067 20.25070515 15.43844482 18.10453883 17.63951634
 [43] 17.58159852 17.23266908 15.48551382 16.10851268  8.86422451  8.24040834
 [49]  7.67143506  6.56987000  2.57362028  1.76267208  1.70481148  2.17907805
 [55]  1.48925545 17.56727092 17.00419479 16.98848333 14.88288793 16.01002927
 [61] 14.96637317  6.16499384  4.02061905  3.63301620  2.59546114  8.14732977
 [67]  7.94684579  7.25356678  5.99426218  6.63587918  6.51500360  6.13555450
 [73]  6.51368932  6.44545241  0.06661118  0.02279192 13.18402953  5.39110770
 [79]  0.97144811  2.62903854  1.90505284  5.76108185  3.41501817  1.25188481
 [85]  6.17138398  5.76924994  5.49341150  1.06546012  6.48255299  5.28797016
 [91]  5.14617146  1.77883051 10.13353484  9.34383997  0.36316560  2.58433865
 [97]  1.39024067  3.19390242  2.58706977  2.16871620  0.22111110  5.95098614
[103]  0.92311968  0.26875676  5.61150151  5.48013952  2.73558449  2.67144012
[109] 10.12424252  8.06107118  6.12245143  1.24733875  0.54406372  2.55529958
[115]  1.13305128  1.09935873  0.06436431  5.37089308  0.06237979  0.23850993
[121]  0.09725254  2.66115278  8.79012343  8.33698137  6.71087200  5.94674440
[127]  7.88380592  7.81082211  4.63205472  0.35003753  0.83097285  8.59147084
[133]  6.67088961  5.51243919  4.73856173  1.24733604  1.15328607  5.45270298
[139]  4.23902491  6.96280204  2.47357566  2.31498170  5.95725040  5.22612197
[145]  4.35984626  0.73663057  4.63749427  2.00808229  1.95800794  1.99293730
[151]  1.45980218  4.88161283  5.00727936  3.97094711  0.03059444  0.06476560
[157]  4.26299002  0.50226257  2.60800649  1.10663492  0.29754397  0.26802032

$PAR
  [1]  NA   1   1   1   2   3   3   4   6   6   7   7   7   7   8   9   9   9
 [19]  10  10  10  10  11  12  12  12  15  18  18  18  22  22  22  24  25  26
 [37]  26  27  27  28  31  31  32  32  34  35  36  36  36  36  36  36  36  37
 [55]  37  39  41  41  41  42  45  47  47  47  47  48  48  48  48  49  49  49
 [73]  50  50  51  54  56  62  62  63  64  67  69  69  70  70  70  71  73  73
 [91]  73  74  77  77  79  80  80  82  83  83  84  85  85  85  86  86  91  91
[109]  93  93  94  94  97  99  99  99 101 102 103 104 104 107 109 109 109 109
[127] 110 110 111 112 114 123 124 124 124 124 124 125 127 128 128 128 133 133
[145] 135 137 138 138 138 139 141 143 144 144 150 151 152 152 157 157 157 160

$EXTANT
  [1] FALSE FALSE FALSE FALSE FALSE FALSE FALSE FALSE FALSE FALSE FALSE FALSE
 [13] FALSE FALSE FALSE FALSE FALSE FALSE FALSE FALSE FALSE FALSE FALSE FALSE
 [25] FALSE FALSE FALSE FALSE FALSE FALSE FALSE FALSE FALSE FALSE FALSE  TRUE
 [37]  TRUE FALSE FALSE FALSE FALSE FALSE FALSE FALSE FALSE FALSE  TRUE  TRUE
 [49] FALSE FALSE  TRUE  TRUE FALSE  TRUE  TRUE FALSE FALSE FALSE FALSE FALSE
 [61] FALSE  TRUE FALSE  TRUE FALSE FALSE FALSE FALSE  TRUE FALSE FALSE FALSE
 [73] FALSE  TRUE  TRUE  TRUE FALSE FALSE  TRUE  TRUE FALSE  TRUE FALSE  TRUE
 [85]  TRUE FALSE  TRUE FALSE  TRUE  TRUE  TRUE  TRUE  TRUE  TRUE  TRUE  TRUE
 [97]  TRUE FALSE FALSE  TRUE  TRUE FALSE  TRUE  TRUE FALSE  TRUE FALSE  TRUE
[109] FALSE FALSE FALSE  TRUE  TRUE  TRUE  TRUE FALSE  TRUE  TRUE  TRUE  TRUE
[121]  TRUE FALSE  TRUE  TRUE FALSE FALSE  TRUE  TRUE FALSE  TRUE  TRUE FALSE
[133] FALSE FALSE  TRUE  TRUE  TRUE FALSE  TRUE FALSE  TRUE  TRUE  TRUE FALSE
[145] FALSE  TRUE FALSE FALSE FALSE  TRUE  TRUE  TRUE FALSE  TRUE  TRUE  TRUE
[157]  TRUE  TRUE FALSE  TRUE  TRUE  TRUE

