
Birth-death simulation object with 94 species and 36 extant species

Details for some species:

Extinction times (NA means extant)
[1] 11.12076 35.90072 36.01894 34.93481 28.02418 29.53329


Speciation times 
[1] 49.26651 41.36532 38.71360 36.53435 32.45665 31.36249


Species parents (NA for initial)
[1] NA  1  1  1  1  1


Species status (extinct or extant)
[1] "extinct" "extinct" "extinct" "extinct" "extinct" "extinct"


For more details on vector y, try sim$y, with y one of
TE TS PAR EXTANT



$TE
 [1] 11.1207606 35.9007174 36.0189449 34.9348056 28.0241800 29.5332871
 [7] 23.5626057 10.5411209 15.8096058 13.9193880 33.9265112 33.9124012
[13] 33.9854967 24.2718306 14.9725190 14.9243592 11.9892719 13.9017062
[19] 12.2262802 30.2010850 28.4621150 23.3219390 12.0788988 12.9180183
[25] 15.2955758 13.4938107 19.0687051 13.9294079 14.8609360 12.4513599
[31] 14.5867966 10.9698986 17.7496607 12.2688662 13.2021892 14.5172219
[37]  8.7291933 10.6005660 15.0791233 13.6073230 14.4036041 10.6808328
[43]         NA 11.2626889 11.1311924  6.9304194         NA         NA
[49]         NA         NA         NA  0.7142663  1.5400030  0.8857165
[55]         NA  0.3492827         NA         NA         NA  4.7076823
[61]         NA  2.9759305         NA         NA  2.7538878  5.8829316
[67]  1.4893417         NA         NA         NA         NA         NA
[73]  3.4101184         NA         NA         NA  3.0585944         NA
[79]  4.4571227         NA         NA         NA         NA         NA
[85]  1.0574511         NA         NA         NA         NA         NA
[91]         NA         NA         NA         NA

$TS
 [1] 49.26651148 41.36532485 38.71360205 36.53434838 32.45665115 31.36249332
 [7] 27.17690859 24.45541021 17.75660361 14.37390759 35.97191200 36.45306409
[13] 35.12514259 30.78899878 17.93653170 16.83983266 16.38375426 16.05213061
[19] 34.25703536 30.23539937 29.87974491 28.59138039 21.70208365 21.55288238
[25] 21.16458885 15.73921396 19.58329583 19.15390075 17.53055793 16.14699340
[31] 15.48874038 14.93565744 20.02249848 14.86460911 13.86482363 14.57632981
[37] 13.30387758 11.83015772 19.98637760 17.78341061 14.57466204 12.35946021
[43] 11.79309275 11.81679158 11.43910836  8.78655044  6.88497241  3.11902727
[49]  0.39502698  7.80443383  7.67463033  7.42940285  6.84725368  6.64347697
[55]  5.60360099  4.02343464  1.05508729  0.88963471  0.07400277  6.28130255
[61]  5.40734883  4.91205487  1.69247660  3.62013463  6.13570894  6.00354493
[67]  1.79494241  1.53978285  5.54583084  2.25096274  1.69277290  1.43686840
[73]  4.85226416  4.76748245  2.13682663  1.62813637  3.47198381  5.88998671
[79]  4.66344718  1.63253596  0.81521917  4.09826542  1.36215051  2.03752832
[85]  1.67310116  1.30424127  1.23677504  5.63181254  0.31983495  0.23958178
[91]  0.25165374  5.51892850  0.04626814  0.49628643

$PAR
 [1] NA  1  1  1  1  1  1  1  1  1  2  4  4  6  8  8  8  8 13 19 19 19 19 19 19
[26] 23 24 24 24 24 24 24 25 29 30 32 32 32 33 33 34 34 38 42 43 43 43 43 43 46
[51] 46 46 47 47 47 47 47 47 49 51 51 51 51 52 53 53 54 54 55 56 56 56 60 61 61
[76] 63 64 65 65 67 68 69 69 70 74 76 76 78 80 83 84 88 88 92

$EXTANT
 [1] FALSE FALSE FALSE FALSE FALSE FALSE FALSE FALSE FALSE FALSE FALSE FALSE
[13] FALSE FALSE FALSE FALSE FALSE FALSE FALSE FALSE FALSE FALSE FALSE FALSE
[25] FALSE FALSE FALSE FALSE FALSE FALSE FALSE FALSE FALSE FALSE FALSE FALSE
[37] FALSE FALSE FALSE FALSE FALSE FALSE  TRUE FALSE FALSE FALSE  TRUE  TRUE
[49]  TRUE  TRUE  TRUE FALSE FALSE FALSE  TRUE FALSE  TRUE  TRUE  TRUE FALSE
[61]  TRUE FALSE  TRUE  TRUE FALSE FALSE FALSE  TRUE  TRUE  TRUE  TRUE  TRUE
[73] FALSE  TRUE  TRUE  TRUE FALSE  TRUE FALSE  TRUE  TRUE  TRUE  TRUE  TRUE
[85] FALSE  TRUE  TRUE  TRUE  TRUE  TRUE  TRUE  TRUE  TRUE  TRUE

