
Birth-death simulation object with 96 species and 42 extant species

Details for some species:

Extinction times (NA means extant)
[1] 32.96723 40.88732 30.42621 37.47361 21.96046 25.14578


Speciation times 
[1] 45.87733 42.56510 39.54198 41.77277 31.37384 30.75202


Species parents (NA for initial)
[1] NA  1  1  2  3  3


Species status (extinct or extant)
[1] "extinct" "extinct" "extinct" "extinct" "extinct" "extinct"


For more details on vector y, try sim$y, with y one of
TE TS PAR EXTANT



$TE
 [1] 32.9672345 40.8873190 30.4262059 37.4736062 21.9604642 25.1457824
 [7] 11.1956838 11.4806561 22.6645144 21.8200022 15.9183285 15.5019355
[13] 16.5332640 10.4072326 20.3490036 10.0026789 11.5678185  8.8264629
[19] 20.9379158 11.2378531 10.9103021  9.3962359 12.5535378  9.6336158
[25]  8.5509316         NA 10.8337277 10.7751237  3.8535764  8.9514382
[31]  1.2643580         NA         NA  0.3923796  9.8583864 10.8204709
[37]  7.6480579  6.2497578  8.5381363  9.5479096         NA  6.4058399
[43]         NA         NA         NA         NA  3.0828145         NA
[49]  1.2582918  5.7879349  5.0108258  1.8602174         NA  4.7545876
[55]  2.2600045  3.5914306         NA         NA  2.8762784         NA
[61]  5.5495308         NA         NA         NA  2.5810272         NA
[67]         NA         NA         NA         NA         NA         NA
[73]  2.7594240         NA  0.8906275         NA  0.6804090  0.0257478
[79]         NA         NA         NA         NA         NA         NA
[85]         NA         NA         NA         NA         NA         NA
[91]         NA         NA  2.1979109         NA         NA         NA

$TS
 [1] 45.87732762 42.56510102 39.54198131 41.77277417 31.37384326 30.75201530
 [7] 27.77560788 25.73969670 29.88559076 28.70885978 17.58257178 16.34685274
[13] 22.24714930 21.82057857 21.10896080 19.51794283 12.38510906 11.55507928
[19] 22.03936935 16.62772292 14.52036952 14.24246139 20.86581901 10.38617169
[25]  9.60118502 14.89755473 13.73805852 12.93255167  9.60617279 16.24536311
[31] 14.12934929  6.60319555  3.73418189  2.61412688 12.09642275 11.09618224
[37]  7.91447699  6.51421221 16.20974747  9.70190046  9.28012642  7.08049329
[43]  4.81596795  0.65730162  1.22514525 11.28036714  6.30838807  2.51580538
[49]  4.39130481  6.69291511  6.45771860  6.39114647  6.35480791  6.05804325
[55]  5.40630136  5.09351927  4.14996142  6.63054804  6.39893875  6.07374346
[61]  6.12941816  5.44096303  5.20558719  6.18198065  4.57920755  3.23136837
[67]  4.55313648  0.55846051  0.96540246  6.08628147  4.46506817  1.98230518
[73]  3.54810454  6.11275635  3.01537799  2.53002941  1.95159494  4.02014425
[79]  0.29497949  0.12690016  0.86563512  5.06781065  4.50856600  3.40813718
[85]  4.35732179  0.13384459  2.04553421  2.00502511  0.20978548  2.81965243
[91]  2.74580397  3.25792869  2.79014583  0.09346755  1.33321220  0.23192452

$PAR
 [1] NA  1  1  2  3  3  5  5  6  6  7  7  8  8  8  8  8  8 10 13 14 14 15 18 18
[26] 20 21 21 22 23 23 26 26 26 27 28 29 29 30 30 30 31 31 32 34 39 41 41 43 46
[51] 46 46 46 46 46 46 46 50 50 50 52 52 52 53 53 53 56 57 58 59 60 60 62 64 64
[76] 66 66 67 67 68 69 70 70 70 71 71 74 74 79 82 83 84 85 88 90 92

$EXTANT
 [1] FALSE FALSE FALSE FALSE FALSE FALSE FALSE FALSE FALSE FALSE FALSE FALSE
[13] FALSE FALSE FALSE FALSE FALSE FALSE FALSE FALSE FALSE FALSE FALSE FALSE
[25] FALSE  TRUE FALSE FALSE FALSE FALSE FALSE  TRUE  TRUE FALSE FALSE FALSE
[37] FALSE FALSE FALSE FALSE  TRUE FALSE  TRUE  TRUE  TRUE  TRUE FALSE  TRUE
[49] FALSE FALSE FALSE FALSE  TRUE FALSE FALSE FALSE  TRUE  TRUE FALSE  TRUE
[61] FALSE  TRUE  TRUE  TRUE FALSE  TRUE  TRUE  TRUE  TRUE  TRUE  TRUE  TRUE
[73] FALSE  TRUE FALSE  TRUE FALSE FALSE  TRUE  TRUE  TRUE  TRUE  TRUE  TRUE
[85]  TRUE  TRUE  TRUE  TRUE  TRUE  TRUE  TRUE  TRUE FALSE  TRUE  TRUE  TRUE

