
Birth-death simulation object with 248 species and 78 extant species

Details for some species:

Extinction times (NA means extant)
[1] 28.19766 35.81496 36.12087 28.19202 22.89346 17.67372


Speciation times 
[1] 45.87733 40.38673 39.60421 31.82203 31.54476 30.97246


Species parents (NA for initial)
[1] NA  1  1  1  4  4


Species status (extinct or extant)
[1] "extinct" "extinct" "extinct" "extinct" "extinct" "extinct"


For more details on vector y, try sim$y, with y one of
TE TS PAR EXTANT



$TE
  [1] 28.19766363 35.81496232 36.12087109 28.19202357 22.89345572 17.67371504
  [7] 30.15781464 28.74546856 26.98185744          NA 23.60731762 16.30638100
 [13] 16.98802651 18.36172269  9.68825915  6.23713778 21.70129769 14.74588079
 [19]  8.47554895 11.54163891 11.93671982          NA  3.27023102  8.06501327
 [25]  4.28258308  2.91059250 27.49817507 22.36315102 20.64889690 14.37997150
 [31] 17.52219934 21.67539261 10.84540025 16.69433549 10.25118194  8.84160959
 [37] 10.34667518 11.88586349 10.61632690  9.84988477  1.36546973  3.47241572
 [43]          NA 11.63594507 16.41005399 10.95675467  8.80426134          NA
 [49]          NA          NA  4.77175554          NA          NA 16.71441356
 [55]  7.17922864  7.89602641 17.55344908 17.96147871 11.93724674 11.32141629
 [61] 22.62970457 11.87329126 18.24355602 13.10597748  8.72990967 11.56495203
 [67] 10.37645805          NA  0.73627313          NA  0.65518192  1.58567473
 [73]  2.62929951          NA  3.09291374          NA          NA          NA
 [79]          NA          NA          NA  0.55503896          NA          NA
 [85]          NA 10.89837020  4.98750111  8.74146407  6.99379391 17.77899067
 [91] 12.01173281  9.01998987  8.15650861 16.01364681 23.68526403 13.66481597
 [97] 11.34158300 10.55533412 10.00845521          NA  3.86698845          NA
[103]          NA          NA          NA          NA  1.17003304          NA
[109]  5.36393130  1.02965472          NA  3.91730279          NA          NA
[115]          NA          NA  0.21676736  0.96226724          NA          NA
[121] 11.12838197 13.74688221  9.19381252  3.72936981          NA  4.10988495
[127]          NA 10.32997005  8.55595799 10.05968209  8.44279985 12.94295302
[133]  8.99570412 10.73182371          NA          NA          NA  1.12022529
[139]  1.80356243  0.69225851  0.46918083  0.08879129  4.98323031  1.85203103
[145]          NA          NA  0.42988044          NA          NA          NA
[151] 10.97242100  6.05707126  4.25000773          NA  0.96480600          NA
[157]  1.35874304          NA          NA          NA 21.33949930 12.25432523
[163] 16.82448153 11.34795531 13.73404325 11.25522879 10.78461542  8.16292772
[169]  5.33475983  8.14430000  7.99458616          NA          NA  2.19079295
[175]  2.45346168          NA  1.56062166          NA  0.71566699          NA
[181]          NA          NA 11.54281458  9.93742267 10.91671424  5.17209923
[187]  4.86639623          NA  0.39143997  9.12403135  6.08539159          NA
[193]  1.48140137 17.36705671 11.77889990 19.53238106  7.83256613 10.61900396
[199] 11.96970841          NA          NA          NA          NA  2.29876760
[205]          NA          NA          NA          NA          NA          NA
[211]          NA 10.37402060          NA  4.04921835  2.15330611  3.03595906
[217]          NA  1.43683414 17.75917590 10.40729401 10.65209208 10.63769912
[223]  8.81956203 13.37409402  5.48378147  3.95840073  1.59769495          NA
[229]          NA  0.59464551          NA  2.14070723          NA  8.70425397
[235] 10.88421707  9.04631029          NA          NA  3.18707515  1.82723947
[241] 14.59988451 11.57003410 14.98347072 10.32374322 10.19020565  0.77039141
[247]          NA 13.71299478

$TS
  [1] 45.87732762 40.38672655 39.60420841 31.82202909 31.54475532 30.97245677
  [7] 30.49123163 29.32411526 28.39205902 25.72643982 24.32660465 28.81523571
 [13] 27.19620428 23.59610172 18.38978129 30.23515788 22.26875364 20.67139336
 [19] 19.23145219 12.87682562 12.62297638 11.83355953 10.20548557  9.32932736
 [25]  6.82729256  5.36229750 28.44141945 23.39522309 21.39076778 21.23327151
 [31] 18.02476325 25.09050414 22.15866971 23.04129663 13.18989166 10.41055501
 [37] 27.90880241 14.01611453 11.78656870 10.23410285  7.70780082  6.77515144
 [43]  6.74602512 21.79607990 21.73286409 11.89608691  9.48051880  6.88875152
 [49]  6.17070487  6.63653399  4.93406507  4.29478346  3.81735811 21.28675267
 [55] 21.24962819 20.96877349 20.24013739 18.05661172 16.09242809 12.95510674
 [61] 26.80715667 22.09644810 21.15635481 21.06736584 16.71785812 14.36068577
 [67] 12.46327288  6.89091860  4.19564137  6.69637329  6.20720795  6.13775046
 [73]  6.01055349  4.23239745  6.57888045  4.05455711  6.04312010  5.37323486
 [79]  3.48652275  2.89323897  2.83975199  1.75639722  0.74156439  3.53309393
 [85]  2.08797218 17.07976773  8.70793395 13.90060656  9.61407571 18.87984798
 [91] 14.37137364 12.46398609 12.40699748 26.56172919 24.44465111 18.88577734
 [97] 19.68513638 14.75846726 10.48177042  6.42933748  4.86554024  4.80756707
[103]  5.25803293  3.05712621  0.05288066  3.92780124  2.62183140  5.47740702
[109]  6.17076058  3.81951773  4.20516514  3.92797085  4.86795660  2.81404330
[115]  0.51849865  1.97161122  1.06222649  1.10027180  2.78069406  0.63303764
[121] 16.70820813 15.21479876 11.23834260  6.97298565  6.67022963  6.15435987
[127]  6.07563744 10.69516254 11.56497587 23.73799884 17.51424776 13.15572503
[133] 11.65677192 11.01172962 10.06248890  0.51711914  0.28074511  3.99584799
[139]  2.68955081  2.11618247  5.25698199  1.39259258  5.40605804  6.10634489
[145]  3.24903398  2.65626350  1.21538085  0.24149627  0.07752317  0.98516601
[151] 15.78107127  6.47083333  6.57588970  6.14866396  4.59431724  0.17839722
[157]  6.05816257  4.37109600  3.16321749 10.79848469 21.92865965 21.69790387
[163] 18.42995141 14.93729782 14.62357401 11.53707531 11.29129694  8.97465281
[169]  9.96280388  9.32333985  9.69990657  4.16115724  3.67830940  3.24338665
[175]  3.52268002  2.22262780  4.51580315  4.25110826  4.09359679  0.42368310
[181]  1.60644075  0.65570070 11.58323428 11.29222721 11.16634293  6.23978121
[187]  6.14586254  3.27088647  3.83332427  9.53176405  6.80095568  6.79473832
[193]  4.23769386 21.35015179 20.62821294 19.94571179 16.77176984 15.71431524
[199] 15.39906247  6.37686156  2.32720184  1.05998876  2.90904534  3.34093687
[205]  2.90698272  2.09579621  2.34447328  1.64194231  0.75230546  1.55896444
[211]  0.14250321 10.93720981  0.13043679  6.31587607  6.44982590  3.73809622
[217]  2.23702263  2.74201201 18.84443867 14.22851487 11.21567041 14.54000644
[223] 12.15079604 14.06271958  6.32053584  4.97367122  3.77793835  2.14888021
[229]  2.77580656  1.27424678  0.46172536  5.11405574  2.20190164 18.69113714
[235] 13.61265520 13.17610943  0.28300018  3.49615295  3.44567172  1.96418211
[241] 17.28333261 17.04390954 15.77822007 10.69643044 13.29600651  1.11722415
[247]  0.38725246 15.29288723

$PAR
  [1]  NA   1   1   1   4   4   5   5   5   5   5   6   6   6   6   7  10  10
 [19]  10  10  10  10  10  10  10  10  12  12  12  12  12  13  13  14  15  15
 [37]  16  16  16  16  16  16  16  17  17  20  22  22  23  25  25  26  26  29
 [55]  29  30  30  30  33  35  37  37  37  37  37  37  37  41  42  43  43  43
 [73]  43  43  48  48  49  49  49  49  50  50  50  52  53  55  55  56  56  57
 [91]  59  60  60  61  61  62  63  65  67  68  68  68  70  70  70  72  72  73
[109]  75  76  77  77  78  78  78  79  81  82  84  85  86  86  86  87  87  87
[127]  87  88  92  94  94  97  97  98  99 100 100 102 102 102 103 104 108 109
[145] 110 111 114 114 115 116 121 124 125 125 125 125 126 126 127 129 130 130
[163] 130 130 130 131 131 131 133 133 135 135 135 135 138 138 141 141 141 145
[181] 146 146 151 151 151 153 154 154 155 160 160 160 160 162 162 162 162 162
[199] 162 169 172 172 174 177 177 177 178 178 178 181 181 184 188 191 192 192
[217] 192 193 195 195 197 198 198 199 200 200 200 200 204 206 206 215 218 219
[235] 220 220 228 232 232 233 234 234 234 234 235 238 238 241

$EXTANT
  [1] FALSE FALSE FALSE FALSE FALSE FALSE FALSE FALSE FALSE  TRUE FALSE FALSE
 [13] FALSE FALSE FALSE FALSE FALSE FALSE FALSE FALSE FALSE  TRUE FALSE FALSE
 [25] FALSE FALSE FALSE FALSE FALSE FALSE FALSE FALSE FALSE FALSE FALSE FALSE
 [37] FALSE FALSE FALSE FALSE FALSE FALSE  TRUE FALSE FALSE FALSE FALSE  TRUE
 [49]  TRUE  TRUE FALSE  TRUE  TRUE FALSE FALSE FALSE FALSE FALSE FALSE FALSE
 [61] FALSE FALSE FALSE FALSE FALSE FALSE FALSE  TRUE FALSE  TRUE FALSE FALSE
 [73] FALSE  TRUE FALSE  TRUE  TRUE  TRUE  TRUE  TRUE  TRUE FALSE  TRUE  TRUE
 [85]  TRUE FALSE FALSE FALSE FALSE FALSE FALSE FALSE FALSE FALSE FALSE FALSE
 [97] FALSE FALSE FALSE  TRUE FALSE  TRUE  TRUE  TRUE  TRUE  TRUE FALSE  TRUE
[109] FALSE FALSE  TRUE FALSE  TRUE  TRUE  TRUE  TRUE FALSE FALSE  TRUE  TRUE
[121] FALSE FALSE FALSE FALSE  TRUE FALSE  TRUE FALSE FALSE FALSE FALSE FALSE
[133] FALSE FALSE  TRUE  TRUE  TRUE FALSE FALSE FALSE FALSE FALSE FALSE FALSE
[145]  TRUE  TRUE FALSE  TRUE  TRUE  TRUE FALSE FALSE FALSE  TRUE FALSE  TRUE
[157] FALSE  TRUE  TRUE  TRUE FALSE FALSE FALSE FALSE FALSE FALSE FALSE FALSE
[169] FALSE FALSE FALSE  TRUE  TRUE FALSE FALSE  TRUE FALSE  TRUE FALSE  TRUE
[181]  TRUE  TRUE FALSE FALSE FALSE FALSE FALSE  TRUE FALSE FALSE FALSE  TRUE
[193] FALSE FALSE FALSE FALSE FALSE FALSE FALSE  TRUE  TRUE  TRUE  TRUE FALSE
[205]  TRUE  TRUE  TRUE  TRUE  TRUE  TRUE  TRUE FALSE  TRUE FALSE FALSE FALSE
[217]  TRUE FALSE FALSE FALSE FALSE FALSE FALSE FALSE FALSE FALSE FALSE  TRUE
[229]  TRUE FALSE  TRUE FALSE  TRUE FALSE FALSE FALSE  TRUE  TRUE FALSE FALSE
[241] FALSE FALSE FALSE FALSE FALSE FALSE  TRUE FALSE

