
Birth-death simulation object with 338 species and 172 extant species

Details for some species:

Extinction times (NA means extant)
[1] 43.11842 20.41103 35.60027 15.92098 33.51655 26.08499


Speciation times 
[1] 45.87733 45.86890 39.26678 29.46749 36.24476 27.30461


Species parents (NA for initial)
[1] NA  1  2  2  3  4


Species status (extinct or extant)
[1] "extinct" "extinct" "extinct" "extinct" "extinct" "extinct"


For more details on vector y, try sim$y, with y one of
TE TS PAR EXTANT



$TE
  [1] 43.11841712 20.41103061 35.60027088 15.92097748 33.51655422 26.08499065
  [7] 14.28533021 33.32926828 20.85440867 11.87141849 31.86251362 13.85353467
 [13] 24.46487326  9.21724031 20.86587307 11.33982360 11.51043200 10.44027500
 [19] 12.19851349 11.36605495 25.50847213 19.52619796 14.90983857 17.31885112
 [25] 18.45991968 11.61789793  7.74581538  7.29020960 10.80762519 17.55779624
 [31] 22.28218601 16.49278899 10.69067213 12.64482086 11.81545487 18.42261176
 [37] 21.26237035 18.57967990 12.60018175  9.47324306  5.52186398 11.58772813
 [43]  8.18847964  9.49385543 10.00610536 12.46659164 17.86628997  8.70443582
 [49] 15.88726577  9.15694700  2.58304511 14.30394800 10.36916033  9.48474076
 [55]  8.30932810  8.69959758  9.44230412  5.88485975  9.96473397  7.11179249
 [61] 17.81729980 15.06310543  5.01760954  8.93313712 10.67887222 11.71850013
 [67]  9.89850835  3.16336900          NA          NA  0.70175792          NA
 [73]  2.34360635 10.25393487 11.91927276  8.88871492          NA  7.28581307
 [79]          NA  7.99924353  0.45504273  9.48881652          NA          NA
 [85] 10.15443297 16.64027074 13.15864452  9.79373698  8.30304834          NA
 [91]          NA          NA  6.44014257          NA  2.55381279  9.77706153
 [97]          NA          NA          NA          NA          NA  4.36042614
[103]          NA  5.10545331          NA  1.02475840  2.58182018  5.74049472
[109]          NA          NA  1.12256097  1.59330689          NA          NA
[115]          NA  3.11718247          NA  4.52628181          NA          NA
[121]  1.27822944          NA 17.10873435  5.38813909          NA  4.62306473
[127]          NA          NA  3.89931044          NA  2.64771023          NA
[133]          NA  6.44537265  2.79021103          NA          NA          NA
[139]          NA          NA          NA  2.18715758          NA          NA
[145]          NA          NA          NA  1.55088142          NA  2.04465963
[151]          NA  0.47507391  2.30403739  0.42678400  1.87989559          NA
[157]          NA          NA          NA  4.02375370          NA          NA
[163]  2.54715975  4.35215206          NA          NA          NA          NA
[169]  1.38255877  2.72559843          NA  5.34001283  4.13136172          NA
[175]          NA  1.63994587  6.29036037  4.03132933          NA          NA
[181]          NA          NA          NA          NA  2.10785979          NA
[187]          NA  2.28281197          NA          NA          NA  1.92319939
[193]          NA          NA  1.02252031          NA          NA          NA
[199]  2.73060743          NA  5.16508506          NA          NA          NA
[205]          NA          NA          NA  3.83469471  1.44908326  3.25231572
[211]          NA  5.45441049          NA          NA          NA  5.37286963
[217]          NA          NA          NA          NA          NA          NA
[223]  4.52057259          NA          NA  5.41168911  5.98883652          NA
[229]          NA          NA  3.51835567          NA          NA  0.97114692
[235]          NA          NA  5.33384960          NA  3.67651499  5.87432946
[241]  2.94249680          NA          NA  0.54811659          NA          NA
[247]          NA          NA          NA          NA          NA          NA
[253]  1.20475975          NA          NA          NA          NA          NA
[259]  1.17962295          NA          NA          NA  2.40901473          NA
[265]  1.23806708          NA          NA          NA          NA  1.00950846
[271]          NA          NA          NA          NA  1.15654026  0.83047151
[277]  4.93646458  1.82558794  3.29067599  1.27884079          NA          NA
[283]          NA  3.22719675  3.68638066          NA          NA  1.11725116
[289]          NA  2.08579765  2.47609148  2.95259265          NA          NA
[295]          NA          NA          NA          NA          NA  0.15348063
[301]          NA          NA          NA  4.26082589          NA          NA
[307]          NA          NA          NA          NA  2.93560009          NA
[313]  1.97077129          NA          NA          NA          NA          NA
[319]          NA          NA          NA  0.05633525          NA          NA
[325]          NA          NA  3.65021342  3.74735116  2.67159776          NA
[331]          NA          NA  2.04716063          NA          NA          NA
[337]          NA          NA

$TS
  [1] 45.877327615 45.868904167 39.266784903 29.467494182 36.244763885
  [6] 27.304609284 24.564579775 34.393667520 34.380671948 15.711976902
 [11] 33.225503433 28.093301023 26.367404639 26.151386762 24.782433122
 [16] 13.977632228 12.252966794 26.567692984 24.991292680 15.509587345
 [21] 25.666690310 25.723537009 23.662371388 20.494902727 18.888176636
 [26] 11.752614008 11.124045084 10.026344377 11.702612146 22.709633417
 [31] 22.583875725 20.126613706 14.879888755 14.256660201 11.956272872
 [36] 23.318231668 21.711029228 20.292785068 17.347870593  9.590738007
 [41]  7.974905667 17.810192854 14.558782427 13.993084982 12.871968877
 [46] 22.069456755 22.003871087 19.095449510 18.980815642 15.394804818
 [51]  6.739338710 16.371352746 14.273516864 11.786029613 10.864783127
 [56] 10.569812248 12.539385415 10.106558708 12.147504754 11.513902704
 [61] 19.673340132 19.435575239 13.368464268 12.850031541 12.676372417
 [66] 13.748866474 11.424664191  9.525986933  9.232387025  6.522947165
 [71]  6.380334864  5.653685144  3.817991994 14.007990491 12.655677982
 [76] 11.878680602  9.316422796 10.552076650  9.981441160  9.584249119
 [81] 11.456705290  9.568574702  6.871210307  6.772304513 19.410441221
 [86] 18.950505051 15.816061455 11.676225355  9.858364541  7.184505514
 [91]  6.833716025  6.833412804  6.716000862  6.152326081  5.160875404
 [96] 12.244961735  3.399108187  7.615831744  5.709932515  4.856709604
[101]  6.249585405  6.059867870  2.388377209  6.096653775  4.177444758
[106]  7.002898597  6.770832215  6.537259341  6.443445105  4.447819380
[111]  7.389758513  6.744062997  6.358765509  6.326324238  0.017081663
[116]  9.415292429  6.267405062  5.334699300  6.725276241  6.250792768
[121]  6.141001077  2.863384074 17.530639367  6.797276043  6.416175898
[126]  6.715281811  3.761168506  1.626488189  6.752102840  6.710158330
[131]  6.348067941  6.219977864  1.218294169  6.601994676  5.890827202
[136]  2.529170738  0.951111575  3.490551845  1.288370954  0.164013880
[141]  0.141427746  6.725517488  5.814066142  3.005128125  0.183401494
[146]  3.825911690  6.043316803  1.961402998  6.837853768  4.195070971
[151]  2.363940376  6.684176130  6.681304949  6.204830379  4.953909263
[156]  0.745998782  3.116168899  2.319793856  6.916698188  6.870276711
[161]  6.471546716  5.838783659  2.865966105  5.005961035  6.271455445
[166]  1.738943604  6.662757644  6.576085127  6.562274881  6.224490281
[171]  6.144191047  6.073088146  5.105963425  2.171228335  0.331817183
[176]  6.776176572  6.710057674  6.308314915  6.153179487  1.379918021
[181]  6.390685701  6.247140214  6.186812418  1.038045935  2.703092369
[186]  1.183528241  0.670447696  5.760796347  5.003765981  0.816593253
[191]  0.196847191  4.026707011  3.400507124  2.654189921  4.403383704
[196]  3.624472403  2.173450019  3.110439612  2.804186143  1.485374427
[201]  5.487520382  1.816589647  6.586261116  6.534065921  6.396083238
[206]  6.323752550  6.418664673  4.998044864  4.986995247  3.269074726
[211]  1.696272049  6.528548862  6.247361464  2.632525758  6.442236118
[216]  6.377784953  6.127868715  3.982293779  1.661918692  0.902698579
[221]  2.942314136  6.396619622  6.208683502  0.986712427  0.415194484
[226]  6.440349538  6.091485789  4.109541382  3.831660893  1.107129455
[231]  6.535572544  2.024611191  3.914110812  2.550589960  0.059812589
[236]  6.453599101  5.561023520  6.462119768  4.260351984  6.067079990
[241]  3.238830485  0.305115091  0.193106408  6.186058527  6.097157772
[246]  0.387210981  0.392061370  0.340704839  1.395964995  1.604425624
[251]  0.877420767  1.598702082  1.300600482  2.187369378  1.225675584
[256]  1.110145463  0.278867350  0.041116643  3.443414233  0.740964965
[261]  1.091764920  0.189803597  6.035213813  3.711461525  1.703978702
[266]  0.646579433  1.195892767  6.326542299  6.191216448  1.232811883
[271]  1.119298687  0.757550668  0.265981682  1.608456631  5.326366822
[276]  1.657312068  5.528916401  4.986851896  3.677331186  3.213865937
[281]  3.299405490  1.108279767  6.228408709  6.111111934  5.013656610
[286]  6.126948293  3.734244922  6.019779400  4.362666352  2.642899605
[291]  4.639418834  3.853623899  1.781899125  1.330317440  4.013855952
[296]  2.907575286  0.344296720  0.292058871  2.781888405  1.631447133
[301]  0.366391204  2.445542001  2.132934035  6.314332097  6.188273647
[306]  6.031087074  5.904528947  0.001959308  0.488980915  1.945593699
[311]  4.550355675  4.417555162  2.516645772  0.517889801  1.717444512
[316]  2.508082564  3.551615780  0.035384056  3.508247001  1.419347025
[321]  1.226695605  2.371812239  1.140172167  0.503710308  1.719228286
[326]  6.231338194  3.883090193  3.905372797  2.789950807  2.591176443
[331]  3.477748113  1.881709114  3.203238949  2.407656173  0.762742215
[336]  0.326964539  2.891777857  2.408382163

$PAR
  [1]  NA   1   2   2   3   4   4   5   5   7   9   9   9   9   9  10  10  12
 [19]  12  12  13  14  14  14  14  14  14  14  17  18  19  19  19  20  20  22
 [37]  22  23  23  27  27  30  33  34  34  36  36  36  36  39  41  42  42  42
 [55]  43  43  44  44  45  45  47  47  48  48  48  50  50  50  50  51  51  51
 [73]  51  53  53  53  55  56  56  56  57  58  58  58  61  62  62  63  63  63
 [91]  63  63  63  63  63  64  68  69  69  69  70  70  70  71  72  77  77  77
[109]  77  77  78  79  79  79  79  80  81  81  84  84  84  84  85  90  90  91
[127]  91  91  92  92  92  92  92  93  94  94  94  95  97  97  97  98  98  98
[145]  98  99 101 101 106 106 106 107 107 107 107 109 110 110 111 111 111 111
[163] 111 112 113 114 116 116 116 116 116 119 120 122 122 124 124 124 126 128
[181] 129 129 130 130 132 132 132 135 135 136 138 142 142 142 143 143 144 146
[199] 146 146 147 147 149 149 149 149 152 152 152 152 152 159 159 159 161 161
[217] 161 161 161 162 165 167 167 167 167 168 168 168 168 168 169 169 170 171
[235] 171 176 176 177 178 179 179 179 180 182 182 186 187 187 189 193 193 197
[253] 197 198 202 204 204 204 205 205 206 206 207 209 213 213 214 216 216 217
[271] 218 218 220 221 222 222 223 223 228 228 229 229 231 231 231 236 236 238
[289] 238 238 244 244 244 244 245 245 249 256 259 259 260 263 264 268 269 269
[307] 269 271 272 275 278 278 280 283 286 287 289 289 291 293 293 296 296 296
[325] 302 304 307 311 312 312 326 330 331 331 332 332 333 337

$EXTANT
  [1] FALSE FALSE FALSE FALSE FALSE FALSE FALSE FALSE FALSE FALSE FALSE FALSE
 [13] FALSE FALSE FALSE FALSE FALSE FALSE FALSE FALSE FALSE FALSE FALSE FALSE
 [25] FALSE FALSE FALSE FALSE FALSE FALSE FALSE FALSE FALSE FALSE FALSE FALSE
 [37] FALSE FALSE FALSE FALSE FALSE FALSE FALSE FALSE FALSE FALSE FALSE FALSE
 [49] FALSE FALSE FALSE FALSE FALSE FALSE FALSE FALSE FALSE FALSE FALSE FALSE
 [61] FALSE FALSE FALSE FALSE FALSE FALSE FALSE FALSE  TRUE  TRUE FALSE  TRUE
 [73] FALSE FALSE FALSE FALSE  TRUE FALSE  TRUE FALSE FALSE FALSE  TRUE  TRUE
 [85] FALSE FALSE FALSE FALSE FALSE  TRUE  TRUE  TRUE FALSE  TRUE FALSE FALSE
 [97]  TRUE  TRUE  TRUE  TRUE  TRUE FALSE  TRUE FALSE  TRUE FALSE FALSE FALSE
[109]  TRUE  TRUE FALSE FALSE  TRUE  TRUE  TRUE FALSE  TRUE FALSE  TRUE  TRUE
[121] FALSE  TRUE FALSE FALSE  TRUE FALSE  TRUE  TRUE FALSE  TRUE FALSE  TRUE
[133]  TRUE FALSE FALSE  TRUE  TRUE  TRUE  TRUE  TRUE  TRUE FALSE  TRUE  TRUE
[145]  TRUE  TRUE  TRUE FALSE  TRUE FALSE  TRUE FALSE FALSE FALSE FALSE  TRUE
[157]  TRUE  TRUE  TRUE FALSE  TRUE  TRUE FALSE FALSE  TRUE  TRUE  TRUE  TRUE
[169] FALSE FALSE  TRUE FALSE FALSE  TRUE  TRUE FALSE FALSE FALSE  TRUE  TRUE
[181]  TRUE  TRUE  TRUE  TRUE FALSE  TRUE  TRUE FALSE  TRUE  TRUE  TRUE FALSE
[193]  TRUE  TRUE FALSE  TRUE  TRUE  TRUE FALSE  TRUE FALSE  TRUE  TRUE  TRUE
[205]  TRUE  TRUE  TRUE FALSE FALSE FALSE  TRUE FALSE  TRUE  TRUE  TRUE FALSE
[217]  TRUE  TRUE  TRUE  TRUE  TRUE  TRUE FALSE  TRUE  TRUE FALSE FALSE  TRUE
[229]  TRUE  TRUE FALSE  TRUE  TRUE FALSE  TRUE  TRUE FALSE  TRUE FALSE FALSE
[241] FALSE  TRUE  TRUE FALSE  TRUE  TRUE  TRUE  TRUE  TRUE  TRUE  TRUE  TRUE
[253] FALSE  TRUE  TRUE  TRUE  TRUE  TRUE FALSE  TRUE  TRUE  TRUE FALSE  TRUE
[265] FALSE  TRUE  TRUE  TRUE  TRUE FALSE  TRUE  TRUE  TRUE  TRUE FALSE FALSE
[277] FALSE FALSE FALSE FALSE  TRUE  TRUE  TRUE FALSE FALSE  TRUE  TRUE FALSE
[289]  TRUE FALSE FALSE FALSE  TRUE  TRUE  TRUE  TRUE  TRUE  TRUE  TRUE FALSE
[301]  TRUE  TRUE  TRUE FALSE  TRUE  TRUE  TRUE  TRUE  TRUE  TRUE FALSE  TRUE
[313] FALSE  TRUE  TRUE  TRUE  TRUE  TRUE  TRUE  TRUE  TRUE FALSE  TRUE  TRUE
[325]  TRUE  TRUE FALSE FALSE FALSE  TRUE  TRUE  TRUE FALSE  TRUE  TRUE  TRUE
[337]  TRUE  TRUE

