
Birth-death simulation object with 121 species and 61 extant species

Details for some species:

Extinction times (NA means extant)
[1] 23.53212 41.50678 31.66659 27.89653 23.79613 20.51784


Speciation times 
[1] 45.87733 45.43872 39.03950 30.55182 27.75687 24.87278


Species parents (NA for initial)
[1] NA  1  1  1  1  1


Species status (extinct or extant)
[1] "extinct" "extinct" "extinct" "extinct" "extinct" "extinct"


For more details on vector y, try sim$y, with y one of
TE TS PAR EXTANT



$TE
  [1] 23.532123969 41.506783439 31.666592900 27.896530420 23.796134977
  [6] 20.517839755 44.545326067 28.759665989 10.791040965 14.389907434
 [11] 15.890204342 32.057476519 20.740124713 18.563336704  4.893827962
 [16] 13.126678520 11.590785957 17.595125614 18.952560373 30.696872239
 [21] 14.398334728  8.917577772           NA           NA  3.350477899
 [26]  3.607292751  9.958369737 11.283795599 19.237465901  0.625598098
 [31]  1.901234540  3.755022178           NA  2.577920287           NA
 [36]           NA           NA  0.750576112           NA           NA
 [41]  1.206584258           NA  7.786235793  0.691660183  4.971856884
 [46]           NA  5.871990234           NA           NA           NA
 [51]           NA           NA  3.040120058  2.314855495           NA
 [56]           NA  2.636055054  5.567530157  1.396424387           NA
 [61]  3.953248073           NA           NA           NA           NA
 [66]           NA           NA           NA           NA           NA
 [71]  0.072634078           NA  3.916445011           NA  0.545819086
 [76]           NA           NA           NA           NA           NA
 [81]           NA  0.008211348           NA           NA           NA
 [86]  1.600579364  0.524234091           NA  0.804948970           NA
 [91]           NA           NA           NA           NA  1.541003090
 [96]  2.545838107  0.988705083  2.565199075           NA           NA
[101]  3.273168862  0.695480065  0.286434069           NA  1.794671401
[106]           NA  1.370517247           NA  4.254406534           NA
[111]           NA           NA           NA           NA           NA
[116]           NA           NA           NA           NA           NA
[121]           NA

$TS
  [1] 45.87732762 45.43872302 39.03950358 30.55181971 27.75686618 24.87277529
  [7] 45.24148954 34.35553469 27.65333247 23.48268976 21.75703878 34.03621533
 [13] 31.93473957 21.92281207 16.96916265 18.20760258 17.56406790 21.24498312
 [19] 19.66621965 30.73078289 24.34344631 10.20453333 10.17839336  7.00997763
 [25]  6.03477559  5.40085208 13.89195655 12.11428712 20.25035123  9.86774705
 [31]  6.66136607  6.31785080  6.07905545  5.68605755  2.63599742  1.17426763
 [37]  6.76468645  6.55276164  5.30634731  2.21951171  5.23158398  3.55625777
 [43]  8.29240402  8.16545000  6.45615033  6.58764332  6.26740493  6.15069186
 [49]  3.31993072  2.63511207  0.50619028  2.44016961  6.50720219  6.04556636
 [55]  4.97108748  0.16225999  4.74897856  7.01145728  6.56854985  5.75780713
 [61]  4.96593544  4.48623106  2.24559986  1.11488066  6.16239206  4.82892180
 [67]  3.60388153  1.75053277  6.51984118  5.99852220  6.22443142  6.20888598
 [73]  6.06107048  5.58374738  5.39030767  3.16251961  2.48317002  5.44966644
 [79]  0.53673645  0.41927437  1.09948232  0.91244718  1.81075500  1.18340266
 [85]  0.58303423  3.73028021  3.50780195  4.68452305  3.88439427  3.66339103
 [91]  3.52813361  2.53664194  6.12567908  6.11160117  2.84698130  5.34559888
 [97]  4.13056071  3.00073803  0.87845927  4.31564270  3.62698573  1.45821345
[103]  0.48956070  2.98348741  2.90814710  3.50959398  2.09956206  1.18550188
[109]  6.07506706  2.76120681  2.31089748  0.09379144  3.66244996  0.11546144
[115]  1.75055407  1.30992712  1.29922954  1.21300744  1.07741367  2.32908811
[121]  0.39433459

$PAR
  [1]  NA   1   1   1   1   1   2   3   5   6   6   8   8   9   9  10  10  11
 [19]  11  13  13  15  15  15  15  15  17  17  18  22  23  23  23  23  23  23
 [37]  24  24  24  24  25  25  30  30  30  31  31  32  34  34  36  37  38  38
 [55]  39  40  41  44  44  44  44  46  50  50  53  53  54  55  58  58  59  59
 [73]  59  59  59  59  59  60  60  60  63  63  65  65  65  66  66  69  69  71
 [91]  71  71  72  72  72  73  74  74  74  78  78  78  78  87  87  90  91  92
[109]  93  94  94  94  97  99 100 100 102 104 111 113 117

$EXTANT
  [1] FALSE FALSE FALSE FALSE FALSE FALSE FALSE FALSE FALSE FALSE FALSE FALSE
 [13] FALSE FALSE FALSE FALSE FALSE FALSE FALSE FALSE FALSE FALSE  TRUE  TRUE
 [25] FALSE FALSE FALSE FALSE FALSE FALSE FALSE FALSE  TRUE FALSE  TRUE  TRUE
 [37]  TRUE FALSE  TRUE  TRUE FALSE  TRUE FALSE FALSE FALSE  TRUE FALSE  TRUE
 [49]  TRUE  TRUE  TRUE  TRUE FALSE FALSE  TRUE  TRUE FALSE FALSE FALSE  TRUE
 [61] FALSE  TRUE  TRUE  TRUE  TRUE  TRUE  TRUE  TRUE  TRUE  TRUE FALSE  TRUE
 [73] FALSE  TRUE FALSE  TRUE  TRUE  TRUE  TRUE  TRUE  TRUE FALSE  TRUE  TRUE
 [85]  TRUE FALSE FALSE  TRUE FALSE  TRUE  TRUE  TRUE  TRUE  TRUE FALSE FALSE
 [97] FALSE FALSE  TRUE  TRUE FALSE FALSE FALSE  TRUE FALSE  TRUE FALSE  TRUE
[109] FALSE  TRUE  TRUE  TRUE  TRUE  TRUE  TRUE  TRUE  TRUE  TRUE  TRUE  TRUE
[121]  TRUE

