
Birth-death simulation object with 268 species and 101 extant species

Details for some species:

Extinction times (NA means extant)
[1] 22.19126 42.93628 37.77578 32.15515 17.01944 38.91742


Speciation times 
[1] 45.87733 44.99911 40.86848 37.39266 22.23921 43.88626


Species parents (NA for initial)
[1] NA  1  1  1  1  2


Species status (extinct or extant)
[1] "extinct" "extinct" "extinct" "extinct" "extinct" "extinct"


For more details on vector y, try sim$y, with y one of
TE TS PAR EXTANT



$TE
  [1] 22.19126086 42.93627671 37.77578034 32.15515350 17.01943681 38.91742158
  [7] 17.83270029 32.28112561 33.89755269 14.22862871 28.36541031 17.66008617
 [13] 25.20470573 28.81898834 22.82662666 10.76849363 14.24355603 16.99620258
 [19] 26.79416681 15.25165314 17.12833704 12.08930707 18.48352321          NA
 [25] 10.37676398          NA 10.83313395 19.31345009 22.33253570 13.28367885
 [31] 10.21735759 22.64279282 14.90773134 23.44899469  7.74708623 10.01668255
 [37] 20.39525919 18.58883086 18.74061374 16.33684970 11.59186309  1.56011821
 [43]          NA          NA          NA 13.10283239 11.77164311  8.23691362
 [49]  3.58694259          NA  0.01181429  0.81483016          NA 10.18838095
 [55] 11.52523144 22.38411453 17.67935140 17.95845220 20.01546260 22.57171964
 [61] 18.78084243 11.28134349 11.41463217  8.33683824 23.28713299 19.20655489
 [67]  8.59066083 12.09284600 10.48195372  9.22972526 11.70015268 14.81201861
 [73] 12.00889066 10.31559259          NA          NA  0.20043925          NA
 [79]  8.84804103  1.39787187          NA          NA          NA          NA
 [85]  3.36442134          NA          NA          NA 11.15233791 11.20095108
 [91] 17.90694287 14.57382471 14.53484498 10.59878366 10.23231346 10.46301767
 [97] 10.21670467 25.24390880  7.78052912  8.94761496          NA  9.51029180
[103]          NA  7.98569990  5.83350014  4.07259545          NA          NA
[109]  0.68335667          NA          NA          NA          NA 13.08127582
[115]  8.44946152 18.08614019 11.28147636 13.78714176  8.95962740 10.71118335
[121] 18.65828238 12.00022080  9.13890178 11.34910915  1.54057517  8.21448884
[127] 11.77968520 11.49874516 13.61343578 11.26904252 11.80075177  0.86283564
[133]          NA  4.29553204 10.17123501  7.02018869  7.36272662          NA
[139]  3.24904658  3.73441909          NA  7.54330768 10.78867068 15.46851353
[145]  9.15965468  4.18958922 10.96453219 11.37189172  5.62834772  1.40062112
[151]  4.71248210 10.80691959  9.78838630 14.33311993 11.22832309  0.10690197
[157]          NA          NA          NA  4.24361231          NA  8.70204509
[163] 10.93647692 10.92901720 11.93233971  9.76806137  9.33461550  7.69957214
[169]          NA  9.63177465          NA  6.37782133          NA          NA
[175]  0.73114536  4.99117807          NA          NA          NA          NA
[181]          NA          NA  8.08057631 12.96244857 10.54021645          NA
[187]  0.37294343  4.97427200          NA          NA          NA 10.67437020
[193]          NA          NA          NA  0.02829372          NA          NA
[199]          NA  0.95227003          NA          NA          NA          NA
[205]  0.57812907  2.03976418  1.25717862          NA          NA 11.99927366
[211]  7.17726408          NA  2.23048449          NA          NA  3.55303736
[217]          NA          NA          NA  2.98852075  2.44432006          NA
[223]  0.45038311  0.33000457  5.27812084          NA          NA          NA
[229]          NA          NA          NA          NA          NA          NA
[235]  2.57452456          NA          NA          NA  1.99260549          NA
[241]          NA          NA          NA          NA  0.30739599  2.39757803
[247]          NA          NA          NA          NA          NA          NA
[253]          NA          NA          NA          NA          NA          NA
[259]  2.52065032          NA  1.55108728          NA          NA          NA
[265]          NA          NA          NA  1.43091724

$TS
  [1] 45.87732762 44.99910683 40.86847666 37.39266096 22.23920538 43.88625938
  [7] 36.18380206 34.75507085 35.80319593 33.15920537 32.06805373 30.07579692
 [13] 29.86468615 29.22138752 26.04112656 24.97382356 22.62661486 20.07387731
 [19] 32.29056795 25.70590123 23.30386183 20.36474125 18.64262785 18.04374536
 [25] 17.42563646 15.50390779 15.29900140 30.62225236 27.59656101 23.64452045
 [31] 23.17760037 29.08375075 26.29693726 23.69568720 14.23253832 18.61330892
 [37] 23.17992254 21.53197970 19.97913354 17.08325592 17.55862330 15.19813412
 [43]  4.15543220  3.18597338  2.72033392 16.04709255 14.22340126 14.10286588
 [49]  6.48106035  6.37705330  4.25727654  2.61000312  0.08904199 13.26994121
 [55] 11.71653208 25.33372050 23.92032095 21.00017217 24.76547338 24.56860390
 [61] 22.94521314 20.14869063 16.59186994 14.39725907 26.98298936 20.84881937
 [67] 11.14447076 18.31350230 11.96782397 11.07737503 21.76391686 16.25604350
 [73] 13.64097073 12.98246491  2.95417287  0.56035278  1.43392672  0.66738423
 [79] 12.35142763  6.31564536  6.23465709  5.79895583  4.06960000  3.49220627
 [85]  3.38931339  1.11499809  2.26032098  1.26402888 18.41447653 23.82864697
 [91] 20.36221450 17.06552021 16.84058412 16.21390856 13.13119816 11.11338736
 [97] 10.32246346 25.36802456 13.16615788 20.48186302 18.67992698 11.45195126
[103]  1.72759658 10.66137327  8.91119073  6.20413746  5.90240066  1.34639660
[109]  0.84204549  0.17717478  0.20875566  0.02666060  0.02116921 15.10787855
[115] 12.31061279 19.15954180 15.79569961 15.65675941 14.19758231 10.81256202
[121] 19.40664437 17.59234339 15.29434811 14.77295196 10.75493484  9.93347238
[127] 17.84434943 17.32057055 16.05776591 15.41143490 13.60158833  6.67180816
[133]  6.13249427  4.70154451 10.57759778  8.25440074  7.75511573  5.08857123
[139]  5.24458728  3.88240238  0.46564466 11.97362100 11.69720221 15.72661282
[145] 15.16979178 14.19924947 12.73398470 13.84003595  7.38881082  6.55026400
[151]  5.14004623 14.98258438 11.98135003 15.66732592 12.85909055  6.10160717
[157]  6.06734808  5.48522307  1.00092825  7.53789041  1.99505148  9.94541584
[163] 14.42389093 14.28504846 13.67406210 12.92539910 12.40448832  9.92297377
[169]  9.84003799  9.65447396  9.44838954  6.66660547  6.45565282  6.08885906
[175]  6.73997161  6.20673913  6.07814975  6.03497810  6.48785456  4.61351765
[181]  2.61060925  2.01889701 13.26256359 13.18491893 11.63458376  0.39350452
[187]  0.41868402  6.98560028  6.85384889  6.14709654  5.97897378 10.72699765
[193]  6.66842444  0.76020969  6.62278531  6.57647966  5.45740909  4.68972640
[199]  1.35623236  6.11823384  4.65123486  3.81724466  4.14142178  1.59746037
[205]  6.35050929  6.03005627  3.99220755  2.53456143  2.60169286 13.23805523
[211]  8.25300172  0.16495403  6.45380535  5.84955555  1.58080131  5.08902955
[217]  3.08441969  5.95094376  3.17351481  6.41646179  6.25198368  4.79406517
[223]  3.67232846  1.70851966  6.50203438  5.61643016  5.04765632  2.45798248
[229]  4.39308172  4.01406022  3.23937311  3.21891206  3.39259757  1.03505068
[235]  6.25863859  2.18530652  4.06196650  2.73517050  2.06444575  1.95993066
[241]  0.30795957  6.06356888  4.06163364  2.50832833  6.13254192  6.12931836
[247]  3.26152189  1.80625025  2.19401544  0.87274186  0.05074596  1.67324302
[253]  2.65961032  3.21015637  1.89810206  0.21574509  3.01607410  1.17854723
[259]  4.61625872  3.89402968  1.72718710  2.78874577  0.76928964  2.97980615
[265]  2.92230593  1.61638623  2.74213887  2.46360826

$PAR
  [1]  NA   1   1   1   1   2   4   4   7   7   7   7   7   7   7   7   7   7
 [19]   8  10  10  10  10  10  10  10  10  11  12  12  12  13  13  16  16  18
 [37]  20  20  20  20  22  22  24  24  24  25  25  26  26  26  26  26  26  27
 [55]  27  28  28  28  29  29  30  30  31  31  32  33  35  36  36  36  37  41
 [73]  42  42  44  44  45  45  48  49  49  49  51  51  51  51  52  52  57  59
 [91]  59  62  62  62  62  64  64  65  68  71  71  74  75  79  79  80  80  81
[109]  83  84  86  87  87  89  89  91  93  94  94  96 100 100 100 100 100 100
[127] 101 101 101 101 101 101 101 101 104 105 105 106 107 107 108 119 119 122
[145] 122 122 122 124 125 125 125 127 127 129 130 132 132 132 133 136 138 142
[163] 145 145 145 146 146 146 146 146 146 146 146 146 149 149 149 149 150 150
[181] 150 150 152 152 152 156 157 160 160 160 160 167 169 169 171 171 171 171
[199] 171 173 175 175 177 177 179 179 179 180 181 183 183 186 189 189 189 190
[217] 190 191 191 193 193 193 193 193 195 195 196 196 197 198 201 201 202 202
[235] 205 205 206 206 208 209 209 213 213 217 220 221 221 223 227 228 228 229
[253] 233 237 238 238 242 242 245 246 254 257 257 259 260 261 264 265

$EXTANT
  [1] FALSE FALSE FALSE FALSE FALSE FALSE FALSE FALSE FALSE FALSE FALSE FALSE
 [13] FALSE FALSE FALSE FALSE FALSE FALSE FALSE FALSE FALSE FALSE FALSE  TRUE
 [25] FALSE  TRUE FALSE FALSE FALSE FALSE FALSE FALSE FALSE FALSE FALSE FALSE
 [37] FALSE FALSE FALSE FALSE FALSE FALSE  TRUE  TRUE  TRUE FALSE FALSE FALSE
 [49] FALSE  TRUE FALSE FALSE  TRUE FALSE FALSE FALSE FALSE FALSE FALSE FALSE
 [61] FALSE FALSE FALSE FALSE FALSE FALSE FALSE FALSE FALSE FALSE FALSE FALSE
 [73] FALSE FALSE  TRUE  TRUE FALSE  TRUE FALSE FALSE  TRUE  TRUE  TRUE  TRUE
 [85] FALSE  TRUE  TRUE  TRUE FALSE FALSE FALSE FALSE FALSE FALSE FALSE FALSE
 [97] FALSE FALSE FALSE FALSE  TRUE FALSE  TRUE FALSE FALSE FALSE  TRUE  TRUE
[109] FALSE  TRUE  TRUE  TRUE  TRUE FALSE FALSE FALSE FALSE FALSE FALSE FALSE
[121] FALSE FALSE FALSE FALSE FALSE FALSE FALSE FALSE FALSE FALSE FALSE FALSE
[133]  TRUE FALSE FALSE FALSE FALSE  TRUE FALSE FALSE  TRUE FALSE FALSE FALSE
[145] FALSE FALSE FALSE FALSE FALSE FALSE FALSE FALSE FALSE FALSE FALSE FALSE
[157]  TRUE  TRUE  TRUE FALSE  TRUE FALSE FALSE FALSE FALSE FALSE FALSE FALSE
[169]  TRUE FALSE  TRUE FALSE  TRUE  TRUE FALSE FALSE  TRUE  TRUE  TRUE  TRUE
[181]  TRUE  TRUE FALSE FALSE FALSE  TRUE FALSE FALSE  TRUE  TRUE  TRUE FALSE
[193]  TRUE  TRUE  TRUE FALSE  TRUE  TRUE  TRUE FALSE  TRUE  TRUE  TRUE  TRUE
[205] FALSE FALSE FALSE  TRUE  TRUE FALSE FALSE  TRUE FALSE  TRUE  TRUE FALSE
[217]  TRUE  TRUE  TRUE FALSE FALSE  TRUE FALSE FALSE FALSE  TRUE  TRUE  TRUE
[229]  TRUE  TRUE  TRUE  TRUE  TRUE  TRUE FALSE  TRUE  TRUE  TRUE FALSE  TRUE
[241]  TRUE  TRUE  TRUE  TRUE FALSE FALSE  TRUE  TRUE  TRUE  TRUE  TRUE  TRUE
[253]  TRUE  TRUE  TRUE  TRUE  TRUE  TRUE FALSE  TRUE FALSE  TRUE  TRUE  TRUE
[265]  TRUE  TRUE  TRUE FALSE

