
Birth-death simulation object with 391 species and 143 extant species

Details for some species:

Extinction times (NA means extant)
[1] 43.26101 39.74666 39.05687 37.57576 28.57954 29.02409


Speciation times 
[1] 45.87733 45.34798 45.28510 43.28516 41.32697 38.15982


Species parents (NA for initial)
[1] NA  1  1  2  3  4


Species status (extinct or extant)
[1] "extinct" "extinct" "extinct" "extinct" "extinct" "extinct"


For more details on vector y, try sim$y, with y one of
TE TS PAR EXTANT



$TE
  [1] 43.26100847 39.74665565 39.05687133 37.57575894 28.57954370 29.02409279
  [7] 34.34380773 19.72710863 11.03625269 14.88588689 10.54154822 23.28513302
 [13] 11.40880796 20.37174619 16.70497557 11.79971336 24.13049222 19.63265330
 [19] 17.17424279  8.08390293 24.50184491 12.85811300 18.22371528 16.77894118
 [25] 13.22669062 14.18080978 24.93013741 16.40114831 11.20891284  8.99338790
 [31] 12.37347072 25.73719676 20.39417619 11.17323728 14.40125310 19.64414568
 [37] 24.77174970  9.56661026  9.03547684 10.13747634 15.67052446 15.90701055
 [43] 17.23363399 11.86914569 11.38796146 15.25671947 11.63831645 12.53542437
 [49] 15.30924491 19.78819091 15.14225362  3.81396550 11.92824826 12.89685493
 [55] 11.98995378 22.78043813 19.77182387 17.02016738 12.41867749 11.39921467
 [61]  8.68422695 12.78815907 19.82463996 10.58598514 14.58456582 14.07851852
 [67] 12.77295804 17.88032969 11.32656211 13.23677688 10.47330182 11.03817222
 [73] 13.15767350  9.75419302  8.97959071  2.11382511 10.67947170  8.92021601
 [79] 17.04405643  8.86652673 11.99777457 10.03894865 17.25657765  8.18252610
 [85] 10.29685887  8.67659325 10.70754174 12.23062274  9.97924381          NA
 [91] 19.96037170 18.75635309 10.11438075  9.73404457  0.47903091 13.47798838
 [97]  5.26784499  9.39702875 11.48572465 11.17995936  6.28644803 11.83010524
[103]          NA  6.35691532  5.17504210 10.81577113 13.55681336 12.68283606
[109] 12.52693673 15.41827102  7.97723185 10.80566652  9.64069698 10.97369415
[115]  7.13914417  4.11491078          NA          NA  1.31887550 21.08542536
[121]  7.57042338          NA 12.06416532  6.97689447  2.97358901          NA
[127]  6.17649866          NA  2.73793991 16.57691741 15.76977403 13.29085438
[133] 12.37556782  8.68639146          NA  1.55685767          NA 11.55575799
[139] 11.89040102          NA  9.36193510          NA          NA 10.28586711
[145]  9.75785868  6.98350702  8.07964098 11.85425556  9.02089426  7.63258340
[151]  8.26580179  9.75312093          NA  5.74981763  0.05601377  3.42261249
[157]          NA  9.58294817 10.52305170          NA 10.54435827  7.90428079
[163]  7.89699858  0.17097532  5.26998673          NA          NA          NA
[169]  7.66094954          NA          NA          NA          NA  9.97734812
[175] 11.50766367 11.38903278  5.75112821          NA          NA  6.24174406
[181]  3.82438535          NA          NA          NA          NA 10.53171222
[187] 10.68618378  9.71926411 14.81944201  9.06507790 12.87471657          NA
[193]  4.81377451          NA          NA  9.55154960  9.56117414          NA
[199] 10.69462028          NA          NA          NA  3.71854190          NA
[205]  5.26177457          NA  1.59046489          NA          NA  7.05005510
[211]          NA          NA  2.52240905  4.60133854 10.09959560          NA
[217] 11.15668711 11.99454621 10.71259831  3.91803410          NA  5.58288832
[223]          NA  7.14033168          NA          NA  3.27663800  3.72286810
[229]  4.96374324  1.12001552          NA  5.57888416          NA 11.44536580
[235] 11.26322679  8.66268672 10.80782242          NA          NA          NA
[241]          NA  0.66705187  0.65270566  0.50963034 11.89038908 12.25723460
[247]  1.86676493  0.41028111          NA          NA  4.09528627  1.31317937
[253]          NA          NA          NA          NA          NA          NA
[259]          NA          NA          NA  2.75567225          NA          NA
[265]          NA  1.20551227          NA  1.13248033  3.30130125  3.97860834
[271]  3.22273907          NA  4.19172493  4.10215393          NA          NA
[277]          NA          NA          NA  0.85007352          NA          NA
[283]          NA  2.76051539  7.53717992  5.85505904  0.54667662  6.61587733
[289]  5.65908764          NA          NA          NA          NA          NA
[295]          NA          NA          NA  3.29418079          NA  0.12017640
[301]  2.99615712  1.09388740  0.83382074          NA  4.81418234  3.11997269
[307]          NA          NA  2.92635563  4.86685533  4.04742522  2.06124723
[313]          NA          NA          NA  3.54140208          NA  6.50741666
[319]  3.60294262          NA          NA  0.48676366          NA  8.40289442
[325]          NA          NA  3.00477596          NA  4.52758389  3.86291619
[331]          NA          NA  1.17997350          NA          NA          NA
[337]  5.31626305          NA  6.24130284  6.34839637  0.42137858          NA
[343]          NA          NA          NA  1.83074019  0.25117138          NA
[349]          NA  5.76980230          NA          NA  1.71051921          NA
[355]  3.60134340          NA          NA          NA  3.64261284          NA
[361]          NA          NA          NA          NA          NA          NA
[367]          NA  2.08365076          NA          NA          NA          NA
[373]          NA          NA          NA  3.16369097          NA  4.31861936
[379]          NA          NA          NA          NA          NA  0.35459903
[385]  1.10623015          NA          NA          NA          NA          NA
[391]          NA

$TS
  [1] 45.87732762 45.34797700 45.28509867 43.28516251 41.32697068 38.15982287
  [7] 36.98114223 30.19247937 28.62210223 30.82583311 28.59954039 26.38359971
 [13] 21.43326212 20.42766710 28.56005929 27.89993001 27.35561959 24.99440494
 [19] 20.95158605 11.45620942 26.84221875 23.04879490 21.27116207 21.00167259
 [25] 16.81797170 15.34972570 25.69137111 19.21331961 11.65027480 20.14235709
 [31] 18.40170020 28.00333660 24.39228612 17.56924043 17.12694142 26.31046626
 [37] 25.37198197 24.51060095 21.50024383 20.36548978 18.58061472 21.92996142
 [43] 17.28082493 16.69738856 15.94766699 15.43371901 13.52335155 20.45319868
 [49] 20.39629728 20.32217404 18.25760705 19.07824291 17.69780240 15.48396917
 [55] 14.91492273 25.80943820 22.74485720 20.75819988 15.78540882 14.73667538
 [61] 11.97580879 15.15431495 21.35960357 21.42991876 20.06791362 16.27821642
 [67] 14.01356885 20.22796068 17.89202719 17.67258907 16.81401669 15.02539053
 [73] 14.43943558 12.64121408 10.23292732  9.25021590 16.79325462 17.24673679
 [79] 21.55355739 14.55150469 13.91651265 16.61025361 17.57253292 13.23865335
 [85] 10.43013325 10.18431380 14.11995345 12.55013676 14.27507145 13.81331329
 [91] 24.46786333 20.57074751 19.01165304 15.64246841 11.08063495 14.75393837
 [97] 18.82672423 13.31632547 16.08733817 15.89533167 14.04432636 14.91452732
[103]  6.55983396  6.55347696  6.37846773 11.46134149 13.84692800 13.42832938
[109] 19.59701563 18.85467481 18.20078957 12.02774119 12.49781230 11.07425946
[115]  7.88766814  6.29570793  4.88589825  2.91204364  2.45075081 23.17628135
[121] 15.88450858 13.28869957 12.74760707  8.89619597  6.78088018  6.70481664
[127]  6.64845554  5.67791171  4.45906626 17.46437448 15.87116278 14.61705306
[133] 14.52982286 11.71837728  6.88718849  6.34666556  6.23571998 12.37047460
[139] 14.64898437 12.52638121 11.08011232  6.63436044  5.53385275 13.71100245
[145] 14.84545810 13.15928176 12.60863256 17.54095421 12.54092476  9.81929798
[151]  8.31065773 10.46125646  7.17136156  6.11019574  6.07429501  4.19392477
[157]  1.41322061 14.97355910 12.42187153  9.22429738 11.96591356  9.54344577
[163]  9.02038493  6.84278868  6.57595375  5.78275921  3.73635814  1.31085989
[169] 10.13968392  6.44933304  6.44385237  3.29835361  4.17636066 14.46148315
[175] 14.32657161 12.39942677  9.63420285  7.48833584  6.09929974  6.40228659
[181]  6.02856865  3.68831294  0.75351167  0.03735946  4.37287302 13.43074866
[187] 10.73165972 10.04769924 16.39871130 15.08667035 14.92354316  7.14893118
[193]  6.22024742  0.08435824  4.42728520 13.46081051 11.05773531  6.23588168
[199] 10.99624724  8.02111354  6.73393358  5.08161372  4.55440676  0.35471389
[205]  5.42367851  3.46677247  3.39217050  2.55488395  2.43161611  9.78659228
[211]  4.13541101  1.62890144  3.89398572 11.78063583 11.62909854 10.07559139
[217] 13.12534459 12.63050445 11.57698759  7.06418833  6.86950149  6.52471260
[223]  6.34660714  7.14964506  6.91372785  6.47172344  6.08466966  5.32655444
[229]  6.08141242  3.71569206  0.29597382  6.39793887  4.21311140 11.84606513
[235] 11.47272655 12.58039487 10.88732719  3.97069054  2.15014916  1.32568156
[241]  0.32310552  6.08551587  4.09942141  1.07110676 13.37050062 12.83107147
[247]  9.62679172  4.82561075  3.52875654  7.63436126  6.43917570  3.38899189
[253]  1.57842065  6.23845315  3.96654357  4.17913181  0.13676538  2.76597375
[259]  0.74143931  0.22080865  0.59897147  2.79188486  0.76563093  0.41985273
[265]  7.91178343  6.49803449  7.31066143  6.92515778  6.78755274  6.68466344
[271]  6.56964963  6.43427256  6.24997509  6.49429733  6.87314633  1.48692347
[277]  1.46996717  5.04342166  5.46832189  1.79092228  1.76410434  0.05167462
[283]  0.84961257  9.46101917  9.27960506  6.66841729  2.09305792  6.67208241
[289]  6.55210125  0.09550256  4.67443330  2.33118203  1.64896482  1.05239402
[295]  6.88833156  6.46958795  6.23544337  6.43611400  6.42699812  5.37234607
[301]  4.34297647  3.01497571  6.64713659  2.00071027  5.27999405  4.05623557
[307]  3.16034620  2.25196338  6.34861073  6.27301798  4.18671068  3.75215262
[313]  6.56238076  6.31240288  3.44300929  5.81141618  3.68768181  6.64871952
[319]  6.27233331  0.19331708  1.37046818  1.76165918  0.42685299  8.52132214
[325]  6.45367455  6.14333733  6.71558284  0.47376577  6.31642701  4.57857034
[331]  4.98206943  3.98100940  6.07999539  2.27284333  1.75145348  1.67668533
[337]  6.13233288  5.93257906  6.41887941  6.40083295  4.75282224  5.42751778
[343]  5.36176447  1.16741442  4.90102082  4.44903984  6.14319444  0.29717759
[349]  1.01458820  5.88348301  5.41196960  4.86746976  4.06892547  0.11246139
[355]  4.65108776  4.21096029  4.17417558  6.14096646  4.42412135  4.38901535
[361]  4.71833990  2.59276035  1.28274582  6.07852340  0.76690185  1.53924901
[367]  4.01373817  2.44445343  1.84931032  3.84513972  0.10510057  2.68897763
[373]  1.81037918  2.65656055  1.84620800  3.45714526  1.18553855  6.09981451
[379]  0.13865955  1.91047535  1.70113600  2.45805147  0.53597350  1.38067011
[385]  1.42909721  1.08969924  0.97519710  1.16107490  1.33145721  0.56509720
[391]  0.82437063

$PAR
  [1]  NA   1   1   2   3   4   5   5   5   6   8   8   8   8   9   9   9   9
 [19]   9   9  10  10  10  10  10  10  11  11  11  13  13  15  15  15  16  17
 [37]  17  17  18  18  19  22  22  22  22  22  22  23  23  23  23  28  30  30
 [55]  31  32  33  33  34  34  34  35  36  38  38  38  38  39  39  39  39  39
 [73]  39  39  39  39  40  41  42  44  45  49  51  52  52  52  53  53  55  55
 [91]  56  58  58  59  61  62  64  67  70  70  70  72  76  76  76  77  78  78
[109]  79  79  79  81  88  89  90  90  90  90  90  91  93  94  94  95  95  95
[127]  95  95  95  97  97  97  97  97  97  97  97  99 100 100 101 101 105 107
[145] 109 109 109 110 111 111 111 113 115 116 116 117 119 121 121 121 122 122
[163] 122 122 126 126 126 126 134 135 135 136 137 139 139 139 140 140 140 142
[181] 142 142 142 142 143 145 146 146 148 148 148 153 153 153 155 158 159 160
[199] 161 163 164 164 164 164 165 166 167 167 167 169 170 170 173 174 174 174
[217] 175 175 175 177 177 177 177 178 178 178 178 178 179 179 179 180 181 186
[235] 186 190 190 192 192 192 192 193 195 195 196 196 196 198 198 200 200 200
[253] 200 201 201 202 202 206 208 208 209 211 211 212 214 214 216 216 216 216
[271] 216 216 221 222 225 226 226 227 229 233 238 239 243 247 247 247 249 250
[289] 250 250 251 254 255 255 265 265 265 266 266 266 266 266 267 267 268 268
[307] 268 268 269 269 269 269 271 271 271 272 272 275 275 275 277 280 281 284
[325] 289 289 295 295 296 296 298 298 299 300 302 303 309 309 313 313 313 314
[343] 314 314 316 316 319 321 322 325 325 325 325 325 326 326 326 327 330 330
[361] 331 332 332 333 334 338 341 342 342 343 343 345 352 353 353 356 356 358
[379] 358 360 361 362 366 369 373 373 374 377 380 381 388

$EXTANT
  [1] FALSE FALSE FALSE FALSE FALSE FALSE FALSE FALSE FALSE FALSE FALSE FALSE
 [13] FALSE FALSE FALSE FALSE FALSE FALSE FALSE FALSE FALSE FALSE FALSE FALSE
 [25] FALSE FALSE FALSE FALSE FALSE FALSE FALSE FALSE FALSE FALSE FALSE FALSE
 [37] FALSE FALSE FALSE FALSE FALSE FALSE FALSE FALSE FALSE FALSE FALSE FALSE
 [49] FALSE FALSE FALSE FALSE FALSE FALSE FALSE FALSE FALSE FALSE FALSE FALSE
 [61] FALSE FALSE FALSE FALSE FALSE FALSE FALSE FALSE FALSE FALSE FALSE FALSE
 [73] FALSE FALSE FALSE FALSE FALSE FALSE FALSE FALSE FALSE FALSE FALSE FALSE
 [85] FALSE FALSE FALSE FALSE FALSE  TRUE FALSE FALSE FALSE FALSE FALSE FALSE
 [97] FALSE FALSE FALSE FALSE FALSE FALSE  TRUE FALSE FALSE FALSE FALSE FALSE
[109] FALSE FALSE FALSE FALSE FALSE FALSE FALSE FALSE  TRUE  TRUE FALSE FALSE
[121] FALSE  TRUE FALSE FALSE FALSE  TRUE FALSE  TRUE FALSE FALSE FALSE FALSE
[133] FALSE FALSE  TRUE FALSE  TRUE FALSE FALSE  TRUE FALSE  TRUE  TRUE FALSE
[145] FALSE FALSE FALSE FALSE FALSE FALSE FALSE FALSE  TRUE FALSE FALSE FALSE
[157]  TRUE FALSE FALSE  TRUE FALSE FALSE FALSE FALSE FALSE  TRUE  TRUE  TRUE
[169] FALSE  TRUE  TRUE  TRUE  TRUE FALSE FALSE FALSE FALSE  TRUE  TRUE FALSE
[181] FALSE  TRUE  TRUE  TRUE  TRUE FALSE FALSE FALSE FALSE FALSE FALSE  TRUE
[193] FALSE  TRUE  TRUE FALSE FALSE  TRUE FALSE  TRUE  TRUE  TRUE FALSE  TRUE
[205] FALSE  TRUE FALSE  TRUE  TRUE FALSE  TRUE  TRUE FALSE FALSE FALSE  TRUE
[217] FALSE FALSE FALSE FALSE  TRUE FALSE  TRUE FALSE  TRUE  TRUE FALSE FALSE
[229] FALSE FALSE  TRUE FALSE  TRUE FALSE FALSE FALSE FALSE  TRUE  TRUE  TRUE
[241]  TRUE FALSE FALSE FALSE FALSE FALSE FALSE FALSE  TRUE  TRUE FALSE FALSE
[253]  TRUE  TRUE  TRUE  TRUE  TRUE  TRUE  TRUE  TRUE  TRUE FALSE  TRUE  TRUE
[265]  TRUE FALSE  TRUE FALSE FALSE FALSE FALSE  TRUE FALSE FALSE  TRUE  TRUE
[277]  TRUE  TRUE  TRUE FALSE  TRUE  TRUE  TRUE FALSE FALSE FALSE FALSE FALSE
[289] FALSE  TRUE  TRUE  TRUE  TRUE  TRUE  TRUE  TRUE  TRUE FALSE  TRUE FALSE
[301] FALSE FALSE FALSE  TRUE FALSE FALSE  TRUE  TRUE FALSE FALSE FALSE FALSE
[313]  TRUE  TRUE  TRUE FALSE  TRUE FALSE FALSE  TRUE  TRUE FALSE  TRUE FALSE
[325]  TRUE  TRUE FALSE  TRUE FALSE FALSE  TRUE  TRUE FALSE  TRUE  TRUE  TRUE
[337] FALSE  TRUE FALSE FALSE FALSE  TRUE  TRUE  TRUE  TRUE FALSE FALSE  TRUE
[349]  TRUE FALSE  TRUE  TRUE FALSE  TRUE FALSE  TRUE  TRUE  TRUE FALSE  TRUE
[361]  TRUE  TRUE  TRUE  TRUE  TRUE  TRUE  TRUE FALSE  TRUE  TRUE  TRUE  TRUE
[373]  TRUE  TRUE  TRUE FALSE  TRUE FALSE  TRUE  TRUE  TRUE  TRUE  TRUE FALSE
[385] FALSE  TRUE  TRUE  TRUE  TRUE  TRUE  TRUE

