
Birth-death simulation object with 278 species and 118 extant species

Details for some species:

Extinction times (NA means extant)
[1]  9.844262 20.776250 34.587753 32.548220 29.192097 22.415690


Speciation times 
[1] 45.87733 42.58297 39.09837 34.45348 34.16366 30.68118


Species parents (NA for initial)
[1] NA  1  1  1  1  1


Species status (extinct or extant)
[1] "extinct" "extinct" "extinct" "extinct" "extinct" "extinct"


For more details on vector y, try sim$y, with y one of
TE TS PAR EXTANT



$TE
  [1]  9.8442620 20.7762496 34.5877526 32.5482201 29.1920975 22.4156900
  [7] 11.8641828 10.3620958  8.1355895 40.1521225 28.5973715 14.1615562
 [13] 11.2176171 11.7628202 11.4717518 16.9400760 25.4134850 28.8063295
 [19] 28.5206218 24.7940384 20.5779605 23.1666013 17.9228091  3.4875806
 [25] 11.0953404 15.3553268 11.9540401 14.1685258 10.2411781 11.1627275
 [31] 27.4151376 12.6090168 20.2020425 15.7504238 17.7668017 20.9743606
 [37] 17.7940782 10.2601621         NA  6.2771854 17.6221614 14.8630492
 [43] 11.4842671 10.9692608 11.6720751  8.9543971 11.6628204  6.5873624
 [49]  7.3070420 25.2807072 17.1799098 17.2559486 13.8580629 16.7221180
 [55] 11.1179471  9.9601457 21.4943668 20.9345660 18.8876613 11.9247860
 [61] 18.1612774 17.8934081  2.8203532         NA  0.7203695         NA
 [67]         NA         NA 12.0988789 11.4230623  9.8885248         NA
 [73]  2.0851291  3.9092591 20.3937570 13.1378248 12.9180741 11.3553465
 [79] 11.4958541  9.7613698  5.2006125 14.2751108 11.0626418  8.4617997
 [85]         NA 15.5195318         NA         NA         NA         NA
 [91] 10.3149431         NA  4.6047592         NA  1.4302727 10.3099529
 [97] 14.0326703  9.5422294  5.7765169         NA  2.8209442 10.5289186
[103] 10.1207562 11.8297863 11.8497781  4.8721019         NA         NA
[109]  0.8076427         NA         NA         NA         NA 14.6659137
[115]  0.9531122         NA         NA         NA         NA  2.2097572
[121] 11.5489788 10.6200505 10.0587072  4.7955416  3.8922594  6.4089598
[127]         NA         NA         NA  5.2828236  1.2440662  5.3555160
[133]         NA         NA         NA         NA         NA         NA
[139]         NA  5.1520372         NA  3.2602424  1.9708683         NA
[145]         NA         NA         NA         NA         NA         NA
[151]         NA  7.7217911  4.0945926  4.2223011  5.1538034  4.8053112
[157]  4.4713844  3.1422474  1.2967781         NA         NA         NA
[163]         NA  3.4698768  5.5746342  2.8765570         NA  4.5504851
[169]         NA         NA         NA         NA         NA         NA
[175]         NA         NA         NA  2.7017115         NA  0.1221150
[181]  4.0894461         NA         NA         NA         NA         NA
[187]  2.6924857  1.4236359         NA         NA  6.5105210  1.0258117
[193]  5.5945678         NA  4.6988610         NA         NA  2.9993226
[199]         NA         NA  1.0740023         NA  1.3322207  4.5119423
[205]  4.4727549         NA  4.0002100         NA         NA  2.4107082
[211]         NA         NA         NA         NA         NA  3.2972828
[217]         NA  2.2500622         NA         NA         NA  2.0392709
[223]         NA  1.0399007         NA         NA  1.8047526         NA
[229]         NA         NA         NA         NA         NA         NA
[235]         NA  1.3297347  0.3390313  5.0048874         NA  0.4513420
[241]         NA  3.7281826  2.1167712         NA         NA  2.2949490
[247]         NA         NA  2.0419486         NA  1.4530940         NA
[253]         NA         NA  2.5960256         NA         NA  1.6937118
[259]         NA         NA         NA  1.2569659  6.0345071  0.4085628
[265]         NA         NA         NA         NA  1.8739713         NA
[271]  1.6012208  3.5631599         NA         NA         NA         NA
[277]  0.1966491  0.2533964

$TS
  [1] 45.8773276 42.5829729 39.0983719 34.4534791 34.1636626 30.6811765
  [7] 17.4804883 14.0641647 11.9347132 40.1647412 33.3404409 32.6691500
 [13] 26.6079578 26.0664814 24.5470744 17.0203242 32.5629423 29.8065738
 [19] 29.2067716 25.1614052 25.5853804 24.8195350 24.4524074 19.8966158
 [25] 19.2859906 16.8013460 21.7983843 20.6263426 15.2480790 13.3649577
 [31] 28.5349845 27.6447750 27.3664021 24.0884067 22.0944553 23.9757150
 [37] 22.1891229 13.2419275  6.9061932  6.7055228 17.8943613 15.5582940
 [43] 14.0456116 12.9937749 11.8595546 18.0464802 13.9045406 13.3764402
 [49] 12.8897672 25.3184979 22.4808632 21.4681124 18.5118181 17.6928336
 [55] 15.9595395 13.6778677 25.5669037 22.0963906 21.2615483 21.1857372
 [61] 20.2118204 20.0362096  4.7696865  3.9972371  3.0467424  2.8566385
 [67]  0.6657414  0.3726708 15.3895646 12.8453603 12.6182118  6.7509295
 [73]  6.7380930 12.7390090 22.4283069 22.3251385 17.9698353 14.5195606
 [79] 11.5118585  9.9799012 15.9112226 14.8937644 19.8891055 18.5704717
 [85] 18.2634188 19.4785422  2.5508607  0.6749024  0.3563246  0.4932377
 [91] 11.1356540  6.6305533  6.6246542  5.2546760  2.8558366 10.6981665
 [97] 16.4682100 13.2607892  6.9974754  6.5763940  6.0620904 14.3768127
[103] 16.6566979 11.8947918 14.1301855 13.9452675  8.2088170  6.6058539
[109]  6.5911276  6.4840399  4.1384359  4.0758232  0.7704813 15.8056907
[115]  6.2111483  6.5542673  6.9346617  6.8944618  3.3303926  6.0356822
[121] 11.9787653 10.8995545 10.2539331  9.1647750  8.8280332  7.7232257
[127]  6.2724337  3.5583535  0.3845760  6.2184772  5.8493484  6.5860670
[133]  3.9060756  6.4740274  5.2989678  2.3980337  0.9611565  3.3865345
[139]  4.0844084  6.7746978  6.5231233  6.3067170  2.3615697  0.8664232
[145]  6.0933384  2.9699362  0.3686698  0.2894406  1.8954458  4.4280898
[151]  3.3923329 10.7711250  6.8705302  6.2672380  6.9053715  6.8415834
[157]  6.1494897  6.9018060  6.8484025  6.7938636  4.9833503  1.9216327
[163]  2.3197179  6.1125740  6.0392682  5.2250769  0.2357924  5.3986928
[169]  3.0995883  1.3056444  0.1594945  2.1069037  5.8273176  5.7184639
[175]  3.2556048  1.0195345  0.2000558  3.5481184  3.2283540  6.6346030
[181]  6.8193847  5.7510706  6.7811778  6.5036013  6.0854176  5.4997177
[187]  6.4554226  5.5471358  5.2042457  1.6009323  6.7300734  5.7676211
[193]  6.0386833  0.2105519  5.6008345  5.2504509  5.2180064  4.8551495
[199]  1.7782702  1.2371924  6.1884945  5.0835462  6.7197985  6.5632422
[205]  6.5510407  6.1587607  4.1686090  2.3111179  3.8647865  2.7773637
[211]  4.1332009  2.9615445  6.6186513  0.5229499  0.2239606  6.1584884
[217]  1.2063159  6.5795870  4.9425847  6.2978025  5.7230729  6.4248719
[223]  0.7994929  1.3314908  0.1932380  3.2592406  2.2115584  2.3265185
[229]  6.5683518  6.5503285  6.1756129  5.2821547  0.7924481  4.9539513
[235]  4.2944188  6.4135998  6.2443681  6.0170869  4.7367288  4.5654100
[241]  2.8211585  4.9992503  3.5474148  0.5929809  6.0343176  4.8906757
[247]  2.4309139  6.5045677  2.5495608  0.6156750  6.0615529  5.8621378
[253]  1.6363941  1.0116740  3.3368410  0.5065816  1.2422910  1.8846990
[259]  4.1931411  4.1497155  0.9018678  3.4294406  6.2378092  6.1088149
[265]  1.5505060  4.6935439  4.2544026  1.2252167  3.1255699  0.5804660
[271]  5.9451252  4.8338959  1.3022440  1.2646745  2.2168461  0.3880723
[277]  3.8762552  0.3348848

$PAR
  [1]  NA   1   1   1   1   1   1   1   1   2   2   2   2   2   6   7  11  11
 [19]  12  12  13  13  13  13  14  14  15  15  15  15  17  17  17  21  21  22
 [37]  23  24  24  24  25  25  25  25  25  28  29  29  30  32  32  32  32  32
 [55]  32  32  33  33  36  37  37  37  39  39  39  39  39  39  42  46  48  48
 [73]  48  49  51  51  51  55  56  56  60  60  61  61  61  62  64  64  66  67
 [91]  71  72  73  73  73  74  76  78  81  81  81  82  84  84  85  85  85  85
[109]  85  85  85  85  85  86  92  93  99  99 100 101 102 102 103 106 106 107
[127] 107 107 107 108 108 109 109 110 110 112 112 115 116 117 117 117 117 117
[145] 118 118 118 118 119 120 120 122 124 124 125 125 125 126 126 126 127 127
[163] 128 132 134 135 135 141 141 141 141 143 145 145 145 149 149 150 150 153
[181] 155 155 156 156 156 157 158 158 159 159 160 160 165 172 173 173 173 174
[199] 174 179 181 182 183 183 183 183 184 185 186 187 189 189 191 199 200 201
[217] 202 203 203 204 204 205 206 208 209 211 211 212 213 213 213 213 213 216
[235] 216 218 218 218 218 218 218 221 222 223 229 229 229 230 230 230 231 231
[253] 231 232 234 234 237 239 240 240 241 243 248 248 248 251 252 253 255 259
[271] 264 264 266 266 269 270 272 273

$EXTANT
  [1] FALSE FALSE FALSE FALSE FALSE FALSE FALSE FALSE FALSE FALSE FALSE FALSE
 [13] FALSE FALSE FALSE FALSE FALSE FALSE FALSE FALSE FALSE FALSE FALSE FALSE
 [25] FALSE FALSE FALSE FALSE FALSE FALSE FALSE FALSE FALSE FALSE FALSE FALSE
 [37] FALSE FALSE  TRUE FALSE FALSE FALSE FALSE FALSE FALSE FALSE FALSE FALSE
 [49] FALSE FALSE FALSE FALSE FALSE FALSE FALSE FALSE FALSE FALSE FALSE FALSE
 [61] FALSE FALSE FALSE  TRUE FALSE  TRUE  TRUE  TRUE FALSE FALSE FALSE  TRUE
 [73] FALSE FALSE FALSE FALSE FALSE FALSE FALSE FALSE FALSE FALSE FALSE FALSE
 [85]  TRUE FALSE  TRUE  TRUE  TRUE  TRUE FALSE  TRUE FALSE  TRUE FALSE FALSE
 [97] FALSE FALSE FALSE  TRUE FALSE FALSE FALSE FALSE FALSE FALSE  TRUE  TRUE
[109] FALSE  TRUE  TRUE  TRUE  TRUE FALSE FALSE  TRUE  TRUE  TRUE  TRUE FALSE
[121] FALSE FALSE FALSE FALSE FALSE FALSE  TRUE  TRUE  TRUE FALSE FALSE FALSE
[133]  TRUE  TRUE  TRUE  TRUE  TRUE  TRUE  TRUE FALSE  TRUE FALSE FALSE  TRUE
[145]  TRUE  TRUE  TRUE  TRUE  TRUE  TRUE  TRUE FALSE FALSE FALSE FALSE FALSE
[157] FALSE FALSE FALSE  TRUE  TRUE  TRUE  TRUE FALSE FALSE FALSE  TRUE FALSE
[169]  TRUE  TRUE  TRUE  TRUE  TRUE  TRUE  TRUE  TRUE  TRUE FALSE  TRUE FALSE
[181] FALSE  TRUE  TRUE  TRUE  TRUE  TRUE FALSE FALSE  TRUE  TRUE FALSE FALSE
[193] FALSE  TRUE FALSE  TRUE  TRUE FALSE  TRUE  TRUE FALSE  TRUE FALSE FALSE
[205] FALSE  TRUE FALSE  TRUE  TRUE FALSE  TRUE  TRUE  TRUE  TRUE  TRUE FALSE
[217]  TRUE FALSE  TRUE  TRUE  TRUE FALSE  TRUE FALSE  TRUE  TRUE FALSE  TRUE
[229]  TRUE  TRUE  TRUE  TRUE  TRUE  TRUE  TRUE FALSE FALSE FALSE  TRUE FALSE
[241]  TRUE FALSE FALSE  TRUE  TRUE FALSE  TRUE  TRUE FALSE  TRUE FALSE  TRUE
[253]  TRUE  TRUE FALSE  TRUE  TRUE FALSE  TRUE  TRUE  TRUE FALSE FALSE FALSE
[265]  TRUE  TRUE  TRUE  TRUE FALSE  TRUE FALSE FALSE  TRUE  TRUE  TRUE  TRUE
[277] FALSE FALSE

