
Birth-death simulation object with 303 species and 96 extant species

Details for some species:

Extinction times (NA means extant)
[1] 42.17377 41.60169 44.40799 41.94051 22.17417 19.66137


Speciation times 
[1] 49.11595 45.17675 45.10455 45.08588 42.52687 39.39240


Species parents (NA for initial)
[1] NA  1  1  2  4  5


Species status (extinct or extant)
[1] "extinct" "extinct" "extinct" "extinct" "extinct" "extinct"


For more details on vector y, try sim$y, with y one of
TE TS PAR EXTANT



$TE
  [1] 42.173770424 41.601687215 44.407985249 41.940509772 22.174168547
  [6] 19.661367513 26.687273978 29.271259530 28.001832698 33.216431681
 [11] 32.351982970 24.023671492 29.905631619 37.960502412  9.700511844
 [16] 10.446199160 14.028768097  2.509229817  4.891136330 31.718675022
 [21] 21.986551624 27.522426944 24.665426187 11.896445865 31.858401934
 [26] 20.652672032 12.714236534 15.788726282 14.388391112 14.408226074
 [31] 10.957048141 23.154272829 18.100666838  9.860748237 20.309733446
 [36] 12.463395093 22.613117985 13.679278744 13.474014335 13.211693806
 [41]           NA           NA  4.121448196           NA 24.094454422
 [46] 21.797538437 11.013029701 18.258297624 18.248763765 13.991334525
 [51] 11.271256885 12.795990902  4.677378244           NA           NA
 [56] 27.770103242 27.331309945 12.402971171 10.882838646  8.806017880
 [61] 25.023121800 31.597743087 21.683400663 13.569615754 13.884115532
 [66] 16.392776042 12.479651556 13.744178300 12.705780995 17.485885730
 [71] 12.784410348 13.772102412           NA  5.487664371           NA
 [76] 22.027729852 23.610432378 24.907142937 12.299927844  1.291801534
 [81] 18.466496945 16.359513490 14.537766571 16.301344131 13.113406855
 [86]  9.382308785  7.828727263  5.656087547           NA           NA
 [91]  3.018364307  0.806702619           NA 13.287256667 15.147531369
 [96] 12.978783225 11.244460716           NA 28.199916820 25.947536297
[101] 14.556794002 15.462285399 15.105186478 13.257948959 15.537924617
[106] 16.657354792           NA 11.532264045 13.524128326           NA
[111]  3.349561514  0.518776285           NA 22.369223138 27.020696092
[116] 15.419151384 20.837187840 10.255496372 13.675923598 15.212014798
[121] 13.560539451 11.544824584 13.124763372 14.951754690 12.782289443
[126] 15.171290514  1.817110059  0.476014935           NA           NA
[131]  1.811841190           NA           NA           NA  1.925650179
[136]           NA 11.488237960           NA           NA  2.698753383
[141]           NA 28.028380640 14.319339903 11.890460766 14.758022922
[146] 14.287589816  3.171291182  5.591815714           NA 13.468171006
[151] 11.103728783  7.337216926  2.441656058           NA 26.248339072
[156] 18.246591183 13.870180433 10.893009821 15.088569086 15.953196501
[161] 12.057248786 14.254946720  0.795194260 11.837621119 13.958258556
[166] 12.039791790  7.200668690           NA  2.647526627           NA
[171]           NA           NA           NA  0.096756853           NA
[176]           NA           NA  1.051388359           NA           NA
[181]           NA           NA           NA           NA  4.383511889
[186]           NA  4.073514488  0.304651843           NA           NA
[191]           NA           NA           NA           NA 26.479409400
[196] 12.038802820 16.528554886 12.547621705 15.111476280  5.583738847
[201]  2.899984197  4.374867281 15.205543949 14.712661626 12.493856750
[206] 10.334796643 10.862064902 14.203738824 12.442226258 15.684649168
[211] 21.057860821 21.914387936 15.597929991 12.658668822 10.439357073
[216]           NA  0.206118472           NA           NA           NA
[221]           NA           NA  3.438766944  1.289820840           NA
[226]           NA           NA           NA           NA           NA
[231]           NA           NA           NA  1.521191498           NA
[236]           NA           NA  0.861426808 19.174924758 12.799263815
[241]           NA  4.571260140  7.093133185  4.823241120 11.682944090
[246] 14.517255963           NA           NA           NA           NA
[251]           NA           NA           NA           NA           NA
[256]  0.377519974 14.712662455           NA           NA  3.222059795
[261] 11.018749399 11.869891062 11.579519649           NA           NA
[266]           NA 13.037045533 12.482571989 10.743903471           NA
[271]           NA  0.005817767           NA 10.658858027  3.988379097
[276]  0.104827693  2.967648732           NA  4.951213190  1.824416661
[281]  1.513230579 11.478662372  0.159602127           NA           NA
[286]  1.636584550 12.204489734 11.326354138  3.552265949  1.675038909
[291]           NA           NA           NA           NA  1.416544658
[296]           NA           NA           NA           NA  0.097191568
[301]           NA           NA           NA

$TS
  [1] 49.115954651 45.176748705 45.104550961 45.085876625 42.526870986
  [6] 39.392399461 36.445886994 35.518228972 35.012066272 34.325164834
 [11] 32.546161748 25.066302997 39.190796986 38.685404991 31.718358506
 [16] 29.186446789 23.685891019 23.003234712 34.959581647 32.513490275
 [21] 32.361461605 29.685046069 28.588522976 28.031617879 33.226887835
 [26] 30.644030798 26.031941354 24.641347065 18.727119463 17.458955384
 [31] 12.334648582 27.032759949 21.372545608 10.789584362 22.082601250
 [36] 16.036813037 22.827002443 19.487972086 16.453589037 13.386651334
 [41] 10.487991339  6.185709417  5.791949692  3.702815285 29.348137928
 [46] 27.763919242 26.347676791 20.593043296 20.348407526 20.070796226
 [51] 16.255285540 15.978803357 11.541470144  9.997137172  8.886139176
 [56] 29.345675736 27.613952637 18.281887302 17.942761773 12.032880184
 [61] 32.144853298 32.096191739 25.565805898 17.353850639 14.760060888
 [66] 24.421238289 16.300763830 20.248515495 19.306621462 18.945475378
 [71] 15.379662997 13.919217748  4.895958180  5.919237803  1.086830737
 [76] 28.268869904 28.049091193 25.021844369 21.415774736 19.442378384
 [81] 20.550162414 18.712401730 19.754835579 18.766233212 14.615426621
 [86]  9.969031710  9.882709867  8.148826365  7.068808072  2.646957427
 [91]  8.709933259  7.032179158  4.857961163 14.405369529 15.260630694
 [96] 14.241376981 11.408583065  9.380610894 29.427410775 28.516087433
[101] 14.609410862 19.776803663 15.480790685 14.908604723 19.180307752
[106] 17.695020666 13.841195527 13.162148859 14.576806371 13.926111272
[111]  3.452043614  2.193603132  0.288435605 27.799666635 27.046999433
[116] 26.686806404 23.887139729 21.067612141 17.895226919 16.560914553
[121] 14.391419634 13.352158696 13.131106804 17.272202044 15.571223035
[126] 15.559944485  5.467676078  9.580420408  7.599149296  6.457433645
[131]  6.113483185  0.340986503  8.677731607  4.713307834  6.084038454
[136]  1.781000247 13.739353049  8.843029146  4.452641273  3.691787112
[141]  1.013193674 29.118325523 17.354183111 18.133397732 17.745615149
[146] 17.483787301  8.225063357  6.936869601  5.514903720 13.757106759
[151] 12.656666639  8.563941810  2.674956405  0.007370483 26.439606624
[156] 24.325085081 21.886408380 19.406008839 16.826788002 23.546012619
[161] 19.226121215 18.632301659 15.803224657 13.102136349 15.136452565
[166] 13.954779105  8.549719417  7.470907085  6.825028222  1.516481356
[171]  0.688469583  5.658033901  3.131750830  0.491136216  3.866988384
[176]  2.994174389  2.950412422  6.726280798  6.025275212  3.158241887
[181]  1.626453785  4.492530727  5.689332085  6.463937012  6.120926402
[186]  6.099312159  5.338674126  3.152134202  3.022018571  1.730602906
[191]  0.610224562  3.389082164  3.368827862  1.963953355 28.949548564
[196] 14.459058306 17.082228083 16.664666434 15.160953271  6.190676621
[201]  4.196983945  7.889955391 21.656438022 20.188605932 16.371986320
[206] 14.255572762 13.977081206 18.386756849 17.339734606 16.134834960
[211] 22.488776581 22.056130235 19.873469828 15.558390745 10.760564866
[216]  5.368891132  3.591742942  6.094435965  0.877804351  5.074887257
[221]  2.625853750  0.710572103  4.300492951  4.248402331  1.057147169
[226]  2.514693970  0.330511339  0.070167922  3.893063832  0.804331909
[231]  0.076834749  1.798840829  0.883351072  2.896029899  0.498129287
[236]  3.256846863  1.728355378  1.713542244 27.515223127 13.918318638
[241]  6.075599563  7.469140950  7.095314446  5.948405704 15.553505365
[246] 18.343348551 17.688713297 16.131564700  0.861373535  1.962504574
[251]  1.252758244  1.806936473  2.305474717  0.922887443  2.387093697
[256]  1.511593870 26.362935247  2.719453618  7.294562120  5.422590256
[261] 15.351896620 12.684807521 12.009397171  7.694472064  5.085417136
[266]  2.196020932 13.567148571 13.537018496 10.784814669  1.885414962
[271]  5.946876254  5.509604642 12.859522666 11.280530448  4.560890627
[276]  4.504687228  4.443921465  3.262354961  5.079514239  3.125316884
[281]  2.667231370 13.049856956  2.689837003  1.487109021  3.683958701
[286]  3.224333022 12.234497472 11.827965847  6.254776306  4.933703332
[291]  3.794205781  1.170533520  2.612756035  2.427713669  1.946973581
[296]  0.580038757  1.781427939  1.413628708  1.976057818  2.328622558
[301]  1.405486573  0.648080903  0.056622568

$PAR
  [1]  NA   1   1   2   4   5   5   5   5   5   5   5   6   6   6   6   6   6
 [19]   7   7   7   7   7   7   9   9  15  15  15  15  15  16  16  16  17  17
 [37]  18  18  18  18  18  18  18  18  19  19  19  19  19  19  19  19  19  19
 [55]  19  21  22  24  24  24  25  25  26  27  27  28  28  33  33  38  38  39
 [73]  41  42  44  45  45  45  47  47  48  49  50  50  50  53  54  54  54  54
 [91]  55  55  55  58  59  59  59  60  61  61  64  66  67  68  69  69  69  69
[109]  71  71  73  73  73  76  76  76  77  79  79  79  79  79  79  80  80  80
[127]  80  86  88  88  89  90  91  91  92  92  94  98  98  98  98  99 102 105
[145] 105 106 107 107 107 110 110 110 110 110 116 116 116 116 116 117 118 118
[163] 118 122 124 125 128 128 128 128 129 130 130 130 131 131 131 133 133 133
[181] 133 134 135 138 138 138 138 138 138 138 138 139 139 139 142 143 145 145
[199] 145 147 149 152 157 157 157 157 157 158 158 158 160 160 160 163 163 163
[217] 168 169 170 172 173 177 178 178 179 182 182 182 183 183 184 186 186 188
[235] 191 192 192 194 195 198 200 202 202 202 203 204 213 213 218 220 221 224
[253] 226 232 236 237 239 241 242 242 245 247 247 247 247 247 248 248 248 255
[271] 259 259 261 261 264 264 264 264 265 265 265 267 271 271 272 272 273 273
[289] 273 273 276 276 278 281 281 283 285 285 286 290 291 297 302

$EXTANT
  [1] FALSE FALSE FALSE FALSE FALSE FALSE FALSE FALSE FALSE FALSE FALSE FALSE
 [13] FALSE FALSE FALSE FALSE FALSE FALSE FALSE FALSE FALSE FALSE FALSE FALSE
 [25] FALSE FALSE FALSE FALSE FALSE FALSE FALSE FALSE FALSE FALSE FALSE FALSE
 [37] FALSE FALSE FALSE FALSE  TRUE  TRUE FALSE  TRUE FALSE FALSE FALSE FALSE
 [49] FALSE FALSE FALSE FALSE FALSE  TRUE  TRUE FALSE FALSE FALSE FALSE FALSE
 [61] FALSE FALSE FALSE FALSE FALSE FALSE FALSE FALSE FALSE FALSE FALSE FALSE
 [73]  TRUE FALSE  TRUE FALSE FALSE FALSE FALSE FALSE FALSE FALSE FALSE FALSE
 [85] FALSE FALSE FALSE FALSE  TRUE  TRUE FALSE FALSE  TRUE FALSE FALSE FALSE
 [97] FALSE  TRUE FALSE FALSE FALSE FALSE FALSE FALSE FALSE FALSE  TRUE FALSE
[109] FALSE  TRUE FALSE FALSE  TRUE FALSE FALSE FALSE FALSE FALSE FALSE FALSE
[121] FALSE FALSE FALSE FALSE FALSE FALSE FALSE FALSE  TRUE  TRUE FALSE  TRUE
[133]  TRUE  TRUE FALSE  TRUE FALSE  TRUE  TRUE FALSE  TRUE FALSE FALSE FALSE
[145] FALSE FALSE FALSE FALSE  TRUE FALSE FALSE FALSE FALSE  TRUE FALSE FALSE
[157] FALSE FALSE FALSE FALSE FALSE FALSE FALSE FALSE FALSE FALSE FALSE  TRUE
[169] FALSE  TRUE  TRUE  TRUE  TRUE FALSE  TRUE  TRUE  TRUE FALSE  TRUE  TRUE
[181]  TRUE  TRUE  TRUE  TRUE FALSE  TRUE FALSE FALSE  TRUE  TRUE  TRUE  TRUE
[193]  TRUE  TRUE FALSE FALSE FALSE FALSE FALSE FALSE FALSE FALSE FALSE FALSE
[205] FALSE FALSE FALSE FALSE FALSE FALSE FALSE FALSE FALSE FALSE FALSE  TRUE
[217] FALSE  TRUE  TRUE  TRUE  TRUE  TRUE FALSE FALSE  TRUE  TRUE  TRUE  TRUE
[229]  TRUE  TRUE  TRUE  TRUE  TRUE FALSE  TRUE  TRUE  TRUE FALSE FALSE FALSE
[241]  TRUE FALSE FALSE FALSE FALSE FALSE  TRUE  TRUE  TRUE  TRUE  TRUE  TRUE
[253]  TRUE  TRUE  TRUE FALSE FALSE  TRUE  TRUE FALSE FALSE FALSE FALSE  TRUE
[265]  TRUE  TRUE FALSE FALSE FALSE  TRUE  TRUE FALSE  TRUE FALSE FALSE FALSE
[277] FALSE  TRUE FALSE FALSE FALSE FALSE FALSE  TRUE  TRUE FALSE FALSE FALSE
[289] FALSE FALSE  TRUE  TRUE  TRUE  TRUE FALSE  TRUE  TRUE  TRUE  TRUE FALSE
[301]  TRUE  TRUE  TRUE

