
Birth-death simulation object with 174 species and 41 extant species

Details for some species:

Extinction times (NA means extant)
[1] 37.09343 36.99793 44.30823 42.59304 43.99615 42.12413


Speciation times 
[1] 49.11595 49.10255 48.48669 46.96823 45.40839 44.52088


Species parents (NA for initial)
[1] NA  1  1  1  1  2


Species status (extinct or extant)
[1] "extinct" "extinct" "extinct" "extinct" "extinct" "extinct"


For more details on vector y, try sim$y, with y one of
TE TS PAR EXTANT



$TE
  [1] 37.0934314 36.9979253 44.3082272 42.5930359 43.9961530 42.1241317
  [7] 15.4265612 32.9692544 37.5367969         NA 42.4091217 41.0876676
 [13] 34.1349754 14.6059454 32.3555814 32.3285766 37.1852796 13.4431079
 [19] 27.7352448 26.1619540  0.4148673  8.1029142 14.2896789 13.3847648
 [25] 13.2055000 10.2892344         NA         NA 38.1789387 30.6445254
 [31] 30.1198307 23.5608190 14.9706838 13.3777266 14.7081786 29.5269630
 [37] 27.4288727 29.5240055 29.2049006 26.9629553 14.2136720 13.3094460
 [43] 13.1263299 10.7222007         NA  2.0716472 10.7438933 10.4830188
 [49]  0.6352180 22.7171919 19.5847461 10.9002477 14.7528696 24.3494951
 [55] 24.9145915 26.4191752 22.8339952 29.1023053 14.6419238 25.5966863
 [61]  6.5157071         NA         NA         NA  0.7404292         NA
 [67] 26.1817613 16.8397050  8.3438273  4.9779097 15.9907030 25.5246755
 [73] 24.5703726 11.4592527  2.4619209         NA         NA  2.0745390
 [79] 22.6672062 23.1387071 16.6062391 14.3091049  6.9698073 20.3815503
 [85] 18.1818755         NA         NA 23.2339688 13.0756119 11.1871464
 [91]         NA         NA 10.9018059 13.8452342 21.1729479 14.1075608
 [97] 12.5132227 14.9423790  4.6971795         NA         NA  4.3384694
[103]         NA 17.9663667 14.1857501  7.0743430  5.4282873 14.9791045
[109] 12.3416251 18.2286621 11.1579912  6.7143759  0.4628051 16.6910223
[115] 13.4911684  6.3444403         NA  0.8239151  0.8541201  6.1072301
[121]  5.4726621  0.9635362 14.4210901 12.4671717 10.8623592 10.8737950
[127]         NA 13.3614252  4.3199723  1.7195033         NA         NA
[133]  3.9030973  2.5924516         NA 11.9192435 14.7736771 12.3307384
[139] 13.3496243  0.8027032  3.7704826  1.7905308         NA         NA
[145]         NA         NA         NA         NA  2.0485980         NA
[151] 11.6665370 14.2670719 14.1868487 11.3673933  2.5971562  0.8483752
[157]         NA  0.1210114         NA  1.3810873 12.8607520 12.1398789
[163]         NA         NA  4.0465350         NA         NA         NA
[169]         NA         NA         NA         NA         NA  0.7642592

$TS
  [1] 49.11595465 49.10254880 48.48669042 46.96823461 45.40838922 44.52087537
  [7] 40.77831675 39.23990839 38.93963193 38.35645159 43.10475955 43.49385665
 [13] 37.90762018 37.88614797 37.63452100 36.79768805 38.88137595 32.73667130
 [19] 31.44791952 31.09924880 17.55727403 17.10043888 14.69568048 13.66366902
 [25] 13.20823625 12.32138349  9.35201455  5.08032484 42.75230919 35.87158673
 [31] 32.66884436 24.75636005 22.37632932 21.45821044 20.12957903 33.98564382
 [37] 31.91999639 29.52961018 30.45734753 27.70541568 15.09741178 14.32310993
 [43] 13.19673056 11.00986835  9.24851147  2.53552227 12.03145762 10.62015074
 [49]  7.51316943 31.12118502 19.77566880 14.07830637 16.58828044 30.99285248
 [55] 30.41978007 31.55481586 29.23569749 29.19271415 29.00667020 27.16807977
 [61]  7.34016048  7.30923099  5.50482312  6.83744946  5.65090817  1.62131792
 [67] 28.42985547 24.54127265 11.05553655 26.94462085 29.28142524 27.67321683
 [73] 27.48819677 24.24732405  4.13538820  2.01747684  1.06572109  5.85530514
 [79] 27.79470627 23.45449830 22.44312204 17.18451608  8.68463671 26.06180502
 [85] 24.47283026  9.62193545  6.23457588 27.14300373 17.85098010 12.10697889
 [91]  1.08170645  0.19421718 15.34133936 22.61777022 22.22417207 20.97099863
 [97] 20.92085072 19.85133123  7.52443445  6.76891002  3.44516074  5.54301797
[103]  0.48397517 26.27776589 16.32243316 19.63293022 19.16624332 17.08243960
[109] 15.77370257 19.23786215 17.99701244  7.49801429  5.26656146 18.68741967
[115] 14.85181396  7.98808952  7.91027346  7.38112008  7.18661678 13.23235057
[121]  7.39764463  5.70157722 18.50621400 13.66645232 12.31880337 11.87501690
[127]  1.50395735 18.46748083  7.94720155  7.38091583  5.37688275  4.52137993
[133]  5.66025605  5.50707617  4.02499838 12.04355658 17.39034512 17.61581689
[139] 15.17240706  6.01033380  6.96372534  3.15673721  2.44392283  5.27229543
[145]  0.81148300  0.37539449  3.44192300  2.48473753  5.29698489  1.03407209
[151] 14.83200323 17.50599378 14.45484691 14.43501762 13.07338041  3.27887624
[157]  6.83198718  2.02027291  0.07158442  3.78251094 13.42161987 14.38141788
[163]  2.93156608  6.67225488  6.40159148  3.04646730  0.92714840  3.19672984
[169]  0.04276809  3.82976192  5.32793387  0.01893889  3.20908084  1.76602639

$PAR
  [1]  NA   1   1   1   1   2   2   2   2   2   4   6   7   8   8   8   9  10
 [19]  10  10  10  10  10  10  10  10  10  10  12  13  14  14  14  14  14  15
 [37]  18  18  20  20  21  21  21  21  21  21  26  26  27  30  33  34  35  36
 [55]  36  37  37  37  37  40  45  45  45  49  49  49  50  50  52  54  56  56
 [73]  57  57  62  62  63  64  67  68  68  68  69  70  70  70  70  71  74  74
 [91]  76  77  82  84  84  85  85  85  86  86  86  87  87  88  89  96  96  96
[109]  96  97  97  99 102 104 105 106 106 106 106 107 107 107 110 111 111 111
[127] 113 114 116 117 117 117 119 119 119 120 123 128 128 129 130 130 130 131
[145] 131 131 132 132 134 135 137 138 138 138 138 140 141 143 146 149 151 153
[163] 155 157 157 157 157 160 163 164 165 168 171 173

$EXTANT
  [1] FALSE FALSE FALSE FALSE FALSE FALSE FALSE FALSE FALSE  TRUE FALSE FALSE
 [13] FALSE FALSE FALSE FALSE FALSE FALSE FALSE FALSE FALSE FALSE FALSE FALSE
 [25] FALSE FALSE  TRUE  TRUE FALSE FALSE FALSE FALSE FALSE FALSE FALSE FALSE
 [37] FALSE FALSE FALSE FALSE FALSE FALSE FALSE FALSE  TRUE FALSE FALSE FALSE
 [49] FALSE FALSE FALSE FALSE FALSE FALSE FALSE FALSE FALSE FALSE FALSE FALSE
 [61] FALSE  TRUE  TRUE  TRUE FALSE  TRUE FALSE FALSE FALSE FALSE FALSE FALSE
 [73] FALSE FALSE FALSE  TRUE  TRUE FALSE FALSE FALSE FALSE FALSE FALSE FALSE
 [85] FALSE  TRUE  TRUE FALSE FALSE FALSE  TRUE  TRUE FALSE FALSE FALSE FALSE
 [97] FALSE FALSE FALSE  TRUE  TRUE FALSE  TRUE FALSE FALSE FALSE FALSE FALSE
[109] FALSE FALSE FALSE FALSE FALSE FALSE FALSE FALSE  TRUE FALSE FALSE FALSE
[121] FALSE FALSE FALSE FALSE FALSE FALSE  TRUE FALSE FALSE FALSE  TRUE  TRUE
[133] FALSE FALSE  TRUE FALSE FALSE FALSE FALSE FALSE FALSE FALSE  TRUE  TRUE
[145]  TRUE  TRUE  TRUE  TRUE FALSE  TRUE FALSE FALSE FALSE FALSE FALSE FALSE
[157]  TRUE FALSE  TRUE FALSE FALSE FALSE  TRUE  TRUE FALSE  TRUE  TRUE  TRUE
[169]  TRUE  TRUE  TRUE  TRUE  TRUE FALSE

