
Birth-death simulation object with 207 species and 56 extant species

Details for some species:

Extinction times (NA means extant)
[1] 45.78727 39.37891 36.49056 40.02268 38.38431 26.10156


Speciation times 
[1] 49.11595 47.83169 46.93260 43.28248 42.20530 37.10367


Species parents (NA for initial)
[1] NA  1  1  2  3  3


Species status (extinct or extant)
[1] "extinct" "extinct" "extinct" "extinct" "extinct" "extinct"


For more details on vector y, try sim$y, with y one of
TE TS PAR EXTANT



$TE
  [1] 45.7872677 39.3789141 36.4905626 40.0226833 38.3843053 26.1015583
  [7] 28.7489167 15.1645847 42.1972590 22.6404090 28.3054695 26.2239144
 [13] 20.3844721 22.3675702 26.4733308 11.5238995 15.8418488 24.8538114
 [19] 17.4175023 20.5594079 19.2166686 13.7200243 29.1916856 18.0067595
 [25] 13.8969817 24.4348177 15.9439890 14.4995264 11.4261006 14.9520998
 [31] 22.5808423 13.7847039  8.3261404 17.6769655 21.9678844 15.7200041
 [37] 17.8755272 15.0392203 31.1419949 16.0010341 27.3196895 23.9870110
 [43] 14.7123707 15.0177408 10.7979716 28.8590564 18.2580147 10.5080244
 [49] 24.0767748 16.9261470 12.6831570 10.9836191 10.6250294 18.8157138
 [55] 15.0523064 17.8217146  2.1711574 11.0471281 21.7826495 14.8493995
 [61] 16.6831996 13.2664196 15.0548805 14.9143844 14.2716465  5.5902718
 [67]  6.0723942 19.8726826 20.4789145 13.3607971 14.9401797 16.0814052
 [73] 10.7455136 27.1669529 12.1138520 11.9038836 12.2234407 14.3937571
 [79] 14.5693334         NA  2.3499284         NA 12.8324770 13.8304168
 [85] 14.7883096 13.0565442 14.8421173 11.7864765  0.1849263  4.2653787
 [91] 12.7169202 13.1206618  6.3490835  0.9552765 20.7590100 20.0318951
 [97] 18.5900535 15.1562664 10.3782765 14.2945511 12.1783231 10.7649141
[103] 11.7834090 14.4047382         NA         NA         NA  3.2449892
[109]         NA         NA         NA  4.4887827 11.4294444 14.7450194
[115] 13.5125082 12.7648635  6.0654658         NA         NA  1.4379082
[121]         NA  2.4979876  6.7338218  2.2390640 18.4372349  9.5383568
[127] 10.1912570         NA  1.6485439         NA  0.5312717         NA
[133]         NA  2.2331819  0.4189461         NA         NA         NA
[139]         NA 14.6236907         NA 12.1763764  0.9710012  1.2868204
[145]  8.6525332  7.2829833  5.9107586  4.8144627 23.9418461 22.4040898
[151] 13.3111437         NA         NA         NA         NA  0.5038709
[157]         NA         NA         NA         NA         NA         NA
[163]         NA         NA         NA         NA         NA         NA
[169]  4.3536184  1.4932233 14.5792689 11.8168782         NA         NA
[175]         NA         NA         NA  4.9038574  4.0033360  1.1351168
[181]  3.7089625         NA  0.9594498         NA         NA 11.2985907
[187]  6.1638952         NA         NA         NA  4.0786381  1.6860082
[193]         NA         NA         NA  6.4210196         NA         NA
[199]  4.1754240  1.4014492  0.7813120         NA  5.0738535  1.0883798
[205]         NA         NA         NA

$TS
  [1] 49.11595465 47.83169150 46.93259788 43.28247960 42.20529853 37.10366654
  [7] 37.00109773 36.59826563 42.37984119 31.05337310 31.75147330 29.77926956
 [13] 35.18611172 34.96052071 26.76103289 22.47488217 27.74107478 27.26818602
 [19] 26.87249051 35.02717709 22.08250834 21.83693941 32.43958393 29.21825232
 [25] 28.00388095 27.31047437 22.86663874 21.74155190 12.38799433 25.96143477
 [31] 25.87080258 19.45630494 15.92325239 25.15881828 22.07177569 20.51226348
 [37] 20.09605711 19.25579207 32.70521491 29.15222282 29.13237758 27.62766241
 [43] 21.24111660 20.55746620 19.64116070 29.21647111 19.47161819 18.60921975
 [49] 27.95272463 17.14923509 17.04528312 24.50888744 16.55910855 19.63330731
 [55] 23.76889370 20.30546246 17.27472193 17.91488240 23.42918737 18.70718458
 [61] 17.66780011 18.32132983 18.25777668 17.97512940 17.46258707 15.63206496
 [67] 15.23443490 26.73394570 23.59464903 24.00156835 16.40024509 18.96951668
 [73] 11.70591634 28.93224794 13.16512512 16.11783348 13.25172748 17.20683237
 [79] 16.78121085 10.35957236  7.38268350  4.21364800 16.55560375 18.29416635
 [85] 15.23686224 15.24236323 15.20677341 13.01709261 11.49210663 11.41994185
 [91] 13.44825989 13.33948663  9.47046483  7.18322268 26.05147790 20.03758815
 [97] 20.82496982 23.24296754 15.78755790 14.66675118 15.47005666 11.49757334
[103] 11.95441840 15.85655366  9.85368134  6.98440540  5.70341366  5.46999256
[109]  4.78358596  3.79770728  2.24098929  4.61568633 13.64807365 17.74172234
[115] 17.06937167 15.00014938 10.10129714  5.49003757  2.34702259  9.12804343
[121]  6.45302868  7.93738676  7.28354336  7.15540837 25.77343285 10.99373729
[127] 15.22232086  7.70783298  5.88081785  5.66652031  5.00510555  1.38348310
[133]  0.78335547  4.93293616  1.55630076  5.58779541  2.95217725  3.72166920
[139]  2.47022624 15.14347026 14.83870638 13.36465067  1.82772212  8.84212796
[145]  8.76829862  8.45590581  6.97560922  6.51799771 24.96006744 23.65200846
[151] 19.14334364  6.15134729  0.38903984  5.80055111  5.45939708  0.77812183
[157]  2.71270135  0.85197747  0.06724535  2.42620817  1.88794036  0.87464850
[163]  0.37885972  7.74599561  6.29309745  1.94961903  0.69802210  5.59859301
[169]  5.29157738  5.27958933 14.79649511 13.73064749  6.14864368  5.48976755
[175]  2.96856921  0.20914518  0.81798985  7.24547182  7.10458935  6.19440940
[181]  4.93096810  1.45279320  1.19527432  2.35762726  1.36315390 13.14646235
[187] 12.51875926  4.60477750  3.98479026  1.16405520  6.72623165  4.02509561
[193]  2.97526578  0.63554506 12.25313129  7.41407863  2.37010279  1.10572242
[199] 10.65793480  6.71123213  3.67368557  7.60757578  7.28442372  3.60314081
[205]  1.25062351  1.92980952  0.11469265

$PAR
  [1]  NA   1   1   2   3   3   3   3   4   6   7   7   8   8   8   8  12  12
 [19]  12  13  13  13  14  14  14  14  14  16  16  17  17  17  17  19  19  19
 [37]  19  19  20  20  20  20  21  21  22  24  24  24  25  25  25  26  27  28
 [55]  30  30  30  32  34  34  36  37  37  37  38  38  38  40  40  42  44  45
 [73]  45  46  51  52  53  55  57  57  57  57  60  62  63  64  64  66  66  66
 [91]  67  67  67  67  68  68  69  70  70  70  71  73  76  79  80  80  80  80
[109]  80  80  80  81  83  84  84  87  89  89  89  90  90  93  93  94  95  99
[127] 104 105 105 105 105 105 105 106 106 107 107 109 110 115 115 116 118 120
[145] 120 120 122 122 125 125 125 128 128 129 130 133 134 135 137 138 139 139
[163] 139 141 141 141 141 144 148 148 151 151 152 152 155 157 162 164 164 164
[181] 164 164 164 165 165 172 172 173 173 175 178 180 180 182 187 187 188 188
[199] 195 195 195 199 199 200 201 202 206

$EXTANT
  [1] FALSE FALSE FALSE FALSE FALSE FALSE FALSE FALSE FALSE FALSE FALSE FALSE
 [13] FALSE FALSE FALSE FALSE FALSE FALSE FALSE FALSE FALSE FALSE FALSE FALSE
 [25] FALSE FALSE FALSE FALSE FALSE FALSE FALSE FALSE FALSE FALSE FALSE FALSE
 [37] FALSE FALSE FALSE FALSE FALSE FALSE FALSE FALSE FALSE FALSE FALSE FALSE
 [49] FALSE FALSE FALSE FALSE FALSE FALSE FALSE FALSE FALSE FALSE FALSE FALSE
 [61] FALSE FALSE FALSE FALSE FALSE FALSE FALSE FALSE FALSE FALSE FALSE FALSE
 [73] FALSE FALSE FALSE FALSE FALSE FALSE FALSE  TRUE FALSE  TRUE FALSE FALSE
 [85] FALSE FALSE FALSE FALSE FALSE FALSE FALSE FALSE FALSE FALSE FALSE FALSE
 [97] FALSE FALSE FALSE FALSE FALSE FALSE FALSE FALSE  TRUE  TRUE  TRUE FALSE
[109]  TRUE  TRUE  TRUE FALSE FALSE FALSE FALSE FALSE FALSE  TRUE  TRUE FALSE
[121]  TRUE FALSE FALSE FALSE FALSE FALSE FALSE  TRUE FALSE  TRUE FALSE  TRUE
[133]  TRUE FALSE FALSE  TRUE  TRUE  TRUE  TRUE FALSE  TRUE FALSE FALSE FALSE
[145] FALSE FALSE FALSE FALSE FALSE FALSE FALSE  TRUE  TRUE  TRUE  TRUE FALSE
[157]  TRUE  TRUE  TRUE  TRUE  TRUE  TRUE  TRUE  TRUE  TRUE  TRUE  TRUE  TRUE
[169] FALSE FALSE FALSE FALSE  TRUE  TRUE  TRUE  TRUE  TRUE FALSE FALSE FALSE
[181] FALSE  TRUE FALSE  TRUE  TRUE FALSE FALSE  TRUE  TRUE  TRUE FALSE FALSE
[193]  TRUE  TRUE  TRUE FALSE  TRUE  TRUE FALSE FALSE FALSE  TRUE FALSE FALSE
[205]  TRUE  TRUE  TRUE

