
Birth-death simulation object with 175 species and 72 extant species

Details for some species:

Extinction times (NA means extant)
[1] 40.86243 39.52093 40.96110 21.30660 41.47168 38.79673


Speciation times 
[1] 48.65279 45.82574 41.01672 45.40269 41.56570 45.27470


Species parents (NA for initial)
[1] NA  1  1  2  2  4


Species status (extinct or extant)
[1] "extinct" "extinct" "extinct" "extinct" "extinct" "extinct"


For more details on vector y, try sim$y, with y one of
TE TS PAR EXTANT



$TE
  [1] 40.8624309 39.5209305 40.9611017 21.3065990 41.4716778 38.7967255
  [7] 21.6154163 14.2487194 13.3804908  6.1660841 18.6044466 14.4528720
 [13] 24.2717774 20.2148322 13.5712460 13.9621152 15.9121164 12.4904752
 [19]         NA  5.5060774  2.9653898 18.7523960 21.8507143 22.9043842
 [25] 12.6269447 21.7928103 12.9805531 10.7927182 12.9590547 13.6592469
 [31] 10.6267118 11.9327396         NA         NA  0.8092498         NA
 [37]  3.5976361  3.4292912  1.3143952 14.7656599 22.0941970 20.5300952
 [43] 12.6970913 23.4772545 14.5592068 18.5087163 12.3366014  3.5841864
 [49] 12.2259850         NA         NA  3.2096598  2.0761643         NA
 [55] 16.2422547 14.6984786 17.3170323 10.8747187 16.0786677 19.1470479
 [61] 14.5786665 17.3470603         NA 16.6668520 13.7455780         NA
 [67]  7.0573365  0.1399227  5.2305776         NA         NA 13.5976350
 [73] 13.0095602 10.6249537 21.6640055 14.1759539 12.4749840  7.0299661
 [79] 13.7583905 12.2908509 10.0951313  7.5963958         NA         NA
 [85]  2.1838033  2.6401483         NA         NA         NA  3.3839798
 [91]  0.1828732  0.3165412         NA         NA  3.4330619         NA
 [97]         NA         NA         NA  6.0615615         NA  5.3552314
[103]         NA  2.3481781         NA         NA  1.5309842         NA
[109]  3.3249817  3.8224711         NA  1.1813183         NA  2.2759406
[115]  4.9881971  2.0098936         NA         NA  3.5277613  1.8639155
[121]  2.8368049         NA         NA         NA  3.9225701         NA
[127]         NA  0.8644660  3.7386555         NA         NA  4.5366848
[133]         NA         NA         NA  0.2222460         NA         NA
[139]         NA         NA         NA         NA         NA         NA
[145]         NA         NA         NA  4.1201962         NA         NA
[151]  0.7991814         NA         NA         NA  0.3937043         NA
[157]  0.7642479         NA         NA         NA  0.5557191         NA
[163]         NA         NA  0.8905980  2.7129703         NA         NA
[169]         NA         NA         NA         NA         NA         NA
[175]  0.4967366

$TS
  [1] 48.65278807 45.82574155 41.01671525 45.40268706 41.56570499 45.27470316
  [7] 29.70687567 28.51399518 27.04462829 23.04642465 27.60351321 26.98491660
 [13] 25.66383261 22.05840343 17.90864320 17.87141654 16.49636734 16.44556268
 [19] 10.28366513  9.87380642  6.21862417 26.22468945 25.53768841 24.05198796
 [25] 15.90218428 25.57088983 17.88421172 17.84970587 14.23690495 14.42567891
 [31] 14.98660594 13.44911864  4.92473723  4.80723164  4.36008362  0.26207653
 [37]  8.24771222  5.52998492  5.77214424 25.10325026 25.03735828 25.00928894
 [43] 22.91677205 24.32456482 15.21157489 23.62560812 13.89427484 11.24167348
 [49] 13.83690124  0.49475758  5.01132787  4.53537044  2.77634968  1.45040129
 [55] 24.30658905 21.84814469 19.16310431 18.93566949 24.13764612 23.13542731
 [61] 23.08060075 20.23426659 19.80921916 18.76803206 16.74936559  9.06375607
 [67]  7.77354407  7.21572429  5.37167729  1.76759682  1.43684194 18.94616492
 [73] 15.43609226 11.70282209 21.88181972 20.09981110 17.66770778 18.37307854
 [79] 16.52518505 12.36894703 11.48481804 10.23273774  8.15547757  7.98331221
 [85]  7.74239376  6.94644917  6.21311274  0.02953925  6.47785871  6.36449377
 [91]  1.94177528  1.84762273  0.54578418  1.14376885  9.25603962  7.36973252
 [97]  6.87359008  6.24333094  6.10053730  6.27685742  2.39638563  6.71164987
[103]  6.54058165  6.52890019  6.13972572  0.39177139  6.17597908  6.76537682
[109]  6.58211533  5.44267300  3.63347276  2.02289166  1.26910118  5.67433276
[115]  5.17271057  3.69172465  0.62252452  5.80992987  3.64351005  4.86658138
[121]  3.20064459  1.02689864  5.84450886  5.66495093  3.94067863  5.43487982
[127]  6.39010926  5.11187168  4.87474235  1.42219184  3.26758135  5.06745274
[133]  1.71245931  3.00101151  2.84158757  0.35793372  2.20929957  0.69043722
[139]  5.35088763  5.29697530  4.90740991  4.15436338  3.96307297  1.15225819
[145]  5.12209169  5.08164428  5.01372761  4.83468272  0.23081622  1.89686233
[151]  1.14820306  1.02631677  0.80714217  0.75671889  0.42872647  2.20444491
[157]  1.46903665  0.85964195  5.12209069  4.17752550  4.00486287  3.19247912
[163]  0.95585680  0.89550173  1.13489119  4.99699473  0.51925426  0.74467258
[169]  3.86852202  1.43568773  0.86254293  4.70375562  0.02149748  0.20281917
[175]  0.84810190

$PAR
  [1]  NA   1   1   2   2   4   4   4   4   4   8   8   8   8   8   9   9   9
 [19]  10  10  10  11  11  12  12  13  15  15  15  16  18  18  19  19  19  19
 [37]  20  20  21  22  22  22  22  23  25  26  28  28  29  33  37  38  39  39
 [55]  40  40  40  40  41  41  42  43  43  43  43  48  48  48  48  51  51  56
 [73]  56  58  59  61  61  62  63  63  63  63  66  66  66  66  66  66  68  68
 [91]  68  68  70  71  78  83  83  83  83  84  84  85  85  86  86  89  90  96
[109]  96  96  96  96  97  98  98  99 101 103 103 104 105 105 107 107 107 108
[127] 109 110 110 111 114 118 118 120 121 122 123 123 124 124 124 124 124 124
[145] 126 126 126 126 127 128 128 130 133 135 137 139 142 143 145 146 146 147
[163] 147 147 150 159 159 160 161 162 163 166 167 171 172

$EXTANT
  [1] FALSE FALSE FALSE FALSE FALSE FALSE FALSE FALSE FALSE FALSE FALSE FALSE
 [13] FALSE FALSE FALSE FALSE FALSE FALSE  TRUE FALSE FALSE FALSE FALSE FALSE
 [25] FALSE FALSE FALSE FALSE FALSE FALSE FALSE FALSE  TRUE  TRUE FALSE  TRUE
 [37] FALSE FALSE FALSE FALSE FALSE FALSE FALSE FALSE FALSE FALSE FALSE FALSE
 [49] FALSE  TRUE  TRUE FALSE FALSE  TRUE FALSE FALSE FALSE FALSE FALSE FALSE
 [61] FALSE FALSE  TRUE FALSE FALSE  TRUE FALSE FALSE FALSE  TRUE  TRUE FALSE
 [73] FALSE FALSE FALSE FALSE FALSE FALSE FALSE FALSE FALSE FALSE  TRUE  TRUE
 [85] FALSE FALSE  TRUE  TRUE  TRUE FALSE FALSE FALSE  TRUE  TRUE FALSE  TRUE
 [97]  TRUE  TRUE  TRUE FALSE  TRUE FALSE  TRUE FALSE  TRUE  TRUE FALSE  TRUE
[109] FALSE FALSE  TRUE FALSE  TRUE FALSE FALSE FALSE  TRUE  TRUE FALSE FALSE
[121] FALSE  TRUE  TRUE  TRUE FALSE  TRUE  TRUE FALSE FALSE  TRUE  TRUE FALSE
[133]  TRUE  TRUE  TRUE FALSE  TRUE  TRUE  TRUE  TRUE  TRUE  TRUE  TRUE  TRUE
[145]  TRUE  TRUE  TRUE FALSE  TRUE  TRUE FALSE  TRUE  TRUE  TRUE FALSE  TRUE
[157] FALSE  TRUE  TRUE  TRUE FALSE  TRUE  TRUE  TRUE FALSE FALSE  TRUE  TRUE
[169]  TRUE  TRUE  TRUE  TRUE  TRUE  TRUE FALSE

