
Birth-death simulation object with 125 species and 53 extant species

Details for some species:

Extinction times (NA means extant)
[1] 31.28319 39.08728 45.36270 15.90913 23.39036 37.06007


Speciation times 
[1] 48.65279 47.13751 45.60595 37.49724 32.12193 41.83975


Species parents (NA for initial)
[1] NA  1  1  1  1  2


Species status (extinct or extant)
[1] "extinct" "extinct" "extinct" "extinct" "extinct" "extinct"


For more details on vector y, try sim$y, with y one of
TE TS PAR EXTANT



$TE
  [1] 31.283192834 39.087283593 45.362704345 15.909132991 23.390363904
  [6] 37.060067148 30.396421503 22.703357012 26.504440181 20.905471742
 [11] 30.578575695 30.256167000 27.294575595 24.955308249 17.467094480
 [16] 17.687105397 24.739483119 14.906186749 15.578978726 16.073174087
 [21] 14.264407784 19.740266656 19.847955463 24.575076409 21.097696826
 [26] 14.088356225 12.635724765 14.507922953 11.229557237 13.191074869
 [31] 15.221678364           NA 14.682316406           NA 14.119147792
 [36] 12.853523031 11.435318760 13.918968178 13.226159950           NA
 [41]  5.753981571  1.336968650           NA           NA  3.454164811
 [46]           NA  6.714887905 11.337050781  2.689776896 14.815342517
 [51] 15.723561374  2.631872506  5.548666903           NA           NA
 [56]           NA  0.492645464           NA           NA           NA
 [61]  2.051024295  5.251987676           NA           NA           NA
 [66]  0.803036747 10.529474256 11.368509607  9.565601984  4.744564543
 [71]  8.565200274  4.167551189           NA           NA  6.256697647
 [76]           NA           NA           NA           NA           NA
 [81]  3.410608171  0.394372921           NA           NA           NA
 [86]           NA           NA 12.337056157           NA  0.004147905
 [91]           NA  5.247928254           NA  6.300885247           NA
 [96]           NA           NA           NA           NA           NA
[101]           NA  0.604960762  3.266090341           NA           NA
[106]           NA  1.553884025           NA           NA  0.598094422
[111]           NA  2.794497906           NA  5.923023763           NA
[116]           NA  0.942664845           NA           NA           NA
[121]  1.205669911           NA           NA           NA           NA

$TS
  [1] 48.65278807 47.13750603 45.60594664 37.49723509 32.12192581 41.83974998
  [7] 34.56653248 32.27296643 30.18895664 34.18536977 31.60592326 31.51649074
 [13] 27.78447609 30.38950166 27.79025684 26.13055930 25.17137688 25.06710090
 [19] 20.30170831 18.17401944 24.65418507 22.36497044 25.05151053 25.04804493
 [25] 23.54760745 19.58641933 16.86637321 19.44764754 17.16452086 21.90244020
 [31] 21.63058506 18.64507152 15.46110674 14.55551072 21.55941466 16.53588265
 [37] 19.70303172 19.19788965 15.38532109  7.25426264  7.03591926  6.60809195
 [43]  0.20756146 10.46234685 10.12318426  7.75389628 15.69880574 15.59267144
 [49] 14.05692671 18.74597859 16.20711477  7.16804966  5.77963202  5.59192593
 [55]  6.57012771  6.11712291  5.54411001  5.10934936  2.43415616  7.74337953
 [61]  7.54010186  6.51726328  4.74501528  5.91662865  7.28874770  4.53413813
 [67] 13.00345299 12.47203521  9.61883462  6.82452968  9.36783774  8.86972458
 [73]  8.40083529  3.48575700  6.51019642  3.52761583  2.56442757  2.83355946
 [79]  1.79499139  3.89018740  3.59992968  2.33876281  5.67834506  3.55991695
 [85]  3.41371522  1.98304880  2.62292155 12.69350329  4.86328615  8.86724159
 [91]  7.38735925  7.69042277  7.00761448  6.76767788  0.17711496  3.64710007
 [97]  2.02251769  1.05873105  6.24492755  0.83637497  0.48215434  6.71576027
[103]  6.38321330  0.30443734  0.90410172  0.89410447  1.63795071  0.94413492
[109]  0.02416374  2.92120457  6.39602416  6.25479325  2.09272856  6.28042049
[115]  5.70731126  0.51758563  2.33955019  2.07917551  4.95421322  0.96329234
[121]  4.92618850  1.82605059  2.31793773  1.80781488  0.31075176

$PAR
  [1]  NA   1   1   1   1   2   4   4   5   7  10  10  10  12  14  14  15  15
 [19]  15  15  16  16  18  18  18  19  19  21  21  22  23  26  26  27  30  30
 [37]  31  31  31  32  32  32  32  34  34  34  35  35  36  37  37  40  40  40
 [55]  41  42  42  42  42  44  44  44  44  45  46  46  47  47  47  47  49  49
 [73]  49  54  55  55  55  56  57  60  60  61  62  64  65  65  66  67  70  71
 [91]  72  73  73  73  77  83  83  87  90  90  90  91  91  91  93  93  97  97
[109]  98  99 102 102 102 103 103 106 110 110 112 113 115 115 117 117 123

$EXTANT
  [1] FALSE FALSE FALSE FALSE FALSE FALSE FALSE FALSE FALSE FALSE FALSE FALSE
 [13] FALSE FALSE FALSE FALSE FALSE FALSE FALSE FALSE FALSE FALSE FALSE FALSE
 [25] FALSE FALSE FALSE FALSE FALSE FALSE FALSE  TRUE FALSE  TRUE FALSE FALSE
 [37] FALSE FALSE FALSE  TRUE FALSE FALSE  TRUE  TRUE FALSE  TRUE FALSE FALSE
 [49] FALSE FALSE FALSE FALSE FALSE  TRUE  TRUE  TRUE FALSE  TRUE  TRUE  TRUE
 [61] FALSE FALSE  TRUE  TRUE  TRUE FALSE FALSE FALSE FALSE FALSE FALSE FALSE
 [73]  TRUE  TRUE FALSE  TRUE  TRUE  TRUE  TRUE  TRUE FALSE FALSE  TRUE  TRUE
 [85]  TRUE  TRUE  TRUE FALSE  TRUE FALSE  TRUE FALSE  TRUE FALSE  TRUE  TRUE
 [97]  TRUE  TRUE  TRUE  TRUE  TRUE FALSE FALSE  TRUE  TRUE  TRUE FALSE  TRUE
[109]  TRUE FALSE  TRUE FALSE  TRUE FALSE  TRUE  TRUE FALSE  TRUE  TRUE  TRUE
[121] FALSE  TRUE  TRUE  TRUE  TRUE

