
Birth-death simulation object with 194 species and 83 extant species

Details for some species:

Extinction times (NA means extant)
[1] 37.12654 46.65582 40.00975 29.99963 31.52676 13.37613


Speciation times 
[1] 48.65279 47.79229 42.37612 39.83576 37.44439 41.51337


Species parents (NA for initial)
[1] NA  1  1  1  1  3


Species status (extinct or extant)
[1] "extinct" "extinct" "extinct" "extinct" "extinct" "extinct"


For more details on vector y, try sim$y, with y one of
TE TS PAR EXTANT



$TE
  [1] 37.1265382 46.6558234 40.0097519 29.9996288 31.5267642 13.3761336
  [7] 30.4323842 30.1890271 11.7459127 26.3874555 16.1941540 16.1891659
 [13] 13.3384683 14.0639943 14.0229471  8.7770746 11.9789015 12.8111810
 [19] 13.6557810 12.3648201 12.8715934 13.1876433 13.4543134 12.7726159
 [25]  9.9525401 17.6870352 16.0928926 14.2060997 11.3850167 12.0374828
 [31] 14.7304189 12.6307417 14.0273167 13.8039094 10.4072382 13.4760986
 [37] 13.4640127 12.3861592 12.9525080 12.9872030 10.2320051 14.8589213
 [43] 15.4234740 14.2297758 16.7969578  9.3758114 12.0328462 11.8536604
 [49] 11.9524516  7.5426758  3.1967397 10.4296422 12.5867524  7.2464716
 [55]  0.5397211  5.1946440         NA 14.4157451  0.7920091  4.9925717
 [61] 10.0699226  1.9024375         NA  6.6382461         NA  5.7020348
 [67]         NA  5.4246712  6.4217904         NA 10.7313419 14.2697012
 [73]         NA  3.2127696         NA         NA  0.6104673         NA
 [79]  2.6792943         NA  5.3778684         NA  8.3447549  1.7473593
 [85]  3.6151516         NA  0.7877598  5.0472590         NA  2.3836769
 [91]         NA         NA  5.9064122  2.8970258  4.5868504         NA
 [97]         NA         NA         NA  2.9486447         NA  8.8704971
[103]         NA  0.1037783         NA         NA         NA  3.7288648
[109]         NA         NA         NA  3.7086942  1.3188488         NA
[115]  8.0605137  4.3867665  6.6035887  6.7202522         NA         NA
[121]  3.7060769         NA         NA  1.4518696         NA         NA
[127]  0.1632975         NA  5.7338367  3.6871820         NA         NA
[133] 12.6958810         NA  0.5668130         NA         NA         NA
[139]         NA         NA         NA         NA         NA         NA
[145]         NA         NA  3.4849027         NA         NA  2.3479476
[151]         NA         NA         NA         NA  2.5603521         NA
[157]         NA  0.4445034         NA         NA         NA         NA
[163]         NA         NA  3.2868013         NA         NA         NA
[169]         NA         NA  3.3136707         NA         NA         NA
[175]         NA         NA         NA  0.6378540         NA         NA
[181]         NA  2.3231616  2.4815278         NA         NA  0.4963021
[187]         NA  1.2154865         NA  0.9378591  4.4543680         NA
[193]         NA  0.7822852

$TS
  [1] 48.65278807 47.79228972 42.37611758 39.83576090 37.44438798 41.51336713
  [7] 31.54798627 34.61193491 30.43862946 26.87088634 22.42174491 21.22933438
 [13] 13.51046382 30.80750745 20.96402465 13.41010419 12.31632239 21.97603017
 [19] 19.49307224 17.71726882 20.21555437 19.49933276 14.84277171 14.02557115
 [25] 10.39849182 21.22759951 19.95428227 18.76024209 16.07771215 13.24253291
 [31] 16.96771992 14.81560640 19.33787290 14.68313628 18.23369501 17.38081147
 [37] 16.13624584 14.94415461 14.22369334 16.69675525 15.80186252 19.27456438
 [43] 16.07330097 14.44544130 16.92187514 14.12833876 15.60151618 12.82270850
 [49] 16.10426097 14.36329356 10.98196832 15.52434393 13.75649271 13.05255770
 [55]  9.08129125  7.93217085  5.26316946 15.08827956 12.31375060 11.25867420
 [61] 10.31309788 10.06501334  8.09995156  8.44511175  7.71122751  7.28101292
 [67]  5.03185988  7.15813292  6.75673727  0.03934581 14.70671459 14.54890624
 [73]  7.79859314  5.40380610  3.37139354  8.29200400  7.74970994  7.12754063
 [79]  6.40442146  5.23148916  9.96871422  9.54385031  9.37308979  6.22683463
 [85]  6.18721550  4.73515900  3.05184231  7.95549874  7.32966977  6.33614412
 [91]  4.54962875  1.75519070  7.39961472  6.52842765  5.44919413  3.19728268
 [97]  4.27277974  0.28499637  6.24454557  6.11935993  6.04635786 13.22273299
[103]  6.68777301  6.53269687  1.45010783  4.98991118  2.36105489  6.70445865
[109]  6.45718545  5.99473490  5.97512871  4.74702641  2.53407568  2.19203640
[115]  9.63932075  8.97464679  7.34965659  7.26975715  5.26185729  3.82666838
[121]  5.10573850  0.59641356  0.41048735  2.22638033  6.26862849  5.55938990
[127]  4.01793859  1.66604940  6.32412456  4.91712259  1.39914463  4.40902709
[133] 12.97428171  8.90799812  4.12993054  1.83640510  2.21800367  0.69956002
[139]  2.73835082  0.01423280  4.97926303  1.79801434  1.06503027  0.90310364
[145]  4.69199379  0.80201284  6.77980764  5.26110312  4.92927814  6.76721790
[151]  0.81396785  2.80214215  2.22984865  4.19649059  4.85727468  1.65107203
[157]  0.64157505  5.38736375  1.45175610  3.38527536  5.33500061  4.99864095
[163]  0.25539061  2.66621219  4.84397731  1.99444648  0.61642360  0.92597002
[169]  6.68973288  0.54432334  4.91259735  3.44063667  2.90058501  1.26992465
[175]  0.63320597  2.31430631  1.66392229  0.88281171  0.50438988  0.58829645
[181]  5.85697824  5.82689600  5.26324297  0.16490167  1.12224618  0.60549224
[187]  0.29194226  1.38088301  0.74763626  2.56103686  4.93827791  4.21446589
[193]  2.17453806  1.00191757

$PAR
  [1]  NA   1   1   1   1   3   5   6   6   6   6   6   6   7   9   9   9  11
 [19]  11  11  12  14  14  15  16  18  18  19  19  20  21  21  22  23  26  28
 [37]  28  28  28  31  31  33  33  33  35  35  36  38  40  40  46  49  49  49
 [55]  50  50  51  52  52  52  54  54  54  55  55  55  55  56  56  57  58  58
 [73]  59  59  59  60  60  60  60  60  62  62  62  62  62  62  62  63  63  63
 [91]  63  63  65  65  65  65  67  67  68  68  68  71  73  73  75  76  76  78
[109]  78  78  79  80  80  80  81  81  81  82  82  82  84  86  86  87  89  89
[127]  91  92  94  95  96 100 102 102 103 103 106 106 109 109 110 110 110 110
[145] 111 114 116 116 116 118 119 120 120 121 125 125 125 126 126 132 134 134
[163] 137 139 141 141 142 143 147 148 150 150 154 154 154 160 160 164 166 167
[181] 169 169 169 169 174 174 175 177 178 181 183 183 190 192

$EXTANT
  [1] FALSE FALSE FALSE FALSE FALSE FALSE FALSE FALSE FALSE FALSE FALSE FALSE
 [13] FALSE FALSE FALSE FALSE FALSE FALSE FALSE FALSE FALSE FALSE FALSE FALSE
 [25] FALSE FALSE FALSE FALSE FALSE FALSE FALSE FALSE FALSE FALSE FALSE FALSE
 [37] FALSE FALSE FALSE FALSE FALSE FALSE FALSE FALSE FALSE FALSE FALSE FALSE
 [49] FALSE FALSE FALSE FALSE FALSE FALSE FALSE FALSE  TRUE FALSE FALSE FALSE
 [61] FALSE FALSE  TRUE FALSE  TRUE FALSE  TRUE FALSE FALSE  TRUE FALSE FALSE
 [73]  TRUE FALSE  TRUE  TRUE FALSE  TRUE FALSE  TRUE FALSE  TRUE FALSE FALSE
 [85] FALSE  TRUE FALSE FALSE  TRUE FALSE  TRUE  TRUE FALSE FALSE FALSE  TRUE
 [97]  TRUE  TRUE  TRUE FALSE  TRUE FALSE  TRUE FALSE  TRUE  TRUE  TRUE FALSE
[109]  TRUE  TRUE  TRUE FALSE FALSE  TRUE FALSE FALSE FALSE FALSE  TRUE  TRUE
[121] FALSE  TRUE  TRUE FALSE  TRUE  TRUE FALSE  TRUE FALSE FALSE  TRUE  TRUE
[133] FALSE  TRUE FALSE  TRUE  TRUE  TRUE  TRUE  TRUE  TRUE  TRUE  TRUE  TRUE
[145]  TRUE  TRUE FALSE  TRUE  TRUE FALSE  TRUE  TRUE  TRUE  TRUE FALSE  TRUE
[157]  TRUE FALSE  TRUE  TRUE  TRUE  TRUE  TRUE  TRUE FALSE  TRUE  TRUE  TRUE
[169]  TRUE  TRUE FALSE  TRUE  TRUE  TRUE  TRUE  TRUE  TRUE FALSE  TRUE  TRUE
[181]  TRUE FALSE FALSE  TRUE  TRUE FALSE  TRUE FALSE  TRUE FALSE FALSE  TRUE
[193]  TRUE FALSE

