
Birth-death simulation object with 385 species and 132 extant species

Details for some species:

Extinction times (NA means extant)
[1] 42.55436 42.33789 36.08327 29.17552 42.15834 35.55885


Speciation times 
[1] 48.65279 45.51078 44.36087 43.08818 43.31815 39.39181


Species parents (NA for initial)
[1] NA  1  1  1  3  3


Species status (extinct or extant)
[1] "extinct" "extinct" "extinct" "extinct" "extinct" "extinct"


For more details on vector y, try sim$y, with y one of
TE TS PAR EXTANT



$TE
  [1] 42.55435888 42.33788611 36.08326930 29.17552480 42.15834438 35.55884609
  [7] 39.95879302 38.76019075 37.29324003 31.60764651 28.91878626 21.01582897
 [13] 40.43275711 35.19784647 22.92172233 29.80492130 23.11736097 27.25579218
 [19] 23.21865271 39.92802740 37.52546997 35.20794625 27.59400119 32.61613671
 [25] 26.29310180 21.56663754 13.50397002 12.30714646 36.74993994 19.20339850
 [31] 34.40984747 17.73105456 15.32566303 13.64653342 11.49952890 13.80852933
 [37] 33.96726407 23.50111663 13.12576580 14.79021469 27.81454562 23.83424345
 [43] 29.68589105 20.63666175 16.95962832  9.85875965 21.90766084 34.47440669
 [49] 26.82661392 17.74847094 11.29911830 22.08434934 21.60046461 19.74886338
 [55] 13.57107119 15.82791522 13.50697641 14.17459753 18.17936777 15.15553310
 [61]          NA 27.82061951 15.48829539 22.13871904 12.26261259 22.64539947
 [67] 25.81211422 25.40493642 20.14761693 14.63291543 22.00097083 18.87034315
 [73] 19.85094111 10.68898154 20.03613789 13.16392382 20.25757208 20.51910091
 [79] 14.60211875 10.19877590 21.15735634 19.32988304 14.09913298 13.80205238
 [85]  4.73251585  0.31546018          NA 18.20415711 30.41544728 22.72846411
 [91] 14.10722989 20.13271398 13.08469968 17.47383158 23.33584339 23.51475805
 [97] 20.00977727 18.31954668 13.75991501 17.29021688 16.39212955 11.81067330
[103]  9.25991042 14.52690366  3.39138716 13.88290246 14.67850605 14.54889703
[109] 14.14567026 10.97207484 10.11307031  1.37142168 10.16372053 19.55689992
[115] 13.29917018 11.72968292  5.64605685  5.39666868  0.59517246 23.34798883
[121] 13.24951141 19.22459078 19.95990059 22.67177448 21.87785518 13.80986709
[127] 14.19207765 12.73745994 19.95248167 17.48267617 15.20653243 14.56885884
[133] 13.48634425 13.67535049 13.42871914 14.41124440 14.62978146          NA
[139]          NA  0.31814169          NA          NA  6.58678060          NA
[145]  4.14853005  6.56700011  4.53650461          NA  0.82346038 22.28064043
[151] 15.39909582 14.36386493 15.38593153 14.44729505 14.00367229 14.97186501
[157] 12.18380839 14.96845947 13.45415443 14.55020172 12.08003952  3.86332195
[163]          NA  8.28011909          NA  0.94122275          NA          NA
[169]  1.92139549          NA          NA  4.24485213  2.24091065  4.74022290
[175]  0.82431719 18.13392426 22.16026446 14.45421325 18.74302595 10.05018270
[181] 19.93930771 20.69102285 11.91337892 11.66183979          NA  6.55710786
[187] 11.78553619 15.24669389 13.20083774          NA  4.96275842  4.96942182
[193]          NA          NA  0.96470348  0.04300842          NA  1.03388211
[199]          NA          NA  3.56184163          NA          NA  0.86549708
[205]  4.21694569          NA 19.98342461 11.57266768 11.86903460 12.55239819
[211] 14.02358095 10.85944914 14.50969789 11.52469087          NA  4.61995077
[217]          NA          NA 11.64686691  5.36368653          NA 14.82947590
[223] 13.60719050          NA          NA          NA          NA          NA
[229]          NA          NA          NA  2.38115409          NA          NA
[235]  2.20254777 14.20134621 13.12192260          NA 13.08597778          NA
[241]  4.91395353          NA  3.34942188  6.65102748          NA  2.62684592
[247]  6.41934195  1.88841579  3.11198086  1.22503759  1.96738337          NA
[253]  1.88534786          NA          NA 11.45396331  2.18067674          NA
[259]  0.59827233          NA          NA          NA          NA          NA
[265] 14.77665494  3.44240075          NA  6.06823651          NA  1.84668188
[271]  1.58866967  1.47905516          NA          NA          NA          NA
[277]  6.95508523  4.07942976  1.61953961  0.26369201  4.18549413          NA
[283]          NA          NA  1.34729230          NA          NA          NA
[289]          NA  4.30462802          NA          NA          NA  8.37310386
[295]          NA          NA  2.01483487          NA          NA          NA
[301]  0.99031278  1.92185289          NA  6.39600770  0.48697698          NA
[307]  0.16525062          NA          NA          NA          NA          NA
[313]  1.55608805          NA          NA          NA          NA          NA
[319]          NA  0.37905917  3.70036724          NA  0.57165214          NA
[325]          NA          NA          NA  1.98574970  1.29171176          NA
[331]          NA  2.79563607  0.79152714          NA          NA  0.88558110
[337]          NA  2.57601675          NA          NA  2.87657106  4.06180187
[343]          NA  2.14826944          NA          NA  2.17763473          NA
[349]          NA          NA  1.05960085          NA          NA          NA
[355]          NA          NA          NA          NA          NA          NA
[361]          NA          NA          NA          NA          NA          NA
[367]          NA  0.82870442  2.77345622  2.68202757          NA          NA
[373]          NA          NA          NA          NA          NA          NA
[379]          NA  2.53951870  0.94166611          NA          NA          NA
[385]          NA

$TS
  [1] 4.865279e+01 4.551078e+01 4.436087e+01 4.308818e+01 4.331815e+01
  [6] 3.939181e+01 4.232160e+01 3.898822e+01 3.883403e+01 3.388472e+01
 [11] 3.231649e+01 3.114174e+01 4.189130e+01 3.894780e+01 3.328490e+01
 [16] 3.061691e+01 3.017299e+01 2.755850e+01 2.555408e+01 4.160038e+01
 [21] 4.131734e+01 3.715687e+01 3.527389e+01 3.271170e+01 2.691429e+01
 [26] 2.535558e+01 2.798580e+01 2.411680e+01 3.859029e+01 3.765022e+01
 [31] 3.486157e+01 2.528279e+01 2.234136e+01 2.054899e+01 1.892075e+01
 [36] 1.483063e+01 3.653370e+01 3.476579e+01 3.239252e+01 2.985539e+01
 [41] 2.783048e+01 2.606068e+01 3.459511e+01 2.468439e+01 1.732679e+01
 [46] 1.195787e+01 3.536586e+01 3.471128e+01 3.456474e+01 2.666359e+01
 [51] 2.354324e+01 2.576701e+01 2.461509e+01 1.996813e+01 1.896266e+01
 [56] 2.546901e+01 2.276885e+01 2.168198e+01 1.823904e+01 1.713035e+01
 [61] 1.525930e+01 3.350072e+01 2.891873e+01 2.456401e+01 2.981825e+01
 [66] 2.846139e+01 2.649901e+01 2.559849e+01 2.425750e+01 2.011790e+01
 [71] 2.302756e+01 2.029441e+01 2.553040e+01 2.368703e+01 2.250396e+01
 [76] 1.808908e+01 2.240555e+01 2.124335e+01 2.021815e+01 1.945036e+01
 [81] 2.127631e+01 2.040751e+01 1.585750e+01 1.443822e+01 9.742635e+00
 [86] 1.315416e+00 1.096662e+00 3.277936e+01 3.160089e+01 2.356193e+01
 [91] 2.767853e+01 2.205239e+01 1.859470e+01 1.780914e+01 2.509075e+01
 [96] 2.443063e+01 2.372719e+01 2.222649e+01 2.000028e+01 2.427186e+01
[101] 1.915527e+01 1.189268e+01 1.121682e+01 1.778546e+01 1.471689e+01
[106] 1.888193e+01 1.860794e+01 1.715364e+01 1.597993e+01 1.566430e+01
[111] 1.351776e+01 1.237888e+01 1.151017e+01 1.984395e+01 1.514051e+01
[116] 1.458176e+01 8.627895e+00 6.403753e+00 5.741867e+00 2.887850e+01
[121] 2.832784e+01 2.337978e+01 2.264779e+01 2.333861e+01 2.484195e+01
[126] 1.664737e+01 1.507567e+01 1.481734e+01 2.262165e+01 2.178721e+01
[131] 1.884644e+01 1.867839e+01 1.973791e+01 1.857220e+01 1.468622e+01
[136] 1.829379e+01 1.772807e+01 1.092492e+01 8.270301e+00 6.568379e+00
[141] 2.613334e+00 2.247534e+00 7.964306e+00 7.923005e+00 7.788770e+00
[146] 6.792807e+00 4.831402e+00 3.421735e+00 1.671534e+00 2.761681e+01
[151] 2.407931e+01 2.146594e+01 2.057566e+01 2.353256e+01 1.657902e+01
[156] 1.596671e+01 1.434144e+01 1.835976e+01 1.836443e+01 1.698921e+01
[161] 1.397661e+01 1.017174e+01 9.983480e+00 8.768865e+00 4.900765e+00
[166] 4.498092e+00 4.475893e+00 5.348774e-01 5.712901e+00 6.631692e+00
[171] 5.518025e+00 4.904209e+00 6.917588e+00 5.423825e+00 4.811344e+00
[176] 2.257367e+01 2.263080e+01 2.010570e+01 1.892406e+01 1.830512e+01
[181] 2.314121e+01 2.108663e+01 1.964029e+01 1.769194e+01 1.503654e+01
[186] 1.408797e+01 1.562215e+01 1.829366e+01 1.524416e+01 5.137250e+00
[191] 7.726676e+00 6.623668e+00 5.305756e+00 3.778470e+00 3.290482e+00
[196] 7.390707e-01 1.574854e-04 3.356761e+00 1.502946e+00 3.093870e+00
[201] 5.758032e+00 2.405027e+00 1.777683e+00 5.118642e+00 4.453507e+00
[206] 3.768365e+00 2.139037e+01 1.331260e+01 1.205382e+01 1.903148e+01
[211] 1.829527e+01 1.211609e+01 1.573005e+01 1.414086e+01 1.327296e+01
[216] 1.154085e+01 7.655502e+00 2.445472e+00 1.399421e+01 9.247973e+00
[221] 8.584761e+00 1.513995e+01 1.665875e+01 2.613296e+00 7.186843e+00
[226] 6.489730e+00 2.657779e+00 2.635079e+00 2.625077e+00 2.055050e+00
[231] 6.432479e-01 5.028531e+00 2.570768e+00 9.828272e-01 3.268846e+00
[236] 2.134599e+01 1.546855e+01 1.126887e+01 1.547581e+01 9.677484e+00
[241] 8.086249e+00 3.196682e+00 7.674668e+00 7.062450e+00 6.327871e+00
[246] 4.941806e+00 8.799070e+00 8.135792e+00 7.750288e+00 7.619862e+00
[251] 6.856472e+00 5.565996e+00 3.879843e+00 2.412716e+00 1.596384e+01
[256] 1.437376e+01 7.072026e+00 5.716498e+00 5.592258e+00 2.244241e+00
[261] 1.916593e+00 7.448718e-01 4.401301e+00 3.370233e-01 1.862709e+01
[266] 9.758613e+00 7.889025e+00 6.106035e+00 5.749415e+00 5.671486e+00
[271] 5.024329e+00 3.863811e+00 1.637210e+00 6.527799e+00 6.366092e+00
[276] 2.137480e+00 7.916230e+00 6.594737e+00 5.797786e+00 4.999679e+00
[281] 5.463228e+00 4.362658e+00 3.373260e+00 3.084843e+00 1.432620e+00
[286] 4.489631e+00 6.356289e+00 5.472526e+00 4.530164e+00 4.412293e+00
[291] 6.592695e-01 5.215728e-01 9.550416e+00 9.503691e+00 8.996019e+00
[296] 2.995973e+00 5.443527e+00 3.213119e+00 2.272883e+00 6.041654e-01
[301] 1.043578e+00 4.121730e+00 9.445241e-01 9.690477e+00 6.144888e+00
[306] 2.023494e+00 1.510928e+00 4.928432e+00 8.298361e-01 1.783583e+00
[311] 5.080935e-02 6.291426e+00 5.927188e+00 5.757301e+00 8.678858e-01
[316] 6.331684e+00 4.844814e+00 4.129877e+00 4.593815e+00 3.629002e+00
[321] 5.421764e+00 4.516077e+00 4.439550e+00 2.869871e+00 2.698174e+00
[326] 3.415725e+00 1.875501e+00 4.407852e+00 3.122293e+00 2.335181e+00
[331] 8.208585e-01 5.406947e+00 2.822895e+00 8.464932e+00 6.349030e+00
[336] 5.888420e+00 5.139836e+00 2.921985e+00 9.927593e-01 7.577293e+00
[341] 5.427559e+00 5.358797e+00 1.474982e+00 4.407137e+00 2.521331e+00
[346] 2.305489e-01 5.085082e+00 2.057545e+00 4.471905e-01 2.371130e+00
[351] 1.601845e+00 2.848425e-01 3.926698e+00 9.459117e-02 4.348401e+00
[356] 1.955057e+00 6.100454e-01 1.247109e+00 9.931089e-01 7.576149e-01
[361] 3.560779e-01 2.925396e+00 1.910290e+00 1.368043e+00 8.132993e-01
[366] 5.800256e+00 5.650191e+00 5.454993e+00 3.200188e+00 3.847935e+00
[371] 1.761064e+00 5.136766e+00 1.062643e+00 3.896674e+00 3.525683e-01
[376] 7.949804e-02 5.517214e-01 5.714943e-01 5.230636e+00 5.006724e+00
[381] 1.211777e+00 1.661506e+00 2.974377e+00 1.950905e+00 1.807009e+00

$PAR
  [1]  NA   1   1   1   3   3   4   4   4   4   4   4   7   8  10  11  12  12
 [19]  12  13  13  14  14  15  15  15  17  19  21  21  23  27  27  27  27  28
 [37]  30  30  30  30  30  30  31  32  33  35  37  37  37  38  38  39  39  39
 [55]  39  40  40  40  40  40  40  47  47  47  49  49  50  50  50  50  51  51
 [73]  52  52  52  55  56  57  57  57  58  58  58  61  61  61  61  62  62  63
 [91]  65  65  65  65  66  66  66  69  70  73  74  74  74  76  79  80  80  80
[109]  80  80  80  80  80  82  83  83  85  85  85  88  88  88  88  90  91  91
[127]  91  91  97  98  98  98  99 101 105 106 107 111 112 112 112 112 117 117
[145] 117 117 119 119 119 120 121 121 122 125 126 126 127 131 132 133 135 138
[163] 138 138 138 138 138 139 140 143 144 144 145 145 145 150 151 151 151 151
[181] 154 154 154 154 154 155 156 158 159 162 163 163 163 163 165 165 165 167
[199] 167 169 170 170 170 171 175 175 176 180 180 183 183 183 184 184 184 185
[217] 185 185 186 186 186 187 188 190 191 191 193 193 195 198 199 201 204 204
[235] 206 207 211 212 213 215 215 215 216 216 216 217 220 220 221 221 221 221
[253] 221 221 223 223 225 226 226 228 228 230 232 233 236 238 238 238 238 238
[271] 238 238 238 240 240 240 241 241 241 241 243 243 245 245 245 248 249 249
[289] 249 250 252 252 255 255 255 255 258 258 259 259 261 263 263 266 266 267
[307] 267 269 269 272 273 274 274 275 276 278 278 278 279 280 281 281 281 282
[325] 286 287 287 288 288 288 289 293 293 295 295 295 297 298 299 304 305 305
[343] 306 308 308 309 312 312 312 313 313 315 316 316 317 317 320 325 325 326
[361] 327 329 330 330 331 335 335 336 336 337 337 342 343 347 350 352 353 355
[379] 366 366 371 374 379 383 384

$EXTANT
  [1] FALSE FALSE FALSE FALSE FALSE FALSE FALSE FALSE FALSE FALSE FALSE FALSE
 [13] FALSE FALSE FALSE FALSE FALSE FALSE FALSE FALSE FALSE FALSE FALSE FALSE
 [25] FALSE FALSE FALSE FALSE FALSE FALSE FALSE FALSE FALSE FALSE FALSE FALSE
 [37] FALSE FALSE FALSE FALSE FALSE FALSE FALSE FALSE FALSE FALSE FALSE FALSE
 [49] FALSE FALSE FALSE FALSE FALSE FALSE FALSE FALSE FALSE FALSE FALSE FALSE
 [61]  TRUE FALSE FALSE FALSE FALSE FALSE FALSE FALSE FALSE FALSE FALSE FALSE
 [73] FALSE FALSE FALSE FALSE FALSE FALSE FALSE FALSE FALSE FALSE FALSE FALSE
 [85] FALSE FALSE  TRUE FALSE FALSE FALSE FALSE FALSE FALSE FALSE FALSE FALSE
 [97] FALSE FALSE FALSE FALSE FALSE FALSE FALSE FALSE FALSE FALSE FALSE FALSE
[109] FALSE FALSE FALSE FALSE FALSE FALSE FALSE FALSE FALSE FALSE FALSE FALSE
[121] FALSE FALSE FALSE FALSE FALSE FALSE FALSE FALSE FALSE FALSE FALSE FALSE
[133] FALSE FALSE FALSE FALSE FALSE  TRUE  TRUE FALSE  TRUE  TRUE FALSE  TRUE
[145] FALSE FALSE FALSE  TRUE FALSE FALSE FALSE FALSE FALSE FALSE FALSE FALSE
[157] FALSE FALSE FALSE FALSE FALSE FALSE  TRUE FALSE  TRUE FALSE  TRUE  TRUE
[169] FALSE  TRUE  TRUE FALSE FALSE FALSE FALSE FALSE FALSE FALSE FALSE FALSE
[181] FALSE FALSE FALSE FALSE  TRUE FALSE FALSE FALSE FALSE  TRUE FALSE FALSE
[193]  TRUE  TRUE FALSE FALSE  TRUE FALSE  TRUE  TRUE FALSE  TRUE  TRUE FALSE
[205] FALSE  TRUE FALSE FALSE FALSE FALSE FALSE FALSE FALSE FALSE  TRUE FALSE
[217]  TRUE  TRUE FALSE FALSE  TRUE FALSE FALSE  TRUE  TRUE  TRUE  TRUE  TRUE
[229]  TRUE  TRUE  TRUE FALSE  TRUE  TRUE FALSE FALSE FALSE  TRUE FALSE  TRUE
[241] FALSE  TRUE FALSE FALSE  TRUE FALSE FALSE FALSE FALSE FALSE FALSE  TRUE
[253] FALSE  TRUE  TRUE FALSE FALSE  TRUE FALSE  TRUE  TRUE  TRUE  TRUE  TRUE
[265] FALSE FALSE  TRUE FALSE  TRUE FALSE FALSE FALSE  TRUE  TRUE  TRUE  TRUE
[277] FALSE FALSE FALSE FALSE FALSE  TRUE  TRUE  TRUE FALSE  TRUE  TRUE  TRUE
[289]  TRUE FALSE  TRUE  TRUE  TRUE FALSE  TRUE  TRUE FALSE  TRUE  TRUE  TRUE
[301] FALSE FALSE  TRUE FALSE FALSE  TRUE FALSE  TRUE  TRUE  TRUE  TRUE  TRUE
[313] FALSE  TRUE  TRUE  TRUE  TRUE  TRUE  TRUE FALSE FALSE  TRUE FALSE  TRUE
[325]  TRUE  TRUE  TRUE FALSE FALSE  TRUE  TRUE FALSE FALSE  TRUE  TRUE FALSE
[337]  TRUE FALSE  TRUE  TRUE FALSE FALSE  TRUE FALSE  TRUE  TRUE FALSE  TRUE
[349]  TRUE  TRUE FALSE  TRUE  TRUE  TRUE  TRUE  TRUE  TRUE  TRUE  TRUE  TRUE
[361]  TRUE  TRUE  TRUE  TRUE  TRUE  TRUE  TRUE FALSE FALSE FALSE  TRUE  TRUE
[373]  TRUE  TRUE  TRUE  TRUE  TRUE  TRUE  TRUE FALSE FALSE  TRUE  TRUE  TRUE
[385]  TRUE

