
Birth-death simulation object with 241 species and 89 extant species

Details for some species:

Extinction times (NA means extant)
[1] 41.02506 30.02277 27.26065 37.01790 22.49924 23.61497


Speciation times 
[1] 48.65279 46.83189 44.38927 40.39808 33.30188 43.74675


Species parents (NA for initial)
[1] NA  1  2  2  2  3


Species status (extinct or extant)
[1] "extinct" "extinct" "extinct" "extinct" "extinct" "extinct"


For more details on vector y, try sim$y, with y one of
TE TS PAR EXTANT



$TE
  [1] 41.02505741 30.02276752 27.26065369 37.01790073 22.49924213 23.61497074
  [7] 35.99278117 35.98459790 16.68917826 26.65065665 11.74981193 13.51331139
 [13] 19.48626996 36.37929567 37.94791317 26.60196804 27.64745213 26.78647689
 [19] 12.32552360 33.17282752 16.38139493 10.13187908 19.25800457  5.33903901
 [25] 16.30331952 28.66616103 22.68416735 13.90616650 20.69806767 11.02077495
 [31] 13.05333327 14.64790113 37.85363469 17.47128769 20.15958560 28.84088223
 [37]          NA 25.41614153 12.72887432 19.42884127 16.17151033 22.60008220
 [43]  7.65526431 11.94552679 12.72143760  7.97447270 13.95271121 15.00024130
 [49] 14.15882146  4.67466285  2.95261448 13.95206137 13.47376565 11.29354675
 [55] 36.89981867 18.54508307 18.24065250 29.05789675 20.95954353 15.41834408
 [61] 13.99320407 15.19976975  0.09099611  4.21247424          NA  5.35968076
 [67] 21.74845468 22.83260173 11.74234456 14.13984677 14.33083694 21.91052833
 [73] 12.32933787 11.39811729          NA  5.88004590 12.78479608 13.22326955
 [79]  0.94184151          NA  3.22296366          NA 34.98874667 30.36755099
 [85] 13.94452512 13.40465151 21.93217772  7.60713974  7.32733090  5.07826596
 [91]          NA 10.12861249          NA  7.85933103          NA  6.10456152
 [97]  1.63302315  1.87102377          NA  5.38567931 13.96809945 11.20654145
[103]  9.95318881 16.62154711 15.91435598 21.53434232 13.81825022 13.21719246
[109]          NA  5.90524283  3.18412809          NA          NA          NA
[115]  2.13504286          NA          NA          NA          NA          NA
[121]          NA          NA  1.82565244  0.69273442          NA          NA
[127] 18.78357178 17.23159187 12.58901325 13.44056220 11.93241997          NA
[133]  1.78547375  3.26314177          NA  3.46518112          NA  5.10572678
[139] 13.25947162 12.89876382 11.03355447 11.49175330 16.25443980  4.36555279
[145]          NA          NA  4.93814049          NA  6.63419177  1.50225928
[151]          NA          NA          NA          NA          NA          NA
[157]          NA  1.58848892          NA          NA          NA  4.98441620
[163]          NA          NA          NA          NA          NA          NA
[169]  0.95908479  2.80680486          NA          NA  4.04350372          NA
[175]  3.74984385  4.12156120  0.33753731  4.49221817          NA  1.56070165
[181]          NA  0.47590571          NA          NA  4.30651124          NA
[187]          NA          NA          NA          NA  6.08542117          NA
[193]          NA  7.33730386  3.85787970          NA  6.38910277          NA
[199]  1.29868530  2.41580645  1.16945204          NA          NA  4.49919947
[205]  3.07465023          NA          NA          NA          NA          NA
[211]  1.69416440          NA  3.38081821          NA  2.40822843          NA
[217]  0.35443290          NA          NA          NA          NA          NA
[223]  4.43695752          NA          NA  1.43062233          NA  0.21106418
[229]          NA  0.93424461          NA          NA          NA  2.70841428
[235]          NA          NA          NA          NA          NA          NA
[241]          NA

$TS
  [1] 48.652788073 46.831885702 44.389274885 40.398078460 33.301883734
  [6] 43.746752052 42.373117315 39.160703594 36.444088894 31.072672220
 [11] 26.401228447 24.038203863 23.037926539 42.415627595 38.577020614
 [16] 31.159926672 30.446386516 26.961665221 39.114957275 34.115537937
 [21] 30.035440336 29.676875623 22.755980644 20.793807220 18.993254832
 [26] 29.110434133 22.821081955 21.081884063 20.973382295 16.504357585
 [31] 13.488453392 15.202684333 40.303099240 28.239085042 30.118631013
 [36] 28.939744907 34.474977354 25.917902378 13.160865004 27.845144245
 [41] 27.839036600 27.096172542 19.662862088 18.967996484 16.634493603
 [46] 15.539003590 20.383714593 18.910941903 16.525725771  9.651887608
 [51]  9.223041753 18.068171232 16.565537444 14.314223128 38.625785445
 [56] 27.614175425 24.930911720 31.317912189 29.020470501 17.493991077
 [61] 16.020618409 15.475750840 13.595855432 11.566681975  8.649396771
 [66]  7.273766974 25.685919956 27.174524959 22.385586642 19.594272781
 [71] 19.538868867 22.949655689 16.174432261 25.530748009 14.885328628
 [76]  7.865546452 15.889697831 16.585808300  8.853386377  8.780776215
 [81]  5.010795070  9.129965986 37.976512949 37.944727496 19.112584131
 [86] 18.746958526 26.601978493  8.968464499  8.751743618  8.018538052
 [91]  1.762781687 10.950297357  9.516099703  8.053259034  5.824906714
 [96]  7.808536233  7.720531015  6.655746335  1.833653463  6.329795999
[101] 18.579950059 12.347015831 11.818736499 18.337124066 17.504291684
[106] 21.971917508 14.592679145 14.876396807 12.832087454 10.516089508
[111]  5.256412619  3.282440612  2.503510741  8.771926620  6.517124559
[116]  5.649152601  4.505659634  6.385148719  4.782803824  2.672358101
[121]  0.163054396  5.241097061  5.232221483  4.071246782  1.058151479
[126]  0.931686051 19.042550646 17.923894254 16.610810543 13.496538293
[131] 13.481476752  6.399640515  7.405220263  6.473996917  5.637529427
[136]  5.206591675  3.294478741  7.054884702 16.389889516 15.192251875
[141] 18.172291798 16.664095861 16.496878938  9.965347593  9.742676509
[146]  9.409070571  6.132448930  0.723236527  7.433529115  4.723067312
[151]  3.992813446  2.406792389  1.261148468  1.505060011  0.009168671
[156]  2.874272774  1.886274445  2.885967900  1.909552902  5.652393818
[161]  5.618691006  5.440725717  2.066661309  1.506568304  6.569056645
[166]  6.179664039  5.246264425  5.208474955  3.876829742  3.786668117
[171]  0.265096548  6.683280088  6.442873197  6.135218662  7.370741576
[176]  5.811195575  9.536304182  6.928801930  5.647404302  5.514823520
[181]  5.460102373  5.326245814  5.311911896  0.828085181  5.335927493
[186]  0.673334491  3.715832628  5.165447467  4.787511794  1.192506620
[191]  6.165199041  0.250828622  9.017734217  8.193584895  6.542252543
[196]  0.811559818  6.796391780  5.159881075  4.893889783  4.821752823
[201]  3.130388686  2.934966283  1.932115061  5.182395394  4.580501910
[206]  2.797246653  3.308288129  5.002887282  2.157569436  7.885883467
[211]  5.082854112  1.987654222  7.540558348  4.561406967  3.866030795
[216]  4.669254085  1.604688427  2.920180020  2.573848853  7.394498809
[221]  5.186734914  5.019491183  6.075913288  2.451976581  2.423243605
[226]  2.489432126  2.139767851  1.588584468  2.730015137  6.073210286
[231]  2.632888921  0.976082127  5.167742961  4.713526732  1.103415848
[236]  4.876498410  0.940298015  0.365493110  3.873599764  4.094609363
[241]  0.871826035

$PAR
  [1]  NA   1   2   2   2   3   3   3   3   5   5   5   5   6   6   6   6   6
 [19]   8   9   9   9   9   9   9  10  11  11  11  11  11  12  14  16  17  17
 [37]  19  19  19  21  21  21  22  22  22  22  24  24  24  24  24  25  28  30
 [55]  33  34  35  37  37  37  37  37  37  37  37  37  38  40  40  40  40  41
 [73]  41  42  43  43  44  47  50  50  50  51  55  55  57  57  59  63  63  63
 [91]  63  64  64  64  64  65  65  65  65  66  69  69  69  71  71  72  73  75
[109]  75  75  75  75  75  79  79  79  79  80  80  80  80  82  82  82  82  82
[127]  85  85  85  86  86  90  93  93  93  93  93  96 101 101 104 105 105 109
[145] 109 109 109 109 114 114 114 116 117 120 121 123 123 124 124 132 132 132
[163] 132 132 133 134 134 135 135 135 137 138 138 138 144 144 145 145 160 160
[181] 160 161 161 163 166 166 170 172 172 172 173 174 177 177 177 177 178 178
[199] 178 180 180 180 180 181 181 181 182 183 189 193 193 193 194 195 198 199
[217] 201 202 206 210 210 211 213 214 214 215 216 216 218 220 220 220 221 221
[235] 221 222 224 232 233 236 240

$EXTANT
  [1] FALSE FALSE FALSE FALSE FALSE FALSE FALSE FALSE FALSE FALSE FALSE FALSE
 [13] FALSE FALSE FALSE FALSE FALSE FALSE FALSE FALSE FALSE FALSE FALSE FALSE
 [25] FALSE FALSE FALSE FALSE FALSE FALSE FALSE FALSE FALSE FALSE FALSE FALSE
 [37]  TRUE FALSE FALSE FALSE FALSE FALSE FALSE FALSE FALSE FALSE FALSE FALSE
 [49] FALSE FALSE FALSE FALSE FALSE FALSE FALSE FALSE FALSE FALSE FALSE FALSE
 [61] FALSE FALSE FALSE FALSE  TRUE FALSE FALSE FALSE FALSE FALSE FALSE FALSE
 [73] FALSE FALSE  TRUE FALSE FALSE FALSE FALSE  TRUE FALSE  TRUE FALSE FALSE
 [85] FALSE FALSE FALSE FALSE FALSE FALSE  TRUE FALSE  TRUE FALSE  TRUE FALSE
 [97] FALSE FALSE  TRUE FALSE FALSE FALSE FALSE FALSE FALSE FALSE FALSE FALSE
[109]  TRUE FALSE FALSE  TRUE  TRUE  TRUE FALSE  TRUE  TRUE  TRUE  TRUE  TRUE
[121]  TRUE  TRUE FALSE FALSE  TRUE  TRUE FALSE FALSE FALSE FALSE FALSE  TRUE
[133] FALSE FALSE  TRUE FALSE  TRUE FALSE FALSE FALSE FALSE FALSE FALSE FALSE
[145]  TRUE  TRUE FALSE  TRUE FALSE FALSE  TRUE  TRUE  TRUE  TRUE  TRUE  TRUE
[157]  TRUE FALSE  TRUE  TRUE  TRUE FALSE  TRUE  TRUE  TRUE  TRUE  TRUE  TRUE
[169] FALSE FALSE  TRUE  TRUE FALSE  TRUE FALSE FALSE FALSE FALSE  TRUE FALSE
[181]  TRUE FALSE  TRUE  TRUE FALSE  TRUE  TRUE  TRUE  TRUE  TRUE FALSE  TRUE
[193]  TRUE FALSE FALSE  TRUE FALSE  TRUE FALSE FALSE FALSE  TRUE  TRUE FALSE
[205] FALSE  TRUE  TRUE  TRUE  TRUE  TRUE FALSE  TRUE FALSE  TRUE FALSE  TRUE
[217] FALSE  TRUE  TRUE  TRUE  TRUE  TRUE FALSE  TRUE  TRUE FALSE  TRUE FALSE
[229]  TRUE FALSE  TRUE  TRUE  TRUE FALSE  TRUE  TRUE  TRUE  TRUE  TRUE  TRUE
[241]  TRUE

