
Birth-death simulation object with 283 species and 71 extant species

Details for some species:

Extinction times (NA means extant)
[1] 31.67872 44.85745 45.84898 17.99691 25.54877 40.63319


Speciation times 
[1] 52.75889 48.98376 46.83451 46.70956 44.90964 42.80710


Species parents (NA for initial)
[1] NA  1  1  1  1  1


Species status (extinct or extant)
[1] "extinct" "extinct" "extinct" "extinct" "extinct" "extinct"


For more details on vector y, try sim$y, with y one of
TE TS PAR EXTANT



$TE
  [1] 31.67872243 44.85745214 45.84898228 17.99690607 25.54877412 40.63318580
  [7] 33.62327440 28.93770563 23.77484393 32.79245928 30.32623524 17.50939931
 [13] 27.62284335 17.70393044 24.76300377 16.92029841 17.89781069 20.76349077
 [19] 32.43097341 33.92728686 26.10402855 22.75390793 27.69836915 29.23367121
 [25] 29.05392048 36.00405513 31.48812182 34.32573217 22.60343863 27.45500762
 [31] 21.10695093 20.81232398 28.60573878 27.77613508 17.02495538 15.38435433
 [37] 18.08781577 15.07877166 14.54605574 15.46931549 14.12320683  5.71530675
 [43] 17.51843221 27.54287677 31.89893188 29.43854881 22.78596583 18.80446013
 [49] 19.94637600 32.55724890 27.75705835 18.51421158 38.55088813 29.34617713
 [55] 26.94823382 27.73207249 16.20861957 19.37396027 23.56821434 18.66201855
 [61] 22.74287333 17.83610747 30.68015564 17.48317820 16.64178647 17.93685894
 [67] 17.06615644 16.55513211          NA  0.92095544  4.28800706 20.26606849
 [73] 21.00762521 18.66372485 26.19162689 17.20892306 18.43617662 16.08288834
 [79] 23.66490295 21.56823379 14.39445161 18.71832910 25.54167694 15.04557373
 [85] 22.36732723 18.83206220 23.74362877 17.42393091 18.68032945  2.84226295
 [91]          NA  1.57360803 26.32942668 18.60006627 16.71997114 17.22419001
 [97] 18.06399047 13.99065934 17.91575816 22.05780217 17.99352314 14.01327463
[103] 15.53956883  0.87797667  3.66048010 26.14053581 27.19460736 20.92575808
[109] 21.72215396 18.11937270 14.69403248 24.06715624 13.31905131 20.78942291
[115] 17.56956372  1.59476434 17.06399920 21.62783291 23.43981602 22.86864239
[121]          NA 18.85376905 18.68926129 20.93979843 18.65794500 17.83158751
[127] 16.38525666 15.32139552 14.49862204  8.40727685  9.10000099          NA
[133] 21.68139698  0.86853631 17.54019551 17.81686909 17.39842554 18.64812525
[139] 14.28565883 11.38488852 17.53897807  7.10113754          NA 17.92062445
[145] 18.53665568 18.20401926  3.13513481  6.43932366  9.45701576  7.48886647
[151]  9.41616489 16.22151352  8.21793603  6.73287995  5.72041764  1.22198220
[157]  8.79727553 15.81971589  2.92677062  8.90214566  5.80715895          NA
[163]          NA  4.63084531          NA          NA  7.70342979 12.91316456
[169] 11.41405378  6.16494945          NA  0.36554204  9.88768727  3.91516280
[175]  7.30770307 10.82167488  7.76082510  6.25868446  4.21007036          NA
[181]  1.34393529          NA  4.50929638          NA          NA  9.42134536
[187]  0.06341937 11.19280564          NA  1.31973301  9.65116648  2.15638620
[193]  9.03466958  5.59536109  2.63106428          NA  6.83524728          NA
[199]  5.60079188          NA  3.38213708  7.18842484          NA          NA
[205]  4.80088218          NA          NA          NA  4.79139993          NA
[211]          NA          NA  2.50103978          NA          NA          NA
[217]          NA  9.60100865  6.77814169  7.00204114  4.61267228          NA
[223]          NA          NA  2.72255804          NA  6.32769924          NA
[229]  1.95568072  4.71019539          NA  3.07928359          NA  3.76612683
[235]  6.41608006  3.12332097          NA  4.36033715  0.64359014  7.85897807
[241]          NA          NA  1.11527850          NA  3.87672448  3.13308518
[247]  0.43364796          NA  2.31347472  7.77774699          NA          NA
[253]  3.23061391          NA          NA          NA          NA  1.25492491
[259]          NA          NA          NA          NA          NA  0.63090480
[265]          NA          NA  4.55834084          NA          NA          NA
[271]          NA          NA          NA          NA          NA          NA
[277]          NA          NA          NA          NA          NA          NA
[283]          NA

$TS
  [1] 52.75889149 48.98376240 46.83451091 46.70955912 44.90963504 42.80709750
  [7] 41.57400311 40.16134307 37.26237830 36.88758549 36.60066596 30.02927550
 [13] 28.79822528 27.32019647 26.00470216 23.51852981 20.11959412 43.33874691
 [19] 36.24562731 35.45440738 28.74765673 28.70953122 27.91957205 39.98063932
 [25] 36.25590793 40.05183719 38.08229010 36.11030720 31.24118746 36.22312449
 [31] 27.15104920 26.67615196 34.58027801 27.95768386 19.71681042 18.20332196
 [37] 21.70967602 21.07505429 18.31197370 22.64636059 21.76142843 20.10312751
 [43] 17.59238190 38.39434713 34.44482486 31.85363964 25.46834208 21.39586094
 [49] 20.88939834 34.87821956 32.71754096 23.81010232 39.74560247 29.69390065
 [55] 38.53695962 37.92732475 29.38775706 26.21767284 30.56187955 26.83898054
 [61] 25.07419890 23.80263442 31.61765376 18.39064851 20.59928800 19.30547241
 [67] 17.85695109 19.32824425 11.00960311  7.38492308  6.51056096 30.69441543
 [73] 29.41149321 20.16792004 31.48507449 23.40529701 22.73608186 16.67459353
 [79] 26.08822163 22.46118239 22.38004658 20.41965600 29.20613779 27.32282843
 [85] 26.47869832 20.30761458 24.52125778 17.93631755 18.78990447  6.63244069
 [91]  6.55278649  5.84016741 29.24396276 21.15540558 29.40350312 20.31595424
 [97] 18.41459865 16.13226732 26.20766856 26.31056176 17.99677815 15.05988416
[103] 25.57496271  3.21375907  5.14452943 27.63326033 27.38855273 26.67325633
[109] 26.45795373 18.70684298 14.87607923 24.89256086 23.99550976 22.71006703
[115] 22.38106014 20.60451177 23.94299214 22.89989885 23.81819233 23.73824388
[121]  1.78456310 22.94013563 22.19163995 21.95511639 26.42219376 22.73654097
[127] 19.08697191 17.91054572 20.10599908 13.66816618 12.64527867  7.68738637
[133] 23.45411973  1.39583806 22.43482910 22.17312803 22.01695662 22.07517081
[139] 17.69065524 18.39519952 17.64344487 12.63149671 11.93357818 19.14363682
[145] 21.82750611 18.84728131 11.80663218 11.94577831 10.92668011 10.88400939
[151] 10.80993413 20.19782753 19.13007514  7.73063447  7.49618009  8.99985222
[157] 10.06471182 16.41604872 14.14607176 12.95431640  9.92796050  7.55592203
[163]  7.46657559  8.92124824  5.31952509  2.53981377  9.90043290 13.44907962
[169] 13.36640515 11.16790154 10.02332987  5.53814245 12.70685529 12.61917077
[175] 12.43432248 11.13791252  9.69891418  9.83431849  9.35781999  3.25192819
[181]  2.44745732  0.49254162  5.48382712  3.38733048  0.26960199  9.53440751
[187]  8.29946245 13.15607005 13.17878987 12.81910816  9.87735899  9.81263246
[193]  9.09683886  8.58346546  9.70613327  9.56414396  7.72119605  1.76918645
[199] 11.36404164 10.24182075  6.60249001 10.84406930  9.51417609  8.79224983
[205]  9.30723007  6.66031883  1.05846507  0.05817938  5.24872326  2.67811721
[211]  1.95771776 12.23571793  6.89041843  4.24285711  2.66416009  1.41118589
[217]  1.03304759 10.87110871 10.27076943  9.73575844  9.43535870  6.74218528
[223]  3.82628176  5.86946911  4.12830817 10.04586301  7.58563814  7.19315626
[229]  5.66195385  6.90259016  6.28836914  5.02835128  3.86985682  5.20924699
[235]  9.81923360  5.58232423  1.45294004  7.57732358  4.61385533  9.69651018
[241]  7.08991361  6.36242749  3.74829482  6.57663051  9.27704807  6.92174973
[247]  4.81284843  3.62062736  8.90373398  8.55763817  3.86589730  0.99983448
[253]  5.65348066  4.75940069  0.41354902  1.37840135  2.89576454  7.82625314
[259]  3.40518908  3.35477846  2.75674982  1.78975713  3.88506737  3.73554433
[265]  0.38190408  5.06310033  4.68182451  3.41688904  1.77838752  3.42422872
[271]  1.10677877  2.67778938  2.12592908  0.48328363  1.88096692  0.43757949
[277]  2.31531385  1.84426884  0.12805937  0.65954546  0.99179972  2.20874454
[283]  0.28520430

$PAR
  [1]  NA   1   1   1   1   1   1   1   1   4   4   4   4   4   4   4   4   5
 [19]   5   5   5   5   5   7   7   8   8   8   8   9   9   9  10  12  12  12
 [37]  14  14  14  16  16  16  16  18  18  18  18  18  18  19  19  22  24  24
 [55]  26  26  29  29  30  31  31  31  33  35  37  40  40  42  42  42  42  44
 [73]  44  48  56  57  57  57  58  58  58  58  59  59  60  60  61  62  65  70
 [91]  70  71  72  72  73  77  81  81  83  84  84  84  85  91  92  95  95  95
[109]  95  96  98  99  99  99  99  99 100 100 103 103 104 108 108 108 109 113
[127] 113 113 115 116 116 116 119 121 122 125 125 126 127 129 129 131 131 135
[145] 136 136 140 142 142 142 142 145 145 147 147 148 149 152 153 153 153 154
[163] 155 156 156 156 157 159 159 159 159 159 160 160 160 160 160 161 161 162
[181] 163 163 164 165 166 167 167 168 169 169 170 170 170 170 171 171 171 171
[199] 173 174 174 175 177 178 179 179 180 180 183 184 184 190 192 192 196 198
[217] 198 199 199 199 199 200 200 201 201 202 202 203 203 205 206 206 206 209
[235] 212 213 215 221 224 226 226 228 228 230 235 235 236 236 240 240 241 241
[253] 242 242 242 243 244 245 248 248 248 248 249 251 252 253 254 254 254 258
[271] 259 260 260 260 261 263 264 268 270 272 275 277 277

$EXTANT
  [1] FALSE FALSE FALSE FALSE FALSE FALSE FALSE FALSE FALSE FALSE FALSE FALSE
 [13] FALSE FALSE FALSE FALSE FALSE FALSE FALSE FALSE FALSE FALSE FALSE FALSE
 [25] FALSE FALSE FALSE FALSE FALSE FALSE FALSE FALSE FALSE FALSE FALSE FALSE
 [37] FALSE FALSE FALSE FALSE FALSE FALSE FALSE FALSE FALSE FALSE FALSE FALSE
 [49] FALSE FALSE FALSE FALSE FALSE FALSE FALSE FALSE FALSE FALSE FALSE FALSE
 [61] FALSE FALSE FALSE FALSE FALSE FALSE FALSE FALSE  TRUE FALSE FALSE FALSE
 [73] FALSE FALSE FALSE FALSE FALSE FALSE FALSE FALSE FALSE FALSE FALSE FALSE
 [85] FALSE FALSE FALSE FALSE FALSE FALSE  TRUE FALSE FALSE FALSE FALSE FALSE
 [97] FALSE FALSE FALSE FALSE FALSE FALSE FALSE FALSE FALSE FALSE FALSE FALSE
[109] FALSE FALSE FALSE FALSE FALSE FALSE FALSE FALSE FALSE FALSE FALSE FALSE
[121]  TRUE FALSE FALSE FALSE FALSE FALSE FALSE FALSE FALSE FALSE FALSE  TRUE
[133] FALSE FALSE FALSE FALSE FALSE FALSE FALSE FALSE FALSE FALSE  TRUE FALSE
[145] FALSE FALSE FALSE FALSE FALSE FALSE FALSE FALSE FALSE FALSE FALSE FALSE
[157] FALSE FALSE FALSE FALSE FALSE  TRUE  TRUE FALSE  TRUE  TRUE FALSE FALSE
[169] FALSE FALSE  TRUE FALSE FALSE FALSE FALSE FALSE FALSE FALSE FALSE  TRUE
[181] FALSE  TRUE FALSE  TRUE  TRUE FALSE FALSE FALSE  TRUE FALSE FALSE FALSE
[193] FALSE FALSE FALSE  TRUE FALSE  TRUE FALSE  TRUE FALSE FALSE  TRUE  TRUE
[205] FALSE  TRUE  TRUE  TRUE FALSE  TRUE  TRUE  TRUE FALSE  TRUE  TRUE  TRUE
[217]  TRUE FALSE FALSE FALSE FALSE  TRUE  TRUE  TRUE FALSE  TRUE FALSE  TRUE
[229] FALSE FALSE  TRUE FALSE  TRUE FALSE FALSE FALSE  TRUE FALSE FALSE FALSE
[241]  TRUE  TRUE FALSE  TRUE FALSE FALSE FALSE  TRUE FALSE FALSE  TRUE  TRUE
[253] FALSE  TRUE  TRUE  TRUE  TRUE FALSE  TRUE  TRUE  TRUE  TRUE  TRUE FALSE
[265]  TRUE  TRUE FALSE  TRUE  TRUE  TRUE  TRUE  TRUE  TRUE  TRUE  TRUE  TRUE
[277]  TRUE  TRUE  TRUE  TRUE  TRUE  TRUE  TRUE

