
Birth-death simulation object with 138 species and 75 extant species

Details for some species:

Extinction times (NA means extant)
[1] 34.39614 17.56724 31.34088 23.47916 25.59712 21.93460


Speciation times 
[1] 52.75889 35.91826 35.11992 34.79425 25.87000 25.79006


Species parents (NA for initial)
[1] NA  1  2  2  2  2


Species status (extinct or extant)
[1] "extinct" "extinct" "extinct" "extinct" "extinct" "extinct"


For more details on vector y, try sim$y, with y one of
TE TS PAR EXTANT



$TE
  [1] 34.39614119 17.56724274 31.34087927 23.47915534 25.59712054 21.93459908
  [7] 29.89489135 24.17852363 15.83041462 17.22847721 29.04450727 21.75159055
 [13] 20.82219544 14.11397839 24.35297700 17.08379428  0.61278159 17.17485203
 [19] 16.68012617 14.12839174  7.52373956  9.10995298          NA          NA
 [25]  4.37181483          NA  2.40897986          NA 17.41554916  3.56443578
 [31]          NA          NA  0.37515573          NA  0.15336445          NA
 [37]  3.08642673          NA 13.85084056          NA  1.00652432          NA
 [43]          NA          NA          NA          NA  0.22236127          NA
 [49]          NA          NA          NA          NA          NA  2.33785767
 [55]          NA  1.12146482 16.51913251 16.09839517  1.30486069  6.11556668
 [61]          NA          NA  0.37782892  1.77128879          NA          NA
 [67]          NA  3.41472850          NA          NA          NA          NA
 [73]          NA          NA          NA          NA  2.23613069          NA
 [79] 12.49293856 12.18968412 11.44042671  3.05558294          NA  0.49473064
 [85]          NA          NA          NA  2.77334159          NA          NA
 [91]  0.42464060          NA          NA          NA  6.10909323          NA
 [97]  8.28806645          NA          NA  1.14701617          NA  7.24037822
[103]  7.14274344          NA          NA          NA          NA  3.54758735
[109]  8.55494377          NA          NA          NA          NA          NA
[115]          NA          NA  7.12822908          NA          NA          NA
[121]          NA          NA  0.19637180          NA  0.04710693  0.23195240
[127]  5.94244412          NA          NA          NA          NA  4.81650281
[133]          NA  3.23369612          NA          NA          NA          NA

$TS
  [1] 52.75889149 35.91825512 35.11991569 34.79424640 25.87000305 25.79005812
  [7] 33.50044442 25.99188259 23.62268929 25.71433600 31.40122577 22.62740734
 [13] 22.21575892 18.36970906 24.77158735 20.31729163 17.27555469 21.85764890
 [19] 21.87315236 15.43132254 12.94494199 10.36460440  9.22221704  7.94108167
 [25]  4.38871161  4.25052736  3.16567654  2.06835769 20.13917884 11.24053883
 [31] 11.21755470  9.16526359  5.48863017  2.70643776  7.44028004  5.58702993
 [37]  4.40834631  0.51415236 20.12734354  9.55362451  6.13746331  9.15950640
 [43]  8.96880282  7.46542894  7.41655916  3.38705396  6.36408994  6.22795115
 [49]  4.78997300  3.19279938  0.55185094  0.33479938  3.57202861  3.35397142
 [55]  1.84539611  1.26372695 18.64555400 16.94442783 16.79491253  9.39533410
 [61]  4.25709169  1.98409586  0.97092202  4.90631853  2.53868935  5.31432595
 [67]  0.07223355  6.96644694  5.94103976  1.73201552  3.18493040  0.66644159
 [73]  4.83916143  2.71130039  2.56453016  2.43594667  2.67697656  0.14243510
 [79] 12.67182489 12.27011202 12.16164698 10.54015241  1.46679710  0.54680968
 [85]  4.60735856  2.41897543  6.71267449  4.35630880  2.37908698  0.71782574
 [91]  1.04148061  0.56048715  0.20040170 12.49611822 10.34577996  9.65688605
 [97]  9.52379159  0.37466525  1.22110333  3.57093526 10.36382517  7.91100790
[103]  7.73822531  6.29227152  2.43891806  0.95273823  0.17763863  6.72757105
[109]  9.09787068  8.53448746  4.79245195  4.67581648  3.99785779  1.03520513
[115]  0.23112583  3.14968689 10.08882488  5.78235540  0.77521720  6.09210659
[121]  3.48233921  2.73789379  0.97889282  0.61617814  2.53576445  1.58709421
[127] 10.03273770  1.88391085  4.70761451  3.42348803  0.29395175  6.10522320
[133]  3.81027924  5.12986744  4.88977734  0.35585184  0.05831350  0.04897077

$PAR
  [1]  NA   1   2   2   2   2   3   4   4   5   7   9   9   9  10  10  10  12
 [19]  13  17  17  17  17  17  17  17  17  17  19  21  21  21  23  23  24  24
 [37]  24  26  29  30  30  31  31  31  31  31  32  32  35  35  35  35  36  36
 [55]  36  36  39  39  39  40  40  40  40  42  42  44  44  45  45  45  46  46
 [73]  48  48  50  50  54  55  59  59  59  59  62  63  64  66  68  69  69  69
 [91]  71  71  73  79  82  82  82  83  87  88  94  94  94  94  94  94  94  95
[109]  96  96  96  96  96  96  96 100 101 101 101 110 110 110 111 111 112 112
[127] 117 118 120 120 122 127 129 132 132 133 135 137

$EXTANT
  [1] FALSE FALSE FALSE FALSE FALSE FALSE FALSE FALSE FALSE FALSE FALSE FALSE
 [13] FALSE FALSE FALSE FALSE FALSE FALSE FALSE FALSE FALSE FALSE  TRUE  TRUE
 [25] FALSE  TRUE FALSE  TRUE FALSE FALSE  TRUE  TRUE FALSE  TRUE FALSE  TRUE
 [37] FALSE  TRUE FALSE  TRUE FALSE  TRUE  TRUE  TRUE  TRUE  TRUE FALSE  TRUE
 [49]  TRUE  TRUE  TRUE  TRUE  TRUE FALSE  TRUE FALSE FALSE FALSE FALSE FALSE
 [61]  TRUE  TRUE FALSE FALSE  TRUE  TRUE  TRUE FALSE  TRUE  TRUE  TRUE  TRUE
 [73]  TRUE  TRUE  TRUE  TRUE FALSE  TRUE FALSE FALSE FALSE FALSE  TRUE FALSE
 [85]  TRUE  TRUE  TRUE FALSE  TRUE  TRUE FALSE  TRUE  TRUE  TRUE FALSE  TRUE
 [97] FALSE  TRUE  TRUE FALSE  TRUE FALSE FALSE  TRUE  TRUE  TRUE  TRUE FALSE
[109] FALSE  TRUE  TRUE  TRUE  TRUE  TRUE  TRUE  TRUE FALSE  TRUE  TRUE  TRUE
[121]  TRUE  TRUE FALSE  TRUE FALSE FALSE FALSE  TRUE  TRUE  TRUE  TRUE FALSE
[133]  TRUE FALSE  TRUE  TRUE  TRUE  TRUE

