
Birth-death simulation object with 100 species and 46 extant species

Details for some species:

Extinction times (NA means extant)
[1] 51.27452 32.75034 43.84123 44.96912 19.86124 24.10357


Speciation times 
[1] 52.75889 51.65654 48.70423 45.94847 41.51956 24.42602


Species parents (NA for initial)
[1] NA  1  2  2  2  5


Species status (extinct or extant)
[1] "extinct" "extinct" "extinct" "extinct" "extinct" "extinct"


For more details on vector y, try sim$y, with y one of
TE TS PAR EXTANT



$TE
  [1] 51.2745181 32.7503416 43.8412327 44.9691233 19.8612354 24.1035746
  [7] 15.0585002 14.5562309  8.9172076 15.4860427 15.2087004 15.3677930
 [13]  6.6993074  6.3066098 15.1679960 15.3040089 14.6144750 10.7182813
 [19] 10.2688395         NA  1.2213466  1.4537069         NA  0.5149565
 [25]  8.7238931  7.3970212  5.4258662  4.9153691         NA  4.1079177
 [31]         NA  8.4326109  1.8834760  5.3868363  7.9175816  6.6997549
 [37]  6.9322648         NA  7.9119723  1.2196125  1.0538176         NA
 [43]         NA  7.5673678  0.4447540  4.3953017  1.5644239         NA
 [49]  8.6700137         NA         NA  5.4104603         NA 10.7943422
 [55]         NA         NA  2.1303257         NA  0.6230099         NA
 [61]  2.4847671         NA         NA  6.2918627         NA         NA
 [67]  5.9868892         NA         NA         NA  7.5777042  5.5257176
 [73]         NA         NA  1.9060600  2.6475453         NA         NA
 [79]         NA         NA         NA         NA         NA         NA
 [85]         NA         NA         NA  4.7055200         NA         NA
 [91]         NA         NA         NA         NA         NA         NA
 [97]  0.1676831         NA         NA         NA

$TS
  [1] 52.7588915 51.6565351 48.7042281 45.9484738 41.5195617 24.4260209
  [7] 22.3209885 20.9226538 20.0496845 19.6285581 19.1557518 16.3113234
 [13] 12.1596759 10.6143042 17.5597113 16.5789655 15.9717079 15.8353312
 [19] 11.8445274  7.8830707  9.7884183 14.9171764 14.9906608 12.9083758
 [25] 11.4871192  7.6395424  7.4618283  6.6095239  9.0877644  4.4666876
 [31]  2.3702761 13.1707607 11.6346820 10.2650602  9.6986823  9.1751517
 [37]  9.1063181  2.9933524 13.2980560  9.1117778  4.5301782  1.6938271
 [43] 11.4451816  8.9073468  6.3657360  5.3856925  2.6557773  9.0373374
 [49]  8.9460186  9.5201877  7.7156733  9.4975134  9.3575160 11.6024303
 [55]  9.7272874  0.3826251  9.5052908  7.5558010  4.5357590  4.4747665
 [61]  3.4919409  3.6404780  7.3133942  6.6431260  5.8954481  0.8752740
 [67]  7.2037316  4.3007026  2.9760363  0.9856308  8.8693624  6.1022026
 [73]  4.3492980  3.3472544  5.5071491  4.6329451  4.1174686  1.3169688
 [79]  0.6211107  0.2947574  3.5287027  2.7760302  0.5180370  0.2571749
 [85]  0.2569466  4.3466436  6.2281577  5.9910494  4.2959425  0.7131123
 [91]  2.9302322  3.3807448  1.9991703  0.2980281  3.0147211  2.2928894
 [97]  0.3558272  0.3499554  1.6144864  0.5489848

$PAR
  [1] NA  1  2  2  2  5  5  7  8  9  9  9  9  9 10 10 12 12 13 13 14 17 18 18 19
 [26] 20 20 20 21 21 21 22 22 22 22 22 22 22 23 23 23 23 25 25 28 29 29 33 33 34
 [51] 34 35 35 39 39 42 43 43 43 43 43 48 50 50 50 50 51 51 51 51 53 53 53 53 55
 [76] 55 55 55 58 58 59 60 62 62 63 65 67 67 68 68 69 73 73 73 75 77 79 86 89 99

$EXTANT
  [1] FALSE FALSE FALSE FALSE FALSE FALSE FALSE FALSE FALSE FALSE FALSE FALSE
 [13] FALSE FALSE FALSE FALSE FALSE FALSE FALSE  TRUE FALSE FALSE  TRUE FALSE
 [25] FALSE FALSE FALSE FALSE  TRUE FALSE  TRUE FALSE FALSE FALSE FALSE FALSE
 [37] FALSE  TRUE FALSE FALSE FALSE  TRUE  TRUE FALSE FALSE FALSE FALSE  TRUE
 [49] FALSE  TRUE  TRUE FALSE  TRUE FALSE  TRUE  TRUE FALSE  TRUE FALSE  TRUE
 [61] FALSE  TRUE  TRUE FALSE  TRUE  TRUE FALSE  TRUE  TRUE  TRUE FALSE FALSE
 [73]  TRUE  TRUE FALSE FALSE  TRUE  TRUE  TRUE  TRUE  TRUE  TRUE  TRUE  TRUE
 [85]  TRUE  TRUE  TRUE FALSE  TRUE  TRUE  TRUE  TRUE  TRUE  TRUE  TRUE  TRUE
 [97] FALSE  TRUE  TRUE  TRUE

