
Birth-death simulation object with 104 species and 43 extant species

Details for some species:

Extinction times (NA means extant)
[1] 49.28507 39.91891 34.98094 33.19141 35.78432 38.51872


Speciation times 
[1] 52.75889 51.14257 42.68225 41.13912 36.47032 39.33611


Species parents (NA for initial)
[1] NA  1  2  2  3  4


Species status (extinct or extant)
[1] "extinct" "extinct" "extinct" "extinct" "extinct" "extinct"


For more details on vector y, try sim$y, with y one of
TE TS PAR EXTANT



$TE
  [1] 49.28507380 39.91890667 34.98094021 33.19140726 35.78431924 38.51872487
  [7] 25.15080622 25.30329549 23.24048542 28.47108763 23.70708537 27.10299657
 [13] 17.77387280  5.66799838 26.96402919 23.99164919 12.99066192 22.37841938
 [19] 18.33086656 18.04640603 10.79804603 15.75653824  9.86721082 11.52166651
 [25]  5.66222041  8.00664217 10.10908617          NA          NA          NA
 [31]  7.12235123  5.07580671  7.63915541          NA  7.03703999          NA
 [37]  6.26320584  7.39101179  9.17276969  3.82717797          NA  0.20783220
 [43]          NA  9.70510987          NA          NA          NA          NA
 [49]  4.41197764  5.81514740  6.92793515  8.59205063  1.70097258          NA
 [55]          NA  0.08391281          NA          NA  0.46553346  2.17690203
 [61]  2.34417064          NA          NA  7.17968605  3.86406565  2.08279115
 [67]          NA          NA          NA          NA          NA          NA
 [73]          NA          NA          NA          NA          NA          NA
 [79]          NA  5.67166373  8.00056564          NA          NA  6.94520406
 [85]  4.97190357          NA          NA          NA          NA          NA
 [91]          NA  0.84911562  0.45541879          NA  3.45213849  0.43537626
 [97]  0.57502804          NA  0.53593104          NA  5.88999280          NA
[103]  0.58075744          NA

$TS
  [1] 52.7588915 51.1425743 42.6822515 41.1391245 36.4703185 39.3361115
  [7] 36.2514364 34.3931513 30.3972346 31.9508993 29.5747597 28.6526329
 [13] 25.4794302 26.1967174 29.3053183 24.3099572 22.4160287 24.5369438
 [19] 19.7081079 18.7577341 15.9918440 15.8034624 13.8328402 12.2731609
 [25] 12.1618316 11.0805572 10.4707585  9.1474526  7.0221016 11.0776258
 [31] 10.9842869 13.1278633 11.5780949 11.0220287 10.2770382  7.2011407
 [37]  9.9956088  9.5300774 10.3895491 10.3403092  0.3306677  4.8084476
 [43]  1.5051186 10.9634866  9.0521070  0.4666843  7.9256483 12.6041366
 [49]  6.9636978  6.1472034 11.4162193 11.1465808  6.2470756  1.7572117
 [55]  9.4746973  0.9431264  8.8298274  8.2690608 10.8781757 10.3497740
 [61]  2.7592529  2.0885194 12.4295298  8.6600426  8.0769256  7.0166842
 [67]  4.4981492  0.4756573  8.6709932  6.2103950  2.4420644  3.3093194
 [73]  3.8372011  2.6275554  1.4415745  5.1619128  1.2955422  5.5293398
 [79]  3.9464234  9.9084866  9.5360034  4.4446911  0.4649858 10.4532351
 [85] 10.0244259  2.4218075  0.3188168  1.7835058  0.5164995  0.2909083
 [91]  0.2699918  2.0195849  2.6788270  1.2051529  3.7932814  5.0972340
 [97]  4.7963668  1.8228789  1.4862653  7.4165377  6.9405738  0.1816744
[103]  1.2922334  1.4621824

$PAR
  [1] NA  1  2  2  3  4  4  7  7  8  8  8  8  9 11 13 13 14 14 14 14 14 14 14 14
 [26] 14 14 14 14 21 21 23 23 23 25 25 26 26 27 27 28 29 29 30 30 30 31 32 32 32
 [51] 33 33 34 34 35 36 40 40 44 44 45 45 48 48 48 48 48 48 52 53 53 55 57 57 57
 [76] 58 58 59 59 60 60 60 62 63 63 67 67 69 69 70 71 72 73 73 76 78 78 78 79 80
[101] 85 89 92 98

$EXTANT
  [1] FALSE FALSE FALSE FALSE FALSE FALSE FALSE FALSE FALSE FALSE FALSE FALSE
 [13] FALSE FALSE FALSE FALSE FALSE FALSE FALSE FALSE FALSE FALSE FALSE FALSE
 [25] FALSE FALSE FALSE  TRUE  TRUE  TRUE FALSE FALSE FALSE  TRUE FALSE  TRUE
 [37] FALSE FALSE FALSE FALSE  TRUE FALSE  TRUE FALSE  TRUE  TRUE  TRUE  TRUE
 [49] FALSE FALSE FALSE FALSE FALSE  TRUE  TRUE FALSE  TRUE  TRUE FALSE FALSE
 [61] FALSE  TRUE  TRUE FALSE FALSE FALSE  TRUE  TRUE  TRUE  TRUE  TRUE  TRUE
 [73]  TRUE  TRUE  TRUE  TRUE  TRUE  TRUE  TRUE FALSE FALSE  TRUE  TRUE FALSE
 [85] FALSE  TRUE  TRUE  TRUE  TRUE  TRUE  TRUE FALSE FALSE  TRUE FALSE FALSE
 [97] FALSE  TRUE FALSE  TRUE FALSE  TRUE FALSE  TRUE

