
Birth-death simulation object with 106 species and 24 extant species

Details for some species:

Extinction times (NA means extant)
[1] 33.36877 31.81303 40.85033 28.93734 38.07810 32.35346


Speciation times 
[1] 52.75889 46.22833 42.39136 40.08989 38.99681 37.57272


Species parents (NA for initial)
[1] NA  1  1  1  1  1


Species status (extinct or extant)
[1] "extinct" "extinct" "extinct" "extinct" "extinct" "extinct"


For more details on vector y, try sim$y, with y one of
TE TS PAR EXTANT



$TE
  [1] 33.3687687 31.8130285 40.8503298 28.9373400 38.0781029 32.3534585
  [7] 32.6432540 16.3855581 33.3348754 26.8540051 34.2187065 34.0839217
 [13] 29.4139394 18.0030473 16.6673480 25.9198387 28.5860389 27.8148819
 [19] 15.2202953 19.3780909 18.7049889 22.6150578  0.1112110 16.6071747
 [25] 22.3167795 17.4144611 16.3124025 23.0043834  7.9206472 25.5504227
 [31] 20.0391214 23.7329935 28.3850386 22.9941255 15.3658750 11.4978164
 [37]  7.6371742  4.9946321         NA         NA 22.5563592 14.5517116
 [43] 18.0059112 24.5676707 22.1467770 15.6579047 21.7038849 16.9191494
 [49] 16.7075789 21.8472865 16.0347754 11.2967259  1.6127024  4.6227139
 [55] 18.3526450 18.5859514 17.2072923 19.9689809 19.9899565 15.3998459
 [61] 18.3889689 18.9682587 17.0409698         NA         NA         NA
 [67]  9.7940139         NA 20.3837704 17.2228001 17.5633864 20.4514720
 [73]  8.7883747  8.3367091         NA         NA  4.1163963  0.1280584
 [79]  9.6058958         NA         NA  0.4847476  3.7488622         NA
 [85]         NA 15.1859073 17.5735473  7.1627577  6.1690799         NA
 [91]         NA  1.1104133  4.1742206         NA  1.2534788         NA
 [97]         NA         NA  0.5156404  0.1643209         NA         NA
[103]         NA         NA         NA         NA

$TS
  [1] 52.7588915 46.2283296 42.3913629 40.0898896 38.9968119 37.5727180
  [7] 39.7577741 35.1439564 34.9457329 31.4036069 35.0467855 34.6238244
 [13] 33.6435336 31.0808604 19.3720739 27.9691768 31.0718928 30.9350965
 [19] 30.5087971 30.2219194 22.1018908 27.2786955 30.6919680 29.4947440
 [25] 27.2308703 26.7680963 25.5662738 26.1882200 19.9117341 25.9953453
 [31] 24.2788688 29.7230168 29.1311630 27.1723034 17.2060818 12.3561031
 [37]  9.0370582  6.2039782  0.4786933  0.4003765 23.9371449 18.4090755
 [43] 24.6564652 26.6266374 25.3757052 19.1119133 23.5435016 18.1690848
 [49] 17.8953627 24.4382894 18.2911960 12.4939666 11.4718045  9.2819205
 [55] 23.1408086 25.6368866 17.5681485 23.4836118 23.5171369 18.4658327
 [61] 22.0206270 22.8882554 17.2947442 11.0419756 10.9676811 10.9181182
 [67] 10.1583789  8.6197641 25.4870974 22.0016476 21.0649060 20.6192993
 [73]  9.0033837  8.6259824  9.3095576  7.7789637  6.5947770  2.5223384
 [79]  9.9985245  2.2457742  0.9191918  6.7086497  4.4892279  3.0503125
 [85]  1.8528772 19.5162968 18.7861517  8.7594722  8.2380565  0.8789341
 [91]  0.8677276  2.2040882  5.8892344  1.8006935  8.5478887  1.2767601
 [97]  4.8826441  3.8579459  2.4439236  2.0400150  1.1976877  3.4357928
[103]  0.7489217  0.4065825  2.3902493  1.2548426

$PAR
  [1]  NA   1   1   1   1   1   4   4   4   4   8   8   8   8   8  10  13  13
 [19]  14  14  14  16  18  19  19  19  19  20  20  22  22  23  23  23  23  23
 [37]  23  23  23  23  24  24  25  26  26  26  27  27  27  28  29  29  29  29
 [55]  31  32  42  43  45  46  47  50  51  53  53  53  53  53  56  58  59  61
 [73]  64  64  65  65  65  65  66  66  66  68  68  68  68  71  71  75  75  75
 [91]  75  78  82  85  88  92  93  95  95  97  97  98 100 100 102 105

$EXTANT
  [1] FALSE FALSE FALSE FALSE FALSE FALSE FALSE FALSE FALSE FALSE FALSE FALSE
 [13] FALSE FALSE FALSE FALSE FALSE FALSE FALSE FALSE FALSE FALSE FALSE FALSE
 [25] FALSE FALSE FALSE FALSE FALSE FALSE FALSE FALSE FALSE FALSE FALSE FALSE
 [37] FALSE FALSE  TRUE  TRUE FALSE FALSE FALSE FALSE FALSE FALSE FALSE FALSE
 [49] FALSE FALSE FALSE FALSE FALSE FALSE FALSE FALSE FALSE FALSE FALSE FALSE
 [61] FALSE FALSE FALSE  TRUE  TRUE  TRUE FALSE  TRUE FALSE FALSE FALSE FALSE
 [73] FALSE FALSE  TRUE  TRUE FALSE FALSE FALSE  TRUE  TRUE FALSE FALSE  TRUE
 [85]  TRUE FALSE FALSE FALSE FALSE  TRUE  TRUE FALSE FALSE  TRUE FALSE  TRUE
 [97]  TRUE  TRUE FALSE FALSE  TRUE  TRUE  TRUE  TRUE  TRUE  TRUE

