
Birth-death simulation object with 347 species and 80 extant species

Details for some species:

Extinction times (NA means extant)
[1] 42.78893 46.76758 37.63224 38.46369 40.82713 40.18278


Speciation times 
[1] 52.75889 48.31458 47.60318 47.22928 45.36225 47.96950


Species parents (NA for initial)
[1] NA  1  1  1  1  2


Species status (extinct or extant)
[1] "extinct" "extinct" "extinct" "extinct" "extinct" "extinct"


For more details on vector y, try sim$y, with y one of
TE TS PAR EXTANT



$TE
  [1] 42.7889339 46.7675762 37.6322422 38.4636891 40.8271349 40.1827826
  [7] 42.6443865 37.6239004 42.9119605 29.4235483 40.0574680 40.5617242
 [13] 27.6375529 22.4552791 19.8953626 38.3938587 17.2698668 29.4226124
 [19] 28.6906015 35.6543243 18.0737062 31.0548756 26.0754626 17.3801671
 [25] 18.1783950 22.9621073 21.6682085  6.4071377 17.8354871 30.2443858
 [31] 23.8361233 27.3735304 18.7902476 17.3638741 24.3611650 22.4849387
 [37] 36.5736039 17.4328659 27.6713309 16.9849476 16.6552302 19.6676371
 [43] 17.6432950 20.4903376 18.3774129 17.8188878 18.4157269 19.3235339
 [49] 16.7201922  7.4474424         NA         NA  7.2428228 25.0752869
 [55] 23.4796828 15.7137125 17.0095548 22.8582835 24.7193173 22.6997298
 [61] 19.2854558 22.8192344 18.0942379 26.4459942 18.5396428 16.3272823
 [67] 23.8880437 16.7458425 21.3127673 31.2576031 21.1520596 22.6615315
 [73] 21.8524893 15.7666404 19.2020437 17.6124843 18.7612767 19.3467903
 [79] 11.8595087 17.7238472 18.7748237  7.5557011  5.3570065  8.8016813
 [85]  3.2709570  4.8957434         NA 26.2601074 17.6009992 28.7925399
 [91] 16.1187820 20.2623829 25.0728400 24.4214283 18.1344377 18.7777573
 [97] 19.4014180 18.2034413 10.6303579 15.6116513 24.1251433 14.8688035
[103] 21.4391509 14.5176373 18.7161173 24.6072029 23.1477792 15.4608587
[109] 20.3876237         NA 19.5666059 17.2177539 15.6524372 23.2013857
[115] 14.1676796 17.2834762 10.0497889 18.6514101 17.2502018 17.0292557
[121] 17.8458727 18.3307817 16.1297799 12.5099482  1.8565575  5.8397435
[127]         NA         NA  1.1947050         NA 17.1402383 14.5559357
[133] 20.5027456 19.8654259  9.9607433 18.5079116 18.5823374 18.8760379
[139] 17.8127318 24.7001732 24.8146829 19.4143570 20.2373545 18.8713918
[145] 21.8526334 21.4191822 15.9753639 17.1505897  6.9153096  7.3254520
[151]  0.7658182 16.4569413 11.0675978 16.0381568 17.7656960 15.5392235
[157] 16.2420772 16.8263862 18.4639915 19.6400644 15.5363890 11.7454958
[163] 16.2829860 18.5490700 11.0349403         NA  3.7625755         NA
[169]         NA         NA 18.8179500 16.0977126 16.9637957         NA
[175]         NA         NA  2.9045171  5.9294245         NA  1.7799942
[181] 17.8742620 15.7260218 17.8710387 10.2561776 19.3515106 17.7574250
[187] 18.4669576 17.8980289 21.9650242 18.2229786 21.3399754 18.3369886
[193] 19.8292831 19.2751098 18.1580247  3.3572226  0.8043029         NA
[199]         NA 14.6028812 14.2343001 14.8084435  7.8168792 19.1736651
[205] 19.2779918 18.6272867 18.7872195 15.6862301 17.0179749 17.4526170
[211]  8.2909071 22.5893335 15.9002961  3.8275316         NA         NA
[217]         NA         NA 17.8669973 14.0578658  7.2207327  7.6528286
[223]         NA 18.3493856         NA         NA         NA         NA
[229]         NA  3.5873933 21.8064265 22.4790874  7.9667266  9.3562875
[235] 14.2975126 17.6020998 17.3183801 18.2642644 18.5775381 16.9568937
[241] 19.0947282 17.7642078 19.6222264 14.4235188 16.2855358 20.5924119
[247] 16.3746918  1.0247931         NA  4.2695188         NA  0.6049205
[253]  2.8275096         NA         NA 22.0952422 17.5625072 18.2884548
[259]         NA 10.9711044  7.6073301  6.9978286  1.7274464  0.2128886
[265]         NA         NA 18.0701214         NA         NA  0.2612699
[271] 18.1180063  2.6310820  2.8986746         NA         NA         NA
[277]         NA         NA         NA 17.7516429 18.0987492 17.1206202
[283] 19.3800498 18.4539297 18.6427639 16.5680873 16.3239966 15.9259847
[289] 16.5633606         NA  3.8496830         NA         NA  8.7972532
[295]         NA  0.5844417         NA 13.5747875 12.1340590  7.5644176
[301]         NA         NA         NA         NA  2.3313827         NA
[307]         NA         NA         NA 17.1924968 15.7125666 17.7784069
[313] 18.5630422         NA         NA         NA  4.7491827         NA
[319]         NA         NA  0.6706347         NA         NA  0.6875227
[325]         NA         NA         NA         NA         NA         NA
[331]  0.9744453         NA 17.2573402 16.0997854  5.2354588  1.6913178
[337]         NA         NA         NA         NA         NA  1.4447102
[343]         NA         NA         NA         NA         NA

$TS
  [1] 52.75889149 48.31458112 47.60318178 47.22927733 45.36225268 47.96950447
  [7] 44.43325872 37.87675929 43.52689130 43.17312129 44.81620258 42.70039134
 [13] 43.14543606 34.58693511 29.87959114 40.80243404 42.07120218 41.08844038
 [19] 38.87222592 36.69854224 30.59760195 33.04439238 30.01771320 28.08473454
 [25] 27.59203017 26.34255904 23.07885290 21.09088463 34.66145003 33.54429859
 [31] 29.44850378 27.56025721 26.34987946 20.93063447 33.05343868 37.47411491
 [37] 36.93432155 34.22813271 32.55825537 29.97935297 29.01276945 21.40702698
 [43] 18.21430042 24.87841367 20.94025737 20.23333257 19.96335978 19.94664725
 [49] 16.77110352 12.55364639 10.13587627  9.63719884  7.41188305 31.06077451
 [55] 23.71479445 32.11349731 29.44843559 24.25290169 30.90456883 29.52286533
 [61] 26.27419044 25.82805761 32.94278385 32.24954551 23.79622685 31.69574864
 [67] 27.97953594 27.26621819 21.81757943 32.02947648 28.96419793 28.66351340
 [73] 27.35087057 28.62116550 20.75718025 20.10990719 20.12233535 22.92971220
 [79] 19.65236569 19.66055573 19.23798613 11.79680227  9.94569996  9.52157151
 [85]  7.97906236  5.76869661  4.60972921 30.20798850 30.10744005 29.62018585
 [91] 22.86942570 20.40445807 28.44975105 27.34958954 21.71481716 20.54408924
 [97] 25.58953525 28.63597012 25.10437744 24.35276961 25.81545562 18.82057913
[103] 26.09843077 24.33524079 24.20766508 24.70669004 24.39688462 23.68553646
[109] 22.14885304 20.74682691 20.58850574 25.03580012 25.07430668 23.47635483
[115] 20.13646075 19.39387810 16.65194032 19.88477729 18.86828984 21.92970311
[121] 20.44267499 18.41218748 17.61727852 13.02885500 11.35589527 10.74229547
[127]  9.65521811  8.30103608  3.67105813  0.79545519 28.87375681 25.24032131
[133] 21.30603542 21.27895640 22.54781770 27.25685670 25.89124166 21.13848838
[139] 19.80638439 25.46321759 25.40219637 21.62116786 27.86455169 24.74691156
[145] 24.28478645 23.07599624 18.78445060 17.88106834 12.66081048 11.12282498
[151] 20.54190445 16.46051244 16.41970326 26.05109247 20.30035534 15.82705158
[157] 22.55836346 21.46219920 23.56315553 22.92828070 18.53509491 17.82406912
[163] 16.43814043 19.80509727 11.04502155 10.74917731  6.35452115  6.14982560
[169]  1.06112863 23.97197887 19.74971298 16.30355545 17.18620166  6.43528746
[175]  5.77187273  6.98961736  9.41634105  5.99455407  2.89281642  2.16225586
[181] 25.58085897 18.06221331 20.15684829 11.19596097 22.07681047 21.58627492
[187] 20.91604581 21.11255443 26.15920972 25.22548905 25.21182881 21.65012633
[193] 23.24597033 21.46526979 18.40460532 10.48447128  9.38742440  7.79857242
[199]  9.22912851 18.54619931 17.23469814 16.11851388 13.55092313 24.61595801
[205] 19.76314675 18.86707851 19.96755704 19.48057772 18.23985466 17.92304573
[211] 17.05595520 22.85989044 16.53152432 10.59373166 10.05709627  2.64509268
[217]  1.26440858  0.09628467 20.43467203 14.40767965  9.36661855  9.33723925
[223]  5.96034980 18.90850815  1.17607141  6.01088286  5.56484699  2.86909621
[229]  2.45647045  7.67122316 25.43255146 25.21234024 10.51059608 10.47309822
[235] 18.68001849 18.41223366 18.18505472 20.29252909 19.51547198 22.60255258
[241] 19.73609740 19.15788526 21.48846407 20.84272857 19.43084976 20.74675946
[247] 19.59444427  4.12163698  9.05855969  8.83385039  8.68613404  3.48881721
[253] 12.66324442 12.24928834 10.54494688 22.51927425 22.10188498 18.81686778
[259] 14.12027706 12.84674320  9.29823536  9.20129636  3.45788168  0.88756188
[265]  0.13507201  0.48902236 18.86336121  8.10156182  7.80888792  1.31332180
[271] 18.86603463  4.61542241  3.53522077  0.79491889  1.45168498  1.28523431
[277]  0.65633988  6.64654603  4.63870165 24.19495083 23.15477264 18.29261214
[283] 20.79194003 20.30201573 20.39495809 16.90224850 18.21195842 17.51689224
[289] 17.00236697  1.54154996  7.93885920  4.45030896 10.90748958  9.00231760
[295]  4.18277972  1.41909654  3.03384614 20.66700366 13.09264722  9.74017159
[301]  5.23128290  4.77079417  9.19609811  5.42813426  5.35848230  3.51809931
[307]  1.94380283  1.68851256  0.42737949 18.07906430 18.48382726 18.42215757
[313] 18.69217004  1.24130944  7.51385846  6.85914292  6.33995850  3.16058482
[319]  3.98903218  1.00308117  2.05447866  1.52926870  0.76796051  1.00062919
[325]  0.63108703  1.41292016  8.39025778  0.26868007  6.22137745  4.79998349
[331]  1.78479011  2.15312138 18.01224743 16.47219620  6.76048283  3.15175883
[337]  1.86226419  0.17741256  0.23976690  1.51889901  0.24583069  6.14406259
[343]  0.81032099  4.20678130  3.81527157  0.51078128  1.58150836

$PAR
  [1]  NA   1   1   1   1   2   3   3   4   5   6   7   9  10  10  11  12  13
 [19]  13  13  13  14  14  14  15  15  15  15  17  17  17  17  17  17  18  19
 [37]  19  19  19  19  21  24  25  26  28  28  28  28  28  28  28  28  28  29
 [55]  29  30  31  31  35  35  35  35  36  36  36  38  38  38  38  39  39  39
 [73]  40  41  41  41  42  44  45  47  47  50  50  50  50  51  52  54  56  56
 [91]  56  56  57  57  57  57  59  60  60  62  63  63  66  66  66  68  68  68
[109]  68  68  68  71  72  74  74  74  74  75  77  78  78  79  79  79  82  82
[127]  82  82  87  87  89  89  89  89  91  93  94  95  96  97  97  97  98  98
[145]  98  98  98  99  99  99 100 102 102 103 104 104 105 105 108 108 108 108
[163] 108 110 110 110 110 110 110 112 115 117 120 125 125 126 127 128 128 128
[181] 131 132 134 135 136 136 136 138 143 143 143 143 144 146 147 149 149 149
[199] 150 151 151 151 151 154 154 154 157 157 157 158 158 160 162 166 166 166
[217] 166 166 170 170 170 170 170 171 175 176 176 176 176 177 181 181 184 184
[235] 186 186 186 188 188 189 190 190 191 192 192 193 194 196 197 197 197 199
[253] 203 203 203 204 204 206 211 211 211 211 215 215 216 217 219 221 221 223
[271] 224 226 226 226 227 228 228 230 230 231 232 238 240 240 243 245 247 247
[289] 247 249 250 251 253 253 254 254 255 257 259 259 259 259 261 268 269 273
[307] 279 279 279 280 281 281 284 290 291 291 291 292 293 293 295 295 295 296
[325] 296 297 300 301 303 303 304 306 311 311 315 315 316 318 319 322 325 327
[343] 327 329 329 344 345

$EXTANT
  [1] FALSE FALSE FALSE FALSE FALSE FALSE FALSE FALSE FALSE FALSE FALSE FALSE
 [13] FALSE FALSE FALSE FALSE FALSE FALSE FALSE FALSE FALSE FALSE FALSE FALSE
 [25] FALSE FALSE FALSE FALSE FALSE FALSE FALSE FALSE FALSE FALSE FALSE FALSE
 [37] FALSE FALSE FALSE FALSE FALSE FALSE FALSE FALSE FALSE FALSE FALSE FALSE
 [49] FALSE FALSE  TRUE  TRUE FALSE FALSE FALSE FALSE FALSE FALSE FALSE FALSE
 [61] FALSE FALSE FALSE FALSE FALSE FALSE FALSE FALSE FALSE FALSE FALSE FALSE
 [73] FALSE FALSE FALSE FALSE FALSE FALSE FALSE FALSE FALSE FALSE FALSE FALSE
 [85] FALSE FALSE  TRUE FALSE FALSE FALSE FALSE FALSE FALSE FALSE FALSE FALSE
 [97] FALSE FALSE FALSE FALSE FALSE FALSE FALSE FALSE FALSE FALSE FALSE FALSE
[109] FALSE  TRUE FALSE FALSE FALSE FALSE FALSE FALSE FALSE FALSE FALSE FALSE
[121] FALSE FALSE FALSE FALSE FALSE FALSE  TRUE  TRUE FALSE  TRUE FALSE FALSE
[133] FALSE FALSE FALSE FALSE FALSE FALSE FALSE FALSE FALSE FALSE FALSE FALSE
[145] FALSE FALSE FALSE FALSE FALSE FALSE FALSE FALSE FALSE FALSE FALSE FALSE
[157] FALSE FALSE FALSE FALSE FALSE FALSE FALSE FALSE FALSE  TRUE FALSE  TRUE
[169]  TRUE  TRUE FALSE FALSE FALSE  TRUE  TRUE  TRUE FALSE FALSE  TRUE FALSE
[181] FALSE FALSE FALSE FALSE FALSE FALSE FALSE FALSE FALSE FALSE FALSE FALSE
[193] FALSE FALSE FALSE FALSE FALSE  TRUE  TRUE FALSE FALSE FALSE FALSE FALSE
[205] FALSE FALSE FALSE FALSE FALSE FALSE FALSE FALSE FALSE FALSE  TRUE  TRUE
[217]  TRUE  TRUE FALSE FALSE FALSE FALSE  TRUE FALSE  TRUE  TRUE  TRUE  TRUE
[229]  TRUE FALSE FALSE FALSE FALSE FALSE FALSE FALSE FALSE FALSE FALSE FALSE
[241] FALSE FALSE FALSE FALSE FALSE FALSE FALSE FALSE  TRUE FALSE  TRUE FALSE
[253] FALSE  TRUE  TRUE FALSE FALSE FALSE  TRUE FALSE FALSE FALSE FALSE FALSE
[265]  TRUE  TRUE FALSE  TRUE  TRUE FALSE FALSE FALSE FALSE  TRUE  TRUE  TRUE
[277]  TRUE  TRUE  TRUE FALSE FALSE FALSE FALSE FALSE FALSE FALSE FALSE FALSE
[289] FALSE  TRUE FALSE  TRUE  TRUE FALSE  TRUE FALSE  TRUE FALSE FALSE FALSE
[301]  TRUE  TRUE  TRUE  TRUE FALSE  TRUE  TRUE  TRUE  TRUE FALSE FALSE FALSE
[313] FALSE  TRUE  TRUE  TRUE FALSE  TRUE  TRUE  TRUE FALSE  TRUE  TRUE FALSE
[325]  TRUE  TRUE  TRUE  TRUE  TRUE  TRUE FALSE  TRUE FALSE FALSE FALSE FALSE
[337]  TRUE  TRUE  TRUE  TRUE  TRUE FALSE  TRUE  TRUE  TRUE  TRUE  TRUE

