
Birth-death simulation object with 384 species and 121 extant species

Details for some species:

Extinction times (NA means extant)
[1] 38.19253 37.54736 37.79172 29.12553 39.82562 31.33387


Speciation times 
[1] 49.26651 49.21545 47.87189 44.79989 41.60751 41.20051


Species parents (NA for initial)
[1] NA  1  1  1  1  1


Species status (extinct or extant)
[1] "extinct" "extinct" "extinct" "extinct" "extinct" "extinct"


For more details on vector y, try sim$y, with y one of
TE TS PAR EXTANT



$TE
  [1] 38.19253216 37.54736085 37.79172218 29.12553404 39.82562361 31.33387233
  [7] 35.67784436 35.43931788 14.62092385 40.06584708 30.45430133 34.27553613
 [13] 38.68882723 33.97891764 23.84008100 23.90686736 32.29209532 15.28712411
 [19] 15.17728504 14.39415567 12.58083492 15.02315294 13.79659300 14.84230085
 [25] 34.21095567 24.85632164 14.98733838 15.28764621 15.67365849 18.70989604
 [31] 11.75162266 13.47601864 19.04856979 15.57048290 14.58596527 13.25885713
 [37] 10.57570693 13.26350807 11.32824596 27.59219764 23.41816862 17.13737411
 [43] 27.10132428 25.50200780 14.29822573 19.58042853 14.77935601 27.86405102
 [49] 34.88920339 31.83774291 24.11015457 32.59467682 28.39473810 21.84798249
 [55] 12.95999658 15.07855721 13.65666761 14.79762844 14.96164744 10.66284595
 [61] 10.82375598 11.15909570 11.21411363 21.39074629  2.15849807 14.40261624
 [67] 12.47586823 16.93144944          NA 11.02800730 15.08809780 27.18809163
 [73] 25.75651549 29.26573911 23.66713889 17.10535345 17.16062652 12.57396946
 [79] 14.00489968 16.04800071 13.21289845  2.36383605 12.92527263 16.62946320
 [85] 13.38275719  9.72415734  8.57357006          NA  2.24869939  3.09822484
 [91] 15.19012483 10.76640047          NA  5.79745113          NA 20.29331236
 [97] 15.39867021 14.22667868 31.79402589 22.51958141 24.49842284 27.22580542
[103] 29.66236022 13.28527083 26.10922815 23.86212227 10.56450996 10.66953152
[109]          NA          NA  1.02517861          NA  7.34206681          NA
[115]  1.99155749          NA          NA          NA  0.97567398          NA
[121]          NA 16.46073568 23.99043028 31.79820588 22.72581863 23.02713399
[127] 21.55690837 15.17726804 14.70007843 23.31076798 14.90776319 19.95482997
[133] 11.11701676  6.14663831 13.78267110 10.12032939 14.02927991 10.54760056
[139] 20.19557949 13.07264690 11.21102710  0.19775741          NA          NA
[145] 10.89045917          NA  1.95863679          NA  7.62156445  4.59090348
[151] 30.64272554 15.36665110 18.35672122 16.87506836          NA 21.88172750
[157] 14.71168524 25.59774401 16.74265405 17.30998935 14.42261338 17.85154174
[163] 15.38954948 15.32559209 13.10900980 15.81402841 14.77691846 14.85083731
[169] 14.74385920 14.62746097 13.42128935          NA          NA  8.07840178
[175] 11.67787256 10.78306655          NA 12.06256559          NA          NA
[181]  1.57746667          NA 17.47560440 18.36136296 17.36383766 13.76740993
[187] 13.81986689 17.10362680 18.47783694 13.69201723 11.30720816  6.43184592
[193]          NA 16.51485433 17.10140342 15.47991530 16.45117360 14.11608997
[199] 10.55721340 17.07831000 21.23403515 14.52798306  8.11139267 12.01738565
[205]          NA  0.24266773          NA  2.77495595  0.46212643          NA
[211]          NA  8.83964240          NA  3.49050131          NA          NA
[217]  3.17382712          NA          NA 17.40771974 14.79687354  5.10542891
[223] 18.00698828 20.56129840          NA 15.33612075 13.96126703 14.97250489
[229] 14.39642783  5.99978446          NA 11.75478512 12.10395619  6.90722769
[235] 12.08680366  8.68422672  7.76068981          NA  0.06789255  0.32358029
[241]          NA          NA  4.01352983  7.76211273  6.72765653  0.25483538
[247]  0.67836584          NA  0.05140373          NA          NA          NA
[253]  3.10583787 12.38430723  1.14476831  4.89771031 12.72885546  6.35876761
[259] 14.44725369  3.61842675 11.94001869 11.67874291 10.71722414          NA
[265]          NA          NA  3.31737054  0.25764179          NA 15.08018822
[271] 13.39295096  7.82229229          NA 13.29788344          NA          NA
[277]  5.06559103  1.92725780  0.96326705          NA          NA 12.45588565
[283]  8.13904016  7.44887099  3.45819490  3.87853979          NA          NA
[289]          NA 12.78080535 10.50555939  2.46558512          NA  0.93952091
[295]  8.22057145  6.16230164          NA          NA  9.01139944 13.98190888
[301]          NA  1.81071970 11.23000565          NA  5.46922285  3.93962250
[307]          NA          NA          NA          NA          NA          NA
[313]          NA 14.09803204          NA          NA          NA          NA
[319]          NA  4.82283330          NA          NA          NA          NA
[325]  3.32833896          NA          NA  4.99693507          NA  3.99879361
[331]  1.94515828          NA  0.96421720  2.51726165          NA          NA
[337]  1.61480388          NA          NA          NA          NA          NA
[343]          NA          NA          NA  0.67237958  2.04524655          NA
[349]  0.54253725          NA          NA          NA          NA          NA
[355]  4.73935708  3.83698106          NA          NA          NA          NA
[361]          NA          NA          NA          NA          NA          NA
[367]          NA  1.56804511  3.06271029          NA          NA  0.22519392
[373]          NA          NA          NA          NA          NA          NA
[379]          NA          NA          NA          NA          NA          NA

$TS
  [1] 49.26651148 49.21545233 47.87189401 44.79988764 41.60750526 41.20051333
  [7] 41.15277465 45.86188074 43.96409294 40.73896347 39.42912139 36.94209578
 [13] 39.23690127 34.97142622 33.45489039 36.67104815 39.70716502 38.36374646
 [19] 29.99645967 18.02701617 16.19300831 15.72034457 35.41652155 28.82086882
 [25] 38.05519692 34.09548564 22.08234216 21.49788964 21.21751910 19.35553900
 [31] 17.05157876 15.84325041 20.28526670 16.45887572 15.83732005 14.42461986
 [37] 15.78021037 13.69251073 12.86300207 27.64782506 26.77089228 23.19488201
 [43] 27.49864083 27.29016155 22.31180835 21.77586069 19.53049613 37.23423971
 [49] 36.52561738 36.05152782 35.26275060 33.88909617 31.45547132 27.01096135
 [55] 21.31734079 20.49799787 18.90331267 16.17590378 15.10513895 14.39563152
 [61] 14.28576763 13.25837737 11.33035320 22.42000746 21.91777542 19.16711951
 [67] 17.82856517 17.83169838 16.10723837 20.61194630 15.37516197 33.82539592
 [73] 31.11005942 31.03938833 30.84588986 21.03125858 19.54957166 15.18621860
 [79] 18.51239167 16.75952381 14.81373276 12.97948376 19.14813565 18.03733434
 [85] 14.10090213 11.79469002 10.29145693  7.80624051  4.16743517  3.13334835
 [91] 17.29003242 11.08728508  8.65464199  6.81568428  5.15250217 20.49596695
 [97] 18.77703718 16.49197344 33.58468460 32.30823340 29.07809121 27.85819385
[103] 30.72432355 30.61742699 27.48962835 25.95572153 17.44499385 12.17031584
[109]  7.66566180  5.90690664  2.67508174 17.08555079 10.23575444  5.84989707
[115]  5.33858883  1.28763600  3.88648057  1.56029058  1.55272507  0.08737359
[121]  6.17997077 18.50294447 33.43254987 32.54283644 28.61712568 28.97109024
[127] 28.43258409 26.65805615 26.37086199 24.94756559 21.85763374 21.72227029
[133] 21.66835908 18.93602099 16.59027187 16.44438686 14.76795946 14.65820574
[139] 25.14461968 13.59931174 12.34018719  4.43889216  2.18298792  2.39354693
[145] 14.00048860  6.17401650  2.18114371  1.97073899  9.27384547  6.06273893
[151] 33.15534348 26.87632655 24.77432434 24.28311155 27.13557184 25.00991485
[157] 25.58799813 25.67104177 21.22325244 20.45168600 19.00115654 23.55232548
[163] 21.59284109 20.90748432 18.95536113 16.28812148 15.55661851 18.93767823
[169] 16.43768700 15.60567451 14.83864617  9.16888446  8.42610981 12.20861978
[175] 13.23669320 11.48828095  1.92478546 12.94507780  5.72735710  4.99674752
[181]  1.93735818  7.98668370 20.02977364 18.40711821 17.43542454 15.37623386
[187] 21.77535459 17.47108611 24.49602838 20.75311304 14.26091810 10.84148393
[193]  1.27031891 20.32239010 17.84190075 17.09689460 18.77831270 16.77122994
[199] 14.61617949 21.65562547 21.37744108 19.38467674 19.14848518 13.89639998
[205]  0.82214475  6.05656440  5.33970433  5.19668882  3.58099981  0.43761800
[211] 10.25329905  9.46992483  1.63328472  5.67231787  1.69106404  6.71345934
[217]  5.74040638  5.68018079  3.82704566 19.36469283 18.96527461 13.77524263
[223] 21.00968581 20.68516953 17.28072354 16.27432291 15.66765205 15.49162092
[229] 15.47853861  8.08073726  7.71504222 16.73380015 16.09064276 12.49185683
[235] 14.20476380  9.18929715  8.98727974  0.14962988  2.81324066  1.69660999
[241]  1.49684652  1.12152161  8.95661621  7.85284733  6.95234029  4.13853235
[247]  3.25494341  1.96495087  3.61947112  0.73684411  5.51541964  1.58867778
[253] 17.86513779 12.62760863  6.35740010  5.55064541 19.80967793 19.76360679
[259] 16.04735599 13.96708695 12.39751940 11.69394346 11.04878446  2.47632404
[265]  1.35590541  0.13002206  6.99273661  2.25586723 11.94104063 15.87315645
[271] 15.53347151  9.93880727  6.95874569 13.58737084  8.91609805  8.69169985
[277]  6.69391777  2.21724823  1.02328345  1.41045967  1.00000855 13.25350287
[283]  8.84869790  8.45910150  4.72171221  6.33197280  4.60532304  3.92942105
[289]  2.19563931 19.09013687 13.82886634  8.95803783  7.36351101  6.64426678
[295] 10.29954506  8.56460089  4.58825125 10.08748836  9.69873047 15.13059007
[301]  8.21096496  5.91709898 13.56727982  7.99989844  7.13211841  6.82052661
[307]  3.14858045  2.59142064  2.01569233  1.46496749  5.35990399  0.06687007
[313]  3.64293180 17.88624368  7.16341809  1.99654652  0.29355570  5.42290284
[319]  1.54198859  9.43721232  6.48984566  1.54288108  5.54918042  2.08131376
[325]  4.04921710  6.37852241  5.91540040  6.43126949  5.88471642  5.72053992
[331]  4.42260860  0.20439134  2.16715826  2.88626515  2.26166738  0.49702725
[337]  1.78811029  0.90533513  7.65735208  6.77725592  6.09699542  1.18044243
[343]  0.79748695  0.65054360  3.96618995  2.92123893  2.76648312  4.36630498
[349]  3.46187295  2.94655975  2.29180980  1.33741533  6.11672648  5.14845658
[355]  5.46276750  4.54273519  4.16309898  1.18692183  0.78360814  5.33366956
[361]  4.82941306  1.45185200  3.68931460  3.05582009  1.23457142  0.97477240
[367]  2.29237824  3.65742284  3.07910709  2.21588748  1.44423736  1.11967101
[373]  0.98314152  0.86519316  2.55201620  2.12708777  0.78060127  1.04556220
[379]  0.37247308  0.36320661  0.09055958  1.24308238  1.66995223  0.16427598

$PAR
  [1]  NA   1   1   1   1   1   1   2   4   4   4   4   6   6   6   8   9   9
 [19]   9   9   9   9  11  15  18  18  18  18  18  18  18  18  19  20  20  20
 [37]  21  21  21  23  23  23  24  24  24  24  24  25  25  25  25  26  26  26
 [55]  27  27  27  29  35  36  36  37  37  42  42  42  42  45  45  46  47  51
 [73]  51  51  51  55  55  55  56  57  57  61  65  65  65  65  65  65  65  65
 [91]  66  69  69  69  69  70  70  70  72  72  72  72  73  73  73  75  79  82
[109]  82  82  82  83  87  88  88  88  93  93  93  93  94  97  99  99 100 101
[127] 101 101 101 101 104 104 104 104 104 104 104 104 106 107 107 109 109 110
[145] 112 112 112 112 113 121 123 125 125 125 126 126 127 128 128 128 129 130
[163] 131 131 131 131 131 133 134 134 134 134 134 136 140 141 143 145 146 146
[181] 148 149 152 152 152 152 154 154 155 155 155 155 155 159 159 159 161 161
[199] 161 162 162 163 163 171 172 173 173 173 173 173 174 174 177 179 179 182
[217] 182 182 182 183 183 186 187 187 187 190 190 190 190 192 192 194 198 199
[235] 203 203 203 205 209 209 209 209 211 211 211 211 211 211 216 216 217 219
[253] 221 222 222 222 223 223 225 225 225 225 225 225 225 225 231 231 232 233
[271] 233 234 234 235 236 236 243 246 247 248 252 253 253 253 253 255 255 255
[289] 255 257 258 258 258 258 260 260 267 269 269 271 272 273 274 275 275 275
[307] 276 276 276 276 277 281 285 290 293 293 293 294 297 298 298 298 301 301
[325] 302 304 304 305 305 305 306 307 308 313 313 315 316 318 320 320 321 321
[343] 321 321 323 323 323 326 326 326 326 327 328 328 330 330 331 333 335 339
[361] 339 340 345 345 345 353 354 357 357 357 357 357 357 357 363 363 363 364
[379] 370 371 373 375 376 383

$EXTANT
  [1] FALSE FALSE FALSE FALSE FALSE FALSE FALSE FALSE FALSE FALSE FALSE FALSE
 [13] FALSE FALSE FALSE FALSE FALSE FALSE FALSE FALSE FALSE FALSE FALSE FALSE
 [25] FALSE FALSE FALSE FALSE FALSE FALSE FALSE FALSE FALSE FALSE FALSE FALSE
 [37] FALSE FALSE FALSE FALSE FALSE FALSE FALSE FALSE FALSE FALSE FALSE FALSE
 [49] FALSE FALSE FALSE FALSE FALSE FALSE FALSE FALSE FALSE FALSE FALSE FALSE
 [61] FALSE FALSE FALSE FALSE FALSE FALSE FALSE FALSE  TRUE FALSE FALSE FALSE
 [73] FALSE FALSE FALSE FALSE FALSE FALSE FALSE FALSE FALSE FALSE FALSE FALSE
 [85] FALSE FALSE FALSE  TRUE FALSE FALSE FALSE FALSE  TRUE FALSE  TRUE FALSE
 [97] FALSE FALSE FALSE FALSE FALSE FALSE FALSE FALSE FALSE FALSE FALSE FALSE
[109]  TRUE  TRUE FALSE  TRUE FALSE  TRUE FALSE  TRUE  TRUE  TRUE FALSE  TRUE
[121]  TRUE FALSE FALSE FALSE FALSE FALSE FALSE FALSE FALSE FALSE FALSE FALSE
[133] FALSE FALSE FALSE FALSE FALSE FALSE FALSE FALSE FALSE FALSE  TRUE  TRUE
[145] FALSE  TRUE FALSE  TRUE FALSE FALSE FALSE FALSE FALSE FALSE  TRUE FALSE
[157] FALSE FALSE FALSE FALSE FALSE FALSE FALSE FALSE FALSE FALSE FALSE FALSE
[169] FALSE FALSE FALSE  TRUE  TRUE FALSE FALSE FALSE  TRUE FALSE  TRUE  TRUE
[181] FALSE  TRUE FALSE FALSE FALSE FALSE FALSE FALSE FALSE FALSE FALSE FALSE
[193]  TRUE FALSE FALSE FALSE FALSE FALSE FALSE FALSE FALSE FALSE FALSE FALSE
[205]  TRUE FALSE  TRUE FALSE FALSE  TRUE  TRUE FALSE  TRUE FALSE  TRUE  TRUE
[217] FALSE  TRUE  TRUE FALSE FALSE FALSE FALSE FALSE  TRUE FALSE FALSE FALSE
[229] FALSE FALSE  TRUE FALSE FALSE FALSE FALSE FALSE FALSE  TRUE FALSE FALSE
[241]  TRUE  TRUE FALSE FALSE FALSE FALSE FALSE  TRUE FALSE  TRUE  TRUE  TRUE
[253] FALSE FALSE FALSE FALSE FALSE FALSE FALSE FALSE FALSE FALSE FALSE  TRUE
[265]  TRUE  TRUE FALSE FALSE  TRUE FALSE FALSE FALSE  TRUE FALSE  TRUE  TRUE
[277] FALSE FALSE FALSE  TRUE  TRUE FALSE FALSE FALSE FALSE FALSE  TRUE  TRUE
[289]  TRUE FALSE FALSE FALSE  TRUE FALSE FALSE FALSE  TRUE  TRUE FALSE FALSE
[301]  TRUE FALSE FALSE  TRUE FALSE FALSE  TRUE  TRUE  TRUE  TRUE  TRUE  TRUE
[313]  TRUE FALSE  TRUE  TRUE  TRUE  TRUE  TRUE FALSE  TRUE  TRUE  TRUE  TRUE
[325] FALSE  TRUE  TRUE FALSE  TRUE FALSE FALSE  TRUE FALSE FALSE  TRUE  TRUE
[337] FALSE  TRUE  TRUE  TRUE  TRUE  TRUE  TRUE  TRUE  TRUE FALSE FALSE  TRUE
[349] FALSE  TRUE  TRUE  TRUE  TRUE  TRUE FALSE FALSE  TRUE  TRUE  TRUE  TRUE
[361]  TRUE  TRUE  TRUE  TRUE  TRUE  TRUE  TRUE FALSE FALSE  TRUE  TRUE FALSE
[373]  TRUE  TRUE  TRUE  TRUE  TRUE  TRUE  TRUE  TRUE  TRUE  TRUE  TRUE  TRUE

