
Birth-death simulation object with 205 species and 63 extant species

Details for some species:

Extinction times (NA means extant)
[1] 42.60354 40.46626 36.23109 37.44958 39.00053 29.08918


Speciation times 
[1] 49.26651 47.84052 43.47398 43.10148 41.33041 41.09165


Species parents (NA for initial)
[1] NA  1  2  3  3  3


Species status (extinct or extant)
[1] "extinct" "extinct" "extinct" "extinct" "extinct" "extinct"


For more details on vector y, try sim$y, with y one of
TE TS PAR EXTANT



$TE
  [1] 42.603536649 40.466258027 36.231089699 37.449584974 39.000530455
  [6] 29.089181417 29.005090270 39.859378328 34.826456855 38.293843487
 [11] 25.326200506 29.873344293 31.900307242 33.630958714  8.522134576
 [16] 32.306815006 27.672395892 21.514751936 22.483551757 35.045856911
 [21] 31.464629868 28.530413278 20.800581075 25.827953261 19.115477486
 [26] 13.466314460 13.991610709 17.004566621 11.615315004  3.083335165
 [31] 28.531829322 33.248181866 22.650341407 22.601164746 28.583514615
 [36]  9.818325865 17.367028414 18.706504585 15.196532344 14.108007836
 [41] 10.899213979 17.221587514 14.108318160  0.203256531 14.771990064
 [46]  4.845214756           NA 25.051081991 23.637840264 15.114487054
 [51] 23.660776980 18.750670150 14.028609214 26.105420288 25.181179498
 [56] 16.085851937 13.720838526 14.374338105  8.829310589 16.666399945
 [61] 18.796419128 16.956240487 20.115170227  9.269487669 13.968860426
 [66] 17.824294285 14.051168100 12.997839646  6.897705588  0.691070563
 [71]           NA  4.631422515           NA  3.560781424           NA
 [76]           NA  3.439459950           NA  1.138631146 19.922332949
 [81] 26.895909902 24.242041181 20.115018542 15.359325529 15.042498164
 [86] 23.008870451 23.816082850 15.320777243 15.344969488 17.810350058
 [91] 15.624853119 14.991163717 14.039294912 11.115932377 14.895402929
 [96] 14.456981169 11.777552277 13.139662252 11.227264733 11.340067127
[101] 10.228725935  2.053644736 13.662154859           NA           NA
[106]  2.446031462           NA           NA           NA           NA
[111]  7.213837118  1.304261983           NA  0.023704518           NA
[116] 24.731540297 12.648081627 14.597230870 15.352862164 23.823838986
[121] 27.755770748 22.059126914 23.027158044 11.319634313 16.782341982
[126]           NA 12.770832992 13.798923928 12.667221928 10.067775652
[131] 12.782393002  8.682124976  4.400951507 10.842657644           NA
[136]           NA           NA           NA  2.045659410           NA
[141]           NA           NA  0.661314077 21.633454783 19.242671504
[146] 15.354556338 14.996316745 16.212530612 14.433010679           NA
[151]           NA           NA 13.759450763           NA           NA
[156]           NA           NA           NA           NA           NA
[161]           NA           NA           NA  1.316694740  2.844551427
[166]           NA 14.228289691 12.507979895 13.415249867           NA
[171]  5.973612596  3.479779714  2.121760492           NA  0.006541422
[176]  8.029906953           NA           NA           NA           NA
[181]           NA           NA           NA           NA           NA
[186]           NA  6.383741605  2.341594254           NA           NA
[191]           NA           NA           NA           NA           NA
[196]           NA           NA           NA  0.234082381  0.421709157
[201]           NA           NA           NA           NA           NA

$TS
  [1] 49.2665115 47.8405154 43.4739780 43.1014850 41.3304095 41.0916476
  [7] 40.6707210 42.1583289 41.3301337 38.8075866 37.6777735 37.8200050
 [13] 40.2307917 38.7486804 34.3865284 33.4015721 28.8253171 26.8774171
 [19] 37.6446394 35.5029341 36.9206590 36.7165159 33.4785123 32.6383136
 [25] 22.8425758 21.3386800 18.1449934 17.3332862 13.7557847 10.6013288
 [31] 33.3070414 33.8760383 26.9530535 26.9517494 32.8202151 26.7953637
 [37] 22.2781788 21.7269514 25.9554944 20.8012404 21.1719064 17.8881643
 [43] 17.2908061 16.5265351 16.2541140  9.6996299  6.9440196 32.6547470
 [49] 31.4317274 26.1656896 25.7050709 31.2457621 31.2073597 28.9774855
 [55] 25.5774003 24.9771314 14.8269458 14.4932796  9.8474145 21.0295367
 [61] 19.8999365 17.7597580 20.7773377 21.1992230 18.9879638 18.9630596
 [67] 19.7779939 15.6460297  9.6568156  7.4168307  6.6776007  4.7996853
 [73]  3.8348369  3.5759347  1.9108642  9.2886118  8.8091227  5.3504003
 [79]  3.2011518 27.7411585 30.4028182 30.2427039 30.2300429 16.0519272
 [85] 16.0212476 23.8523920 25.8249271 30.2972711 20.6185713 18.8725172
 [91] 17.1670170 20.3481211 19.8035897 18.9478313 16.4200342 14.7473653
 [97] 14.7035951 13.5341016 14.8957506 14.2282618 14.0716767 16.2936032
[103] 16.2427214  7.2279047  5.2739967  5.4746572  5.1663340  4.1695292
[109]  1.7424820  0.6058760  8.9637571  4.5340371  2.0532558  4.6262845
[115]  1.3294336 25.7073507 15.4108821 15.3710814 23.7262184 24.7263158
[121] 28.0867355 23.7957750 23.6374677 22.0826252 19.9367174 11.5276444
[127] 14.0477618 14.8696292 13.4886752 13.1477146 12.9052035 10.4789388
[133]  5.1864856 14.0979820  4.9702747  3.8196949  3.2897976  1.2872839
[139]  2.7245396  2.5385171  0.5068155  8.5114234  4.5004081 23.0587247
[145] 20.3892980 17.3589486 17.0701086 19.1846603 15.3601940  9.3142651
[151]  6.2611173  2.5685797 13.8054403 13.0946269 11.2558604  1.1370168
[157]  0.4176050  0.2487055  0.2301154  0.3143521  0.2357659  2.5896157
[163]  6.7735516  5.0368754  3.3925437  3.7906535 19.8857103 16.9740345
[169] 16.8393895  8.1784941  6.3099104  5.9551080  3.7234858  3.4877189
[175]  4.2036908 11.9602669  5.9144603  5.5680186  4.6699523  4.4195354
[181]  3.7367993  6.4232534  4.7637849  3.4168790  2.9877722  0.4937661
[187]  8.8708614  3.5653957  2.9556416  3.3791177  1.4635029  0.2218521
[193]  0.6795206  2.7621427  1.0062545  2.3088834  0.3498183  3.1368493
[199]  1.9297668  1.7361254  0.8675907  2.6420260  0.5630534  2.2621139
[205]  2.9428217

$PAR
  [1]  NA   1   2   3   3   3   3   4   4   4   6   7   8   9  11  11  11  11
 [19]  12  12  13  13  15  15  15  15  15  15  15  15  16  19  19  19  23  23
 [37]  23  23  24  25  26  26  26  27  27  30  30  31  31  33  33  35  35  35
 [55]  36  36  36  36  36  37  37  37  38  39  39  39  41  44  44  44  44  44
 [73]  44  44  44  46  46  46  47  48  49  49  49  50  50  51  52  53  60  60
 [91]  62  64  64  64  64  64  64  64  65  65  65  67  67  69  70  71  71  71
[109]  71  71  76  76  76  78  79  80  85  85  86  87  88  88  88  88  89  94
[127]  97  99  99  99 102 102 102 103 104 104 104 105 108 108 109 111 114 119
[145] 119 119 119 124 124 126 126 126 128 134 134 135 135 136 136 138 138 139
[163] 142 142 142 143 145 148 148 150 150 150 150 150 151 154 155 155 155 155
[181] 155 163 164 164 165 175 176 178 178 179 179 180 182 183 183 185 186 190
[199] 190 190 190 194 195 196 198

$EXTANT
  [1] FALSE FALSE FALSE FALSE FALSE FALSE FALSE FALSE FALSE FALSE FALSE FALSE
 [13] FALSE FALSE FALSE FALSE FALSE FALSE FALSE FALSE FALSE FALSE FALSE FALSE
 [25] FALSE FALSE FALSE FALSE FALSE FALSE FALSE FALSE FALSE FALSE FALSE FALSE
 [37] FALSE FALSE FALSE FALSE FALSE FALSE FALSE FALSE FALSE FALSE  TRUE FALSE
 [49] FALSE FALSE FALSE FALSE FALSE FALSE FALSE FALSE FALSE FALSE FALSE FALSE
 [61] FALSE FALSE FALSE FALSE FALSE FALSE FALSE FALSE FALSE FALSE  TRUE FALSE
 [73]  TRUE FALSE  TRUE  TRUE FALSE  TRUE FALSE FALSE FALSE FALSE FALSE FALSE
 [85] FALSE FALSE FALSE FALSE FALSE FALSE FALSE FALSE FALSE FALSE FALSE FALSE
 [97] FALSE FALSE FALSE FALSE FALSE FALSE FALSE  TRUE  TRUE FALSE  TRUE  TRUE
[109]  TRUE  TRUE FALSE FALSE  TRUE FALSE  TRUE FALSE FALSE FALSE FALSE FALSE
[121] FALSE FALSE FALSE FALSE FALSE  TRUE FALSE FALSE FALSE FALSE FALSE FALSE
[133] FALSE FALSE  TRUE  TRUE  TRUE  TRUE FALSE  TRUE  TRUE  TRUE FALSE FALSE
[145] FALSE FALSE FALSE FALSE FALSE  TRUE  TRUE  TRUE FALSE  TRUE  TRUE  TRUE
[157]  TRUE  TRUE  TRUE  TRUE  TRUE  TRUE  TRUE FALSE FALSE  TRUE FALSE FALSE
[169] FALSE  TRUE FALSE FALSE FALSE  TRUE FALSE FALSE  TRUE  TRUE  TRUE  TRUE
[181]  TRUE  TRUE  TRUE  TRUE  TRUE  TRUE FALSE FALSE  TRUE  TRUE  TRUE  TRUE
[193]  TRUE  TRUE  TRUE  TRUE  TRUE  TRUE FALSE FALSE  TRUE  TRUE  TRUE  TRUE
[205]  TRUE

