
Birth-death simulation object with 163 species and 26 extant species

Details for some species:

Extinction times (NA means extant)
[1] 33.29798 47.52048 36.90283 30.31472 36.67491 35.04047


Speciation times 
[1] 49.26651 47.72756 45.67170 40.66831 39.59447 40.01366


Species parents (NA for initial)
[1] NA  1  1  1  1  3


Species status (extinct or extant)
[1] "extinct" "extinct" "extinct" "extinct" "extinct" "extinct"


For more details on vector y, try sim$y, with y one of
TE TS PAR EXTANT



$TE
  [1] 33.29797785 47.52048456 36.90283159 30.31471972 36.67491034 35.04047098
  [7] 28.45219973 27.35381422 37.43191461 31.11412726 35.60206878 35.11153900
 [13] 27.46736750 32.37058534 29.53326644 24.30940333 28.91358065 21.79396044
 [19] 12.21892499 13.44954844 15.82627536 12.51150946 26.86883132 25.76608898
 [25] 29.92411583 25.92404004 31.83343133 34.93038556 19.81504809 28.78536368
 [31] 27.05969441 20.12403767 12.01067267 12.80333216  6.66795383 13.45327975
 [37] 18.50374277 23.87809243 25.29396836 32.81253372 32.73558542 25.74480000
 [43] 26.52996365 25.60707425 16.60792717 17.07415011 14.01193284 16.29492998
 [49] 14.78567717 15.16433730  5.74643442          NA 11.57526532 12.52918757
 [55] 12.92832466 23.74875476 21.11866874 22.80080740 18.95102600 14.27109293
 [61] 22.54944397 24.91040391 13.53961159 27.22733122 21.35476111 13.45489937
 [67] 10.47355564  3.66536096          NA          NA 28.56010137 20.87013313
 [73] 13.57990765 13.67697834 12.69762420 15.71737115 12.92488727 15.33607072
 [79] 14.09963724 12.58999417 14.72674527 19.07069980 22.56410670 20.52739716
 [85] 20.13383689 12.78345951 15.28720741 16.46684063 19.54844273 13.94324458
 [91] 13.75486222  4.64267425          NA          NA  5.17295247  3.17629076
 [97]          NA 13.38629026 15.73766730 16.17888827 17.18344979 16.13704974
[103]  7.74111669 13.91552851 23.79697237 15.28762331 19.75480899 13.32091710
[109] 12.98946800 13.04917883 12.97920328  3.96133736  3.49059003  1.56490904
[115]          NA  0.31997610  2.33067178 12.74897268  2.73578168 10.88926728
[121] 13.97056862 14.79295943          NA          NA  9.27923064          NA
[127]  3.55482283          NA  0.42943973  8.59685718  3.81881186  3.89381853
[133]  3.44393727 12.01386825          NA  2.85024352  8.77372072          NA
[139]  1.36784729  4.02865247          NA          NA  4.71921990          NA
[145] 10.96968781          NA  1.24150646          NA  1.65263313  7.60306510
[151]          NA  5.74377303  5.41785743          NA          NA  5.08067277
[157]  3.01395144          NA          NA          NA          NA  0.01181125
[163]          NA

$TS
  [1] 49.2665115 47.7275625 45.6717029 40.6683109 39.5944721 40.0136598
  [7] 38.4950412 34.0122728 37.7930507 37.6517414 37.0666821 37.7194933
 [13] 35.9402335 35.5325427 33.7743611 33.2543681 30.2566885 29.8584241
 [19] 29.5795135 29.1446165 35.8409275 34.3912360 32.6587867 33.8997550
 [25] 30.4920767 29.4805932 35.4081494 35.1362246 32.9273697 30.3662111
 [31] 28.3874197 22.3745644 16.0438774 18.8183373 15.9723174 14.5180827
 [37] 30.0671886 26.4573951 26.2973066 34.3768713 34.1747039 31.6775524
 [43] 27.0968770 26.6862895 26.2002770 18.2813546 31.0598058 24.4230943
 [49] 15.9556551 15.6658562 10.8791973 10.2744994 14.0789162 29.5288716
 [55] 26.8014635 24.7794178 25.5836093 25.3170712 28.5596687 27.9103936
 [61] 26.8305411 25.2219768 27.9184490 27.4594792 22.8183452 15.8517525
 [67] 14.8021491 10.0127477  9.6832544  5.2197465 28.8081965 20.9461274
 [73] 19.9827186 13.9114678 13.6729741 26.5999165 20.9142804 19.8971623
 [79] 17.6794079 25.0424262 24.9028331 23.8123207 23.0422864 25.2977299
 [85] 24.4834448 21.4156683 19.7280358 25.0466303 22.9642423 19.2694190
 [91] 16.3552969  8.2169292  7.2394531  4.2775964  9.6194086  6.9040152
 [97]  3.4576865 16.7865483 20.1585391 18.3517281 19.4782294 21.2967727
[103] 13.4528350 17.2543701 24.0699701 15.9743590 23.7918246 16.8856616
[109] 21.3583153 17.3537049 15.8572456  6.5719593  4.4290691  2.9068086
[115]  3.8208444 17.6089444 21.0598443 13.0068188  8.0876430 13.2027149
[121] 16.6935366 15.1776641  5.6558890  2.8048437 12.5710091  7.1455918
[127]  6.9170892  1.2391054  0.8675328  8.9109049  5.1348164  5.7244874
[133]  5.6731656 14.6092616  4.2170908  3.8466595  9.3957027  1.8989961
[139]  6.8536510  4.8515675  0.8570665  8.7803370  5.6506942  3.4554264
[145] 13.0487552  2.4293181  1.4507986  4.6105768  8.1706921  7.7915177
[151]  5.9871700  5.9143462  5.5295786  1.0987555  0.5315671 12.0870554
[157]  4.2638973  5.7767992  4.2434058  3.4480300  4.2446211  2.7245611
[163]  2.5982726

$PAR
  [1]  NA   1   1   1   1   3   4   4   5   5   5   6   6   7   7   7   7   8
 [19]   8   8  10  10  10  13  13  13  14  14  14  15  16  18  19  20  20  20
 [37]  21  21  21  22  22  22  22  22  22  22  23  29  33  33  35  35  36  37
 [55]  37  37  38  39  42  42  43  45  47  47  47  49  49  52  52  52  54  54
 [73]  54  54  54  55  55  55  55  57  57  57  57  60  60  60  60  61  61  63
 [91]  63  68  68  68  69  69  70  76  77  77  78  80  80  81  85  87  88  88
[109]  89  90  90  93  93  93  94  99 102 103 103 109 110 111 112 115 116 116
[127] 116 116 116 117 117 119 119 121 123 123 125 126 127 127 129 130 133 133
[145] 134 135 138 140 142 142 142 142 142 142 142 145 148 149 151 151 158 158
[163] 159

$EXTANT
  [1] FALSE FALSE FALSE FALSE FALSE FALSE FALSE FALSE FALSE FALSE FALSE FALSE
 [13] FALSE FALSE FALSE FALSE FALSE FALSE FALSE FALSE FALSE FALSE FALSE FALSE
 [25] FALSE FALSE FALSE FALSE FALSE FALSE FALSE FALSE FALSE FALSE FALSE FALSE
 [37] FALSE FALSE FALSE FALSE FALSE FALSE FALSE FALSE FALSE FALSE FALSE FALSE
 [49] FALSE FALSE FALSE  TRUE FALSE FALSE FALSE FALSE FALSE FALSE FALSE FALSE
 [61] FALSE FALSE FALSE FALSE FALSE FALSE FALSE FALSE  TRUE  TRUE FALSE FALSE
 [73] FALSE FALSE FALSE FALSE FALSE FALSE FALSE FALSE FALSE FALSE FALSE FALSE
 [85] FALSE FALSE FALSE FALSE FALSE FALSE FALSE FALSE  TRUE  TRUE FALSE FALSE
 [97]  TRUE FALSE FALSE FALSE FALSE FALSE FALSE FALSE FALSE FALSE FALSE FALSE
[109] FALSE FALSE FALSE FALSE FALSE FALSE  TRUE FALSE FALSE FALSE FALSE FALSE
[121] FALSE FALSE  TRUE  TRUE FALSE  TRUE FALSE  TRUE FALSE FALSE FALSE FALSE
[133] FALSE FALSE  TRUE FALSE FALSE  TRUE FALSE FALSE  TRUE  TRUE FALSE  TRUE
[145] FALSE  TRUE FALSE  TRUE FALSE FALSE  TRUE FALSE FALSE  TRUE  TRUE FALSE
[157] FALSE  TRUE  TRUE  TRUE  TRUE FALSE  TRUE

