
Birth-death simulation object with 283 species and 107 extant species

Details for some species:

Extinction times (NA means extant)
[1] 31.28347 47.68229 29.95121 34.43796 33.83287 33.27274


Speciation times 
[1] 49.26651 47.69652 46.17644 35.03538 33.91037 39.87805


Species parents (NA for initial)
[1] NA  1  1  1  1  3


Species status (extinct or extant)
[1] "extinct" "extinct" "extinct" "extinct" "extinct" "extinct"


For more details on vector y, try sim$y, with y one of
TE TS PAR EXTANT



$TE
  [1] 31.2834727 47.6822931 29.9512148 34.4379640 33.8328684 33.2727361
  [7] 28.8310660 20.1469360 25.9441011 32.2374682 22.7561733 29.1690890
 [13] 19.4074992 14.9512771 18.6337322 27.4413137 28.5177468 28.6954679
 [19] 26.6081219 20.6335855 12.0157350 28.8103511 19.1128025 14.4116474
 [25] 19.4900891 28.9168855 25.6082765 20.9106072 24.8425458 21.3531921
 [31] 18.4086711 16.8374587 14.2452222 23.0551756 21.3276538 14.4643968
 [37] 10.6851588 13.4197124 19.8324905 10.5752889 14.3198841 15.1650779
 [43] 19.1983676 16.4120049 12.5389026 17.9560738 13.7474810 14.7124315
 [49] 14.8880554 17.2808279 14.6817565 23.4040951 12.7162738 15.1137218
 [55] 16.7837901 13.8794754  2.1580139 13.3038353 17.8807215 15.0721563
 [61] 14.6284566 14.1950469 13.6571090 10.8858609 17.3273276  9.4718188
 [67] 15.2707118 15.4440014 14.1326791 12.7726791 20.2495475 22.2807959
 [73] 17.4903855 14.7063407 14.1792582  7.4872494 11.2397631 10.6866887
 [79]         NA         NA 14.0948019 21.3361087 17.9610601 18.2714899
 [85] 14.4604350 15.3538211 12.5558214 14.4838801  8.8562887 11.9507058
 [91] 14.5087378 16.9017822 14.5157814 14.9685815 11.3307591 13.0977794
 [97] 16.1825891  4.6439869         NA 17.7538347 15.5533162 10.5424085
[103]  8.1344410         NA  1.1106955         NA         NA  5.4379621
[109]  7.0628651         NA         NA  1.1565337 15.2868364 15.5141701
[115] 15.0432941 14.3034920 14.0259171 13.9577974 13.9577370 13.2765870
[121] 10.8386017  3.9130021  6.2930282  4.5889456  4.7318767 14.5659535
[127]         NA  3.3724308         NA 14.9022823 15.3078008 15.8152900
[133] 10.5664370  7.0549750         NA         NA         NA  0.5717349
[139]         NA  4.3439411         NA         NA         NA 18.8180137
[145] 13.5275127 11.5922380  1.8463552  4.1865367  4.3531074  7.4544884
[151]         NA  4.6259355  6.0147093  2.9464640  4.6775041 16.2475681
[157]  5.5098981  2.4846373         NA         NA  7.1730360         NA
[163]  1.1410288 15.1129891  7.8225796  1.9618132         NA         NA
[169]         NA         NA         NA  2.3275666         NA         NA
[175]         NA  1.5288022         NA  4.1889238  2.9794514         NA
[181]         NA  4.5599027         NA         NA         NA         NA
[187]  1.2629602         NA         NA 11.7395372  3.8619646  5.9768377
[193]  0.1186238         NA  1.4393442         NA  3.1638725         NA
[199]  0.5566651         NA         NA         NA  4.3549751         NA
[205]         NA         NA  1.4582891  4.8469842  0.3277092  1.0774261
[211]         NA         NA         NA         NA  1.2048886         NA
[217]         NA  2.4798557  4.6586081         NA         NA  2.0789166
[223]         NA  6.4212059         NA  2.1941948  0.3844182  2.4296746
[229]         NA         NA  0.7753451         NA         NA         NA
[235]         NA         NA         NA         NA         NA         NA
[241]         NA         NA         NA         NA         NA         NA
[247]         NA         NA         NA         NA         NA         NA
[253]         NA         NA         NA         NA         NA         NA
[259]         NA         NA         NA  1.1343243         NA         NA
[265]  3.3883309  3.2531234         NA         NA         NA  1.3466476
[271]         NA         NA         NA         NA         NA         NA
[277]         NA         NA         NA         NA         NA         NA
[283]         NA

$TS
  [1] 49.26651148 47.69651949 46.17644144 35.03537878 33.91036947 39.87805175
  [7] 36.02748463 32.55451305 35.75225730 35.47157830 29.14889726 31.70639195
 [13] 26.32107341 25.49997753 20.68592852 33.10004826 32.82168808 35.07157421
 [19] 27.66943971 31.39543578 30.82698559 29.25807856 20.24624921 19.54980466
 [25] 20.99064631 29.01989017 28.65008706 30.11927916 28.47336481 26.34965266
 [31] 23.31800481 28.87080333 19.16848913 26.17721624 26.24764853 26.14753149
 [37] 25.69648879 24.30775754 24.14140665 22.14031068 21.73286142 22.45053391
 [43] 21.68036548 21.40419575 18.55536010 24.34144587 21.85109609 18.94219744
 [49] 18.33504049 22.62020694 15.81211577 25.46904047 20.45840418 18.70853055
 [55] 17.64358771 15.49946975 18.15867149 17.62994047 23.17614240 19.92722522
 [61] 19.22314713 16.36835308 14.02506136 18.88129454 18.13091833 19.70249893
 [67] 20.99456004 19.54941863 17.82310907 16.03426453 24.23120603 23.19914898
 [73] 21.25793001 25.02698567 19.29266911 15.32882394 14.46800661 13.53508986
 [79]  6.39938648  6.10483588 22.84278986 21.99064333 18.30999956 18.92967105
 [85] 16.45438005 18.04801504 13.38165825 15.67028501 12.69432468 12.16392061
 [91] 18.37777820 17.78715379 15.99984071 15.50323078 14.73389054 13.96427338
 [97] 23.94674109 20.01218289 17.65654919 18.37349441 18.12274747 16.58732190
[103] 11.33326034 10.33890776  7.88393563  7.77212363  7.54997454  7.51539675
[109] 10.96036206  2.31573455  0.53722425  4.07611037 21.96148452 17.63287496
[115] 15.07339722 14.81429277 14.51215524 17.43854391 17.81573464 16.80086270
[121] 14.76955617 10.13751703 10.05386836  9.22995459  8.68394609 17.06078141
[127]  9.59985036  8.72412594  1.16551049 17.83956913 17.82294799 17.28685336
[133] 15.68365114  9.94832052  1.23397449  0.91893757  7.53408959  6.47200423
[139]  2.74812722  5.78437032  9.37818299  0.79882074  3.22498467 21.11208959
[145] 13.89689673 12.80100976  8.86721675  7.99234771  5.33407968  8.23271001
[151]  7.84463344  7.67815336  7.50913978  6.25575831  7.09330479 16.74757924
[157] 15.33038807  9.42366561  4.05498076  0.15683339  8.00231695  6.46483403
[163]  4.98181429 16.59671568  8.05285840  6.03314817  4.50228435  1.02172828
[169]  4.41069102  6.87205446  4.20452822  2.33541155  1.16984998  0.82842486
[175]  0.51343397  3.20173353  0.77387620  6.86403317  5.94349154  2.13130454
[181]  7.28873644  5.19580642  4.37151542  7.73077698  6.05074570  0.04940745
[187]  7.34669622  6.82648794  4.82682117 11.91551320  9.57044621  7.74422348
[193]  8.32399012  7.49241963  7.32668792  6.67278212  5.47062749  3.10641201
[199]  4.95036745  4.00967759  0.47895167  0.33448772  4.52628202  4.19776389
[205]  4.25458854  2.93094459  3.01433090  6.55429526  5.33584574  3.10660836
[211]  2.47370505  0.56512974  2.63631069  2.01273577  3.83012414  2.82185342
[217]  0.35136559  7.16387411  6.71042013  8.07150942  5.85808632  7.39100728
[223]  6.84240399  7.80482017  7.44247265  5.37925338  3.99340615  3.70239430
[229]  1.38166645  5.78156976  2.17849315  4.39953382  3.34433806  3.15864945
[235]  3.79932215  2.47595645  2.21161530  1.62875949  3.71108574  2.76688034
[241]  5.92950920  5.22137853  1.52855163  0.82608271  0.47953900  7.07648634
[247]  6.78150233  5.89468508  6.51783422  4.38511818  3.85979994  3.80991395
[253]  1.64528228  0.71042622  2.15120230  1.96537246  1.94881586  0.91578630
[259]  1.79712789  1.40534374  4.04889803  2.85120057  1.58381543  0.45363250
[265]  5.63301699  4.99464547  3.28182393  5.15774708  2.65423396  3.80523423
[271]  2.11307326  1.54140764  0.83017098  0.89222467  0.62875430  0.20702820
[277]  0.28430028  2.32701171  4.45417942  1.31226847  1.22012753  0.32338277
[283]  0.58850613

$PAR
  [1]  NA   1   1   1   1   3   3   3   6   6   7   8   8   8   8   9   9  10
 [19]  11  12  12  12  13  13  14  17  17  20  20  20  21  22  23  28  29  29
 [37]  29  30  30  30  30  31  31  31  31  32  32  32  33  35  36  37  37  37
 [55]  37  37  38  38  39  39  40  40  40  41  41  42  43  44  45  45  46  46
 [73]  46  52  53  56  57  57  57  57  59  59  59  61  61  64  64  66  66  66
 [91]  67  68  68  68  70  70  71  73  73  74  74  75  76  76  76  76  76  76
[109]  78  79  79  80  82  86  88  91  95  97  98  98  98  98  98  98  98  99
[127]  99  99  99 101 101 101 102 104 104 104 105 106 107 108 109 110 112 113
[145] 121 121 122 122 122 123 123 123 123 124 125 126 126 127 127 127 128 128
[163] 128 132 134 137 137 137 138 141 141 141 141 141 141 143 143 147 147 147
[181] 148 149 149 150 151 151 152 152 154 157 157 157 158 158 158 158 158 158
[199] 162 162 162 162 166 166 167 167 169 170 170 179 181 181 183 183 184 185
[217] 185 187 188 191 191 192 192 193 193 193 193 193 194 195 195 196 196 196
[235] 199 205 206 209 215 216 219 219 220 220 220 222 223 223 225 225 225 230
[253] 230 230 231 232 232 233 236 236 242 242 242 247 248 248 248 249 249 250
[271] 251 251 251 252 252 255 259 262 266 269 271 274 279

$EXTANT
  [1] FALSE FALSE FALSE FALSE FALSE FALSE FALSE FALSE FALSE FALSE FALSE FALSE
 [13] FALSE FALSE FALSE FALSE FALSE FALSE FALSE FALSE FALSE FALSE FALSE FALSE
 [25] FALSE FALSE FALSE FALSE FALSE FALSE FALSE FALSE FALSE FALSE FALSE FALSE
 [37] FALSE FALSE FALSE FALSE FALSE FALSE FALSE FALSE FALSE FALSE FALSE FALSE
 [49] FALSE FALSE FALSE FALSE FALSE FALSE FALSE FALSE FALSE FALSE FALSE FALSE
 [61] FALSE FALSE FALSE FALSE FALSE FALSE FALSE FALSE FALSE FALSE FALSE FALSE
 [73] FALSE FALSE FALSE FALSE FALSE FALSE  TRUE  TRUE FALSE FALSE FALSE FALSE
 [85] FALSE FALSE FALSE FALSE FALSE FALSE FALSE FALSE FALSE FALSE FALSE FALSE
 [97] FALSE FALSE  TRUE FALSE FALSE FALSE FALSE  TRUE FALSE  TRUE  TRUE FALSE
[109] FALSE  TRUE  TRUE FALSE FALSE FALSE FALSE FALSE FALSE FALSE FALSE FALSE
[121] FALSE FALSE FALSE FALSE FALSE FALSE  TRUE FALSE  TRUE FALSE FALSE FALSE
[133] FALSE FALSE  TRUE  TRUE  TRUE FALSE  TRUE FALSE  TRUE  TRUE  TRUE FALSE
[145] FALSE FALSE FALSE FALSE FALSE FALSE  TRUE FALSE FALSE FALSE FALSE FALSE
[157] FALSE FALSE  TRUE  TRUE FALSE  TRUE FALSE FALSE FALSE FALSE  TRUE  TRUE
[169]  TRUE  TRUE  TRUE FALSE  TRUE  TRUE  TRUE FALSE  TRUE FALSE FALSE  TRUE
[181]  TRUE FALSE  TRUE  TRUE  TRUE  TRUE FALSE  TRUE  TRUE FALSE FALSE FALSE
[193] FALSE  TRUE FALSE  TRUE FALSE  TRUE FALSE  TRUE  TRUE  TRUE FALSE  TRUE
[205]  TRUE  TRUE FALSE FALSE FALSE FALSE  TRUE  TRUE  TRUE  TRUE FALSE  TRUE
[217]  TRUE FALSE FALSE  TRUE  TRUE FALSE  TRUE FALSE  TRUE FALSE FALSE FALSE
[229]  TRUE  TRUE FALSE  TRUE  TRUE  TRUE  TRUE  TRUE  TRUE  TRUE  TRUE  TRUE
[241]  TRUE  TRUE  TRUE  TRUE  TRUE  TRUE  TRUE  TRUE  TRUE  TRUE  TRUE  TRUE
[253]  TRUE  TRUE  TRUE  TRUE  TRUE  TRUE  TRUE  TRUE  TRUE FALSE  TRUE  TRUE
[265] FALSE FALSE  TRUE  TRUE  TRUE FALSE  TRUE  TRUE  TRUE  TRUE  TRUE  TRUE
[277]  TRUE  TRUE  TRUE  TRUE  TRUE  TRUE  TRUE

