
Birth-death simulation object with 151 species and 37 extant species

Details for some species:

Extinction times (NA means extant)
[1] 40.07169 23.68884 35.59304 35.57478 26.67530 14.43046


Speciation times 
[1] 49.26651 46.45157 42.98465 37.13338 31.19468 28.43749


Species parents (NA for initial)
[1] NA  1  1  2  2  2


Species status (extinct or extant)
[1] "extinct" "extinct" "extinct" "extinct" "extinct" "extinct"


For more details on vector y, try sim$y, with y one of
TE TS PAR EXTANT



$TE
  [1] 40.0716856 23.6888427 35.5930367 35.5747796 26.6752990 14.4304645
  [7] 30.6835143 23.7177846 29.9113798 25.5685150 15.4096114 20.9124998
 [13]  0.5875131 17.0189767 17.1325864 16.0803289 27.6522522 19.2822723
 [19] 22.4491466 12.1818174 14.1172646 16.1375896 13.6953592 11.9743863
 [25] 14.6908358 15.1883329 15.3632327  8.7175645  2.9104176  7.2348542
 [31]  2.0681676  0.1203836         NA 13.9409200 14.4284899 18.4195946
 [37]  5.6663719 21.4965443 14.0584231  5.5437011 11.7941184 15.9524312
 [43] 15.3374784 15.4610087  2.9018391  1.1838802  4.8431410         NA
 [49] 12.6835967 15.3876650  2.0175150 13.0247170 12.1955592 16.5810140
 [55] 13.7922973 13.9795670         NA  4.9207513  9.3104842 13.4018475
 [61] 11.3207828  6.4168365 15.0628893 12.4228264 13.7749929 12.4653818
 [67]         NA         NA         NA 14.2540642 13.2890381         NA
 [73]         NA 14.0289858 11.9916737 15.0010218 16.3742539 14.9779498
 [79]         NA 14.7416495 10.9811194  9.7387783 13.0876180 12.6639482
 [85] 13.8141131 11.3528189 11.1363783  0.5775371  1.0653650  0.4922094
 [91]         NA         NA 16.7360834 18.6953685 13.3065057         NA
 [97]  4.7129849 11.0727923 12.4036774 13.2000917 10.2431079 10.7012763
[103]         NA         NA         NA         NA 12.3539836 11.5590242
[109] 15.8417707 11.8418439         NA         NA         NA         NA
[115] 12.5939948 11.8076087         NA         NA  0.9498273         NA
[121]  1.1992310 12.4708467  4.8145604  2.1762001  1.0828658         NA
[127]  1.3671422         NA  6.4870546         NA         NA  8.5620183
[133]  9.9043795  5.7879870         NA  8.6539201  4.8225150  6.7189306
[139]  6.1120920         NA         NA         NA  1.8362502         NA
[145]         NA  1.2070531         NA  6.4383533         NA         NA
[151]         NA

$TS
  [1] 49.2665115 46.4515705 42.9846514 37.1333811 31.1946790 28.4374926
  [7] 31.0522315 30.7302978 30.4942490 26.7007596 25.4090854 24.8962251
 [13] 24.6930235 20.0604050 18.6373662 18.3050225 27.8187506 24.7809917
 [19] 24.7028855 26.0860844 24.3199126 19.9028396 17.6294868 21.5224902
 [25] 21.3102787 22.0779554 18.2561137 10.2140824  8.6101631  7.8734377
 [31]  5.5397721  4.1680416  3.0077316 17.5368869 24.2006318 24.3422437
 [37] 17.8289709 24.0903621 17.2899451 19.1570035 12.1561273 20.5212029
 [43] 17.9523428 17.8436464  6.9771592  6.5253944  5.0623630  1.0520971
 [49] 14.6421414 17.0771636 16.5424510 16.3342626 14.7974861 24.2676209
 [55] 15.9409506 15.3920260  6.7302677  5.7264647 16.1295059 16.1722262
 [61] 12.3778430 11.4882498 17.5856301 15.6278301 17.7027086 16.1335331
 [67]  4.2554236  5.4279923  3.2418672 14.4815940 16.1999381  9.5977077
 [73]  4.2919501 14.2026120 13.0746340 22.1252110 21.1434622 15.8594486
 [79]  6.4288465 15.2018617 11.2971750 10.1924169 17.5823288 13.2385432
 [85] 17.1785562 15.9891860 13.9585929  1.5096860  1.8953873  6.0081060
 [91]  2.2972668  2.1866610 19.0877995 20.4839979 17.7275268  5.5936759
 [97]  4.7515711 16.9268905 16.7122824 15.6499405 13.8316052 12.9407817
[103]  1.5860744  0.8498031  5.5196718  0.6543320 15.0789188 16.5038275
[109] 16.4564354 13.0755083 12.3025744  1.2485756  2.2535028  1.6224496
[115] 14.2286355 13.8196522 13.0847810 12.6576791 12.1631544  2.3257021
[121]  1.8961791 12.9449329 12.7219672  7.5649864  7.0311445  6.5717722
[127]  2.1617989  8.9009004  7.5202990  5.2442232  1.0731513 10.3132779
[133] 10.2190240  9.7579821 12.5755666  9.3915788  7.4976127  7.4392346
[139]  6.5413029  6.2791274  3.3077907  0.9886628  3.3757913  7.4251075
[145]  5.3951449  3.9921872  0.2488600  6.8617267  4.5744857  1.8952822
[151]  0.2012906

$PAR
  [1]  NA   1   1   2   2   2   5   5   5   5   6   6   6   6   6   6   8   8
 [19]   8  10  11  11  11  12  12  13  13  13  13  13  13  13  13  15  18  20
 [37]  20  21  21  24  24  25  25  26  29  29  31  33  34  35  35  35  35  36
 [55]  37  37  37  37  39  40  40  40  42  43  44  44  45  46  46  49  50  51
 [73]  51  52  52  54  54  55  57  59  59  62  63  64  65  65  65  67  69  72
 [91]  72  72  76  77  77  79  79  83  85  85  85  87  91  91  96  96  98  99
[109]  99  99 101 103 105 105 107 107 107 107 110 111 113 115 116 117 117 117
[127] 117 118 118 118 118 119 119 119 123 123 123 123 124 124 126 130 135 137
[145] 137 140 141 144 144 149 149

$EXTANT
  [1] FALSE FALSE FALSE FALSE FALSE FALSE FALSE FALSE FALSE FALSE FALSE FALSE
 [13] FALSE FALSE FALSE FALSE FALSE FALSE FALSE FALSE FALSE FALSE FALSE FALSE
 [25] FALSE FALSE FALSE FALSE FALSE FALSE FALSE FALSE  TRUE FALSE FALSE FALSE
 [37] FALSE FALSE FALSE FALSE FALSE FALSE FALSE FALSE FALSE FALSE FALSE  TRUE
 [49] FALSE FALSE FALSE FALSE FALSE FALSE FALSE FALSE  TRUE FALSE FALSE FALSE
 [61] FALSE FALSE FALSE FALSE FALSE FALSE  TRUE  TRUE  TRUE FALSE FALSE  TRUE
 [73]  TRUE FALSE FALSE FALSE FALSE FALSE  TRUE FALSE FALSE FALSE FALSE FALSE
 [85] FALSE FALSE FALSE FALSE FALSE FALSE  TRUE  TRUE FALSE FALSE FALSE  TRUE
 [97] FALSE FALSE FALSE FALSE FALSE FALSE  TRUE  TRUE  TRUE  TRUE FALSE FALSE
[109] FALSE FALSE  TRUE  TRUE  TRUE  TRUE FALSE FALSE  TRUE  TRUE FALSE  TRUE
[121] FALSE FALSE FALSE FALSE FALSE  TRUE FALSE  TRUE FALSE  TRUE  TRUE FALSE
[133] FALSE FALSE  TRUE FALSE FALSE FALSE FALSE  TRUE  TRUE  TRUE FALSE  TRUE
[145]  TRUE FALSE  TRUE FALSE  TRUE  TRUE  TRUE

