
Birth-death simulation object with 87 species and 23 extant species

Details for some species:

Extinction times (NA means extant)
[1] 36.74210 27.27004 29.27537 31.82504 30.09356 24.18289


Speciation times 
[1] 49.26651 39.12422 36.81674 35.67260 30.81340 28.30795


Species parents (NA for initial)
[1] NA  1  1  2  2  2


Species status (extinct or extant)
[1] "extinct" "extinct" "extinct" "extinct" "extinct" "extinct"


For more details on vector y, try sim$y, with y one of
TE TS PAR EXTANT



$TE
 [1] 36.74210012 27.27004151 29.27536568 31.82503521 30.09355825 24.18288930
 [7] 26.54626544  7.65889125 28.60987063 33.10169834 26.85093972 22.53429330
[13] 29.79129397 28.90376648 17.27020385 22.57634510  7.64781827  4.39594592
[19] 10.33638464          NA 29.63804025 23.30279778 12.98749889 20.56259505
[25] 14.91466401  2.37039105          NA          NA 10.65666124          NA
[31]  4.46240605          NA          NA  2.76236906          NA          NA
[37] 21.49594987 31.14171972 16.98165423 27.47607144 22.52218406 21.13107438
[43] 22.36433019 14.62231081          NA  2.94814559          NA  2.59725737
[49]  6.28816100          NA          NA          NA 15.31167212 24.61724981
[55] 27.35503349 18.38886666 14.67178698 24.87922425 17.36632704  0.69669009
[61]  0.01705021  3.47918631  2.75544040  1.18965698 14.21683583 14.86323232
[67]          NA          NA  0.61106717          NA 15.21511862 12.70078404
[73] 16.92952222  2.34874811  2.38309492          NA          NA          NA
[79] 14.95320115 12.93657409          NA 12.71113157  1.20942061          NA
[85]          NA 14.48236405          NA

$TS
 [1] 49.26651148 39.12422299 36.81674066 35.67260023 30.81340308 28.30794924
 [7] 34.64623232 30.46975601 34.79400484 33.41169199 28.12692676 24.65358547
[13] 34.51615763 29.64172809 28.66987386 25.18209855 12.23219078 12.20097625
[19] 12.12690644 10.41189945 33.87355688 26.94007686 28.98004717 27.99494017
[25] 18.57463517  9.85049703  9.33033832  8.29544680 11.74805527  6.20208577
[31]  5.93856742  5.72102406  5.55802423  3.49376102  3.22293807  1.14767665
[37] 33.14279705 32.84778464 30.73795162 30.34214108 24.36522162 21.47251625
[43] 22.75513252 15.23737796  9.75505702  6.57354580  8.09072397  7.13088382
[49] 10.71654788  3.49992280  5.02889742  0.01287056 27.66960043 25.64800519
[55] 27.86635677 26.88678000 26.77068976 25.71841829 17.57122656  5.46584525
[61]  3.77800638  6.27911503  7.66882200  1.83294135 17.99844882 22.32582256
[67]  5.06531433  5.29416234  5.64500662 17.83626069 16.12724776 15.17578189
[73] 17.33463806  3.32690017  3.03544809  4.16228921  3.10028748  4.30707831
[79] 15.76886996 14.26572373  0.54733557 14.35484290  1.55366198  2.67584912
[85]  0.33717442 14.96714150  0.10135983

$PAR
 [1] NA  1  1  2  2  2  3  3  4  4  6  6  7  7  7  8  8  8  8  8  9 11 14 15 15
[26] 18 18 18 19 20 20 20 20 20 20 20 21 21 21 21 23 23 24 25 26 26 27 28 29 30
[51] 33 36 37 37 39 39 39 39 39 46 46 48 49 51 53 57 60 62 63 65 65 65 66 67 67
[76] 68 68 69 70 70 70 72 77 78 78 79 85

$EXTANT
 [1] FALSE FALSE FALSE FALSE FALSE FALSE FALSE FALSE FALSE FALSE FALSE FALSE
[13] FALSE FALSE FALSE FALSE FALSE FALSE FALSE  TRUE FALSE FALSE FALSE FALSE
[25] FALSE FALSE  TRUE  TRUE FALSE  TRUE FALSE  TRUE  TRUE FALSE  TRUE  TRUE
[37] FALSE FALSE FALSE FALSE FALSE FALSE FALSE FALSE  TRUE FALSE  TRUE FALSE
[49] FALSE  TRUE  TRUE  TRUE FALSE FALSE FALSE FALSE FALSE FALSE FALSE FALSE
[61] FALSE FALSE FALSE FALSE FALSE FALSE  TRUE  TRUE FALSE  TRUE FALSE FALSE
[73] FALSE FALSE FALSE  TRUE  TRUE  TRUE FALSE FALSE  TRUE FALSE FALSE  TRUE
[85]  TRUE FALSE  TRUE

