
Birth-death simulation object with 272 species and 117 extant species

Details for some species:

Extinction times (NA means extant)
[1] 11.63540 38.46794 36.05412 30.97360       NA 11.43340


Speciation times 
[1] 49.26651 42.24713 37.17508 36.54902 23.69275 21.92220


Species parents (NA for initial)
[1] NA  1  1  1  1  1


Species status (extinct or extant)
[1] "extinct" "extinct" "extinct" "extinct" "extant"  "extinct"


For more details on vector y, try sim$y, with y one of
TE TS PAR EXTANT



$TE
  [1] 11.6353995 38.4679424 36.0541166 30.9735956         NA 11.4334030
  [7] 29.0695664 25.5568575 33.3346623 27.7801821 13.3020676 13.0057969
 [13]         NA  2.4575478         NA 17.4114268 14.1711184 15.2917886
 [19] 21.9263624 12.4521666 15.1086837 15.2435634         NA  3.7331065
 [25]  2.6290979         NA  3.3568091 22.7794850 39.0183955 26.1396070
 [31] 26.3790923 14.5127307 14.0199740 24.1430395 12.5496150 13.5302560
 [37] 19.7709487 30.2042675 16.9195594 19.6805735  3.8864520         NA
 [43] 16.6902099 23.5694401 13.8790164 23.3204173 23.5325119 26.9997533
 [49] 13.7298655 13.9766671 12.4826051 12.5600585 22.1658467 12.2805277
 [55] 16.0410952 15.0715154         NA 28.2452200 25.9143530 12.3002888
 [61] 13.1680315 21.3773710 12.3895877 21.2607410 12.9019701 13.0620598
 [67] 26.3071413 19.8573075 15.3236041 14.4460357         NA 22.8190278
 [73] 11.7452426  5.8952300         NA 25.4170793 21.8818324 19.4410522
 [79] 11.6781468 13.8334562 12.1127056 13.7166960 14.4247661 15.2825660
 [85] 17.6472933 15.1493566         NA  1.0035403         NA         NA
 [91] 10.8155888 13.6485339 14.6010463  7.2746163  4.7931322 20.3595817
 [97] 13.4830441 14.8755697 11.4037818         NA 14.4374146  4.4316676
[103]         NA 19.5561635 21.7027878 10.5927827 13.6293523  6.3300521
[109]  8.1672019         NA         NA 20.6942302 23.4895519 16.0515455
[115] 15.3427875 15.9603398 10.4561716 15.9514663         NA         NA
[121]  1.7294056  5.4374418         NA  3.0980759         NA 14.3746972
[127]         NA  0.5127649         NA 12.9681318  6.1377770         NA
[133]         NA 12.8026843         NA         NA         NA  3.3458431
[139]         NA  8.2022917         NA  2.1221491  2.8799787         NA
[145]         NA  5.3005114         NA  0.3020247         NA         NA
[151]         NA         NA         NA         NA         NA         NA
[157]         NA         NA 16.6294156 15.5858920  2.7430470         NA
[163]  4.1318791  9.5790777         NA         NA  0.7280415         NA
[169]  0.6003154  3.9780154  7.9325158  4.1517675  3.5163451         NA
[175]         NA         NA         NA         NA         NA  2.3410918
[181]         NA         NA         NA         NA  6.1506067  3.4892864
[187]         NA  7.3840176  0.5450277  0.6341625         NA         NA
[193]  0.2576514         NA         NA  2.3199356         NA         NA
[199]         NA  4.1764582         NA  0.4184879         NA         NA
[205]         NA  2.0444389  7.2115862  2.7552442  2.8516789         NA
[211]         NA  2.6474319         NA         NA  0.4531706         NA
[217]         NA         NA         NA         NA         NA         NA
[223]         NA         NA  3.7085719         NA         NA         NA
[229]         NA         NA         NA  4.5538808         NA         NA
[235]         NA  0.2860691         NA         NA         NA         NA
[241]         NA         NA  1.9790224         NA         NA         NA
[247]         NA         NA  0.9951940         NA         NA         NA
[253]  0.1098694         NA         NA         NA  4.6888548  0.8849619
[259]  0.5528606         NA         NA         NA         NA         NA
[265]         NA         NA         NA  5.0358085         NA  1.9632313
[271]  1.1261969         NA

$TS
  [1] 49.26651148 42.24712832 37.17507915 36.54901517 23.69274818 21.92219689
  [7] 41.88998112 40.15868631 33.60624440 30.98233587 22.35320794 19.50777065
 [13]  8.01302189  7.11263765  6.35260247 41.31214468 34.89109276 38.57378183
 [19] 29.26997830 14.57306307 17.11762465 16.61328927  6.32943440  4.73152765
 [25]  2.94590216  6.43727856  3.60646611 41.12338438 41.01524921 38.35224502
 [31] 27.50243341 21.23160370 25.06253395 24.68232143 20.50288680 17.22330324
 [37] 31.44228012 31.08765765 22.54699925 24.76027716  4.28262874  5.29388354
 [43] 40.48715441 28.22526668 26.20047651 25.02498455 30.34306097 27.05083616
 [49] 15.53260069 21.16870035 20.39108834 20.04135464 27.60085572 21.03612881
 [55] 20.03155051 18.38774011  2.69242488 33.09809449 30.81911528 21.19614698
 [61] 25.62127003 24.01437181 22.87813856 22.44324784 13.90592206 24.51176137
 [67] 29.80711989 20.70360965 15.84731691 19.35607390 13.93043171 27.28838681
 [73] 26.43233100 13.56883534  1.09438375 30.15504034 29.68532589 26.97741370
 [79] 18.94743685 21.81652851 21.62789702 18.17891676 15.88630035 15.72640056
 [85] 21.82989618 16.13519092  8.67852475  2.67637422  1.38503422  0.36668459
 [91] 23.66690540 17.77324935 15.92886364  9.97718356  6.34695191 25.51357222
 [97] 23.47104974 22.53681761 14.61134659 13.37400916 15.36476466  6.88148183
[103]  6.10596041 23.08389218 22.56061692 14.37839815 14.09835597  9.52076917
[109]  8.24045552  7.87993866  4.88659817 24.31965893 23.67000340 19.19478401
[115] 17.39920790 16.10257373 14.80001485 18.33431689 12.20468721 10.88407648
[121]  8.87665888  8.55560415  5.87187510  5.53262689  1.34880527 15.34012386
[127]  5.67364464  4.50670577  1.02354095 13.28744098  6.90224898  6.23507483
[133]  1.37373083 17.52503557 17.81576502 10.27692781  8.31199674  5.91968941
[139]  5.76716136  9.70737866  9.52964543  8.31679551  4.96102922  0.13704380
[145]  7.68785368  6.07658229  4.27148698  2.14536151  8.04749863  7.68176652
[151]  6.82485397  0.13624825  3.95249127  1.76160589  1.03031516  0.86591149
[157]  0.43745949  0.31868811 17.38645877 16.36680340  9.56043107  6.53142886
[163]  4.16332361  9.84811161  9.52920949  8.50818407  6.64900384  5.38656467
[169]  5.81821034  4.02296187  9.52762070  6.70681323  4.57086603  2.14756681
[175]  7.12338774  2.86113988  3.66483170  0.01602717  5.62569729  5.86336933
[181]  4.90718514  1.78675877  0.08337517  6.79962859  6.36858118  4.51856652
[187]  2.99228259  9.78261767  9.35811260  6.70622438  6.13664170  1.91539406
[193]  0.94827502  4.25139019  2.27023500  4.24502547  4.00862524  6.36680679
[199]  6.33103302  4.52017143  3.62041664  5.92183410  1.70023911  4.76069783
[205]  2.10518426  9.26597121  8.51997200  8.49718230  7.05239829  6.87277268
[211]  5.83371328  2.73527638  2.63807250  0.61754763  1.91901474  1.11933522
[217]  1.81753604  0.10442950  5.84043845  2.24587596  5.77250629  0.43445710
[223]  0.95818848  1.26770641  6.33367000  4.36566136  7.77495395  7.25245491
[229]  6.22025735  4.04617911  6.99277373  5.81034881  4.35221624  4.02554025
[235]  0.43850353  1.81148737  1.60570181  1.74758035  0.28908571  4.97323801
[241]  3.76227632  7.75508253  5.73014251  4.35067617  3.61836353  5.66640007
[247]  2.17713535  3.18304768  5.92193931  2.23266811  0.13575726  1.05509437
[253]  0.85257194  0.49508196  3.42788652  2.43649617  6.30420877  5.93807108
[259]  5.50261467  1.11430490  0.24695093  3.50626653  2.32082364  1.35026716
[265]  0.65597706  3.06054953  0.12274933  5.89382109  5.78491437  5.50272358
[271]  2.27049209  3.69662453

$PAR
  [1]  NA   1   1   1   1   1   2   2   4   4   5   5   5   5   5   7   7   8
 [19]  10  11  12  12  13  13  13  14  15  16  16  16  16  16  17  17  17  17
 [37]  18  18  18  19  23  26  28  28  28  28  30  31  32  33  35  35  37  37
 [55]  37  39  42  43  43  43  45  45  45  45  45  46  47  50  50  51  51  53
 [73]  53  54  57  59  59  59  60  61  61  61  61  61  63  66  71  71  71  71
 [91]  72  73  73  74  74  78  78  78  80  81  86  87  87  91  91  91  92  94
[109]  94  94  95  96  96  97  97  97  97  98 100 100 100 100 100 100 100 101
[127] 103 103 103 106 108 110 110 114 118 119 119 119 119 120 120 120 120 120
[145] 121 121 121 121 122 122 122 123 124 128 132 132 132 133 134 135 135 135
[163] 135 136 136 136 136 136 138 139 141 141 141 141 142 142 143 144 145 149
[181] 149 149 150 151 151 151 153 164 165 165 165 166 166 167 167 168 169 172
[199] 172 172 173 175 176 180 187 189 189 189 189 189 191 191 191 193 194 195
[217] 198 198 199 199 202 202 204 205 206 206 208 208 208 208 209 210 210 211
[235] 211 213 215 220 224 225 225 227 227 228 228 229 229 230 231 231 235 236
[253] 238 238 241 241 242 242 242 242 242 243 245 247 248 249 255 257 257 257
[271] 266 270

$EXTANT
  [1] FALSE FALSE FALSE FALSE  TRUE FALSE FALSE FALSE FALSE FALSE FALSE FALSE
 [13]  TRUE FALSE  TRUE FALSE FALSE FALSE FALSE FALSE FALSE FALSE  TRUE FALSE
 [25] FALSE  TRUE FALSE FALSE FALSE FALSE FALSE FALSE FALSE FALSE FALSE FALSE
 [37] FALSE FALSE FALSE FALSE FALSE  TRUE FALSE FALSE FALSE FALSE FALSE FALSE
 [49] FALSE FALSE FALSE FALSE FALSE FALSE FALSE FALSE  TRUE FALSE FALSE FALSE
 [61] FALSE FALSE FALSE FALSE FALSE FALSE FALSE FALSE FALSE FALSE  TRUE FALSE
 [73] FALSE FALSE  TRUE FALSE FALSE FALSE FALSE FALSE FALSE FALSE FALSE FALSE
 [85] FALSE FALSE  TRUE FALSE  TRUE  TRUE FALSE FALSE FALSE FALSE FALSE FALSE
 [97] FALSE FALSE FALSE  TRUE FALSE FALSE  TRUE FALSE FALSE FALSE FALSE FALSE
[109] FALSE  TRUE  TRUE FALSE FALSE FALSE FALSE FALSE FALSE FALSE  TRUE  TRUE
[121] FALSE FALSE  TRUE FALSE  TRUE FALSE  TRUE FALSE  TRUE FALSE FALSE  TRUE
[133]  TRUE FALSE  TRUE  TRUE  TRUE FALSE  TRUE FALSE  TRUE FALSE FALSE  TRUE
[145]  TRUE FALSE  TRUE FALSE  TRUE  TRUE  TRUE  TRUE  TRUE  TRUE  TRUE  TRUE
[157]  TRUE  TRUE FALSE FALSE FALSE  TRUE FALSE FALSE  TRUE  TRUE FALSE  TRUE
[169] FALSE FALSE FALSE FALSE FALSE  TRUE  TRUE  TRUE  TRUE  TRUE  TRUE FALSE
[181]  TRUE  TRUE  TRUE  TRUE FALSE FALSE  TRUE FALSE FALSE FALSE  TRUE  TRUE
[193] FALSE  TRUE  TRUE FALSE  TRUE  TRUE  TRUE FALSE  TRUE FALSE  TRUE  TRUE
[205]  TRUE FALSE FALSE FALSE FALSE  TRUE  TRUE FALSE  TRUE  TRUE FALSE  TRUE
[217]  TRUE  TRUE  TRUE  TRUE  TRUE  TRUE  TRUE  TRUE FALSE  TRUE  TRUE  TRUE
[229]  TRUE  TRUE  TRUE FALSE  TRUE  TRUE  TRUE FALSE  TRUE  TRUE  TRUE  TRUE
[241]  TRUE  TRUE FALSE  TRUE  TRUE  TRUE  TRUE  TRUE FALSE  TRUE  TRUE  TRUE
[253] FALSE  TRUE  TRUE  TRUE FALSE FALSE FALSE  TRUE  TRUE  TRUE  TRUE  TRUE
[265]  TRUE  TRUE  TRUE FALSE  TRUE FALSE FALSE  TRUE

