
Birth-death simulation object with 134 species and 51 extant species

Details for some species:

Extinction times (NA means extant)
[1] 48.74701 39.68997 36.75810 42.37890 24.39137 39.15257


Speciation times 
[1] 49.26651 49.02981 45.13625 43.45365 40.97924 41.72666


Species parents (NA for initial)
[1] NA  1  2  2  2  3


Species status (extinct or extant)
[1] "extinct" "extinct" "extinct" "extinct" "extinct" "extinct"


For more details on vector y, try sim$y, with y one of
TE TS PAR EXTANT



$TE
  [1] 48.7470116 39.6899729 36.7580962 42.3789034 24.3913670 39.1525668
  [7] 40.3463917 24.9329686 32.0406140 22.4672150 25.8050445 32.5975991
 [13] 24.3124827 35.3071831 13.1715826 28.7121112 14.3753920 34.4872706
 [19] 22.0420368 21.7755319 14.2290664 17.4667268 10.6960229 14.4652941
 [25] 17.5636309 14.9518434 12.0066624 13.7490905 18.1298382 19.0153045
 [31] 14.3191034 13.1186876 17.2014361 10.9817910 13.0391503 13.7413440
 [37] 11.2138496 22.6095115 13.2508175 16.3943187 17.8673657 13.3435717
 [43] 16.2916171 10.9296156  2.0280113 15.2256892 14.5303326 18.4179288
 [49]         NA 12.5787386 10.9663832  5.3599159  4.0961789         NA
 [55]  2.3321755  3.0466046         NA         NA  1.9400646  0.4023581
 [61]         NA  0.4953934  4.0039966 10.5767600  6.3242718         NA
 [67]  5.2842449         NA  4.9444563         NA         NA         NA
 [73]  6.2950159  4.4174909         NA         NA  1.6749398         NA
 [79]  3.6210589         NA  1.1630091         NA         NA 12.0805464
 [85]  4.9356478         NA  2.4852505         NA         NA         NA
 [91]  4.7281428         NA         NA         NA  1.0738597         NA
 [97]         NA         NA  1.9180323  1.7167798         NA         NA
[103]         NA         NA         NA         NA  1.0219742         NA
[109]         NA         NA  0.3949978         NA  2.8099518  0.1065815
[115]         NA         NA  1.3932140         NA         NA         NA
[121]  2.4891993         NA  4.8956333  1.6203409         NA         NA
[127]         NA         NA         NA         NA         NA  0.3796768
[133]         NA         NA

$TS
  [1] 49.266511476 49.029805030 45.136247303 43.453652357 40.979242506
  [6] 41.726661691 41.560555174 37.004935184 38.503469480 29.919109915
 [11] 40.331209925 36.826669945 36.562436517 37.622866431 24.747924587
 [16] 30.663003203 25.957575179 36.008902409 36.516591166 27.531246673
 [21] 35.385564588 19.636833687 17.552505542 15.260572261 21.231513596
 [26] 20.888927756 19.177309451 25.785858964 24.368567538 25.543712923
 [31] 21.096779874 14.053679907 18.564137572 19.020059347 14.986195484
 [36] 14.085279686 12.425378947 24.164446009 21.296887751 19.985034572
 [41] 19.575157917 20.210448432 17.658074321 12.735085201 11.742620021
 [46] 19.734489401 18.259781748 19.274573920 19.210829458 17.131414369
 [51] 11.497616443  9.404653861  9.321567852  8.231984422  7.418739251
 [56]  7.275523369  6.105016762  6.102876615  2.416675275  9.827013027
 [61]  8.700715911  8.268028143  8.232989816 14.911113900  8.304804575
 [66]  7.418231173  7.039528229  5.876306407  5.441970336  0.197354198
 [71]  7.009039752  4.835582402  6.910118641  6.469549578  0.541801253
 [76]  0.569031486  6.162543161  5.528823600  5.133088712  5.352469339
 [81]  4.970800319  3.385863630  6.891689737 12.508209359  6.842862594
 [86]  6.507485536  5.632261225  4.726670916  3.121451063  6.912478012
 [91]  6.596452539  5.866628008  2.538141352  3.356870784  2.508583736
 [96]  2.201327256  1.253509684  2.554894820  3.140347388  1.767215193
[101]  2.928571907  0.781473776  0.434131607  6.295931605  4.841882432
[106]  6.271756428  6.197607865  1.976374045  1.176957409  0.353373993
[111]  5.990230639  0.804306540  6.224663122  5.465504112  4.103121478
[116]  0.007499726  2.403458789  0.358577423  4.345283371  0.762968825
[121]  3.098868994  1.398899947  5.632191731  4.987292356  3.529211252
[126]  1.532263805  2.091055823  1.678156383  1.127405017  0.604219142
[131]  1.146986094  2.001046056  0.106147150  1.502785611

$PAR
  [1]  NA   1   2   2   2   3   3   3   5   5   6   8   8   9  10  11  11  12
 [19]  13  13  14  15  15  15  17  17  17  20  20  21  21  23  25  26  27  27
 [37]  27  29  29  29  30  31  34  34  34  39  39  41  42  42  44  45  45  45
 [55]  45  45  45  45  45  49  49  49  49  50  52  52  52  53  54  54  55  55
 [73]  56  56  57  58  60  60  60  61  61  61  63  64  65  66  68  68  68  71
 [91]  71  71  71  72  72  72  72  78  81  81  82  82  82  83  83  85  86  86
[109]  86  89  90  90  91  92  92  92  95 104 105 105 107 108 111 111 114 114
[127] 117 119 119 119 122 127 129 132

$EXTANT
  [1] FALSE FALSE FALSE FALSE FALSE FALSE FALSE FALSE FALSE FALSE FALSE FALSE
 [13] FALSE FALSE FALSE FALSE FALSE FALSE FALSE FALSE FALSE FALSE FALSE FALSE
 [25] FALSE FALSE FALSE FALSE FALSE FALSE FALSE FALSE FALSE FALSE FALSE FALSE
 [37] FALSE FALSE FALSE FALSE FALSE FALSE FALSE FALSE FALSE FALSE FALSE FALSE
 [49]  TRUE FALSE FALSE FALSE FALSE  TRUE FALSE FALSE  TRUE  TRUE FALSE FALSE
 [61]  TRUE FALSE FALSE FALSE FALSE  TRUE FALSE  TRUE FALSE  TRUE  TRUE  TRUE
 [73] FALSE FALSE  TRUE  TRUE FALSE  TRUE FALSE  TRUE FALSE  TRUE  TRUE FALSE
 [85] FALSE  TRUE FALSE  TRUE  TRUE  TRUE FALSE  TRUE  TRUE  TRUE FALSE  TRUE
 [97]  TRUE  TRUE FALSE FALSE  TRUE  TRUE  TRUE  TRUE  TRUE  TRUE FALSE  TRUE
[109]  TRUE  TRUE FALSE  TRUE FALSE FALSE  TRUE  TRUE FALSE  TRUE  TRUE  TRUE
[121] FALSE  TRUE FALSE FALSE  TRUE  TRUE  TRUE  TRUE  TRUE  TRUE  TRUE FALSE
[133]  TRUE  TRUE

