
Birth-death simulation object with 376 species and 117 extant species

Details for some species:

Extinction times (NA means extant)
[1] 45.42818 46.10707 40.09259 42.35583 13.19488 19.22965


Speciation times 
[1] 49.26651 48.28063 46.91748 45.44956 45.65919 40.59659


Species parents (NA for initial)
[1] NA  1  1  1  3  3


Species status (extinct or extant)
[1] "extinct" "extinct" "extinct" "extinct" "extinct" "extinct"


For more details on vector y, try sim$y, with y one of
TE TS PAR EXTANT



$TE
  [1] 45.42817938 46.10706736 40.09258775 42.35582633 13.19487896 19.22965439
  [7] 36.26588467 37.83997612 39.63814545 30.68469236 23.16938816 27.31401920
 [13] 19.12954297 18.75457508 17.99621038 14.89867817  8.10538359 22.13197891
 [19] 30.81237466 15.33342014 23.64724538 13.74175815  5.11001889 12.46746365
 [25] 17.45187296 26.28916318 30.37595518 22.89682900 20.47423332 20.96631530
 [31]  7.86063835 13.99321862 20.76667306 33.91181699 14.26777513 25.03609505
 [37] 14.87142604  5.63498101 15.11979424 23.80284632 14.82731256 15.76686697
 [43]  3.42046803  6.51832025  8.58034995  7.58561940 17.65825931 14.27129997
 [49] 17.61081834 11.12900222 35.28442005 28.42480538 13.51704269 13.17839280
 [55] 13.71527508 17.58970955 13.87255220 21.91545435 22.16131126 16.24299576
 [61] 15.04858761 11.60390473 16.59199923 16.52912307 17.71520009 12.96442684
 [67] 11.13599632  0.80963098 14.33498065 12.13113981  5.19763485 14.73968436
 [73] 16.91507596  6.26953291          NA          NA  7.00739913 14.66427999
 [79] 14.43001097 16.53383284 18.62403005 15.14611725 12.45802447 10.54018785
 [85] 13.15064703  8.59314936 16.19291095 13.50102204 25.88223925 28.13185361
 [91] 29.51533590 26.38256476 14.91950648 18.98336577 14.39817721 19.82473241
 [97] 17.02111182 15.39621140 13.70250465 28.87884280 19.30936162 14.86820408
[103] 24.32362502 13.47324445 18.65226068 15.70608425 14.72782432 16.28388502
[109] 12.60918592 12.95487989  9.16463457 13.84557127 12.95911057          NA
[115]          NA 14.10025059  0.01432245          NA          NA 19.18549015
[121] 13.39506010 16.15040855 14.88328084          NA 13.69161917          NA
[127] 15.14471775 23.60119194 14.34179504 14.17116545 13.80015312 16.85322521
[133] 14.35860404 13.73216660 15.32593395 14.26528508 20.88992886 26.99088153
[139] 16.04491703 20.91460262 15.29439318 11.63986634 13.97653693 17.70784926
[145] 15.01134562  9.79003192 15.57237122 15.14967384  8.13428990  7.98305848
[151]          NA          NA          NA          NA          NA          NA
[157]  0.63500037 15.66330353 13.81717443 13.77638632          NA 15.05488780
[163] 12.73025640 14.93212020 14.28712865 14.02059519 14.70562788 22.58180603
[169] 11.89875164 13.27348216 12.89490287 11.79797825 11.85549117 14.04058783
[175] 13.78649686 14.30931025 11.79229652 11.22105999  6.94452445  6.70167751
[181]          NA  2.31229894  1.51631586  1.28712123          NA          NA
[187] 14.64863368 14.73290565 14.51374965 14.86272188 12.61101602          NA
[193] 18.98437282 16.82293589          NA 15.15353702 12.98143749  4.73565806
[199] 13.74671432 11.52118903          NA  4.68872882  6.74128115          NA
[205]  2.08159852          NA 13.17842905 14.33158814 11.93213368 15.28598622
[211] 13.44334318 12.34122019          NA          NA          NA          NA
[217] 18.67814716          NA          NA          NA 14.58215629 12.07785247
[223] 10.47595202  2.00735434  7.06970159  1.56360348  5.04836058  7.02747706
[229]  8.69285664  5.72036811 14.61829850 11.49157303          NA          NA
[235]          NA          NA  8.56096543  5.06865528  1.54716999  0.05543443
[241]  0.13491924          NA          NA  0.68874687          NA          NA
[247]  2.65457115          NA          NA  2.99346105          NA          NA
[253]          NA 12.09498629  5.07935896          NA          NA  5.62933292
[259]          NA  3.58957702 11.16020128 10.48422928  0.66951095          NA
[265]          NA  6.60515192          NA          NA          NA          NA
[271]          NA          NA          NA  4.50890149  4.09588348  0.75937136
[277]          NA          NA          NA  1.42847765  0.99666617          NA
[283]  3.95289439          NA  1.99455273          NA          NA  5.29457197
[289]          NA  0.16107983  2.01313987          NA 11.55887157  8.16764971
[295]  0.43308244          NA          NA  2.61882916  0.84277140  0.65903857
[301]          NA          NA          NA          NA  3.58560283          NA
[307]          NA          NA  0.55171470          NA          NA          NA
[313]  0.82996663          NA  0.40967942          NA          NA  0.04538280
[319]          NA          NA          NA  3.74902570          NA          NA
[325]  2.96646663          NA          NA  1.96436147          NA          NA
[331]          NA  6.40597054          NA          NA          NA  3.12162064
[337]  0.17803209          NA          NA  6.03733961  3.88996346          NA
[343]  1.69409399          NA  0.23752044          NA          NA          NA
[349]          NA  2.39976653  6.28271219  0.45443196  0.68359061          NA
[355]  1.05335705          NA          NA          NA          NA  0.80776048
[361]          NA  3.48966638  2.96870525          NA  0.31608553          NA
[367]          NA          NA          NA          NA  2.87476387          NA
[373]          NA          NA          NA          NA

$TS
  [1] 49.26651148 48.28063261 46.91748415 45.44955694 45.65918571 40.59659125
  [7] 40.37796771 44.30311375 42.51804957 39.37542697 31.52599933 27.53112438
 [13] 23.74556026 23.17423541 22.19766469 20.47204847 13.97022601 38.41877407
 [19] 35.44317289 28.33131418 27.65769972 26.51291495 23.32401568 21.34806694
 [25] 21.31333007 38.51616256 37.56598214 28.21963330 21.32421358 22.09685061
 [31]  8.66987713 27.41527895 27.04618560 34.71786852 34.36444865 26.99218130
 [37] 25.27194293 16.74503875 16.33665332 24.59368351 22.92963133 21.52138070
 [43] 11.15582190  8.94959272  8.68681324  8.38208166 20.78274810 18.35575626
 [49] 20.92978140 20.91117706 36.99107753 31.22939090 23.51177266 17.77188567
 [55] 14.10313765 23.93535600 34.02318150 30.28556215 27.49611368 20.87313376
 [61] 18.86001891 17.58151741 22.46338105 21.50460795 17.94311058 14.75655265
 [67] 12.85453775  8.62685776 16.19427515 15.27674173 19.31168551 17.29301124
 [73] 16.96953664  8.72152424  7.60153784  7.43107511  7.10531084 20.57674606
 [79] 14.95506227 19.48894680 23.19816810 17.21246277 16.87286412 16.06310710
 [85] 14.73997655 14.04744449 21.88172177 21.15216465 32.45058340 32.25164636
 [91] 32.03938809 31.33809270 23.27092785 22.68899752 21.63647000 20.01049796
 [97] 18.49218860 17.05700878 14.10330035 29.77846489 29.59459494 27.49521263
[103] 25.62833992 20.03617806 19.93345971 18.56059278 18.01514181 16.88476695
[109] 15.42875503 14.79827279 15.84358051 14.19603036 13.07151452  6.75805982
[115]  6.02581918 15.85887183  6.44821350  0.20722604  5.98252335 19.64384951
[121] 15.13294324 18.96691321 17.39441698  9.78839466 18.65039785 20.38697799
[127] 17.59438120 27.93990598 16.82746331 15.12467639 20.56701828 19.69478222
[133] 16.95105487 15.81833648 15.42547015 15.40353597 28.50239473 27.56656493
[139] 25.53809489 23.78312388 23.67443132 19.49009008 26.75175656 18.86442575
[145] 17.13570909 16.42643007 16.08064971 16.38932656 11.83066531 10.92098610
[151]  0.10347098  3.80827595  0.23665598  6.26778739  0.75344571  4.63638030
[157]  5.80750284 16.73945815 14.03418714 14.75338588  7.19725402 24.35280943
[163] 15.50141524 14.94571940 14.75346336 14.17698071 22.18250212 23.42959468
[169] 16.06171746 15.83502237 13.08434096 12.04174908 23.51370736 22.33536500
[175] 20.72762299 18.75644938 17.72399088 11.93087452 10.27960423  9.17650389
[181]  1.74229362  5.83662705  5.66298525  1.75548052  1.15975205  2.22326380
[187] 16.52125495 15.27611820 17.31507006 16.35913415 12.96999031 23.02388268
[193] 22.12090484 20.64877154 17.91851581 17.39073894 16.94290686 15.81430961
[199] 15.40172157 13.00619218  9.47928586  7.74616920  7.54676764  1.34991657
[205]  4.39214110  2.02755102 20.12671212 18.16457812 18.02825139 18.01503229
[211] 15.50328337 12.96287005 11.05021262 10.67456577  8.47381340  3.29383056
[217] 20.36063476 20.21529219  5.60088703  4.28498348 14.70533967 12.93957680
[223] 10.71790926 10.35554940  9.85066352  9.27144061  9.15329074  7.92705768
[229] 12.19511220  7.00071360 18.15270291 17.50575804  6.24058742  1.06419447
[235]  0.57669918  0.28965205  9.68092305  6.80933706  7.08994443  5.96320552
[241]  5.93380116  5.57587122  5.54870389  4.08543510  1.16715599  0.10027645
[247]  9.79175691  6.86376429  6.40838275  4.48884949  1.51401012  0.16934492
[253]  0.07673359 12.92034341  6.53760173  8.26986582  8.77174278  7.82520837
[259]  6.73098989  6.63790143 11.90913895 14.75478416  9.58990302  5.93589088
[265]  7.06898985  6.73822435  5.79414981  5.37064297  4.92290295  4.33021734
[271]  1.63713072  0.01577323  5.52231983  5.35874096  5.17088745  4.88664294
[277]  4.47809192  2.95780643  2.99022347  1.94509450  7.45280013  5.59593619
[283]  5.02195871  2.47743190  6.29201930  1.58133423  5.65154490  8.13884483
[289]  2.39510810  5.47007230  7.29221000  4.38990775 11.66490936  9.51713204
[295]  8.45710144  5.73390866  5.17695062  3.41513827  5.05072927  4.71511365
[301]  6.78369078  6.37490035  3.09003595  4.22611015  3.85461648  3.06526793
[307]  2.43804407  4.27629061  2.87181148  2.38465780  3.27926298  1.25909650
[313]  1.76490725  6.56589279  5.91464302  4.60417005  4.52241788  1.78223197
[319]  1.71344621  5.75075807  5.68827710  4.95324259  3.40494454  0.24084901
[325]  3.59199844  6.99937382  5.54595467  4.10204071  1.38107387  0.68369119
[331]  0.35605646  7.73801993  5.08912235  4.56217837  3.66747250  3.79965889
[337]  4.17819768  1.32444051  2.81617248  6.21858648  4.06183807  3.04997519
[343]  1.84628936  0.42858957  3.94567753  1.51121600  1.89539790  0.52253737
[349]  0.22462856  2.46539521  6.48410404  4.57004734  5.28102443  0.55194376
[355]  5.42049100  5.22942777  2.44025249  0.54375858  1.42536033  2.14835611
[361]  0.65445478  4.14281055  3.07301958  1.38938054  1.12121624  0.77299291
[367]  3.99690661  0.89047868  3.58660473  3.30555664  3.51695661  0.54967140
[373]  0.07385115  0.98589095  1.38024571  0.76346215

$PAR
  [1]  NA   1   1   1   3   3   3   5   5   5   5   5   5   5   5   5   5   6
 [19]   6   6   6   6   6   6   6   7  10  11  14  15  17  18  18  19  19  20
 [37]  20  20  20  22  22  22  23  23  23  23  24  24  25  25  27  27  28  32
 [55]  32  33  34  35  35  35  35  35  37  37  37  38  38  38  39  39  41  41
 [73]  41  43  44  44  44  47  48  49  53  53  53  53  53  53  56  56  57  57
 [91]  57  57  57  57  57  57  57  57  57  58  58  59  59  60  63  64  64  64
[109]  69  69  71  71  71  71  71  72  74  75  76  78  78  80  80  86  87  88
[127]  88  92  93  93  95  95  95  95  95  98 101 101 101 101 101 101 102 102
[145] 104 104 104 106 111 111 114 115 115 117 117 119 124 125 125 126 126 128
[163] 129 129 134 134 139 140 141 141 142 142 143 143 143 144 144 146 146 150
[181] 152 154 154 154 156 157 158 162 167 167 169 173 173 174 174 176 176 177
[199] 177 177 179 179 180 181 182 186 192 192 192 192 192 192 192 192 192 192
[217] 193 194 195 195 198 198 198 198 198 198 198 198 200 203 207 210 213 213
[235] 213 213 214 214 215 215 215 215 215 215 215 215 218 218 218 218 218 219
[253] 219 222 224 225 226 226 226 227 229 231 237 238 239 239 240 240 240 240
[271] 240 242 243 243 243 243 243 243 244 244 247 247 247 248 249 249 255 256
[289] 256 257 258 259 261 263 263 263 263 263 264 264 265 265 267 268 268 270
[307] 270 276 276 276 277 278 279 281 281 283 283 284 284 285 285 285 285 289
[325] 290 291 291 291 292 292 292 295 295 296 296 297 299 299 300 301 302 303
[343] 307 307 308 309 310 310 310 311 314 314 315 318 320 320 321 321 327 328
[361] 333 334 335 335 335 335 337 337 352 353 356 357 358 365 370 375

$EXTANT
  [1] FALSE FALSE FALSE FALSE FALSE FALSE FALSE FALSE FALSE FALSE FALSE FALSE
 [13] FALSE FALSE FALSE FALSE FALSE FALSE FALSE FALSE FALSE FALSE FALSE FALSE
 [25] FALSE FALSE FALSE FALSE FALSE FALSE FALSE FALSE FALSE FALSE FALSE FALSE
 [37] FALSE FALSE FALSE FALSE FALSE FALSE FALSE FALSE FALSE FALSE FALSE FALSE
 [49] FALSE FALSE FALSE FALSE FALSE FALSE FALSE FALSE FALSE FALSE FALSE FALSE
 [61] FALSE FALSE FALSE FALSE FALSE FALSE FALSE FALSE FALSE FALSE FALSE FALSE
 [73] FALSE FALSE  TRUE  TRUE FALSE FALSE FALSE FALSE FALSE FALSE FALSE FALSE
 [85] FALSE FALSE FALSE FALSE FALSE FALSE FALSE FALSE FALSE FALSE FALSE FALSE
 [97] FALSE FALSE FALSE FALSE FALSE FALSE FALSE FALSE FALSE FALSE FALSE FALSE
[109] FALSE FALSE FALSE FALSE FALSE  TRUE  TRUE FALSE FALSE  TRUE  TRUE FALSE
[121] FALSE FALSE FALSE  TRUE FALSE  TRUE FALSE FALSE FALSE FALSE FALSE FALSE
[133] FALSE FALSE FALSE FALSE FALSE FALSE FALSE FALSE FALSE FALSE FALSE FALSE
[145] FALSE FALSE FALSE FALSE FALSE FALSE  TRUE  TRUE  TRUE  TRUE  TRUE  TRUE
[157] FALSE FALSE FALSE FALSE  TRUE FALSE FALSE FALSE FALSE FALSE FALSE FALSE
[169] FALSE FALSE FALSE FALSE FALSE FALSE FALSE FALSE FALSE FALSE FALSE FALSE
[181]  TRUE FALSE FALSE FALSE  TRUE  TRUE FALSE FALSE FALSE FALSE FALSE  TRUE
[193] FALSE FALSE  TRUE FALSE FALSE FALSE FALSE FALSE  TRUE FALSE FALSE  TRUE
[205] FALSE  TRUE FALSE FALSE FALSE FALSE FALSE FALSE  TRUE  TRUE  TRUE  TRUE
[217] FALSE  TRUE  TRUE  TRUE FALSE FALSE FALSE FALSE FALSE FALSE FALSE FALSE
[229] FALSE FALSE FALSE FALSE  TRUE  TRUE  TRUE  TRUE FALSE FALSE FALSE FALSE
[241] FALSE  TRUE  TRUE FALSE  TRUE  TRUE FALSE  TRUE  TRUE FALSE  TRUE  TRUE
[253]  TRUE FALSE FALSE  TRUE  TRUE FALSE  TRUE FALSE FALSE FALSE FALSE  TRUE
[265]  TRUE FALSE  TRUE  TRUE  TRUE  TRUE  TRUE  TRUE  TRUE FALSE FALSE FALSE
[277]  TRUE  TRUE  TRUE FALSE FALSE  TRUE FALSE  TRUE FALSE  TRUE  TRUE FALSE
[289]  TRUE FALSE FALSE  TRUE FALSE FALSE FALSE  TRUE  TRUE FALSE FALSE FALSE
[301]  TRUE  TRUE  TRUE  TRUE FALSE  TRUE  TRUE  TRUE FALSE  TRUE  TRUE  TRUE
[313] FALSE  TRUE FALSE  TRUE  TRUE FALSE  TRUE  TRUE  TRUE FALSE  TRUE  TRUE
[325] FALSE  TRUE  TRUE FALSE  TRUE  TRUE  TRUE FALSE  TRUE  TRUE  TRUE FALSE
[337] FALSE  TRUE  TRUE FALSE FALSE  TRUE FALSE  TRUE FALSE  TRUE  TRUE  TRUE
[349]  TRUE FALSE FALSE FALSE FALSE  TRUE FALSE  TRUE  TRUE  TRUE  TRUE FALSE
[361]  TRUE FALSE FALSE  TRUE FALSE  TRUE  TRUE  TRUE  TRUE  TRUE FALSE  TRUE
[373]  TRUE  TRUE  TRUE  TRUE

