
Birth-death simulation object with 236 species and 74 extant species

Details for some species:

Extinction times (NA means extant)
[1]  9.951403 40.299838 42.756567 24.926991 17.306709 18.931636


Speciation times 
[1] 49.26651 45.27272 45.11819 35.10115 34.13369 20.24042


Species parents (NA for initial)
[1] NA  1  1  1  1  1


Species status (extinct or extant)
[1] "extinct" "extinct" "extinct" "extinct" "extinct" "extinct"


For more details on vector y, try sim$y, with y one of
TE TS PAR EXTANT



$TE
  [1]  9.95140280 40.29983778 42.75656678 24.92699051 17.30670904 18.93163574
  [7] 11.74639681 35.75222392 39.91317754 24.90073537 39.16318697 10.68782041
 [13] 24.32775302 29.63074214 18.36736217 15.04667253 21.02982277 44.85274563
 [19] 44.31069326 23.19984056 33.73213816 15.17595830 34.10190954 29.79704311
 [25] 12.92522537 38.73377682 12.39939083 15.37168820 11.60413053 11.37448579
 [31] 30.84337184 14.94194658 15.25520723 32.84413162 32.42020903 14.09792774
 [37] 24.63440871 26.18573779 29.76009788 20.32731034 29.31306195 29.47407545
 [43] 22.15240909 10.57264637 26.30624981 27.01815266 18.62438970 22.12244454
 [49] 14.50855791  6.21766170 20.75669347 18.05346265 17.65798729 11.85839164
 [55] 11.99056665  5.60659311  0.87185651 38.59189964 37.52349656 22.44180090
 [61] 13.56874617 13.05497420 12.26929712          NA 14.91267460 15.20818416
 [67] 18.98286851 14.07302991 14.09438326 15.12340289 16.93237635 22.36525106
 [73] 12.29797653 13.95747647  8.23600343  2.49495237  4.82433467 16.21947504
 [79] 17.94552431          NA  0.72687423          NA  1.27745156          NA
 [85]  6.51739673          NA  4.78010937          NA  1.35971249 13.30558753
 [91] 20.22596623 20.18128298 23.76947691 12.53838075 14.95884205 16.02659838
 [97] 15.46114781  0.09854569 10.96539830  6.56076694          NA 12.80044988
[103] 14.73249592          NA  4.22986318          NA  5.81813840  3.02640083
[109]  0.03488777  8.76428124  1.57210943          NA  1.34896338 17.14721165
[115] 18.03358427 13.28199296 14.50668832 22.07245815 14.10651922          NA
[121]  7.95892630          NA          NA  6.68861388          NA 12.38093015
[127] 13.57752108  4.70130863 14.52445437 14.23861829 13.74619034  4.77675660
[133]  1.31978724          NA  0.84186251          NA 15.42724939 13.61728762
[139] 13.14301441  9.47488858  7.47017900  6.53655067          NA          NA
[145]          NA          NA          NA          NA          NA          NA
[151]  1.34748662  8.04653481 13.52502844  7.67186170          NA 13.56244883
[157] 13.28847453 14.40435474  9.75404632  0.92789855  7.96256362  3.75748340
[163]          NA          NA          NA          NA          NA 14.93402743
[169]          NA  0.50729420          NA          NA 14.87643409 11.27127021
[175] 13.01810725 13.93330400          NA          NA          NA  0.48355494
[181]          NA          NA          NA          NA          NA          NA
[187]          NA  8.21798878  9.14319545          NA  6.62295655          NA
[193]  5.59602647          NA 14.39338129 13.91696853  8.03407735          NA
[199]          NA  1.52628327  0.63944456          NA          NA  1.86101880
[205]          NA          NA  4.70222269          NA          NA  4.43273889
[211]          NA  3.32113847          NA          NA          NA          NA
[217]          NA          NA          NA  4.08685315  5.33245560  3.11557109
[223]          NA  0.06424105          NA          NA          NA          NA
[229]          NA          NA          NA          NA          NA  2.44560198
[235]          NA          NA

$TS
  [1] 49.2665115 45.2727152 45.1181936 35.1011533 34.1336911 20.2404152
  [7] 12.4293617 45.2681925 44.9982143 41.0289885 40.5264960 25.9249079
 [13] 25.8635786 32.0524201 20.8275706 19.7738654 45.2520571 44.8570482
 [19] 44.7636881 35.7847861 39.6913783 35.2644929 34.4769874 30.1192047
 [25] 39.5422641 39.4799763 23.3504870 17.7537873 14.7010806 14.1515989
 [31] 31.8745970 20.0234808 17.5145584 42.7527025 33.5236933 30.0321365
 [37] 25.2260195 31.8633058 31.5240353 34.8229066 34.5969607 29.9536648
 [43] 28.2315175 23.5444064 29.9010525 27.0704640 24.9027811 23.5902608
 [49] 20.3959089 15.7751378 21.7842981 21.7231518 21.3068708 12.6852918
 [55] 12.5872512 12.4583480 12.9979750 38.6984898 38.4552922 24.5773613
 [61] 20.9382019 17.3185232 16.6456237 14.8032993 29.4067078 26.9129319
 [67] 26.2098006 20.8017500 14.1891352 28.2756925 23.6436281 23.0363324
 [73] 23.0532486 15.4010755 10.6282933  9.4858971  7.7915451 21.2949984
 [79] 20.9366752  7.7870080  7.5243634  6.8861759 11.7269258 10.0717862
 [85]  9.5353438  8.5334898  7.5672022  3.7342842  3.6834857 21.5175289
 [91] 21.5010608 21.8767995 25.3704523 19.2718919 15.9761497 20.4162870
 [97] 22.5958360 13.2441435 14.1481025  8.3303732  3.7554839 20.3584541
[103] 20.0402709  0.5319800  5.2121852  2.9521777  7.2609742  7.1293705
[109]  5.8970742  9.7487029  5.9103648  7.7238076  5.2764918 20.7727916
[115] 19.2262089 15.6856919 15.0849130 22.4577893 19.0904569 12.9956679
[121]  8.5379849  8.0045365  7.3478319  6.8378836  2.7584406 14.1031598
[127] 14.0260236  8.2106199 19.9196230 16.7321623 15.9787315  4.8185980
[133]  1.7849246  6.0173056  2.8961636  0.6123727 17.7500045 17.4215667
[139] 18.2047952 15.5748251 10.2294149  8.6334321  6.1914490  3.5208781
[145]  1.4477425  2.2151490  2.1692963  2.1307180  0.2717901  6.7242081
[151]  3.5011710  8.0783749 15.0893482 15.8793552  2.8025503 16.3651853
[157] 15.6047810 14.6225579 11.2605521 10.5254552  8.3936247  6.1151402
[163]  0.3679008  1.9497592  1.2883317  6.2968874  3.0958899 15.3002391
[169] 10.6170708 10.2471501  1.3322724  1.1263147 15.6095002 14.6326644
[175] 14.0280292 14.0024062 10.5787410  7.2341589  4.4122787  3.5929166
[181]  1.7305571  6.1643834  5.8531220  5.5799044  5.4555004  4.4137353
[187]  2.3317787 10.0149393  9.9872407  8.9377886  8.3996412  1.8811079
[193]  6.9307217  1.3748316 15.5302657 15.3472136 12.7022835  6.8798316
[199]  1.4784949  5.1521285  1.6479326  0.7273870  4.5360689  4.4935371
[205]  1.2349724  0.1635457  6.0365897  6.0132174  5.9953104  5.9987888
[211] 10.6493009  5.4852706  1.1611366  1.6913718  1.3174533  3.2672280
[217]  0.1206047  5.9334836  5.5444747  4.4629747  5.9273159  4.9720744
[223]  6.6096728  6.4378449  4.6501262  1.0566592  1.6404314  2.4879803
[229]  1.3537429  1.2247842  0.6446066  1.5835375  0.7230872  2.9068353
[235]  1.3503092  0.2625708

$PAR
  [1]  NA   1   1   1   1   1   1   2   2   2   2   4   4   5   5   6   8   8
 [19]   8   8  10  10  10  10  11  11  12  12  12  12  14  15  16  17  17  17
 [37]  17  20  20  21  21  22  22  22  24  25  25  25  25  25  27  27  27  27
 [55]  27  27  30  34  34  36  36  36  36  36  38  38  38  40  44  45  47  47
 [73]  48  50  50  50  50  51  53  56  56  57  64  64  64  64  64  64  64  65
 [91]  65  66  67  68  68  70  72  73  74  76  76  79  79  80  81  82  83  83
[109]  83  84  84  85  87  91  94  94  94  97  97  98  98  98  98  98  98  99
[127]  99 100 103 103 103 105 106 107 111 112 114 114 115 119 120 120 120 120
[145] 120 122 122 122 122 123 123 128 129 130 135 138 138 139 140 140 141 143
[163] 145 147 148 150 150 154 154 154 155 155 156 156 156 156 159 160 160 160
[181] 160 166 166 166 166 166 166 169 169 169 169 169 170 170 173 173 174 177
[199] 177 178 179 179 184 184 185 185 190 190 190 193 197 198 198 200 201 204
[217] 205 207 208 208 210 210 211 211 211 213 214 216 216 219 219 223 224 225
[235] 228 230

$EXTANT
  [1] FALSE FALSE FALSE FALSE FALSE FALSE FALSE FALSE FALSE FALSE FALSE FALSE
 [13] FALSE FALSE FALSE FALSE FALSE FALSE FALSE FALSE FALSE FALSE FALSE FALSE
 [25] FALSE FALSE FALSE FALSE FALSE FALSE FALSE FALSE FALSE FALSE FALSE FALSE
 [37] FALSE FALSE FALSE FALSE FALSE FALSE FALSE FALSE FALSE FALSE FALSE FALSE
 [49] FALSE FALSE FALSE FALSE FALSE FALSE FALSE FALSE FALSE FALSE FALSE FALSE
 [61] FALSE FALSE FALSE  TRUE FALSE FALSE FALSE FALSE FALSE FALSE FALSE FALSE
 [73] FALSE FALSE FALSE FALSE FALSE FALSE FALSE  TRUE FALSE  TRUE FALSE  TRUE
 [85] FALSE  TRUE FALSE  TRUE FALSE FALSE FALSE FALSE FALSE FALSE FALSE FALSE
 [97] FALSE FALSE FALSE FALSE  TRUE FALSE FALSE  TRUE FALSE  TRUE FALSE FALSE
[109] FALSE FALSE FALSE  TRUE FALSE FALSE FALSE FALSE FALSE FALSE FALSE  TRUE
[121] FALSE  TRUE  TRUE FALSE  TRUE FALSE FALSE FALSE FALSE FALSE FALSE FALSE
[133] FALSE  TRUE FALSE  TRUE FALSE FALSE FALSE FALSE FALSE FALSE  TRUE  TRUE
[145]  TRUE  TRUE  TRUE  TRUE  TRUE  TRUE FALSE FALSE FALSE FALSE  TRUE FALSE
[157] FALSE FALSE FALSE FALSE FALSE FALSE  TRUE  TRUE  TRUE  TRUE  TRUE FALSE
[169]  TRUE FALSE  TRUE  TRUE FALSE FALSE FALSE FALSE  TRUE  TRUE  TRUE FALSE
[181]  TRUE  TRUE  TRUE  TRUE  TRUE  TRUE  TRUE FALSE FALSE  TRUE FALSE  TRUE
[193] FALSE  TRUE FALSE FALSE FALSE  TRUE  TRUE FALSE FALSE  TRUE  TRUE FALSE
[205]  TRUE  TRUE FALSE  TRUE  TRUE FALSE  TRUE FALSE  TRUE  TRUE  TRUE  TRUE
[217]  TRUE  TRUE  TRUE FALSE FALSE FALSE  TRUE FALSE  TRUE  TRUE  TRUE  TRUE
[229]  TRUE  TRUE  TRUE  TRUE  TRUE FALSE  TRUE  TRUE

