
Birth-death simulation object with 111 species and 41 extant species

Details for some species:

Extinction times (NA means extant)
[1] 43.71720 27.85490 31.04874 25.46884 13.42170 30.06353


Speciation times 
[1] 49.26651 44.05113 37.52282 33.91425 31.85713 36.75142


Species parents (NA for initial)
[1] NA  1  2  2  2  3


Species status (extinct or extant)
[1] "extinct" "extinct" "extinct" "extinct" "extinct" "extinct"


For more details on vector y, try sim$y, with y one of
TE TS PAR EXTANT



$TE
  [1] 43.7172038 27.8548963 31.0487367 25.4688380 13.4216952 30.0635271
  [7] 21.6484308 26.8434916 24.6326234         NA 11.1153893 15.2297288
 [13] 17.3848584 22.2354235 24.2794924 12.8755402 15.1990479 18.8226596
 [19] 22.3250872 20.4061094 11.0374852 11.6237025  1.1543325         NA
 [25]  1.2895696 30.0301241 31.4401935 30.2966873 15.7052742 17.5249790
 [31] 13.9460562 10.5549290 23.0506711 14.1737454 18.6568379 15.6789487
 [37] 14.2395641 11.9103864  1.6116214  0.1706205         NA         NA
 [43] 32.2311978  7.5984408 20.0938119 14.6842620 18.5603749         NA
 [49] 13.8018505  7.3605939 15.6140371 19.8890514 20.5039505 11.9991191
 [55] 14.5515495 14.1542734 15.3653175 12.7504688         NA  4.1532079
 [61] 11.5267469 16.8004071 12.0870278 11.0356156  9.2265215         NA
 [67]         NA         NA         NA         NA  8.3125885  4.7257321
 [73] 10.2024484  2.0182470         NA         NA         NA  2.9110111
 [79]  0.4221028  0.2471628         NA         NA 10.1782279         NA
 [85]         NA  5.1062912         NA         NA         NA         NA
 [91]         NA         NA         NA         NA         NA         NA
 [97]         NA         NA  0.9456222         NA  0.3879898         NA
[103]         NA         NA         NA         NA         NA         NA
[109]         NA         NA         NA

$TS
  [1] 49.26651148 44.05113107 37.52282372 33.91425483 31.85713162 36.75142003
  [7] 32.82977607 31.03365785 25.72690470 29.85762393 15.22534167 36.62003448
 [13] 28.90430511 22.85947169 30.04672225 29.59578415 29.34451056 25.37776428
 [19] 24.16651837 21.91344166 20.96569239 13.69344132  9.08981747  7.41752788
 [25]  2.95745692 35.41429009 32.20580508 30.52961445 22.05512996 25.67665208
 [31] 25.44621082 24.53985852 23.83142604 17.42712824 20.68056029 21.36192592
 [37] 19.02550388 12.82034607  8.50071236  5.76520216  6.96265010  3.19727589
 [43] 33.80579786 16.21955083 21.85572882 20.19984740 18.83713826 17.83358470
 [49] 18.90131523 18.19584023 15.65934290 24.05833195 23.72293781 20.67827944
 [55] 16.90756877 16.28098115 18.44165013 15.60886412  5.92688734  6.67859177
 [61] 12.08807312 18.58592209 12.69070159 11.56880044 11.01079430  7.29940718
 [67]  4.17389173  1.70242943  1.61649811  0.02449425  9.08033099  7.87098115
 [73] 15.09530396 14.97527718  5.49237417  6.49781194  6.19948842  5.75387424
 [79]  0.71482001  2.38849552  1.62575535  7.85067109 11.66945753  4.42546653
 [85]  4.84733094  5.77066999  3.59474378  4.38688504  4.07382630  3.46896126
 [91]  1.42080450  0.62075028  1.08390853  0.46254689  4.49333832  1.70270425
 [97]  0.60069584  0.32401593  1.95968936  0.39443929  1.73175092  4.07808359
[103]  3.68774797  1.75531735  1.29970839  1.01842781  1.36999140  0.05563098
[109]  1.63942176  0.13764825  0.35585133

$PAR
  [1]  NA   1   2   2   2   3   4   4   4   5   5   6   7   7   8   8  10  10
 [19]  10  10  10  10  10  10  10  12  12  12  12  13  13  13  13  13  16  17
 [37]  21  22  23  23  24  24  26  29  30  30  30  30  31  31  31  32  32  32
 [55]  32  36  37  37  39  41  44  46  48  48  48  48  48  48  48  48  50  50
 [73]  54  58  60  66  66  66  66  67  67  72  73  74  75  76  76  77  77  77
 [91]  77  79  80  81  82  84  85  87  88  88  90  95  95  95  95  95  99 103
[109] 104 105 107

$EXTANT
  [1] FALSE FALSE FALSE FALSE FALSE FALSE FALSE FALSE FALSE  TRUE FALSE FALSE
 [13] FALSE FALSE FALSE FALSE FALSE FALSE FALSE FALSE FALSE FALSE FALSE  TRUE
 [25] FALSE FALSE FALSE FALSE FALSE FALSE FALSE FALSE FALSE FALSE FALSE FALSE
 [37] FALSE FALSE FALSE FALSE  TRUE  TRUE FALSE FALSE FALSE FALSE FALSE  TRUE
 [49] FALSE FALSE FALSE FALSE FALSE FALSE FALSE FALSE FALSE FALSE  TRUE FALSE
 [61] FALSE FALSE FALSE FALSE FALSE  TRUE  TRUE  TRUE  TRUE  TRUE FALSE FALSE
 [73] FALSE FALSE  TRUE  TRUE  TRUE FALSE FALSE FALSE  TRUE  TRUE FALSE  TRUE
 [85]  TRUE FALSE  TRUE  TRUE  TRUE  TRUE  TRUE  TRUE  TRUE  TRUE  TRUE  TRUE
 [97]  TRUE  TRUE FALSE  TRUE FALSE  TRUE  TRUE  TRUE  TRUE  TRUE  TRUE  TRUE
[109]  TRUE  TRUE  TRUE

