
Birth-death simulation object with 232 species and 113 extant species

Details for some species:

Extinction times (NA means extant)
[1] 12.59277 14.88236 35.03099 20.77238 17.91726 13.73494


Speciation times 
[1] 49.26651 36.76332 35.44839 28.53065 28.22647 27.70533


Species parents (NA for initial)
[1] NA  1  1  1  1  1


Species status (extinct or extant)
[1] "extinct" "extinct" "extinct" "extinct" "extinct" "extinct"


For more details on vector y, try sim$y, with y one of
TE TS PAR EXTANT



$TE
  [1] 12.59276795 14.88236131 35.03098781 20.77237628 17.91726310 13.73494492
  [7]          NA 30.65727033 14.98991332 13.71809067 13.87564029 18.56212315
 [13] 15.23857821 16.04735166 20.67525189 16.12228108 14.50567227 10.69431057
 [19]          NA          NA  4.34464497  6.38633106  5.90623233          NA
 [25] 12.34594006 10.82977743 11.06222688 14.90151694 21.18585546 12.41712987
 [31] 15.39857801 13.71791967  7.14397855 15.12486040 13.54526710  7.55952464
 [37]  7.35557798  3.42119078  6.69519841  1.28047488          NA  1.29655833
 [43]  6.79635267  3.07331497  2.86390559          NA 18.43107298  4.08570098
 [49] 13.47338876 12.83340995 12.39938883  1.03379706  9.73331836  6.57561926
 [55]          NA 19.97562319 15.01789015 14.33422234 12.37975067  3.47432962
 [61]  1.24109442          NA          NA          NA          NA  0.05562523
 [67]          NA          NA  5.85051771          NA  0.84573075          NA
 [73]  1.90817666 13.29483711 10.52512544 14.16369047  0.76407728  6.56456726
 [79] 14.15392997 13.15576832  8.37157452  2.74223095  7.22087873          NA
 [85]  3.52692551          NA          NA 11.52381038          NA          NA
 [91]  1.41392576  5.55223244  0.13925962  7.95575678          NA          NA
 [97]  2.48109830  3.05292773          NA          NA          NA          NA
[103]          NA          NA  6.19131105          NA          NA          NA
[109]          NA 13.13282943 12.78653595 13.70463451  7.12401019  3.75641137
[115]  2.84002645          NA          NA          NA  7.15372476  4.24297561
[121]          NA 11.11662155  1.62465362  2.49172841          NA          NA
[127]          NA          NA          NA          NA          NA          NA
[133]  1.86037557          NA          NA  2.33262260          NA          NA
[139]          NA          NA          NA          NA          NA          NA
[145]          NA  5.33408346          NA          NA 11.82629574 12.52493096
[151]          NA          NA          NA          NA          NA          NA
[157]          NA          NA          NA          NA          NA          NA
[163]          NA          NA          NA  2.84507733  3.25547301          NA
[169]          NA          NA  2.52340816  4.17019435          NA          NA
[175]          NA          NA          NA          NA          NA  6.29294177
[181]          NA  0.26187342          NA 13.90812152 13.12538690          NA
[187]          NA          NA          NA          NA  7.35592963  2.44654713
[193]          NA  5.65077067          NA          NA  4.00330865  1.76068916
[199]          NA          NA          NA          NA  0.29334001  7.28024114
[205]  6.99284364          NA          NA          NA          NA  6.06366484
[211]          NA          NA          NA  0.32579121  7.14381133          NA
[217]          NA  1.90843980          NA  2.81200977          NA  4.97953818
[223]          NA  4.03317509          NA  2.09764874          NA          NA
[229]  4.25269527  1.67811862          NA          NA

$TS
  [1] 49.26651148 36.76332260 35.44839224 28.53064981 28.22646976 27.70532900
  [7] 13.77786248 34.17831992 28.82258245 27.79163797 27.55122967 19.86864640
 [13] 16.70456050 27.18028281 22.93341053 19.09921230 15.66512184 12.70579655
 [19]  9.90821687  7.45112161  6.91681668  6.87277000  6.25218431  3.90026188
 [25] 23.50200035 19.64409076 15.87476986 15.23227455 21.60300511 20.93899278
 [31] 19.66436243 17.95562771 19.12250925 23.21617357 18.53217484 11.46927243
 [37]  8.58761937  8.30492108  8.12437385  1.71054203  5.53406625  2.42064434
 [43]  6.80032223  6.54652227  6.65554830  1.47019984 20.90145002 19.44980878
 [49] 14.56406720 16.18993533 13.98028611 10.36022554 10.22291774 10.18491175
 [55]  9.15657802 20.64336630 15.53723710 14.55184963 13.99718599  9.59550470
 [61]  8.38523272  8.04581040  8.06343470  7.55850047  7.97976351  4.83406095
 [67]  3.80480311  7.54860182  6.71901960  2.18272896  0.88556190  0.58786391
 [73]  6.30983897 20.62910683 17.74707232 14.73353770  8.86147586  6.60871246
 [79] 15.00688064 13.55994164  9.16139547  6.76091047  9.77991339  9.73294199
 [85]  6.94209999  3.08730610  0.58662917 20.42062160  6.21888752  6.19500569
 [91]  6.06903092  6.71174755  3.39943443  7.95671173  6.82809671  3.36755947
 [97]  7.43686970  5.82871427  7.53720336  6.31051107  0.28147941  2.15147101
[103]  2.06500853  0.35453837  6.38152505  0.08894067  6.31287920  1.16867689
[109] 20.17931526 15.99063107 16.80984749 14.78714115  7.14278111  5.80105571
[115]  4.86294707  3.46162897  3.35402754  4.40551018  7.22541406  7.02584389
[121]  1.28575016 12.90369964  5.13176738  4.30206416  2.15033693  0.75819798
[127]  0.17745927  2.41846094  0.09786263  2.65511094  0.65623082  0.13671617
[133]  7.05199795  6.01230243  5.86613987  5.51357871  5.32426537  5.65769969
[139]  5.51188106  3.09855969  1.94686433  0.62759061  1.93419398  5.50930074
[145]  0.42067150 10.17132454  7.82365249  2.74975490 14.07852146 14.53387764
[151]  3.00479619  2.46203935  3.44929668  1.48788491  0.33756690  5.62836068
[157] 11.64586227  2.68589214  0.03745893  1.42286798  0.50386332  0.22013721
[163]  6.96953645  6.11475024  3.33416229  5.80829661  5.75483706  1.97245694
[169]  0.19573471  5.11951445  4.78022267  4.29774795  3.31609643  3.78952640
[175]  2.28501857  2.13981018  9.27500652  7.64244597  5.42441960  6.83827082
[181]  6.21566065  5.08210779  0.86590552 14.18238528 13.79468362  0.77667411
[187]  0.39966569  0.01378059  0.31662313 10.02369059  8.42135402  3.30978532
[193]  0.38733316  6.77520348  2.79979604  0.77259575  4.37503138  4.39586499
[199]  3.84323074  2.12306219  2.57578541  0.67028054  1.23072259  9.13441598
[205]  7.78555440  4.97441865  0.70308063  6.53228615  4.55631556  6.29781433
[211]  7.93427817  7.59114179  2.70629086  1.71330110  7.78976332  7.62161093
[217]  0.11575706  5.78815998  5.47258603  2.89891984  1.32729145  6.68550626
[223]  6.67481185  5.10916450  4.23986564  6.48023034  0.55583764  6.35408920
[229]  5.84686023  5.48294807  0.72756191  2.05004812

$PAR
  [1]  NA   1   1   1   1   1   1   2   2   2   2   2   2   5   6   6   6   7
 [19]   7   7   7   7   7   7   9   9   9   9  10  10  10  10  12  14  14  18
 [37]  19  19  19  19  20  20  21  21  22  24  25  26  30  32  32  33  33  33
 [55]  33  34  35  35  35  36  36  36  37  37  38  38  38  39  39  41  41  41
 [73]  45  47  48  48  48  48  50  50  52  52  53  54  54  55  55  56  60  60
 [91]  60  61  61  62  62  62  63  63  64  64  65  66  67  67  68  68  69  70
[109]  74  74  75  75  77  77  77  77  77  82  83  84  84  88  89  90  91  93
[127]  93  95  95  96  96  96  97  97  97  98  99 100 100 100 100 102 103 107
[145] 107 109 109 109 110 111 116 117 118 118 118 120 122 123 127 128 128 130
[163] 133 133 134 135 135 135 135 136 136 136 136 137 138 140 146 146 146 147
[181] 147 147 147 150 150 152 152 155 156 157 157 157 160 163 165 165 167 170
[199] 170 170 171 173 176 177 177 177 177 178 179 180 191 191 199 200 204 205
[217] 209 211 212 212 214 216 216 218 219 222 225 226 226 226 228 230

$EXTANT
  [1] FALSE FALSE FALSE FALSE FALSE FALSE  TRUE FALSE FALSE FALSE FALSE FALSE
 [13] FALSE FALSE FALSE FALSE FALSE FALSE  TRUE  TRUE FALSE FALSE FALSE  TRUE
 [25] FALSE FALSE FALSE FALSE FALSE FALSE FALSE FALSE FALSE FALSE FALSE FALSE
 [37] FALSE FALSE FALSE FALSE  TRUE FALSE FALSE FALSE FALSE  TRUE FALSE FALSE
 [49] FALSE FALSE FALSE FALSE FALSE FALSE  TRUE FALSE FALSE FALSE FALSE FALSE
 [61] FALSE  TRUE  TRUE  TRUE  TRUE FALSE  TRUE  TRUE FALSE  TRUE FALSE  TRUE
 [73] FALSE FALSE FALSE FALSE FALSE FALSE FALSE FALSE FALSE FALSE FALSE  TRUE
 [85] FALSE  TRUE  TRUE FALSE  TRUE  TRUE FALSE FALSE FALSE FALSE  TRUE  TRUE
 [97] FALSE FALSE  TRUE  TRUE  TRUE  TRUE  TRUE  TRUE FALSE  TRUE  TRUE  TRUE
[109]  TRUE FALSE FALSE FALSE FALSE FALSE FALSE  TRUE  TRUE  TRUE FALSE FALSE
[121]  TRUE FALSE FALSE FALSE  TRUE  TRUE  TRUE  TRUE  TRUE  TRUE  TRUE  TRUE
[133] FALSE  TRUE  TRUE FALSE  TRUE  TRUE  TRUE  TRUE  TRUE  TRUE  TRUE  TRUE
[145]  TRUE FALSE  TRUE  TRUE FALSE FALSE  TRUE  TRUE  TRUE  TRUE  TRUE  TRUE
[157]  TRUE  TRUE  TRUE  TRUE  TRUE  TRUE  TRUE  TRUE  TRUE FALSE FALSE  TRUE
[169]  TRUE  TRUE FALSE FALSE  TRUE  TRUE  TRUE  TRUE  TRUE  TRUE  TRUE FALSE
[181]  TRUE FALSE  TRUE FALSE FALSE  TRUE  TRUE  TRUE  TRUE  TRUE FALSE FALSE
[193]  TRUE FALSE  TRUE  TRUE FALSE FALSE  TRUE  TRUE  TRUE  TRUE FALSE FALSE
[205] FALSE  TRUE  TRUE  TRUE  TRUE FALSE  TRUE  TRUE  TRUE FALSE FALSE  TRUE
[217]  TRUE FALSE  TRUE FALSE  TRUE FALSE  TRUE FALSE  TRUE FALSE  TRUE  TRUE
[229] FALSE FALSE  TRUE  TRUE

