
Birth-death simulation object with 311 species and 78 extant species

Details for some species:

Extinction times (NA means extant)
[1] 44.32195 35.47262 29.50912 33.90484 38.71300 32.47514


Speciation times 
[1] 49.26651 46.69327 44.74408 39.96316 39.05682 35.91697


Species parents (NA for initial)
[1] NA  1  2  2  2  2


Species status (extinct or extant)
[1] "extinct" "extinct" "extinct" "extinct" "extinct" "extinct"


For more details on vector y, try sim$y, with y one of
TE TS PAR EXTANT



$TE
  [1] 44.32195013 35.47262389 29.50912247 33.90484138 38.71300464 32.47514490
  [7] 15.02651018 26.45358776 27.93381477 26.99487580 32.23033143 13.44566559
 [13]          NA 15.05895240 25.77913044 19.47095211 26.06905661 33.01073887
 [19] 32.90726105 27.73072779 24.72354258 13.52724612 24.63123273 14.17974237
 [25] 17.83446683 24.61171480 21.59690065 12.93187946 22.74089887          NA
 [31]  7.00816530  2.41443652  3.70485738 31.07762926 27.27032532 17.89263397
 [37] 17.93256974 20.04675828 20.47779882 26.01335572 23.48570954 22.25027401
 [43] 21.28069638 18.41497914 14.55089400 12.69841969 14.81730866 13.81757275
 [49] 13.22032588 15.12991506 14.82556655 13.16512880 13.22966437  8.52356486
 [55]  6.29021226          NA          NA          NA          NA 20.63797336
 [61] 16.29940839 10.58203369 14.28156455 13.09356937 18.12319441 11.86593041
 [67] 20.70532233 20.57943875 11.02652190 16.88970711 12.26631578 18.77009811
 [73] 13.93131523 12.92687986 14.24260785 14.98067097  5.59793658 15.20571155
 [79] 11.59441428 10.51340089          NA 11.89229409          NA  1.79716692
 [85]          NA 10.42440924 19.97759064 15.32225851 10.43851012 12.51179058
 [91] 14.92200471 13.61844841 13.62573909  2.45062708 12.84747584 24.26439498
 [97] 18.29305412 24.29183453 20.14395039 21.96661650 12.01217691 12.11749722
[103] 22.81472354 14.55317197 15.52906184 14.11340717 12.59923504  8.69122638
[109]  9.86186619 14.22978938 12.08256303 14.92292707 15.07052622 10.60679456
[115]  5.04099794  5.61624092 12.17299309 10.51774070 10.81089817 15.61022744
[121] 13.98810561 14.70075673 14.73078197 12.54174016          NA  9.12771366
[127]  4.73549171          NA 15.16893740  6.20372629          NA          NA
[133]          NA 13.61189403 14.58189820 16.16228817 12.95097999 14.62816518
[139] 11.66235045 14.31681010 15.03302462 11.17601712 14.39036286 13.09383364
[145] 12.53882239  3.28957572          NA  5.56270669          NA          NA
[151] 16.61442613 23.96711022 17.17869635  6.23280633 17.58534606 13.13585754
[157] 20.16983759 14.63844564 15.51467616 16.16970881 13.10328270 14.67650186
[163] 15.13687419 20.92205912 13.61419716 14.19242100 11.72844396 10.75089877
[169] 14.06310536          NA  6.84181885          NA 12.59111868 11.41342452
[175]  9.91453732 11.88259083 10.59601906 11.00025419  8.89004761  2.52920877
[181]          NA  1.18493455          NA          NA          NA          NA
[187]          NA  2.52007142  7.89928736 14.59773184 10.92782030 15.36567510
[193] 14.66461774 12.90593411          NA  6.60489561 14.06804942 13.23540892
[199]  9.32409324 14.88077315 18.26379683 13.89647883 13.14981006 10.45350751
[205] 11.12091224  7.68158175          NA          NA  8.54625123          NA
[211]          NA          NA  8.96885935 10.98118175 12.47706633 12.88916620
[217]          NA  3.43054014  3.01938102          NA          NA  7.54292702
[223]  2.16911249          NA          NA          NA  3.69974823  0.83949515
[229]  2.62782518          NA          NA  8.76785653          NA 11.29560897
[235] 13.25627886 12.49292234  2.90958527 13.97767116 14.55302660 13.95502928
[241] 15.39033020 14.43141110 13.95970700          NA          NA          NA
[247]  0.06713503  0.58491375          NA          NA  9.59560057          NA
[253] 13.02489324 10.46004789  4.34165893          NA          NA  0.23341644
[259]          NA  1.42875064          NA          NA          NA  5.41295535
[265]  4.52860029  0.01576950          NA  2.42200670          NA  0.53085630
[271]          NA  0.65845581 13.98233425  7.79221899  0.48022069  5.36629497
[277]  3.87847485          NA          NA          NA          NA          NA
[283]          NA          NA  0.40266440          NA          NA          NA
[289]  3.37799349          NA          NA  1.79570709  5.65835457  3.47108518
[295]          NA  6.75594279  3.51924495          NA          NA  1.44482631
[301]          NA  4.18627162  2.32102457          NA          NA          NA
[307]          NA          NA  0.28630625          NA          NA

$TS
  [1] 49.2665115 46.6932703 44.7440783 39.9631588 39.0568227 35.9169653
  [7] 43.2095412 36.2154948 35.8566411 33.5678926 32.8543694 34.9570933
 [13] 33.3984583 17.5680990 35.5411512 30.1194772 27.9729101 33.2189497
 [19] 33.1701322 30.4316903 28.3275578 32.6740797 32.4149652 29.4121612
 [25] 20.6130242 27.4358742 27.2290208 26.7902218 23.9959561 10.2133950
 [31]  8.5914102  7.0068362  5.8920674 33.3229947 30.2545731 29.7260237
 [37] 24.6699049 21.2986480 31.7688109 27.4887643 26.4803984 26.1266070
 [43] 24.0491666 21.3382604 20.7375575 20.6525304 19.0729871 18.3586049
 [49] 17.4337119 20.9199904 18.9091431 15.7032334 13.2480266  9.1700361
 [55]  6.5352203  4.8707519  6.3784686  3.0796545  4.9726850 31.1034137
 [61] 26.3505472 25.4218766 18.4509863 23.6801227 20.8786192 20.9937859
 [67] 29.7471195 29.1759656 27.5681604 24.8440815 24.3316682 26.7901863
 [73] 24.6856630 20.9937145 19.5099448 17.3500367 14.5943353 19.0747247
 [79] 13.8691565 14.1396681 18.2578666 16.4803359  6.3387911  1.8323659
 [85]  1.0174113 22.8460143 21.4165150 21.2335696 20.9400951 18.5201626
 [91] 18.1691801 13.9673121 14.9113637 20.5333428 18.6303212 24.7964476
 [97] 26.6841917 25.4297133 24.3803097 22.8996676 13.5118931 12.6339508
[103] 23.9270870 17.9989719 21.8179614 18.3226545 14.6181425 21.4762504
[109] 18.8519883 14.3380106 13.5554147 18.0531210 17.0652500 14.7169053
[115] 10.7203249 18.4924030 17.5286781 13.4811218 11.4990502 16.5018378
[121] 15.7680359 14.8568025 14.7577453 13.1932034 11.0980692  9.7454324
[127]  6.9950309  3.3051185 15.3273322 12.2988989  3.7306742  1.8281314
[133]  0.6530948 18.8848002 18.0603654 16.6634380 19.1428411 17.8820583
[139] 18.4467958 18.2069105 15.0375506 18.1075925 16.5778961 19.5266236
[145] 13.6577301  8.4650529  7.3237897  6.3034178  3.2393678  2.5826563
[151] 18.2737258 24.5003864 22.4768080 22.1369879 20.8849540 19.5467396
[157] 21.3296359 20.4535813 20.1524795 17.4715817 16.6013428 14.9028829
[163] 18.0558901 21.3617733 20.3297401 17.2595291 15.6441514 11.3641409
[169] 15.1918993 16.0865994 11.5353391 10.2531685 15.9599840 14.1902171
[175] 10.0200461 16.8289640 12.4165180 11.9832364 13.0180849 10.8700317
[181]  6.6485812  2.6116343  1.1131059  0.6932477 10.1806022  9.6573295
[187]  7.4221707  2.5650480 15.9891558 15.0446543 13.8820653 15.7225453
[193] 15.2446009 16.2180307 17.6409383  7.2722120 15.7356675 13.3053244
[199]  9.6670599 18.6112723 20.7660386 20.9538583 19.5448432 14.1411351
[205] 11.2675315 10.2615672  4.3555070  2.5994521 10.8975897  7.8651923
[211]  7.3419684  4.6213900 12.6214564 11.7495107 14.6068551 13.7483107
[217]  9.3573347  8.8761687  3.6051289  1.3870018  0.2679304  9.6560242
[223]  4.3667733  2.5513851  0.1843286  9.0424748  6.1000975  5.7082949
[229]  5.4398865  4.4534817  0.1025149 11.3836411  8.0333308 12.4320395
[235] 13.9212948 12.7262049  5.6287161 19.2729908 18.5597083 15.7777616
[241] 17.7417324 14.7128005 14.1018765  3.6945513  0.7713133  9.2416716
[247]  1.5706008  3.9126089  2.0918765  0.7059379  9.8499158  9.7386302
[253] 14.3260832 13.3975667  5.8834387  3.1103356  0.7812913  0.6891984
[259]  0.4640898  5.1609838  2.4418871  2.1757545  0.1197351  6.8850809
[265]  6.2032105  3.2248031  4.6961238  4.5184781  3.4608939  3.1998461
[271]  0.5079043  2.4340505 14.4834431  9.0441058  7.7269493  5.5587166
[277]  5.3769583  5.2604816  3.6508035  7.7335896  7.3152813  5.5968502
[283]  0.6652697  1.6211531  1.1197720  0.6330970  0.3702167  4.4974417
[289]  3.5726555  0.2414373  1.0647831  2.7248021  6.4282417  6.1424840
[295]  0.6014541  7.2036328  5.5884831  4.6945164  3.2988806  5.5321741
[301]  3.3937304  5.0342456  2.7244925  1.2530056  0.9233319  0.3024592
[307]  0.3632337  6.3716667  2.9865994  2.6941626  0.7140074

$PAR
  [1]  NA   1   2   2   2   2   3   3   4   6   6   7   7   7   8   9   9  10
 [19]  10  10  10  11  11  12  12  13  13  13  13  13  13  13  13  15  15  16
 [37]  16  16  22  22  22  22  22  22  22  22  22  24  24  28  28  28  28  30
 [55]  30  30  32  32  33  34  36  36  36  37  37  38  39  39  39  39  39  40
 [73]  42  44  45  45  45  46  48  49  51  51  55  58  59  60  60  60  61  61
 [91]  62  62  64  66  66  67  68  69  69  69  69  69  70  70  71  71  71  73
[109]  73  74  74  75  75  75  77  78  78  79  80  81  81  81  81  81  81  81
[127]  81  81  82  82  83  83  85  86  86  86  88  89  90  90  90  91  91  94
[145]  94  94  94  94  94  94  95  96  97  97  97  97  99  99  99 104 104 104
[163] 106 108 108 108 108 108 109 113 114 115 116 116 116 117 118 118 124 125
[181] 125 125 125 125 130 130 130 131 134 135 137 139 139 140 144 147 154 154
[199] 154 156 157 164 165 165 168 170 170 170 171 171 171 172 173 174 176 176
[217] 180 180 180 181 181 185 185 185 185 186 186 186 186 186 186 189 189 191
[235] 194 195 195 202 202 202 203 203 204 207 208 209 210 211 211 212 213 213
[253] 215 216 217 217 217 217 217 218 224 224 224 226 226 228 229 229 229 229
[271] 230 233 240 246 246 246 246 246 246 252 252 252 261 262 262 262 266 267
[289] 267 267 269 270 275 275 275 280 280 280 280 281 281 282 282 282 282 282
[307] 283 293 298 299 305

$EXTANT
  [1] FALSE FALSE FALSE FALSE FALSE FALSE FALSE FALSE FALSE FALSE FALSE FALSE
 [13]  TRUE FALSE FALSE FALSE FALSE FALSE FALSE FALSE FALSE FALSE FALSE FALSE
 [25] FALSE FALSE FALSE FALSE FALSE  TRUE FALSE FALSE FALSE FALSE FALSE FALSE
 [37] FALSE FALSE FALSE FALSE FALSE FALSE FALSE FALSE FALSE FALSE FALSE FALSE
 [49] FALSE FALSE FALSE FALSE FALSE FALSE FALSE  TRUE  TRUE  TRUE  TRUE FALSE
 [61] FALSE FALSE FALSE FALSE FALSE FALSE FALSE FALSE FALSE FALSE FALSE FALSE
 [73] FALSE FALSE FALSE FALSE FALSE FALSE FALSE FALSE  TRUE FALSE  TRUE FALSE
 [85]  TRUE FALSE FALSE FALSE FALSE FALSE FALSE FALSE FALSE FALSE FALSE FALSE
 [97] FALSE FALSE FALSE FALSE FALSE FALSE FALSE FALSE FALSE FALSE FALSE FALSE
[109] FALSE FALSE FALSE FALSE FALSE FALSE FALSE FALSE FALSE FALSE FALSE FALSE
[121] FALSE FALSE FALSE FALSE  TRUE FALSE FALSE  TRUE FALSE FALSE  TRUE  TRUE
[133]  TRUE FALSE FALSE FALSE FALSE FALSE FALSE FALSE FALSE FALSE FALSE FALSE
[145] FALSE FALSE  TRUE FALSE  TRUE  TRUE FALSE FALSE FALSE FALSE FALSE FALSE
[157] FALSE FALSE FALSE FALSE FALSE FALSE FALSE FALSE FALSE FALSE FALSE FALSE
[169] FALSE  TRUE FALSE  TRUE FALSE FALSE FALSE FALSE FALSE FALSE FALSE FALSE
[181]  TRUE FALSE  TRUE  TRUE  TRUE  TRUE  TRUE FALSE FALSE FALSE FALSE FALSE
[193] FALSE FALSE  TRUE FALSE FALSE FALSE FALSE FALSE FALSE FALSE FALSE FALSE
[205] FALSE FALSE  TRUE  TRUE FALSE  TRUE  TRUE  TRUE FALSE FALSE FALSE FALSE
[217]  TRUE FALSE FALSE  TRUE  TRUE FALSE FALSE  TRUE  TRUE  TRUE FALSE FALSE
[229] FALSE  TRUE  TRUE FALSE  TRUE FALSE FALSE FALSE FALSE FALSE FALSE FALSE
[241] FALSE FALSE FALSE  TRUE  TRUE  TRUE FALSE FALSE  TRUE  TRUE FALSE  TRUE
[253] FALSE FALSE FALSE  TRUE  TRUE FALSE  TRUE FALSE  TRUE  TRUE  TRUE FALSE
[265] FALSE FALSE  TRUE FALSE  TRUE FALSE  TRUE FALSE FALSE FALSE FALSE FALSE
[277] FALSE  TRUE  TRUE  TRUE  TRUE  TRUE  TRUE  TRUE FALSE  TRUE  TRUE  TRUE
[289] FALSE  TRUE  TRUE FALSE FALSE FALSE  TRUE FALSE FALSE  TRUE  TRUE FALSE
[301]  TRUE FALSE FALSE  TRUE  TRUE  TRUE  TRUE  TRUE FALSE  TRUE  TRUE

