
Birth-death simulation object with 301 species and 100 extant species

Details for some species:

Extinction times (NA means extant)
[1] 37.88377 42.07722 42.35912 18.79427 37.72700 39.11904


Speciation times 
[1] 49.26651 47.45712 42.81523 42.51633 39.31768 43.56166


Species parents (NA for initial)
[1] NA  1  1  1  1  2


Species status (extinct or extant)
[1] "extinct" "extinct" "extinct" "extinct" "extinct" "extinct"


For more details on vector y, try sim$y, with y one of
TE TS PAR EXTANT



$TE
  [1] 37.88376981 42.07721660 42.35912327 18.79427322 37.72700150 39.11904192
  [7] 42.73803582 33.67431798 27.51603712 15.04666974 17.23222411 14.47021880
 [13] 31.81613320 13.92144745 35.85065642 32.77064223 18.89815160 25.69817503
 [19] 11.97412014 14.07746363 13.46431648 31.06160639 22.12011741 10.50026249
 [25] 36.17978213 22.44745606 32.56161369 18.28938220 27.02641642 28.01699205
 [31] 23.99402122 17.72021934 18.02899128 21.70391305 14.44643621 22.38216316
 [37] 30.11414986 25.97181137 23.89656734 13.97908095 24.67223668 11.78645680
 [43] 10.47325200 20.66702533 15.61660904 25.54366615 31.55961493 22.13276065
 [49] 12.15975188 29.44247173  0.45886766 14.78589621 14.32091465 15.09769078
 [55] 22.78560366 19.17812396 18.73408554 18.94274810 15.32678544 10.55283953
 [61] 28.29240380 23.09648124 21.81180084 22.07517706 13.12477283 12.27401112
 [67] 12.88400568 14.51227740 15.44383256 12.00874157 11.60803487 14.84559721
 [73] 12.48537938 14.52924643 26.88176333 19.73577909  6.84202125 16.50643809
 [79] 11.46098892          NA  7.32477038  2.09420712          NA          NA
 [85] 23.00454022 15.55309544 12.11744808 16.56038431 13.38984984 14.35788038
 [91] 14.97202442  8.32196651 17.10826748 15.76506236 21.28874923 19.30002140
 [97] 14.12377467 15.10584055 17.20315271 15.51326174 22.35862450 11.09421757
[103]  8.06810434 11.83342877 10.29349338 21.56778761 13.21029687 14.81496785
[109] 13.98446634 11.39959301  7.62350474          NA  7.21494022  4.46236347
[115]          NA 15.31564047 12.14533365 13.19789542 14.05069154 14.11803991
[121]          NA          NA 19.94824808 18.16868400 12.95099217 19.19351729
[127] 24.88685660 25.19984339 19.75822967  7.14849206 10.58809037  7.88558133
[133]          NA          NA          NA 13.47181747 11.94247118 16.59568892
[139]          NA  5.08865291  4.52598105  2.13169156  6.78429077  5.19286471
[145] 18.26580039 16.31625779 14.86454869  8.27353476          NA          NA
[151]  1.44500475  0.74047692          NA  6.13848727          NA  6.24681363
[157]  3.98122211          NA  4.64244381 21.56410259 11.87520199 16.40452793
[163] 14.29792325  2.53165212          NA          NA  1.16756282          NA
[169]  5.56118549          NA          NA          NA          NA          NA
[175]  1.20051652  5.32306117  5.54190908          NA          NA 13.63966332
[181]  5.60425879          NA          NA          NA  0.53594327  5.43235618
[187]          NA          NA          NA          NA  2.04205732  5.46458829
[193]  5.62188774  5.15294810  1.96542850  3.94090477          NA 13.26522180
[199]  8.89547187  8.34644787  3.76829765          NA  3.43995954          NA
[205]          NA  3.05017826  3.35396345          NA          NA          NA
[211]          NA          NA          NA          NA  0.59383072          NA
[217]  1.72887826          NA          NA  3.21490829          NA  0.74606947
[223]          NA  7.31167058          NA  4.69422650          NA  3.68454325
[229]          NA          NA          NA  0.02804601  1.19452796          NA
[235]  2.61571374          NA          NA  6.68059433          NA  6.03051791
[241]          NA  5.30211220          NA  3.62861386  0.81372165  4.90767547
[247]          NA          NA          NA          NA          NA          NA
[253]          NA          NA  4.78426514          NA          NA  7.32153111
[259]          NA  1.36215976  1.51370368  4.88505502          NA          NA
[265]          NA          NA          NA  0.39853634          NA          NA
[271]          NA          NA  0.25223231  2.32312563          NA          NA
[277]  7.12938834  5.83883497  5.18949683          NA          NA  1.09862915
[283]          NA  0.60220277          NA          NA          NA          NA
[289]          NA          NA          NA          NA          NA          NA
[295]  0.68489968          NA  0.22417155          NA          NA          NA
[301]          NA

$TS
  [1] 49.26651148 47.45711567 42.81523357 42.51633299 39.31768073 43.56165751
  [7] 42.80552724 39.49730883 33.76014670 25.54267179 21.52712923 38.63538080
 [13] 39.97393208 38.63489851 35.94393374 33.01019766 32.86061650 32.65337707
 [19] 21.01308613 15.71193299 17.69596596 33.03439417 28.41748117 23.09339674
 [25] 39.81379258 38.35312801 37.95102922 34.96378691 34.55548147 28.45899003
 [31] 26.30279698 27.88361260 26.63049853 26.33135837 25.46702312 24.92506560
 [37] 31.52538409 30.35110231 28.19519340 28.10062657 27.92151500 14.03149371
 [43] 25.35436116 24.64861828 19.72970236 35.04890261 32.37935676 29.80632458
 [49] 31.39332817 29.71645778 29.02971700 25.02521051 21.80525507 23.10437547
 [55] 23.09479546 22.79144344 25.93446174 21.43129421 20.63853065 19.30715885
 [61] 29.66392974 29.37896483 27.40314532 24.66331735 17.95706036 16.60390638
 [67] 22.22175677 17.22924721 17.04691273 16.82156832 11.70649817 20.70278877
 [73] 23.83269301 29.13767470 27.75434980 19.78878880 13.57198623 18.13074694
 [79] 12.68565336 10.21664304  8.01001572  2.86712622  2.84813363  2.65217884
 [85] 24.02300584 18.07013935 21.53326647 17.72086742 14.76062361 21.38323790
 [91] 18.51929789 20.87630639 20.28596005 25.77215290 22.70593031 21.44448327
 [97] 19.66443227 19.46184976 17.56440562 16.27224713 28.88078174 23.76402279
[103] 16.78826599 12.86794735 12.20728857 22.61716393 19.84585925 16.87973204
[109] 15.53047618 12.61854973  9.55637018  8.47397410  8.12612591  5.66452572
[115]  0.33242429 17.10116577 12.86425569 17.55093953 19.90646200 17.34266953
[121]  8.86340419 17.53642883 25.67954168 21.59806331 16.27898016 22.37612310
[127] 26.60296234 25.98264986 20.12223847  9.31156293 12.42391513  8.39444145
[133]  6.49684520  3.36235653  7.90993301 14.16505873 13.57586405 17.11810927
[139]  8.09635880  6.30278103  5.66348296  3.41002049 10.22235645  8.50190115
[145] 24.07758377 21.48601774 21.30133814 10.66285255  0.49352599  0.41018952
[151]  7.12493062  6.60624299  7.51674812  6.74230725  3.00749377  9.16723567
[157]  8.33501945  6.07406002  5.26288760 23.24145653 18.52774313 21.19332002
[163] 15.54302329  9.92695948  8.99290655  0.23180199  5.58677717  5.89949912
[169]  5.82324395  2.76621975  0.59518679  6.19349880  8.27371275  7.16452345
[175]  6.74678236  6.31223532  6.92096843  2.51630690 13.43420247 14.34825211
[181]  8.48824614  5.49485324  3.21494378  6.41233738  2.31868732  5.66628493
[187]  0.47406835  2.42935182  1.52846962  4.89962047  4.37879327  8.18308932
[193]  7.68733444  5.80148373  6.31455660  5.63431526  3.05609322 13.27715459
[199] 11.73550977 10.08395485  7.73899622  8.22879035  7.76243546  7.67374729
[205]  5.23638263  4.91013429  3.58499268  3.28880769  2.36272067  1.51824542
[211]  1.42286699  0.43797460  3.33742425  7.88185697  7.74600058  7.25901688
[217]  5.75210900  1.04954694  9.12286920  9.74717624  7.55519595  7.04515963
[223]  3.31042667  7.62053089  4.75233605  6.93130411  0.04043642  4.71249518
[229]  3.66719449  1.99326153  0.73573320  4.00814571  2.66275557  5.69863158
[235]  4.09996162  9.02563456  7.56882547  7.23447402  6.55707387  6.49288079
[241]  3.00522487  9.24972830  8.19937833  7.96386214  3.62042222  6.97424588
[247]  2.42107596  6.17829847  5.45946809  0.11353669  0.60170456  2.03240805
[253]  5.50726288  5.02155504  8.24954390  7.30971211  4.18974754  7.55373221
[259]  0.59110495  6.76010849  6.12021985  6.09699952  5.88285140  2.87595656
[265]  2.36353913  2.96370417  0.88195869  5.36352282  0.39491473  5.57004975
[271]  3.95916124  1.27749174  2.83098642  5.44422079  0.08983515  3.37828784
[277]  7.72135066  5.84552155  5.55541608  2.00679222  6.04834662  3.30297793
[283]  1.40711461  1.58672656  1.19317553  4.67370636  0.59711280  0.58739251
[289]  0.22788571  1.67389842  1.05012601  0.65028786  0.54517733  4.01939030
[295]  2.49256815  2.45562635  1.68779337  0.61754873  0.66925804  2.40376407
[301]  0.60600498

$PAR
  [1]  NA   1   1   1   1   2   2   4   4   4   4   5   6   8   8   9   9   9
 [19]  10  10  11  12  12  12  13  13  13  13  13  14  14  17  17  17  17  17
 [37]  18  18  18  18  18  21  23  23  24  26  26  26  28  29  29  31  32  33
 [55]  33  33  34  35  35  35  38  38  39  40  40  40  43  43  43  43  43  44
 [73]  48  49  49  49  49  51  51  51  51  51  51  51  52  52  53  53  53  54
 [91]  54  56  56  57  57  57  57  58  60  60  61  63  69  70  70  73  73  73
[109]  73  77  77  77  80  80  83  87  87  90  92  92  92  93  94  94  94  95
[127] 101 101 102 103 110 112 112 112 113 118 118 120 121 121 121 121 122 122
[145] 123 123 123 131 134 134 135 135 139 139 139 143 144 144 144 145 145 146
[163] 147 148 148 149 151 152 152 153 153 154 156 156 156 156 157 158 161 163
[181] 164 164 164 165 167 168 168 170 170 172 172 173 173 173 175 175 175 179
[199] 179 179 179 181 181 181 182 182 182 182 184 184 185 187 191 192 192 193
[217] 195 197 199 200 202 202 202 203 203 204 204 206 206 209 210 214 214 216
[235] 217 219 219 219 219 219 219 220 220 220 220 221 221 226 226 231 232 233
[253] 234 234 236 236 236 237 237 238 239 239 239 239 239 241 241 243 243 244
[271] 244 245 248 249 251 254 255 255 256 257 261 263 264 266 266 270 273 280
[289] 281 282 283 283 285 286 286 286 286 286 291 296 296

$EXTANT
  [1] FALSE FALSE FALSE FALSE FALSE FALSE FALSE FALSE FALSE FALSE FALSE FALSE
 [13] FALSE FALSE FALSE FALSE FALSE FALSE FALSE FALSE FALSE FALSE FALSE FALSE
 [25] FALSE FALSE FALSE FALSE FALSE FALSE FALSE FALSE FALSE FALSE FALSE FALSE
 [37] FALSE FALSE FALSE FALSE FALSE FALSE FALSE FALSE FALSE FALSE FALSE FALSE
 [49] FALSE FALSE FALSE FALSE FALSE FALSE FALSE FALSE FALSE FALSE FALSE FALSE
 [61] FALSE FALSE FALSE FALSE FALSE FALSE FALSE FALSE FALSE FALSE FALSE FALSE
 [73] FALSE FALSE FALSE FALSE FALSE FALSE FALSE  TRUE FALSE FALSE  TRUE  TRUE
 [85] FALSE FALSE FALSE FALSE FALSE FALSE FALSE FALSE FALSE FALSE FALSE FALSE
 [97] FALSE FALSE FALSE FALSE FALSE FALSE FALSE FALSE FALSE FALSE FALSE FALSE
[109] FALSE FALSE FALSE  TRUE FALSE FALSE  TRUE FALSE FALSE FALSE FALSE FALSE
[121]  TRUE  TRUE FALSE FALSE FALSE FALSE FALSE FALSE FALSE FALSE FALSE FALSE
[133]  TRUE  TRUE  TRUE FALSE FALSE FALSE  TRUE FALSE FALSE FALSE FALSE FALSE
[145] FALSE FALSE FALSE FALSE  TRUE  TRUE FALSE FALSE  TRUE FALSE  TRUE FALSE
[157] FALSE  TRUE FALSE FALSE FALSE FALSE FALSE FALSE  TRUE  TRUE FALSE  TRUE
[169] FALSE  TRUE  TRUE  TRUE  TRUE  TRUE FALSE FALSE FALSE  TRUE  TRUE FALSE
[181] FALSE  TRUE  TRUE  TRUE FALSE FALSE  TRUE  TRUE  TRUE  TRUE FALSE FALSE
[193] FALSE FALSE FALSE FALSE  TRUE FALSE FALSE FALSE FALSE  TRUE FALSE  TRUE
[205]  TRUE FALSE FALSE  TRUE  TRUE  TRUE  TRUE  TRUE  TRUE  TRUE FALSE  TRUE
[217] FALSE  TRUE  TRUE FALSE  TRUE FALSE  TRUE FALSE  TRUE FALSE  TRUE FALSE
[229]  TRUE  TRUE  TRUE FALSE FALSE  TRUE FALSE  TRUE  TRUE FALSE  TRUE FALSE
[241]  TRUE FALSE  TRUE FALSE FALSE FALSE  TRUE  TRUE  TRUE  TRUE  TRUE  TRUE
[253]  TRUE  TRUE FALSE  TRUE  TRUE FALSE  TRUE FALSE FALSE FALSE  TRUE  TRUE
[265]  TRUE  TRUE  TRUE FALSE  TRUE  TRUE  TRUE  TRUE FALSE FALSE  TRUE  TRUE
[277] FALSE FALSE FALSE  TRUE  TRUE FALSE  TRUE FALSE  TRUE  TRUE  TRUE  TRUE
[289]  TRUE  TRUE  TRUE  TRUE  TRUE  TRUE FALSE  TRUE FALSE  TRUE  TRUE  TRUE
[301]  TRUE

