
Birth-death simulation object with 248 species and 63 extant species

Details for some species:

Extinction times (NA means extant)
[1] 33.38544 29.99962 39.46624 44.30053 23.59539 24.49181


Speciation times 
[1] 49.26651 49.02679 48.61977 44.71841 37.98505 36.92300


Species parents (NA for initial)
[1] NA  1  1  2  2  2


Species status (extinct or extant)
[1] "extinct" "extinct" "extinct" "extinct" "extinct" "extinct"


For more details on vector y, try sim$y, with y one of
TE TS PAR EXTANT



$TE
  [1] 33.3854447 29.9996164 39.4662410 44.3005331 23.5953883 24.4918052
  [7] 29.5744745 47.2936461 37.2307198 36.3325065 15.5631671 33.1485212
 [13] 27.5305992 31.0543570 17.7912010 13.1302908 23.8734826 24.2077357
 [19] 29.0177765 18.3554748 26.3899955 30.4224774 21.6214169 20.7500949
 [25] 21.6924487 18.6589907 30.2236169 15.9939453 25.6932872 14.5529623
 [31] 11.8422823 12.3042128 14.8911226 13.2715237 26.6964903 16.3457894
 [37] 18.3788249 30.7589613 23.1996165 32.0355310 26.4752778 29.3716570
 [43] 29.9104588 15.2751203 14.8051739 21.9443093 13.0094737 17.0856681
 [49] 15.4930054 28.6721115 13.8240301 13.4654100 10.4404706 14.7875094
 [55] 23.9021900 19.0706984 19.4856208 20.4821916 15.0522466 14.4760779
 [61] 13.8868446 14.1984495 10.0180618 16.8770322 17.5465070 12.7823421
 [67] 15.3801028 14.9584102 15.1536315 14.2737309 14.2333689 12.6579192
 [73] 25.7048626  2.5443494 13.2564729 17.7850660 15.8911434 16.4848557
 [79]  5.8987866 14.7784129 15.3925045 13.9848338 12.2677382 15.9313405
 [85] 14.1950161 22.4857155 17.6403878 17.6894274 15.8933743 15.2965029
 [91] 18.8726810 14.7358880 15.7874505 14.3435176  7.0549171 12.1194959
 [97] 15.5976768 16.0776314         NA 13.6834636 11.6744286 14.6713761
[103] 14.6953042 17.9764381 19.6908311 10.0380979 13.9035327 13.0044102
[109] 16.9945819 12.9085572 12.3005720  3.6464493         NA 12.9945160
[115] 14.8381957 21.2007958 13.6999336 12.4543752  3.1771484  0.7389096
[121]  5.0874022 14.5189015 14.7407775 16.8398091 14.9504635 11.8863143
[127]  3.7004493  7.4408009         NA 12.5689141 13.1871722 11.7228893
[133] 14.5897278  1.2171755 25.6812935 19.4190848 17.4065426 20.3198236
[139] 14.3029921 20.5226970 13.6595094 12.4097910         NA  0.0705855
[145]         NA 20.2962698 12.7510266 13.9272533 14.2238861 12.6496700
[151]         NA  4.3309609         NA         NA  0.6003755 14.6940312
[157] 10.8249588  1.1681672  8.6073186  3.1372406  1.3816460         NA
[163]         NA         NA         NA 13.2268950 15.1396954 13.0414716
[169]         NA         NA  1.2565164  1.7203267         NA         NA
[175]  2.4905612  4.3563804         NA  5.2022353         NA  4.3852650
[181]         NA         NA  1.7900326  5.4646606         NA  9.4455278
[187]  5.4421418  3.5339972  2.6282101  4.0079869  0.6923793         NA
[193]  3.3198985  1.8631909         NA         NA         NA         NA
[199]  3.0214071         NA         NA         NA         NA         NA
[205]  4.6279372  4.3915702         NA         NA         NA         NA
[211]  0.5915734  0.4628701         NA         NA         NA  3.5113160
[217]         NA  1.6137966         NA         NA         NA  4.8113722
[223]  3.8168091  0.9226421         NA         NA         NA         NA
[229]         NA         NA         NA         NA  0.9066616         NA
[235]         NA  1.6512014         NA         NA         NA         NA
[241]         NA         NA         NA  1.1655135         NA         NA
[247]         NA         NA

$TS
  [1] 49.26651148 49.02678675 48.61976623 44.71840678 37.98504813 36.92300076
  [7] 36.00969717 48.27193809 40.11213595 44.53067543 37.92762284 36.49272536
 [13] 35.46665146 31.90682448 30.87958494 26.58525655 24.89353381 24.55482900
 [19] 31.18210755 28.25276687 34.66146670 34.27557556 32.98763312 32.58543659
 [25] 35.47643637 35.14603111 30.39726405 26.90119219 25.95170561 26.36872031
 [31] 23.97190736 13.69636039 23.92646901 24.39659203 27.90630322 21.53528234
 [37] 19.07486232 34.09404434 28.55531878 32.17263263 31.55191718 30.41274736
 [43] 32.41317258 26.59007486 25.78207480 22.65052390 21.92815497 21.87303988
 [49] 21.23046360 29.93322245 27.73300026 27.09974921 21.93842299 31.05176301
 [55] 26.11842749 20.05209739 25.50747206 24.33803140 19.96519002 16.19105351
 [61] 21.68384287 14.37863210 12.53437957 22.72495520 22.40188064 19.07005660
 [67] 19.50563456 15.33620207 15.29102209 14.94755005 18.58465540 25.62554755
 [73] 30.37152535 15.27607006 14.83242815 19.10467254 18.41378296 28.92255739
 [79] 22.36477187 16.28253157 17.82970701 14.27929286 18.81305695 17.03851817
 [85] 15.18524911 24.11592623 21.83027318 19.77493513 19.37557624 21.10085884
 [91] 19.55629404 18.69782967 18.50337287 16.77141286 16.52842153 12.44876526
 [97] 19.22879461 18.87912048 18.03552353 16.94104691 16.92927634 16.28820474
[103] 15.99109620 22.82531036 19.76298531 18.14191413 16.97681382 27.81874808
[109] 27.20083779 13.19715000 12.55951454  7.28076735  6.59106009 13.36776573
[115] 23.39461513 22.15858977 20.71115504 13.29231244 10.21075620  5.94274289
[121] 12.84496555 19.41438335 17.23742965 17.19586572 15.87588095 17.38140313
[127] 10.56467701  9.78705034  2.81519017 16.83736844 15.56413719 13.21689164
[133] 14.82153588 10.22196246 26.47223348 22.63519488 24.76878862 24.21291303
[139] 23.78521377 22.14040386 19.22715397 12.54088452  5.74907813  4.39772696
[145]  2.54125791 20.87942421 14.85703103 16.76608144 14.38400161 12.85499445
[151]  6.09513022  5.24402711  4.35700636  1.05574602  6.09671653 14.82956974
[157] 13.56682841  8.23394062  9.59883515  6.69660985  5.86612161  4.69743254
[163]  3.98449745  3.18369842 18.88801313 15.89559997 15.82954782 13.67288342
[169]  4.87566722  0.64400498  1.76627382  5.87571446  5.64086761  3.67274963
[175]  3.36839129  4.83959946  1.44976864  5.73536786  5.58852662  4.72600785
[181]  2.51287254  2.13640780  7.89626051  6.94243252  6.71905630  9.59493649
[187]  5.91235956  4.37205751  4.08762587  4.17616615  2.39290473 14.45060029
[193]  5.63580941  3.29608570  4.26324268  3.14671839  0.59493168  0.48151720
[199]  5.55809885  2.80213227  0.16831464  0.01329817  0.53611430  6.29478699
[205]  5.75643617  6.44280363  3.49382374  1.98106253  1.25803404  5.89994047
[211]  3.06306747  0.70887843  4.45669685  0.18332746  2.06396477  5.12634874
[217]  5.00933545  2.12016388  5.25414909  6.29199627  5.97785481  5.75878438
[223]  4.94387678  1.33937611  1.55234370  2.54060319  0.54160913  0.16580209
[229]  5.04278273  4.78746518  5.39741815  0.95950410  0.91609916  4.55451713
[235]  0.30663389  4.37503087  1.23328823  2.26401489  1.93645408  0.88494914
[241]  0.06599069  0.50287937  2.30939301  2.25439875  2.00489873  1.45178050
[247]  0.04137374  0.53179380

$PAR
  [1]  NA   1   1   2   2   2   2   3   3   4   5   5   5   5   5   5   5   5
 [19]   6   6  11  11  11  11  12  13  15  15  15  16  16  16  17  18  20  20
 [37]  20  21  21  22  22  23  24  24  24  24  24  24  24  25  25  25  25  26
 [55]  26  26  28  30  30  30  31  31  32  33  33  33  34  34  34  34  36  39
 [73]  42  44  47  49  49  50  51  51  52  52  53  53  53  54  54  54  54  58
 [91]  59  59  61  61  61  63  65  65  65  66  66  66  71  72  72  72  72  73
[109]  73  74  74  74  74  75  78  78  79  79  79  79  83  91  92  93  95  99
[127]  99  99  99 100 101 101 103 106 108 108 109 109 109 109 109 111 112 113
[145] 113 115 115 117 117 118 119 119 119 120 121 126 126 127 134 134 134 134
[163] 134 134 137 139 141 141 143 143 144 151 151 151 151 152 153 155 155 155
[181] 155 155 158 158 158 159 160 160 160 162 162 165 165 169 172 172 173 177
[199] 179 179 179 181 182 183 183 185 185 185 185 192 192 192 193 195 196 199
[217] 199 204 205 206 206 206 206 207 210 213 215 217 219 220 221 221 221 223
[235] 227 229 230 231 231 231 231 232 234 238 238 239 240 243

$EXTANT
  [1] FALSE FALSE FALSE FALSE FALSE FALSE FALSE FALSE FALSE FALSE FALSE FALSE
 [13] FALSE FALSE FALSE FALSE FALSE FALSE FALSE FALSE FALSE FALSE FALSE FALSE
 [25] FALSE FALSE FALSE FALSE FALSE FALSE FALSE FALSE FALSE FALSE FALSE FALSE
 [37] FALSE FALSE FALSE FALSE FALSE FALSE FALSE FALSE FALSE FALSE FALSE FALSE
 [49] FALSE FALSE FALSE FALSE FALSE FALSE FALSE FALSE FALSE FALSE FALSE FALSE
 [61] FALSE FALSE FALSE FALSE FALSE FALSE FALSE FALSE FALSE FALSE FALSE FALSE
 [73] FALSE FALSE FALSE FALSE FALSE FALSE FALSE FALSE FALSE FALSE FALSE FALSE
 [85] FALSE FALSE FALSE FALSE FALSE FALSE FALSE FALSE FALSE FALSE FALSE FALSE
 [97] FALSE FALSE  TRUE FALSE FALSE FALSE FALSE FALSE FALSE FALSE FALSE FALSE
[109] FALSE FALSE FALSE FALSE  TRUE FALSE FALSE FALSE FALSE FALSE FALSE FALSE
[121] FALSE FALSE FALSE FALSE FALSE FALSE FALSE FALSE  TRUE FALSE FALSE FALSE
[133] FALSE FALSE FALSE FALSE FALSE FALSE FALSE FALSE FALSE FALSE  TRUE FALSE
[145]  TRUE FALSE FALSE FALSE FALSE FALSE  TRUE FALSE  TRUE  TRUE FALSE FALSE
[157] FALSE FALSE FALSE FALSE FALSE  TRUE  TRUE  TRUE  TRUE FALSE FALSE FALSE
[169]  TRUE  TRUE FALSE FALSE  TRUE  TRUE FALSE FALSE  TRUE FALSE  TRUE FALSE
[181]  TRUE  TRUE FALSE FALSE  TRUE FALSE FALSE FALSE FALSE FALSE FALSE  TRUE
[193] FALSE FALSE  TRUE  TRUE  TRUE  TRUE FALSE  TRUE  TRUE  TRUE  TRUE  TRUE
[205] FALSE FALSE  TRUE  TRUE  TRUE  TRUE FALSE FALSE  TRUE  TRUE  TRUE FALSE
[217]  TRUE FALSE  TRUE  TRUE  TRUE FALSE FALSE FALSE  TRUE  TRUE  TRUE  TRUE
[229]  TRUE  TRUE  TRUE  TRUE FALSE  TRUE  TRUE FALSE  TRUE  TRUE  TRUE  TRUE
[241]  TRUE  TRUE  TRUE FALSE  TRUE  TRUE  TRUE  TRUE

