
Birth-death simulation object with 390 species and 136 extant species

Details for some species:

Extinction times (NA means extant)
[1] 38.57428 44.67225 41.55855 34.49064 39.19159 41.44299


Speciation times 
[1] 49.26651 48.05476 47.63665 46.47513 46.90941 46.95016


Species parents (NA for initial)
[1] NA  1  1  1  2  3


Species status (extinct or extant)
[1] "extinct" "extinct" "extinct" "extinct" "extinct" "extinct"


For more details on vector y, try sim$y, with y one of
TE TS PAR EXTANT



$TE
  [1] 38.5742835 44.6722500 41.5585472 34.4906360 39.1915868 41.4429869
  [7] 42.0416882 37.6234801 31.9105417 41.2630017 21.8162029 40.5376776
 [13] 39.5703692 37.1996758 22.5244199 21.7495455 21.6908433 33.0395614
 [19] 35.7274850 13.2459150 16.7195146 20.0624443 24.4670038 24.6371841
 [25] 13.6979631 14.2440445 26.2951555 11.5300740 14.8049677 23.6408512
 [31] 14.5759309 36.7792467 17.1547138         NA 21.8523795 18.1654822
 [37] 13.7153052 31.6630968 21.2270063 28.8583876 23.1626541  8.0761614
 [43] 23.7637897 23.5537535 15.3918195 10.5517151 13.0106474 22.5294003
 [49] 13.6180081 23.7708735 20.4592539 24.3831927 14.4065902 16.9852681
 [55] 15.8404674 11.6240114 12.7582450  7.5649036  6.8039785         NA
 [61]         NA         NA 16.4351213 11.8940770  5.9855914 13.9892258
 [67] 15.3555485 11.7326394 14.8991037 13.2036455 21.1277394 15.0625733
 [73] 13.3709381 13.8866805 13.7136171 19.0342345         NA         NA
 [79]         NA  5.4601852  1.3022756 11.7652554 16.3222636         NA
 [85]  4.5951737 11.9410765  2.0649831  6.4396977         NA 13.7575536
 [91] 18.0348115 15.2142026 12.6109413 11.6184124 16.0565432 14.2520277
 [97] 21.2092410 10.3329580 17.5247007 14.2612755 12.4098792 16.8184493
[103] 21.0108154 14.3711393         NA  4.9893433         NA         NA
[109]         NA         NA  7.3648970         NA  2.3634312         NA
[115]  0.7461055         NA  5.3816882 12.2727455  1.5764303 17.2422757
[121]  8.5037135  1.9944030  0.2290770         NA  0.9913710         NA
[127]  0.4071921         NA         NA 12.7626660  5.7817160  4.5556837
[133]  4.9841861         NA  1.3637350 14.9286159 14.8053512 14.1003953
[139] 13.6647269 12.9036437         NA 13.0609210 20.6684136 15.3188318
[145] 14.7610678 15.3403352 14.9767702 11.9409067 13.1884168 17.8069553
[151] 13.0415869 10.6420531 22.7063394 20.4509156 19.2447505 15.0055941
[157] 21.1865890 13.3401938 14.0817278 15.7585897 18.5710092 18.8326001
[163] 19.1822759 21.7352112 14.7275987 11.8619305 17.0328713 12.7024189
[169]         NA  5.7182470         NA  0.8214082         NA         NA
[175]         NA         NA         NA  4.5240860  2.6239937         NA
[181]         NA         NA  2.0862115         NA  1.7167773 13.1858147
[187] 13.0221541 14.1399193 10.6001444  6.5087396         NA         NA
[193]  0.5564592         NA  4.1189628  0.1419794         NA         NA
[199]  4.6949551  2.7317091         NA  0.1744013  2.8969043         NA
[205]         NA 11.3723426 15.3744387 14.1251839 11.7680036         NA
[211]         NA         NA         NA  6.5495587 14.3294720 10.7642613
[217] 10.9391298 10.6729945 15.4316626 15.7567761 14.0426766 11.3464313
[223] 18.2946750 16.8118674  5.8232053 14.9144424 12.9888180 10.0494174
[229] 11.9134717  1.1886712  1.3474460  6.5816993         NA         NA
[235]         NA         NA         NA  2.7127238         NA         NA
[241]         NA         NA         NA  6.0085522  0.5184920  0.5811097
[247] 14.6010129  5.4964068  5.4482154  3.8305091         NA         NA
[253]         NA         NA  1.4577352         NA  3.0588287         NA
[259]  1.8653988         NA  0.6445071         NA         NA         NA
[265]         NA  1.0085648         NA         NA         NA 15.3335138
[271] 13.4110822 14.3366586         NA         NA         NA  0.5406226
[277]         NA 12.2123061 10.7719096 14.7164085 11.7719560 14.6329515
[283] 15.6978201 13.6262341 13.8131246  8.5238305 11.9983402  9.5324365
[289] 11.8169707         NA  3.0454730         NA  4.5915406  0.7419130
[295]  2.6173795         NA         NA         NA         NA         NA
[301]         NA         NA  6.7405857         NA  3.7898649         NA
[307]         NA         NA         NA  2.1113865  2.3143935  3.0033085
[313]         NA         NA  3.4542419  2.9675390         NA         NA
[319] 12.2596653 16.6887342 12.8265669 10.1273903         NA         NA
[325] 11.5061072  9.4366392  6.4246708         NA         NA  3.8477785
[331]  2.1270675  0.8612881         NA         NA         NA  0.3553443
[337]         NA         NA         NA         NA         NA  3.1650603
[343]         NA         NA         NA         NA  1.5305844         NA
[349]         NA         NA         NA  2.2182454         NA         NA
[355]  6.8701196         NA         NA         NA         NA  5.2332076
[361]         NA  2.8775404  0.1047548  3.2957704         NA         NA
[367]         NA         NA         NA  3.0644697  0.9582002  3.8814745
[373]  0.7537533  4.9830025  1.5453388  1.2743521         NA         NA
[379]  0.1759391  2.4613800         NA         NA         NA         NA
[385]         NA         NA         NA         NA         NA         NA

$TS
  [1] 49.26651148 48.05475822 47.63665014 46.47512524 46.90941170 46.95016106
  [7] 45.00303347 40.10804462 45.48483069 42.66076265 40.67921396 45.03034419
 [13] 42.07812381 39.46528438 32.08900865 33.35467296 30.19885354 40.25248728
 [19] 40.00598034 27.88076646 27.86043843 27.57246374 25.18906164 24.87988961
 [25] 22.96860420 33.31711785 33.29155650 31.70827651 25.12810406 24.47641877
 [31] 34.53992798 38.77588033 19.81482210 14.82588318 26.69114254 18.48506541
 [37] 15.10837809 31.71201552 30.86205381 30.12982410 28.40323554 25.73848722
 [43] 27.11482609 24.17044855 21.32090188 14.03688757 13.62773778 22.64888355
 [49] 16.73995615 31.01978870 30.40097735 28.21769742 14.85225846 18.20392097
 [55] 17.78043989 13.16417063 13.00243716 10.42329242  8.13295058  7.85437402
 [61]  6.23698013  1.93439505 24.67438665 14.65031916 26.62107349 26.15466618
 [67] 26.00507744 23.59877365 17.31269733 14.51954543 25.29657777 20.37487622
 [73] 20.31870382 26.31934736 28.84041345 27.53490763 14.78954300  8.93079509
 [79]  6.99575041  6.77309801  3.70421721 21.31931706 18.90106896 12.73702471
 [85] 19.67473350 12.10945945  8.45161803  8.26298799  7.05722557 20.85911173
 [91] 18.61709725 16.70759492 17.43365081 21.53977797 21.53505612 18.49261992
 [97] 23.81953863 14.89658215 25.14749669 21.72840077 24.09235886 22.58416547
[103] 25.05632796 22.75540231  9.75098415  8.63422794  7.87742964  3.42468883
[109]  1.08134352  8.42408986  7.61532574  7.51105060  6.79939503  1.42555322
[115]  4.02232432  5.73643565 18.83133008 17.99211357 17.67116525 17.74901657
[121] 10.15614877  9.98243742  8.72423948  8.09514700  7.64709938  6.07333364
[127]  6.02973104  4.29917523  3.74018034 13.48439032 11.34361491  4.76518801
[133]  5.91170241  5.51152675  3.02620165 19.38438012 16.97361448 15.84389740
[139] 15.30129042 20.78511966 14.27885094 13.58636746 21.25179924 18.81085190
[145] 18.05282427 16.86244673 16.51068375 16.38702418 15.34315349 21.22607512
[151] 13.95006346 13.59547363 24.07152718 22.69829875 22.67319042 17.90235840
[157] 23.24764709 15.99650001 15.17788866 20.01248411 19.68634800 24.77167199
[163] 23.99045982 22.60698766 20.40545851 19.99117082 19.61723623 16.10762113
[169]  9.26244100  9.24233341  5.72065943  0.96656077  7.53249673  7.20420483
[175]  5.84137702  6.18999338  3.80795107  7.95380328  6.32227050  6.09603826
[181]  6.75197303  6.61466292  3.08096493  2.32853309  1.85450130 17.71007377
[187] 16.30612025 15.64681116 11.22895404  9.60032589  9.71600194  9.63794353
[193]  7.26062498  5.92688428  4.90096519  7.65172268  5.78208685  5.73690096
[199]  5.44344769  3.83243897  5.73018761  0.72512551 10.00873237  4.61630068
[205]  0.01296183 18.99466648 16.90039442 15.65195950 13.59157974  7.74420801
[211]  4.27007745  2.70476596  1.09613435 13.30865438 19.40811932 13.14654139
[217] 11.01110228 10.84761913 22.65135295 22.43734313 21.58116170 15.69166274
[223] 20.56950756 20.51164557 20.16778179 19.42333318 16.54183171 12.99043235
[229] 12.33185057  7.46135282  4.64281622  7.43519661  6.87920772  5.36577755
[235]  3.30517026  6.46359052  0.18005560  4.23742853  3.37079624  0.58484327
[241]  5.48335386  4.54535613  1.48900429  6.29380371  4.43303412  1.33585388
[247] 14.91845550  8.14779321  7.23548779  8.83152476  6.27843963  3.99513562
[253]  3.20421439  0.84935139  6.40369127  2.32450303  4.35822256  1.98443078
[259]  5.44340612  3.42637151  1.17395306  0.67647513  6.03583812  3.67329228
[265]  1.78688363  3.77818078  0.69657479  0.41843340  4.52262247 15.71362861
[271] 13.44347445 16.13034999  7.18023460  3.60394366  2.91800599  0.80044487
[277]  0.20340437 12.30570857 10.79526338 17.80071188 12.98932500 16.48688113
[283] 19.76620958 15.21567155 15.20133410 19.43253494 14.12240674 12.45878861
[289] 12.31031533  9.50664839  9.34421111  7.05232528  6.12918609  2.64917891
[295]  2.93679158  5.95290166  4.04826413  2.91994120  0.79355975  4.12363917
[301]  0.76548575  7.77670970  6.96332525  6.78087746  7.17500060  6.03162164
[307]  7.72561733  6.44439001  5.83978872  5.57895931  4.83791016  6.21096549
[313]  2.80321663  0.78315439  3.55597444  3.48118076  0.07601853  4.85113996
[319] 13.71051450 17.03693379 15.78571431 10.83432491 10.79006711  8.55257090
[325] 12.42734079 12.06996775  8.45627713  3.95398094  1.43086860  5.52026905
[331]  5.49766083  3.98116939  7.06175738  7.04390218  5.72020297  5.61095028
[337]  1.46543551  5.46647388  3.97789421  1.70669833  1.47335509  6.92140771
[343]  5.60546903  2.97737525  2.41108563  3.94774150  3.19323332  5.93798579
[349]  7.41974145  7.96880584  7.48642230  4.37932751  3.62664613  0.09689909
[355]  9.95298619  4.82059599  5.21232714  2.55361696  6.81613789  5.66074734
[361]  5.15615600  4.30445698  1.30230705  3.86990772  2.78662711  1.25032235
[367]  5.01351636  1.63309287  2.20172234  5.79471367  1.02826139  7.33554065
[373]  5.52357979  6.73897100  5.85992518  2.93048493  2.35064224  3.17529139
[379]  0.99546991  3.05914417  2.58107532  1.97567088  1.74497477  1.31339638
[385]  3.02110695  1.22056417  5.83706032  1.31548270  0.39110075  0.06794349

$PAR
  [1]  NA   1   1   1   2   3   3   4   5   5   5   6   6   8   9  11  11  13
 [19]  13  15  15  15  15  15  15  16  16  16  16  17  18  19  20  20  21  25
 [37]  25  26  26  26  26  26  28  28  28  28  28  29  29  31  31  31  31  33
 [55]  33  34  34  34  34  34  34  34  35  37  39  39  41  41  42  42  43  45
 [73]  45  50  51  51  53  58  59  60  61  63  63  64  65  65  65  65  65  66
 [91]  66  66  67  68  68  68  71  73  74  74  75  75  76  76  77  77  77  77
[109]  77  78  78  78  78  78  79  80  82  82  82  83  84  84  84  84  84  84
[127]  84  84  84  85  85  85  87  89  89  90  93  93  93  94  94  94  95  95
[145]  95  95  95  95  96  97  98  98  99  99  99  99 101 101 101 102 102 103
[163] 103 104 104 104 104 104 105 105 105 105 106 106 106 107 107 110 110 110
[181] 112 113 113 115 115 117 118 118 119 119 121 122 122 122 123 124 125 125
[199] 125 125 126 129 131 132 134 136 140 140 141 141 141 141 141 148 150 152
[217] 152 152 155 155 155 158 163 163 163 165 165 166 166 170 171 173 173 173
[235] 173 174 174 175 176 176 180 180 180 182 182 182 187 190 190 191 191 191
[253] 191 191 192 192 193 193 194 194 194 194 196 196 197 198 198 198 204 206
[271] 206 207 210 210 210 210 213 214 214 215 216 219 220 222 222 224 225 225
[289] 225 225 225 225 230 231 235 236 238 239 239 242 243 248 248 248 249 249
[307] 250 250 251 251 251 255 255 263 269 269 269 273 284 286 286 286 286 286
[325] 287 288 290 292 292 296 296 296 302 302 302 304 304 306 306 306 306 307
[343] 307 308 308 309 310 312 323 324 324 324 324 324 326 330 331 331 333 335
[361] 335 335 335 338 339 341 342 346 347 348 348 349 349 350 351 356 356 357
[379] 359 361 365 367 367 367 373 373 374 381 384 385

$EXTANT
  [1] FALSE FALSE FALSE FALSE FALSE FALSE FALSE FALSE FALSE FALSE FALSE FALSE
 [13] FALSE FALSE FALSE FALSE FALSE FALSE FALSE FALSE FALSE FALSE FALSE FALSE
 [25] FALSE FALSE FALSE FALSE FALSE FALSE FALSE FALSE FALSE  TRUE FALSE FALSE
 [37] FALSE FALSE FALSE FALSE FALSE FALSE FALSE FALSE FALSE FALSE FALSE FALSE
 [49] FALSE FALSE FALSE FALSE FALSE FALSE FALSE FALSE FALSE FALSE FALSE  TRUE
 [61]  TRUE  TRUE FALSE FALSE FALSE FALSE FALSE FALSE FALSE FALSE FALSE FALSE
 [73] FALSE FALSE FALSE FALSE  TRUE  TRUE  TRUE FALSE FALSE FALSE FALSE  TRUE
 [85] FALSE FALSE FALSE FALSE  TRUE FALSE FALSE FALSE FALSE FALSE FALSE FALSE
 [97] FALSE FALSE FALSE FALSE FALSE FALSE FALSE FALSE  TRUE FALSE  TRUE  TRUE
[109]  TRUE  TRUE FALSE  TRUE FALSE  TRUE FALSE  TRUE FALSE FALSE FALSE FALSE
[121] FALSE FALSE FALSE  TRUE FALSE  TRUE FALSE  TRUE  TRUE FALSE FALSE FALSE
[133] FALSE  TRUE FALSE FALSE FALSE FALSE FALSE FALSE  TRUE FALSE FALSE FALSE
[145] FALSE FALSE FALSE FALSE FALSE FALSE FALSE FALSE FALSE FALSE FALSE FALSE
[157] FALSE FALSE FALSE FALSE FALSE FALSE FALSE FALSE FALSE FALSE FALSE FALSE
[169]  TRUE FALSE  TRUE FALSE  TRUE  TRUE  TRUE  TRUE  TRUE FALSE FALSE  TRUE
[181]  TRUE  TRUE FALSE  TRUE FALSE FALSE FALSE FALSE FALSE FALSE  TRUE  TRUE
[193] FALSE  TRUE FALSE FALSE  TRUE  TRUE FALSE FALSE  TRUE FALSE FALSE  TRUE
[205]  TRUE FALSE FALSE FALSE FALSE  TRUE  TRUE  TRUE  TRUE FALSE FALSE FALSE
[217] FALSE FALSE FALSE FALSE FALSE FALSE FALSE FALSE FALSE FALSE FALSE FALSE
[229] FALSE FALSE FALSE FALSE  TRUE  TRUE  TRUE  TRUE  TRUE FALSE  TRUE  TRUE
[241]  TRUE  TRUE  TRUE FALSE FALSE FALSE FALSE FALSE FALSE FALSE  TRUE  TRUE
[253]  TRUE  TRUE FALSE  TRUE FALSE  TRUE FALSE  TRUE FALSE  TRUE  TRUE  TRUE
[265]  TRUE FALSE  TRUE  TRUE  TRUE FALSE FALSE FALSE  TRUE  TRUE  TRUE FALSE
[277]  TRUE FALSE FALSE FALSE FALSE FALSE FALSE FALSE FALSE FALSE FALSE FALSE
[289] FALSE  TRUE FALSE  TRUE FALSE FALSE FALSE  TRUE  TRUE  TRUE  TRUE  TRUE
[301]  TRUE  TRUE FALSE  TRUE FALSE  TRUE  TRUE  TRUE  TRUE FALSE FALSE FALSE
[313]  TRUE  TRUE FALSE FALSE  TRUE  TRUE FALSE FALSE FALSE FALSE  TRUE  TRUE
[325] FALSE FALSE FALSE  TRUE  TRUE FALSE FALSE FALSE  TRUE  TRUE  TRUE FALSE
[337]  TRUE  TRUE  TRUE  TRUE  TRUE FALSE  TRUE  TRUE  TRUE  TRUE FALSE  TRUE
[349]  TRUE  TRUE  TRUE FALSE  TRUE  TRUE FALSE  TRUE  TRUE  TRUE  TRUE FALSE
[361]  TRUE FALSE FALSE FALSE  TRUE  TRUE  TRUE  TRUE  TRUE FALSE FALSE FALSE
[373] FALSE FALSE FALSE FALSE  TRUE  TRUE FALSE FALSE  TRUE  TRUE  TRUE  TRUE
[385]  TRUE  TRUE  TRUE  TRUE  TRUE  TRUE

