
Birth-death simulation object with 210 species and 69 extant species

Details for some species:

Extinction times (NA means extant)
[1] 22.36640 48.04590 30.52177 26.83227 33.61199 19.06433


Speciation times 
[1] 49.26651 48.21450 42.48411 35.78460 35.50661 34.95474


Species parents (NA for initial)
[1] NA  1  1  1  1  1


Species status (extinct or extant)
[1] "extinct" "extinct" "extinct" "extinct" "extinct" "extinct"


For more details on vector y, try sim$y, with y one of
TE TS PAR EXTANT



$TE
  [1] 22.3663963 48.0459008 30.5217730 26.8322673 33.6119891 19.0643254
  [7] 25.1521459 19.7885965 14.4405773 20.1873159 16.3144986 14.9598193
 [13] 15.4011453 26.8887546 14.6508251 24.3170600 15.6433928 13.8631360
 [19] 14.2236064 14.7769327 15.1286145 10.6820184 23.2507752 14.1235245
 [25] 13.3926879 12.0083011 12.1529558 28.8630892 24.6342469  0.5809238
 [31] 18.8545052 17.2449647 14.6600333 13.4877236 17.2131551 15.8140324
 [37] 13.4994931 23.7113090 17.3131741  7.6201884 14.3832983 13.3613786
 [43] 14.8857653 11.5052979         NA  0.6757094 30.5371407 14.6344662
 [49] 14.9085372  6.3597710 11.5022813 14.7614755 17.3463525         NA
 [55]  9.4147236 16.2727228  0.9456097 12.4171919 14.0782306 15.3169476
 [61] 14.3489740 11.2584105 10.6692727  6.6428152         NA  4.5023598
 [67]  0.3014250  1.7479134 13.2232969 10.4913426  4.1691003         NA
 [73]         NA 19.4935950 15.6851181 15.4304845 11.9579640         NA
 [79] 14.0092926 13.5083847 15.4558245 16.5818055         NA 11.4061089
 [85] 11.0025738 17.6657735 15.3774731 11.6191326  8.2040551  0.9039173
 [91]  2.1021658         NA  6.6847777  3.9150789         NA  1.1346239
 [97]         NA         NA  1.0267896         NA 14.5874436 15.5943753
[103] 14.3769461  1.9890972  9.0940260 15.3603572 15.5846124 12.1046962
[109] 11.9340058 13.1675840         NA 12.3600892 15.3725267 14.4622933
[115] 15.4540305  5.8629955         NA         NA         NA  1.0702694
[121]  5.9541632         NA         NA         NA  1.2033230         NA
[127]         NA         NA         NA 11.3683800  8.1918610  9.2744012
[133] 14.3623087 13.8847117 13.8177965         NA 14.5276936  6.7781662
[139]  1.3500947         NA         NA  1.9405950  0.6449824         NA
[145]  4.3098906  2.5977440         NA 12.0823364  1.5931064  4.4869521
[151]         NA 11.2782249         NA         NA         NA         NA
[157]         NA  2.4590508  7.4416019         NA         NA         NA
[163]         NA  3.2895264  4.6489427         NA         NA  1.8096637
[169]         NA         NA  2.1161898         NA         NA  6.6214215
[175]         NA  1.2978412  5.2832268  3.4599593         NA  4.6284301
[181]         NA         NA         NA  0.3281664  2.2552570  7.0271783
[187]         NA         NA  5.5008019         NA         NA         NA
[193]         NA         NA  4.9341519  1.1414171  1.7857692         NA
[199]         NA         NA         NA         NA         NA         NA
[205]         NA         NA         NA         NA         NA         NA

$TS
  [1] 49.2665115 48.2144966 42.4841117 35.7845986 35.5066144 34.9547406
  [7] 30.4575592 28.8045724 28.2717422 22.4713956 33.1079043 27.5750278
 [13] 34.9033805 29.2939012 23.4773496 27.1401726 24.6207621 23.4987214
 [19] 26.1824892 22.6642640 16.9088646 15.3277464 30.0552295 20.7773419
 [25] 17.0007073 16.6866465 31.8240630 29.7385789 27.6925364 14.8291301
 [31] 20.8360012 20.4198072 16.1391588 17.8821684 17.2148456 16.9349470
 [37] 24.4519824 24.1765334 20.1201848 17.7144814 14.7977119 22.3175481
 [43] 20.8227737 17.1149756 16.7819120 16.6289420 30.6098325 22.2160836
 [49] 16.8004166 12.9370435 15.8465959 17.4377716 22.8414379 11.4123603
 [55]  9.4706631 20.6263976 19.4568316 14.2607951 20.7476489 20.5034446
 [61] 20.0603846 18.5847685 12.2002156 10.3472428  6.9717335  5.4449850
 [67]  4.4626603  3.8763904 13.6529433 13.2404908  7.3000955  6.5954028
 [73]  5.3681604 21.7200746 21.0685363 20.7255495 18.3604018  6.6629022
 [79] 19.6241496 18.6056545 16.7221439 17.5308625  7.7594672 13.0496279
 [85] 18.7393923 19.2924803 18.3725092 11.9582789  9.8046170  9.2290321
 [91]  9.2238387  7.8812398  7.3411971  4.0910267 10.8119808  6.1090243
 [97]  6.2111094  6.0429977  4.5445674  3.2636936 16.7176163 15.7761321
[103] 17.4245508  2.6169757 15.1078550 18.5823689 18.5384225 17.4120688
[109] 14.9870453 14.1150964  5.1656583 17.1106706 16.5429039 16.2275301
[115] 16.9651399  7.6235904  6.8485609  2.1189352  1.4384814  9.1589007
[121]  8.4203862  4.8696515  8.3301093  5.7704091  4.9824257  5.3778807
[127]  0.2757730  0.1670122  0.5220205 14.9452817 10.0102458  9.6089074
[133] 15.7311804 16.5277248 15.4549566  4.0057782 15.5806494  8.4652661
[139]  5.9478290  5.0224307  6.6140516  4.8506776  1.3304225  0.3360905
[145]  7.4360472  7.2143324  3.2478335 13.0445481  9.4718895  9.1985624
[151]  8.9456637 14.2482499  1.0155537  7.3266113  1.0128637  6.0780748
[157]  4.3576785  8.8030192  8.1196301  3.9787135  8.0511900  4.7984679
[163]  8.8871990  7.3740010  6.0230862  2.0959593  5.8077724  5.7426773
[169]  5.4784898  5.3602494  2.6085301  1.2243958  1.0638593  8.5649934
[175]  2.3396160  2.0178639  7.0791824  6.2043947  4.2269274  6.6062543
[181]  0.3280613  5.4131763  4.0611232  5.2838058  2.9712164  7.6596374
[187]  1.5800196  5.6464614  5.7390599  6.1393068  5.9132502  5.6743457
[193]  2.8622741  0.6304623  4.9369099  2.8459346  1.8204070  3.2098817
[199]  3.1667938  2.9546224  1.5182141  0.5671301  5.4373418  5.0643032
[205]  4.4966594  3.5018639  2.4038595  1.2175884  0.5031316  1.1592563

$PAR
  [1]  NA   1   1   1   1   1   1   1   1   1   3   4   5   6   6   8   8   8
 [19]   9   9   9   9  11  11  11  12  13  13  13  15  17  17  17  18  18  18
 [37]  19  19  19  19  19  20  20  20  20  24  27  27  27  27  33  34  37  40
 [55]  40  42  42  42  43  43  43  43  45  45  45  45  45  45  46  46  46  46
 [73]  46  48  48  48  48  54  56  56  56  57  57  58  59  60  61  63  64  64
 [91]  64  64  64  65  70  71  72  72  72  73  76  76  77  78  79  80  80  80
[109]  80  80  83  85  85  85  87  90  90  90  90  91  91  92  95  96  96  97
[127]  98  98 100 103 105 105 106 107 108 111 113 120 120 120 121 122 122 122
[145] 123 123 123 130 131 131 131 134 136 138 143 145 146 149 149 149 150 150
[163] 151 151 151 151 154 154 156 156 156 156 156 158 160 160 161 161 161 163
[181] 166 167 167 169 169 174 176 177 178 180 180 180 183 183 184 185 188 190
[199] 190 190 191 191 192 192 192 192 192 199 202 205

$EXTANT
  [1] FALSE FALSE FALSE FALSE FALSE FALSE FALSE FALSE FALSE FALSE FALSE FALSE
 [13] FALSE FALSE FALSE FALSE FALSE FALSE FALSE FALSE FALSE FALSE FALSE FALSE
 [25] FALSE FALSE FALSE FALSE FALSE FALSE FALSE FALSE FALSE FALSE FALSE FALSE
 [37] FALSE FALSE FALSE FALSE FALSE FALSE FALSE FALSE  TRUE FALSE FALSE FALSE
 [49] FALSE FALSE FALSE FALSE FALSE  TRUE FALSE FALSE FALSE FALSE FALSE FALSE
 [61] FALSE FALSE FALSE FALSE  TRUE FALSE FALSE FALSE FALSE FALSE FALSE  TRUE
 [73]  TRUE FALSE FALSE FALSE FALSE  TRUE FALSE FALSE FALSE FALSE  TRUE FALSE
 [85] FALSE FALSE FALSE FALSE FALSE FALSE FALSE  TRUE FALSE FALSE  TRUE FALSE
 [97]  TRUE  TRUE FALSE  TRUE FALSE FALSE FALSE FALSE FALSE FALSE FALSE FALSE
[109] FALSE FALSE  TRUE FALSE FALSE FALSE FALSE FALSE  TRUE  TRUE  TRUE FALSE
[121] FALSE  TRUE  TRUE  TRUE FALSE  TRUE  TRUE  TRUE  TRUE FALSE FALSE FALSE
[133] FALSE FALSE FALSE  TRUE FALSE FALSE FALSE  TRUE  TRUE FALSE FALSE  TRUE
[145] FALSE FALSE  TRUE FALSE FALSE FALSE  TRUE FALSE  TRUE  TRUE  TRUE  TRUE
[157]  TRUE FALSE FALSE  TRUE  TRUE  TRUE  TRUE FALSE FALSE  TRUE  TRUE FALSE
[169]  TRUE  TRUE FALSE  TRUE  TRUE FALSE  TRUE FALSE FALSE FALSE  TRUE FALSE
[181]  TRUE  TRUE  TRUE FALSE FALSE FALSE  TRUE  TRUE FALSE  TRUE  TRUE  TRUE
[193]  TRUE  TRUE FALSE FALSE FALSE  TRUE  TRUE  TRUE  TRUE  TRUE  TRUE  TRUE
[205]  TRUE  TRUE  TRUE  TRUE  TRUE  TRUE

