
Birth-death simulation object with 85 species and 29 extant species

Details for some species:

Extinction times (NA means extant)
[1] 13.72033 46.61417 31.86371 14.66622 10.49307 11.16310


Speciation times 
[1] 49.26651 48.63068 32.69887 31.86250 24.45200 24.34586


Species parents (NA for initial)
[1] NA  1  1  1  1  1


Species status (extinct or extant)
[1] "extinct" "extinct" "extinct" "extinct" "extinct" "extinct"


For more details on vector y, try sim$y, with y one of
TE TS PAR EXTANT



$TE
 [1] 13.72033474 46.61416706 31.86370999 14.66622371 10.49307068 11.16309805
 [7] 42.42289070 25.30349473 23.18825164 19.29842611 15.34081214 13.91770011
[13] 22.65845781 13.86249196 18.44027249  9.84415387  7.27146835  4.88600387
[19] 14.58110386 15.63260598 12.74263440 11.45972507 27.69214198 21.13342615
[25] 21.13947546 14.84641902 19.82444559 15.86348198 14.75701185 14.52979991
[31]  5.12890841          NA  1.04432873          NA  6.58516277 21.12402297
[37] 13.31026377 14.99232113          NA          NA  0.95841647  7.13130108
[43]          NA          NA 14.20401401          NA 13.70857756  5.63116704
[49]  4.48495533          NA          NA          NA  2.66126309          NA
[55]  7.42472372  0.78677697          NA  0.14425560          NA 10.85198309
[61]          NA          NA          NA  3.07742931  3.30359213  4.75107294
[67]          NA          NA  0.54639454          NA 16.82696813          NA
[73]          NA          NA          NA          NA 15.99216003          NA
[79]          NA 16.17447399  0.38515385          NA          NA  0.02524952
[85]          NA

$TS
 [1] 49.2665115 48.6306790 32.6988711 31.8624958 24.4519974 24.3458643
 [7] 46.7804492 32.6662250 27.0469437 22.4708785 22.1448089 15.2592596
[13] 23.0241404 22.5883614 19.2912573 12.1897353 10.6953938 10.5591085
[19] 17.4815067 16.8324238 15.0874145 12.0946391 29.3783619 28.6819585
[25] 25.7649629 19.0080559 21.4488499 20.5265781 18.1013460 15.9221921
[31] 10.2893139 10.2712841  9.6399826  7.5210698 15.6458056 22.2207564
[37] 23.6592538 15.9451707  6.7717024  6.4805977  8.5208475  8.1457808
[43]  3.4538907  3.0091029 14.3587515  8.2988698 20.4347252  6.4046105
[49]  5.7282156  1.6856185  0.5619194  7.3143290  7.5402303  0.3527012
[55]  8.1140528  6.3758676  5.1335821  2.4196725  1.1515125 20.1539561
[61]  6.2221838  1.3405579  7.2762739  5.6046685  3.4792252  4.7635794
[67]  4.5014556  2.8033342  2.4556440  1.8886166 19.1152582  6.5617274
[73]  6.0585961  4.7584323  4.4130917  0.9248511 17.5671522  5.3307764
[79]  3.1875022 17.3659925  2.4700959  2.1489349  0.8953251  1.8822891
[85]  1.5930240

$PAR
 [1] NA  1  1  1  1  1  2  3  4  4  4  4  5  5  5  5  5  5  6  6  6  6  8  8  8
[26] 11 14 14 14 14 16 17 17 18 20 24 25 26 31 31 32 33 33 34 35 35 37 40 40 40
[51] 40 41 42 43 46 46 46 46 46 47 48 50 52 52 52 53 56 57 57 58 60 63 63 63 63
[76] 63 71 72 72 77 78 78 78 82 84

$EXTANT
 [1] FALSE FALSE FALSE FALSE FALSE FALSE FALSE FALSE FALSE FALSE FALSE FALSE
[13] FALSE FALSE FALSE FALSE FALSE FALSE FALSE FALSE FALSE FALSE FALSE FALSE
[25] FALSE FALSE FALSE FALSE FALSE FALSE FALSE  TRUE FALSE  TRUE FALSE FALSE
[37] FALSE FALSE  TRUE  TRUE FALSE FALSE  TRUE  TRUE FALSE  TRUE FALSE FALSE
[49] FALSE  TRUE  TRUE  TRUE FALSE  TRUE FALSE FALSE  TRUE FALSE  TRUE FALSE
[61]  TRUE  TRUE  TRUE FALSE FALSE FALSE  TRUE  TRUE FALSE  TRUE FALSE  TRUE
[73]  TRUE  TRUE  TRUE  TRUE FALSE  TRUE  TRUE FALSE FALSE  TRUE  TRUE FALSE
[85]  TRUE

