
Birth-death simulation object with 255 species and 66 extant species

Details for some species:

Extinction times (NA means extant)
[1] 36.65501 40.18438 33.86566 38.99173 35.45161 32.25857


Speciation times 
[1] 49.95521 45.25329 40.45759 39.25468 41.48620 40.38932


Species parents (NA for initial)
[1] NA  1  1  1  2  2


Species status (extinct or extant)
[1] "extinct" "extinct" "extinct" "extinct" "extinct" "extinct"


For more details on vector y, try sim$y, with y one of
TE TS PAR EXTANT



$TE
  [1] 36.6550142 40.1843821 33.8656583 38.9917295 35.4516138 32.2585700
  [7] 36.4759265 32.0298635 34.3973271 24.3946635 37.5471358 35.1231308
 [13] 15.0238839 29.6834193 28.5411569 31.5153290 34.6364086 16.9026703
 [19] 21.0977824 20.7723038 15.5754217 18.7945432 34.8598237 15.6688173
 [25] 16.2507257  5.7820109 13.9429841 15.8095577 26.9237838 24.4325285
 [31] 14.9034308 28.4985698 32.8852014 28.2532385 25.6344416 15.8002200
 [37] 15.9902882 17.0942825 14.1042147 14.8616602 27.3121531 23.7660205
 [43] 19.0432527 17.4027653 15.1508449 14.6697397 23.0547737 26.8135299
 [49] 20.9770967 19.8207013 19.7932164 15.2570291 15.3810519         NA
 [55]  1.7838286 11.4846198 13.6416777 15.9254704 30.7285769 26.2642089
 [61] 22.4563164 25.3155833 24.9406379 13.7099843 16.2210548 15.9089678
 [67] 14.8883714 15.4797357 12.4824483 16.3682554 15.8895705 16.0537847
 [73] 16.4979022         NA 16.6487142 17.5946809 13.8806825 16.3887561
 [79] 21.7196307 15.3525959  4.7171427  1.1711683 17.4033888 15.5638812
 [85] 15.7833665 11.6156432 19.8876187 15.7161471 14.3843639 13.4163916
 [91] 14.2133744 15.4374332 13.4976089 12.2440010  6.6556316 15.8816213
 [97] 13.7632662  1.2149159         NA 20.8814889 15.9307989 14.3571116
[103] 18.7844936 19.4555205 17.0690347 12.2768776 13.5608194         NA
[109] 13.9521649         NA         NA 15.8186046 15.4472373 12.4812909
[115] 14.5382521 15.8311170 13.1469103 13.3092805 12.2381266 13.5222292
[121] 13.6872838         NA  3.4241575 16.0732806 17.6306600 14.4666082
[127] 14.1791271 10.0742669  6.5768256         NA         NA 20.9318523
[133] 15.5282695 12.4295456 18.3477374 15.8632080         NA  8.7272483
[139]  1.8366873  0.2823409         NA  3.9501455 12.0158652 10.9560210
[145]  0.1837468  0.9427205 15.7500704 17.6708356 14.7817165 14.6499364
[151] 15.3333547 15.3021863  5.7217442         NA 16.2458470 15.8220030
[157]  5.2812447 15.3259532 14.7684496 14.2931115 16.1871051  3.9418381
[163]         NA  2.0405203         NA 11.6800328         NA  2.2286828
[169]         NA 14.2830464         NA  2.4458660         NA         NA
[175]  6.8117941 14.9973872 12.1319365         NA 14.7495379  6.8559159
[181] 17.1422988  7.2398425  3.5546389         NA         NA  2.2564793
[187]  1.0829177         NA  7.2387314  2.4331551         NA         NA
[193] 15.4652826 11.7664404         NA         NA  5.1822705         NA
[199]  5.5058899         NA         NA         NA         NA         NA
[205]  3.5153930         NA         NA         NA         NA         NA
[211]  3.6000321  0.4486593  5.6668041         NA         NA  6.3617411
[217]         NA  7.6940686         NA         NA  6.1907822         NA
[223]  0.5268826  1.1461981         NA         NA         NA  3.5845043
[229]         NA         NA  3.8522482  2.9409013  3.7275076         NA
[235]         NA         NA         NA  1.1579679         NA  1.9042975
[241]         NA         NA         NA  0.8034485         NA  2.4364198
[247]         NA         NA         NA         NA         NA         NA
[253]         NA  0.2714846         NA

$TS
  [1] 49.955211715 45.253289886 40.457587391 39.254682220 41.486198133
  [6] 40.389318313 38.139195621 36.000289257 40.907603972 38.183365122
 [11] 39.967769688 36.272449905 35.421613591 33.978977499 33.646375171
 [16] 32.845556507 36.106561020 34.251366459 31.306127271 30.267136222
 [21] 27.446706669 24.869131918 37.842778824 30.400135478 28.935956241
 [26] 21.963700824 20.551628774 17.934393355 33.399748542 31.735411161
 [31] 31.100338101 35.804305098 34.192632790 28.394354908 25.656005462
 [36] 23.117416410 20.253895454 17.952743817 25.060346034 22.143903013
 [41] 30.033591191 28.639382010 23.164394069 17.429734686 16.407147728
 [46] 24.059059220 29.071696435 27.876588594 25.327894593 28.834505144
 [51] 21.755381375 17.993708561 17.495480066  7.075275901  6.412572299
 [56] 19.872227193 14.565948617 16.417684186 31.575017396 26.409627745
 [61] 26.011969190 34.320241165 31.769844021 20.475777251 19.433046160
 [66] 17.266685073 18.098834496 17.984043479 17.366373987 16.462289368
 [71] 19.991293388 22.600285820 18.815154586 16.730357447 23.614771302
 [76] 24.038778274 23.095110373 21.599286715 21.865986351 15.467577450
 [81]  5.713020051  2.810382273 19.036281467 18.353566448 16.622185037
 [86] 12.528790077 25.126977748 25.919763585 19.607410558 18.753390764
 [91] 14.781199040 16.322321449 15.039567927 14.200613843 13.018092002
 [96] 22.164361335 20.514736321 10.501801187  5.759892776 23.462578486
[101] 23.911454870 19.805826714 22.643200824 20.154068364 17.501340289
[106] 16.439491884 15.189131578 15.011042868 17.159216151  5.699590218
[111]  2.102933100 25.064972575 20.022279557 18.380104901 18.243526418
[116] 18.304170588 16.810691265 14.099331188 14.581943972 14.496320690
[121] 14.376258325  8.364572728  6.730001115 18.582796302 18.370788587
[126] 17.336279399 14.878380196 10.276843742  9.058352104  1.859255007
[131]  0.978625145 21.249245522 16.707358216 22.225873754 19.856038872
[136] 16.167277138 14.369033847 13.857121117  7.830144282  1.420223481
[141]  0.227233246 15.019104368 14.864586154 14.577659430  5.197865928
[146]  1.939604743 18.753039876 19.116061378 16.624258638 15.348823682
[151] 17.625243933 16.649470995 14.657357703  0.613390019 16.981488384
[156] 16.564930400  7.405716725 15.756548908 16.570117953 14.354774349
[161] 18.949291824 10.611804266  6.485690929  5.650406688  0.466150386
[166] 12.409048129  5.253648969  5.068743432  3.121511576 14.480501563
[171] 10.065510156  2.665350583  2.544691098  2.449721793 16.173288532
[176] 16.006399111 13.642321890  0.483502827 16.270417115 14.873565524
[181] 17.713435785  9.274277540  4.182041137  4.334765254  3.990703738
[186]  3.587607693  2.562361388  8.474211975  8.360540044  8.108466184
[191]  3.995350466  1.663565904 15.797060627 13.542834875 10.075941683
[196]  8.669560181  8.092776472  8.835484863  8.044970743  2.743255584
[201]  2.690963209  7.260893471  7.159829803  7.065037014  5.701890295
[206]  2.991788759  0.388079790  0.335683366  6.459791008  6.210449957
[211]  4.024273914  2.529924205  7.814523338  4.820895998  0.229981390
[216]  6.557647647  0.004855485  8.322305625  4.693937885  3.190930907
[221]  7.124187868  0.494550640  2.234003440  1.515057057  6.376073504
[226]  0.600618638  0.200361551  4.501358758  0.136843713  4.763550012
[231]  4.656128622  4.410376717  7.019774568  1.953303517  0.525087478
[236]  0.222210705  0.016779410  3.142854291  3.143618440  2.807846251
[241]  1.467760878  4.625607048  4.121667560  1.591243447  0.004100438
[246]  4.467301030  4.648917444  0.914214055  0.703601251  0.608713373
[251]  0.277693895  0.107343888  0.042438201  2.662918196  1.295657841

$PAR
  [1]  NA   1   1   1   2   2   3   3   5   5   6   6   8   8   8   8  10  10
 [19]  10  10  10  10  11  13  13  13  13  13  14  14  15  17  18  18  18  18
 [37]  18  18  19  19  20  20  20  21  21  22  24  24  24  25  26  26  26  26
 [55]  26  27  27  28  29  31  31  32  32  36  36  36  37  39  40  40  43  46
 [73]  46  46  47  49  49  49  50  53  55  55  56  56  56  56  61  62  64  64
 [91]  64  66  67  69  69  72  72  74  74  75  76  76  77  77  77  77  77  77
[109]  78  81  82  87  87  88  88  89  89  90  93  93  93  95  95  96  97  97
[127]  97  98  98  98  99 101 102 103 103 106 106 108 108 108 108 109 109 109
[145] 110 111 112 113 114 114 115 115 115 122 126 126 129 133 134 134 135 137
[163] 137 137 137 138 139 139 139 142 142 145 145 145 147 152 153 154 155 159
[181] 161 162 162 163 167 167 168 171 171 171 171 173 175 177 180 180 180 182
[199] 182 185 185 188 188 188 188 188 188 188 190 190 190 191 195 195 195 196
[217] 196 198 198 198 199 202 203 203 204 204 204 205 207 210 210 210 213 214
[235] 214 214 214 219 220 220 220 225 225 225 225 230 233 239 242 242 242 242
[253] 242 247 247

$EXTANT
  [1] FALSE FALSE FALSE FALSE FALSE FALSE FALSE FALSE FALSE FALSE FALSE FALSE
 [13] FALSE FALSE FALSE FALSE FALSE FALSE FALSE FALSE FALSE FALSE FALSE FALSE
 [25] FALSE FALSE FALSE FALSE FALSE FALSE FALSE FALSE FALSE FALSE FALSE FALSE
 [37] FALSE FALSE FALSE FALSE FALSE FALSE FALSE FALSE FALSE FALSE FALSE FALSE
 [49] FALSE FALSE FALSE FALSE FALSE  TRUE FALSE FALSE FALSE FALSE FALSE FALSE
 [61] FALSE FALSE FALSE FALSE FALSE FALSE FALSE FALSE FALSE FALSE FALSE FALSE
 [73] FALSE  TRUE FALSE FALSE FALSE FALSE FALSE FALSE FALSE FALSE FALSE FALSE
 [85] FALSE FALSE FALSE FALSE FALSE FALSE FALSE FALSE FALSE FALSE FALSE FALSE
 [97] FALSE FALSE  TRUE FALSE FALSE FALSE FALSE FALSE FALSE FALSE FALSE  TRUE
[109] FALSE  TRUE  TRUE FALSE FALSE FALSE FALSE FALSE FALSE FALSE FALSE FALSE
[121] FALSE  TRUE FALSE FALSE FALSE FALSE FALSE FALSE FALSE  TRUE  TRUE FALSE
[133] FALSE FALSE FALSE FALSE  TRUE FALSE FALSE FALSE  TRUE FALSE FALSE FALSE
[145] FALSE FALSE FALSE FALSE FALSE FALSE FALSE FALSE FALSE  TRUE FALSE FALSE
[157] FALSE FALSE FALSE FALSE FALSE FALSE  TRUE FALSE  TRUE FALSE  TRUE FALSE
[169]  TRUE FALSE  TRUE FALSE  TRUE  TRUE FALSE FALSE FALSE  TRUE FALSE FALSE
[181] FALSE FALSE FALSE  TRUE  TRUE FALSE FALSE  TRUE FALSE FALSE  TRUE  TRUE
[193] FALSE FALSE  TRUE  TRUE FALSE  TRUE FALSE  TRUE  TRUE  TRUE  TRUE  TRUE
[205] FALSE  TRUE  TRUE  TRUE  TRUE  TRUE FALSE FALSE FALSE  TRUE  TRUE FALSE
[217]  TRUE FALSE  TRUE  TRUE FALSE  TRUE FALSE FALSE  TRUE  TRUE  TRUE FALSE
[229]  TRUE  TRUE FALSE FALSE FALSE  TRUE  TRUE  TRUE  TRUE FALSE  TRUE FALSE
[241]  TRUE  TRUE  TRUE FALSE  TRUE FALSE  TRUE  TRUE  TRUE  TRUE  TRUE  TRUE
[253]  TRUE FALSE  TRUE

