
Birth-death simulation object with 228 species and 111 extant species

Details for some species:

Extinction times (NA means extant)
[1] 47.29748 41.32609 47.57272 41.65554 32.55896 44.09993


Speciation times 
[1] 49.95521 48.97368 47.84661 47.51152 45.45898 45.18508


Species parents (NA for initial)
[1] NA  1  1  1  2  2


Species status (extinct or extant)
[1] "extinct" "extinct" "extinct" "extinct" "extinct" "extinct"


For more details on vector y, try sim$y, with y one of
TE TS PAR EXTANT



$TE
  [1] 47.29747761 41.32608922 47.57272474 41.65553647 32.55896476 44.09993223
  [7] 34.30959204  3.80372712 29.47640063 33.62031171 43.05698777 39.63879372
 [13] 33.82095901 25.29694534 25.20730442 13.62109334 14.79335196  6.52288502
 [19] 16.07119247  7.94169534          NA  4.22006992 35.42461981 30.05817448
 [25] 25.81902148 19.54704593 19.63279974 12.39811960 15.57823843 14.34248918
 [31] 13.49874083 11.18277232  4.77691186 15.42428502          NA  3.86868280
 [37]          NA 20.85849279 13.06786429 13.96598493 13.39581185  9.62597352
 [43]          NA          NA          NA          NA          NA  3.63276660
 [49]  1.11867255  3.28848550          NA 17.33820307 14.16985840 16.88634653
 [55]  3.57670898 13.50488128  0.64443121          NA  2.28368131          NA
 [61]          NA          NA          NA          NA  6.31590464          NA
 [67] 15.36095995 15.42442730 15.46239222          NA 13.29807425  4.76147189
 [73]          NA          NA  1.45839222          NA          NA 15.54036336
 [79] 15.50387164  0.73787353          NA  4.40271611  4.58627688          NA
 [85] 13.81117884  0.92476553 11.49984063  5.41934630  4.19479944  4.11575459
 [91]          NA  6.24372299 13.78849877 10.67357349          NA          NA
 [97]  2.01869680          NA 15.22490979 13.30762567  1.17445023  3.06321114
[103]  5.13273816          NA          NA          NA          NA          NA
[109]          NA          NA          NA          NA  0.93809920  0.95587148
[115]  5.14631618  4.10381561  2.98357651          NA  1.97309885          NA
[121] 11.13918797  0.43353537  2.65047574          NA          NA  6.57575342
[127]          NA          NA          NA          NA          NA  3.94909938
[133]  1.12564486          NA          NA          NA  0.04380354  4.44621025
[139]          NA  6.16901818          NA  5.29320560  3.95127536  1.88498895
[145]  1.29019971          NA  5.10214375          NA          NA  0.30531769
[151]          NA  0.42677198          NA          NA          NA          NA
[157]  0.67738467  9.69818211          NA  3.31083306  3.42812981          NA
[163]  2.68908768  5.23615296  2.54067542  4.58369829          NA          NA
[169]          NA  0.08885928          NA          NA          NA          NA
[175]          NA          NA  4.58422702  1.85725946          NA          NA
[181]  2.46032421          NA          NA          NA  3.91727255  2.69291792
[187]          NA          NA  1.97088332          NA          NA          NA
[193]          NA          NA          NA          NA          NA          NA
[199]          NA          NA          NA  0.66464607          NA          NA
[205]          NA  1.05827212          NA          NA          NA          NA
[211]          NA          NA          NA          NA          NA          NA
[217]          NA          NA  2.85532207  0.59742179          NA          NA
[223]          NA          NA          NA          NA          NA          NA

$TS
  [1] 49.955211715 48.973679292 47.846612967 47.511519280 45.458976297
  [6] 45.185077225 42.999045788 43.720148963 40.491805109 34.526807838
 [11] 44.707678343 41.705421031 37.300732906 31.785422458 30.836724435
 [16] 25.681230512 22.781111838 20.565829628 17.632478582 11.938990073
 [21]  6.594316451  6.421513428 36.527257081 35.243849914 28.336857389
 [26] 23.162369017 20.124270022 19.091325316 19.620277041 18.580074106
 [31] 18.447497982 12.023972380  6.722290240 17.564836272  8.753913837
 [36]  8.373169626  1.689080445 26.540781586 19.577707404 17.019359357
 [41] 15.754999527 11.983236096  6.272047355  8.753673273  6.272263835
 [46]  5.790907094  2.088340655  8.194509384  7.115708869  6.799718092
 [51]  0.819612995 24.056706052 19.127278304 18.329297878 17.897422131
 [56] 16.201203081  2.232255072  5.890558119  2.476488974  6.229764676
 [61]  0.312782029  5.429291160  2.958691185  0.461167786  7.765013404
 [66]  6.036788035 17.527631217 17.570611839 16.949316073 14.651633348
 [71] 14.506341220 12.115348242 16.075840069  2.698569591  2.102203905
 [76]  4.189054402  0.334684957 17.311157904 16.694267061  9.644984206
 [81]  6.044938249  4.886522714  4.825210123  2.516206514 14.302212647
 [86] 13.409662507 12.009492366  9.890942477  9.495084886  9.151654576
 [91]  8.944344453  8.206852689 15.539060160 12.929169800  6.097673715
 [96]  1.194921008  2.057705640  1.164355363 16.199214170 15.976103994
[101]  9.295214786  7.277005294  6.756306255  0.826186606  0.753463178
[106]  4.788125075  2.243496630  1.750299055  0.074472215  6.892385107
[111]  2.958752920  8.237683895  6.427635981  9.316031386  7.859459636
[116]  7.326543253  8.992366638  7.938099945  8.262068453  7.650794225
[121] 13.902307950  3.286744242  3.191823231  0.138495999 13.655601054
[126]  9.156815497  7.424850290  6.267636019  6.150768985  6.095100390
[131]  6.419647567  5.920864548  5.204766687  4.219299663  0.706262373
[136]  1.373827252  0.164633520  7.233360739  5.380178506  6.193561400
[141]  1.241697827  8.061695636  7.804083409  5.400470903  2.756948664
[146]  4.908010372  5.763248206  7.881427468  7.695991524  3.011618110
[151]  2.038194994  5.528644898  2.891198303  2.839316098  7.307127741
[156]  6.631957709  1.230747909  9.775627541  9.482606251  6.613610815
[161]  4.504574490  4.268508094  3.423547108  8.046260348  5.038089722
[166]  6.120019268  5.357551009  4.495994160  4.348013879  4.659634651
[171]  4.411347003  3.681391802  1.059816451  1.900625032  2.451872141
[176]  2.373661409  5.023362214  5.360514068  3.298430980  0.003701199
[181]  4.448322575  0.791081195  2.450662433  1.173438222  4.624582747
[186]  4.144088338  2.124621882  1.818891544  6.409295175  2.757835755
[191]  0.936764223  0.396087945  0.191156783  1.776716813  1.570831023
[196]  0.698120325  1.032680443  0.178734357  1.417604888  1.902709775
[201]  1.729873691  1.416025398  0.743225191  4.503038494  3.286080113
[206]  4.190337414  2.154076213  0.523349176  0.471625936  4.019136018
[211]  2.604167674  0.112996974  0.791731491  1.483639617  0.478712559
[216]  0.105131056  0.182564759  1.994925336  3.091144277  0.616759559
[221]  2.343005244  1.117066783  0.796215647  2.221674728  0.191452670
[226]  0.104707603  0.079285540  1.952700106

$PAR
  [1]  NA   1   1   1   2   2   2   5   5   5   6   8   8   8   8   8   8   8
 [19]   8   8   8   8   9  13  15  16  16  17  18  18  18  18  18  19  20  20
 [37]  21  25  29  29  29  32  33  35  35  35  35  36  36  36  37  38  39  39
 [55]  39  39  43  44  44  45  45  46  46  46  48  50  52  53  53  53  55  55
 [73]  56  58  62  66  66  67  69  70  70  70  70  70  71  71  72  72  72  72
 [91]  72  72  73  73  73  73  74  76  79  79  80  80  80  80  81  82  84  84
[109]  84  86  86  88  88  89  89  89  90  90  91  91  93  95  95  98 100 101
[127] 101 101 101 101 102 102 102 102 104 110 110 112 112 113 113 114 114 114
[145] 114 116 117 118 118 118 118 119 119 119 120 120 120 125 125 125 125 125
[163] 125 126 128 131 131 132 132 133 133 134 136 139 145 146 148 149 149 149
[181] 152 152 154 154 156 156 156 156 159 162 167 169 170 171 171 173 174 174
[199] 175 176 176 176 176 178 178 181 183 183 188 189 189 190 194 195 195 200
[217] 203 205 206 210 211 211 218 221 221 223 223 224

$EXTANT
  [1] FALSE FALSE FALSE FALSE FALSE FALSE FALSE FALSE FALSE FALSE FALSE FALSE
 [13] FALSE FALSE FALSE FALSE FALSE FALSE FALSE FALSE  TRUE FALSE FALSE FALSE
 [25] FALSE FALSE FALSE FALSE FALSE FALSE FALSE FALSE FALSE FALSE  TRUE FALSE
 [37]  TRUE FALSE FALSE FALSE FALSE FALSE  TRUE  TRUE  TRUE  TRUE  TRUE FALSE
 [49] FALSE FALSE  TRUE FALSE FALSE FALSE FALSE FALSE FALSE  TRUE FALSE  TRUE
 [61]  TRUE  TRUE  TRUE  TRUE FALSE  TRUE FALSE FALSE FALSE  TRUE FALSE FALSE
 [73]  TRUE  TRUE FALSE  TRUE  TRUE FALSE FALSE FALSE  TRUE FALSE FALSE  TRUE
 [85] FALSE FALSE FALSE FALSE FALSE FALSE  TRUE FALSE FALSE FALSE  TRUE  TRUE
 [97] FALSE  TRUE FALSE FALSE FALSE FALSE FALSE  TRUE  TRUE  TRUE  TRUE  TRUE
[109]  TRUE  TRUE  TRUE  TRUE FALSE FALSE FALSE FALSE FALSE  TRUE FALSE  TRUE
[121] FALSE FALSE FALSE  TRUE  TRUE FALSE  TRUE  TRUE  TRUE  TRUE  TRUE FALSE
[133] FALSE  TRUE  TRUE  TRUE FALSE FALSE  TRUE FALSE  TRUE FALSE FALSE FALSE
[145] FALSE  TRUE FALSE  TRUE  TRUE FALSE  TRUE FALSE  TRUE  TRUE  TRUE  TRUE
[157] FALSE FALSE  TRUE FALSE FALSE  TRUE FALSE FALSE FALSE FALSE  TRUE  TRUE
[169]  TRUE FALSE  TRUE  TRUE  TRUE  TRUE  TRUE  TRUE FALSE FALSE  TRUE  TRUE
[181] FALSE  TRUE  TRUE  TRUE FALSE FALSE  TRUE  TRUE FALSE  TRUE  TRUE  TRUE
[193]  TRUE  TRUE  TRUE  TRUE  TRUE  TRUE  TRUE  TRUE  TRUE FALSE  TRUE  TRUE
[205]  TRUE FALSE  TRUE  TRUE  TRUE  TRUE  TRUE  TRUE  TRUE  TRUE  TRUE  TRUE
[217]  TRUE  TRUE FALSE FALSE  TRUE  TRUE  TRUE  TRUE  TRUE  TRUE  TRUE  TRUE

