
Birth-death simulation object with 181 species and 53 extant species

Details for some species:

Extinction times (NA means extant)
[1] 40.61694 39.62514 47.67221 34.82562 47.77056 42.93963


Speciation times 
[1] 49.95521 49.91127 48.20942 49.89919 48.71503 43.28204


Species parents (NA for initial)
[1] NA  1  1  2  2  2


Species status (extinct or extant)
[1] "extinct" "extinct" "extinct" "extinct" "extinct" "extinct"


For more details on vector y, try sim$y, with y one of
TE TS PAR EXTANT



$TE
  [1] 40.61693979 39.62513906 47.67220776 34.82561651 47.77056167 42.93963054
  [7] 47.85186452 38.39661735 39.81554815 27.46579731 37.40143053 13.35576726
 [13] 30.16309612 42.57333734 35.58848357 36.33053279 26.88275331 19.93735604
 [19] 30.92756841 32.77623251 21.32067632 22.86002758 36.78987728 25.64885519
 [25] 10.25238071 14.09364260 11.22199229 15.46160582 15.79610430 16.00604476
 [31] 25.72064349 15.74848566 27.84345401 13.98904368  0.77175103 16.21877170
 [37] 15.70184252 11.73251536 14.12890403 15.98548598 30.56195797 26.98878536
 [43] 14.96245805 14.66608053 14.46178174 14.68302237 14.26597701 22.63902732
 [49] 14.48403597 17.83103740 16.43731380 11.85632505 14.80492396 15.29010624
 [55] 12.86086208  2.23392559  7.54447887  1.64662859  3.04480553 14.22638285
 [61] 14.57268919 14.92517543 14.95381508  6.42826161 15.79945035 14.11073373
 [67] 15.68317936 12.86893784 27.52741558 24.49579223 22.56456845 13.67550690
 [73] 13.86994894 22.25301644 14.08334601 13.55915632 15.20794375          NA
 [79]          NA  1.74950302  0.22322294          NA 14.21087049 11.70842863
 [85]  4.81075719 13.04000620 14.45471345 13.40951392  6.68430805 11.23106557
 [91] 10.48964320 10.08756874  8.78079243  3.28843023  7.53895671  2.28429626
 [97]          NA  3.30783710          NA 15.38106708          NA  3.06292902
[103]          NA 15.45730037 16.08304801 14.53786762  4.89381247 11.40255342
[109]  3.71101968  9.14994592  2.67706971          NA  2.76170733  0.98091693
[115]          NA          NA          NA          NA  4.68213262 10.17223909
[121]  6.32183932          NA          NA          NA  7.92262165          NA
[127]          NA          NA          NA          NA          NA          NA
[133]          NA  1.50333337  0.92606464          NA  4.92874157  7.20474652
[139]          NA  3.67657229          NA  0.05328559  1.41728242          NA
[145]          NA          NA  7.75529413  2.60088376          NA          NA
[151]  1.97619889          NA          NA          NA  4.11439939  0.39164018
[157]          NA          NA          NA          NA  6.80151471          NA
[163]          NA          NA          NA  2.17030284  0.21181946  2.19132843
[169]          NA          NA  0.32472905          NA          NA          NA
[175]  2.10605351          NA          NA          NA          NA          NA
[181]          NA

$TS
  [1] 49.9552117 49.9112690 48.2094192 49.8991868 48.7150307 43.2820390
  [7] 49.3550859 40.7031074 40.6773222 40.0072346 48.2111085 39.8813922
 [13] 30.3430381 47.5309998 38.0802023 36.5450566 35.2637799 34.8797036
 [19] 34.6776978 32.9626654 31.8550444 22.9620755 37.8456283 28.4499103
 [25] 27.6876411 26.9457235 25.9022922 24.7964824 32.8573484 31.6033736
 [31] 30.9214899 29.3856891 28.8145141 22.9470645 15.8546798 17.9134250
 [37] 15.9638439 14.4774047 22.5435378 18.8464110 30.8628653 27.5678238
 [43] 24.9772514 18.8392183 17.6519660 29.7142947 20.5731964 26.3804800
 [49] 23.0557967 22.4284470 21.2285413 19.5341492 17.7601722 16.9863118
 [55] 14.8346648  9.4702235  7.6823337  4.9771142  4.6512169 15.4746309
 [61] 18.4982532 17.2307402 18.8533625 18.6646474 16.3514673 17.1092177
 [67] 16.0447600 16.7190591 28.2079795 26.9433194 23.3349434 16.8856889
 [73] 15.0548950 23.8668357 18.0769821 16.4111078 15.4674679 14.4361302
 [79]  2.6161872  2.4257570  4.6232951  3.1430376 16.1237479 12.6507112
 [85]  8.0832507 16.8412471 15.6647968 14.2683851 14.0008876 13.8710952
 [91] 12.7348810 12.2198480 11.1057876  8.9946185  8.9809140  3.3748081
 [97]  0.4959470  3.4548832  0.2675442 15.8083411  7.1922548  6.5879719
[103]  5.5032739 16.3914292 16.2580754 15.0921365  8.3889641 12.8938282
[109] 11.3183545 10.5285464  7.7693904  7.0053077  6.4155900  5.3928725
[115]  4.0046093  1.1737409  4.6687654  4.3238426  7.9030347 12.6578509
[121] 11.5568658  9.4678639  7.6736112  6.1602611  9.5570784  1.2081380
[127]  4.8674287  1.1009968  3.1542685  0.7172628  0.7106677  0.6134959
[133]  0.3568428  4.1141145 11.1797878 10.6024221  8.5499287  7.3511126
[139]  6.9760034  6.7767544  9.2396098  0.1456284  1.7732991  0.5681630
[145]  2.7019915  2.2189901 10.7049799 10.4088873 10.0181885  6.6677207
[151]  6.5912977  4.5483221  3.0238879  7.5753875  6.2403283  4.0054997
[157]  5.0700237  1.9874795  1.6096574 10.1359811  8.0491781  4.1380577
[163]  4.0783658  3.8105485  3.4767924  6.3397234  4.7404696  3.5045609
[169]  2.7601685  1.0131335  1.8408232  0.5364733  7.5683068  5.0149771
[175]  7.1434155  0.7660755  0.5664119  2.9145149  4.1669584  1.1754692
[181]  0.6413632

$PAR
  [1]  NA   1   1   2   2   2   4   4   4   4   7  10  10  11  11  12  12  12
 [19]  12  12  12  12  15  18  18  18  18  18  19  21  21  21  21  22  25  26
 [37]  26  27  28  28  29  29  29  29  29  30  30  32  32  34  34  34  34  34
 [55]  35  35  35  35  35  39  40  40  43  43  43  44  44  45  46  46  46  47
 [73]  47  48  49  49  49  52  56  56  58  59  61  64  64  66  66  66  76  76
 [91]  78  78  78  78  78  78  78  81  81  83  85  85  85  86  86  86  89  90
[109]  90  93  94  94  94  94  94 101 102 102 107 108 108 109 109 109 110 112
[127] 113 114 115 116 116 116 116 118 121 121 121 121 122 123 125 126 127 127
[145] 129 129 135 135 135 135 135 136 136 137 137 140 141 145 145 147 147 148
[163] 148 149 149 150 151 152 153 153 156 156 160 160 161 163 164 166 174 179
[181] 179

$EXTANT
  [1] FALSE FALSE FALSE FALSE FALSE FALSE FALSE FALSE FALSE FALSE FALSE FALSE
 [13] FALSE FALSE FALSE FALSE FALSE FALSE FALSE FALSE FALSE FALSE FALSE FALSE
 [25] FALSE FALSE FALSE FALSE FALSE FALSE FALSE FALSE FALSE FALSE FALSE FALSE
 [37] FALSE FALSE FALSE FALSE FALSE FALSE FALSE FALSE FALSE FALSE FALSE FALSE
 [49] FALSE FALSE FALSE FALSE FALSE FALSE FALSE FALSE FALSE FALSE FALSE FALSE
 [61] FALSE FALSE FALSE FALSE FALSE FALSE FALSE FALSE FALSE FALSE FALSE FALSE
 [73] FALSE FALSE FALSE FALSE FALSE  TRUE  TRUE FALSE FALSE  TRUE FALSE FALSE
 [85] FALSE FALSE FALSE FALSE FALSE FALSE FALSE FALSE FALSE FALSE FALSE FALSE
 [97]  TRUE FALSE  TRUE FALSE  TRUE FALSE  TRUE FALSE FALSE FALSE FALSE FALSE
[109] FALSE FALSE FALSE  TRUE FALSE FALSE  TRUE  TRUE  TRUE  TRUE FALSE FALSE
[121] FALSE  TRUE  TRUE  TRUE FALSE  TRUE  TRUE  TRUE  TRUE  TRUE  TRUE  TRUE
[133]  TRUE FALSE FALSE  TRUE FALSE FALSE  TRUE FALSE  TRUE FALSE FALSE  TRUE
[145]  TRUE  TRUE FALSE FALSE  TRUE  TRUE FALSE  TRUE  TRUE  TRUE FALSE FALSE
[157]  TRUE  TRUE  TRUE  TRUE FALSE  TRUE  TRUE  TRUE  TRUE FALSE FALSE FALSE
[169]  TRUE  TRUE FALSE  TRUE  TRUE  TRUE FALSE  TRUE  TRUE  TRUE  TRUE  TRUE
[181]  TRUE

