
Birth-death simulation object with 334 species and 146 extant species

Details for some species:

Extinction times (NA means extant)
[1] 41.55959 42.67920 45.39372 36.83585 46.35623 39.53919


Speciation times 
[1] 49.95521 48.92693 48.33336 46.93982 48.49507 45.70918


Species parents (NA for initial)
[1] NA  1  1  1  2  2


Species status (extinct or extant)
[1] "extinct" "extinct" "extinct" "extinct" "extinct" "extinct"


For more details on vector y, try sim$y, with y one of
TE TS PAR EXTANT



$TE
  [1] 41.55958866 42.67919619 45.39372073 36.83585352 46.35623162 39.53919153
  [7] 45.45030558 33.70151421 36.18810436 31.83386572 39.52810188 38.58512023
 [13] 33.87125909 38.11374133 34.21547363 20.79690765 35.99068185 17.25115701
 [19] 11.10414237 12.55890600 14.24050848 15.77109027 25.44771437 18.14283423
 [25] 15.08342485  2.75636008 14.99622369 25.46541552 22.14998933 12.84436505
 [31] 13.24411777 15.78015251 15.12685084          NA 11.94953116          NA
 [37] 23.33894357  7.28451066 15.51011628 14.78775485 15.12552224  0.81024614
 [43] 15.51836423 17.98566574 13.15611796 15.34109847 13.47217626          NA
 [49]          NA          NA  6.41837409  3.22346195          NA 18.40949089
 [55] 25.68022075 21.14735988 14.18813167 17.73059358 15.07475707 12.44188875
 [61] 14.19402873 13.22818703  2.88597956 12.50767169          NA          NA
 [67]          NA          NA 14.77809479 14.78247877  2.38209385  8.68173146
 [73]  1.25887681 17.90415507 14.07616554 12.38523685 19.72035133 17.47396602
 [79] 15.92466724 13.31951404 11.41375682          NA  2.30278574          NA
 [85]          NA 17.48967897 18.53837030          NA          NA          NA
 [91]          NA          NA  3.60210632          NA          NA 22.17218813
 [97] 20.77168418 12.69007807  3.74682351 13.77321823 16.20630566  8.91946520
[103] 11.44151415 14.39275428  9.03943373          NA          NA  0.19493233
[109]          NA          NA  2.30422640  6.91827833          NA          NA
[115]          NA 15.11999057 13.01183007 14.70729769  5.70600758          NA
[121]          NA          NA          NA  3.13853814  0.94808655 19.50439778
[127] 12.11817293 15.61993504 11.60182191 15.18908462 12.73558568          NA
[133]  3.84395097          NA  1.99543227          NA  2.42035574  2.14120868
[139]  0.77170127          NA  8.63310021  4.97135154  2.39231894          NA
[145]          NA          NA 13.48323634 12.09022564 13.23740285  5.17611428
[151]          NA          NA  3.79864260 13.98237216 13.54464512          NA
[157] 16.07999446 13.46764956 12.34726264          NA 13.84559549 11.65934331
[163]          NA 15.21832496          NA          NA          NA          NA
[169]          NA  1.23324000  2.91788592          NA          NA          NA
[175]  4.44897723          NA          NA  4.22074110          NA          NA
[181]          NA  1.24717647 13.56524198          NA  3.01472664  4.61674325
[187]  0.98376676  2.40480732          NA          NA          NA  0.04182667
[193]          NA  3.02761852 12.02959205 14.40148222 12.51614078  8.69593573
[199]  2.43392023  6.72961469          NA          NA  2.65089544          NA
[205]          NA 17.96161970 16.59851509 15.86557918 15.34571703  1.90259055
[211]          NA          NA  2.80401385          NA  0.63666050  3.27072072
[217]          NA  8.69850924 10.63085733  4.73030973  6.65081851          NA
[223]          NA  1.00508395  7.31184779  5.97884731  2.35971709          NA
[229]          NA          NA          NA          NA          NA          NA
[235]          NA  2.35728274  1.62457506          NA          NA          NA
[241]          NA  1.85056848          NA          NA          NA 11.10149903
[247]  2.66245801          NA  7.39613874  1.14125659          NA 16.68792055
[253]          NA          NA          NA          NA  0.87592890          NA
[259]          NA          NA          NA          NA          NA          NA
[265]  2.73190448          NA          NA          NA          NA          NA
[271]  1.43287626          NA  5.74451040          NA  2.98022568  5.56845243
[277]          NA          NA  2.36911173          NA          NA          NA
[283]          NA          NA  2.08941619  0.42833341          NA          NA
[289]          NA          NA          NA  3.13005390  1.54732831          NA
[295]          NA          NA          NA  0.33633097  0.42594052          NA
[301]  1.69649422          NA          NA  3.32984081          NA  3.25198241
[307]          NA          NA  1.13923408          NA  4.83077509  0.07346059
[313]          NA          NA          NA  1.93086288  2.06734756          NA
[319]          NA  0.79780371          NA          NA  2.81186032          NA
[325]          NA          NA          NA          NA  0.90310120          NA
[331]          NA          NA          NA          NA

$TS
  [1] 49.95521172 48.92692997 48.33335789 46.93981863 48.49506935 45.70918468
  [7] 47.62834903 46.05879441 42.67708396 38.10465684 42.56015718 41.90472317
 [13] 39.73414672 39.22089333 40.69154722 40.09401837 36.63045967 36.33681736
 [19] 30.44408316 28.35647661 21.51548599 26.96439023 26.64467828 25.32875149
 [25] 25.19856421 20.39136458 20.07424562 28.49849857 26.57758224 25.78905965
 [31] 23.50888392 21.91122446 15.38990970 12.92436483 12.10755640 11.48987870
 [37] 23.72911470 17.71082073 19.43410909 24.16408751 22.76653982 22.87407962
 [43] 22.86696255 19.94308849 16.05720751 15.95283178 13.58891298 10.07521427
 [49]  7.95273974  7.44310288  6.61434191  5.39515523  3.22452165 27.96719863
 [55] 25.82509945 23.05455740 23.97803505 23.35457615 16.72067327 14.56175120
 [61] 21.72801001 20.19698881 12.63350760 12.62282962 11.42258409  9.37748528
 [67]  6.24504993  0.56289311 16.08029164 15.47898378 14.17325934 10.61149507
 [73]  7.38191648 19.25673639 22.65689552 18.50977135 22.50886423 19.53221543
 [79] 16.10360084 14.41180277 12.48865848 10.03127218  8.94165558  1.42072046
 [85]  1.13811594 20.28704770 19.19610868 14.87902628  2.78848402  7.00858883
 [91]  5.91042782  2.04265645  3.84696694  0.68307831  0.03643775 22.87647395
 [97] 20.84886862 20.61106749 19.34122983 22.07674486 22.15091565 13.06735701
[103] 17.41168129 16.80315291 18.62776240  9.02185295 11.39092985 10.85475256
[109]  8.08687594  7.70212905  6.93772417  7.00876247  5.51602780  1.41413530
[115]  0.48367271 15.69086490 15.21244608 14.97125685  6.17357717  5.99946201
[121]  3.40298810  2.87559010  6.14045290  4.93081905  2.06059426 22.20334042
[127] 18.46743426 16.82822851 12.56837480 17.80551859 14.34141565 12.22677716
[133]  8.24898833  6.00552238  2.60623623  1.89837569  8.52715940  7.15929347
[139]  4.78203543  0.53740307  9.89685550  8.96495699  3.96268776  0.90816442
[145]  0.62143328  0.57699696 16.96542687 15.11112611 18.98110063  9.66588133
[151]  6.28184081  4.95501411  4.30097570 21.85727065 18.19464195 13.81036359
[157] 17.25547163 16.40889063 12.48728822 10.60147186 14.86161878 11.95169812
[163] 11.45145860 15.37840672 12.12178968  9.92171802  6.83190545  5.05099571
[169]  2.48628986  9.70296935  8.98897929  7.00366820  6.40574511  5.72622422
[175]  5.54987134  7.91521695  0.26840986  6.78527181  6.53499272  0.04531338
[181]  0.16477020  3.53922295 13.78252367  9.31220961  8.69453834  7.95126386
[187]  3.67527506  6.10803649  1.60089087  1.08628914  0.44125639  4.45227386
[193]  0.04719583 15.75271530 13.59075862 15.56496862 13.73319024  9.38513903
[199]  8.88681356  8.12700574  6.00511584  5.85125034  3.55726691  0.28568695
[205]  2.19019512 18.27949063 17.93205564 17.36533082 17.01191189  5.44897998
[211]  3.95117433  2.77488570  8.23882153  8.05933044  7.76706023  5.07711810
[217]  3.98965132 11.13606848 10.77508482  8.78807174  8.11670204  6.28335856
[223]  2.77271401  2.27551527  9.67694482  7.30954638  3.83408464  5.14153384
[229]  2.04827023  1.97478130  6.34001884  3.98475700  8.97133341  3.05290754
[235]  6.31296555  4.22754427  3.41543811  0.22935231  2.36577083  0.78001112
[241]  7.28397430  6.81423171  3.20902651  2.39521508  1.25655669 11.46781265
[247]  6.22749245  4.79101148  8.69106430  7.03518127  2.94334310 17.85970188
[253]  3.21739417  0.49621637  0.04731852  4.00439700  3.18461680  3.94226471
[259]  6.81866320  3.54423973  2.61738254  1.94649924  1.47069413  0.57658440
[265]  3.72118892  2.14024234  7.10852864  1.29266829  0.69383349  6.18777877
[271]  4.65492545  2.70987688  7.26429786  5.92221682  3.42663017  6.69191121
[277]  0.24380619  3.92182629  3.96194533  2.31288938  1.14484532  8.53533076
[283]  8.34328667  2.99429093  2.87531457  1.38820052  1.92932596  0.99281144
[289]  0.21826034  2.29340828  1.92455955  6.52445601  3.85882287  3.60181757
[295]  3.05712765  1.57585006  1.01775780  0.69474439  0.84147606  3.23200854
[301]  2.91395375  5.80570190  2.48523390  4.05367906  2.17169483  6.18119489
[307]  3.01397461  6.38537837  3.70682270  0.47421541  6.53430412  6.10895542
[313]  5.52266261  0.48560784  5.11695959  2.58635510  2.11882096  1.22888304
[319]  1.67815555  3.46632359  0.94096537  0.43083306  3.53210053  2.80535103
[325]  2.09599603  2.08438514  0.90224585  3.10363447  2.23290655  1.92350341
[331]  1.57220123  1.27218401  0.03973261  0.27786325

$PAR
  [1]  NA   1   1   1   2   2   3   4   6   8   9   9   9   9  11  12  13  16
 [19]  16  16  16  18  18  18  18  18  18  19  19  19  19  19  19  19  19  19
 [37]  20  20  22  24  24  25  25  26  26  26  26  26  26  26  26  26  26  28
 [55]  28  29  30  30  30  30  31  32  34  34  34  34  34  36  38  38  38  38
 [73]  38  39  40  40  41  41  41  42  42  42  42  42  42  43  44  45  48  50
 [91]  50  50  52  53  53  54  54  54  54  57  58  60  61  61  62  63  65  65
[109]  65  65  65  66  66  66  68  69  69  70  71  71  71  71  73  73  73  75
[127]  75  76  76  78  80  81  82  82  82  82  83  83  83  84  88  88  90  90
[145]  94  94  98  98  99  99  99  99  99 100 100 100 101 101 102 102 103 103
[163] 103 105 105 105 106 106 106 107 107 107 107 107 107 108 109 111 111 120
[181] 123 124 127 132 132 132 132 133 134 134 134 137 145 147 148 149 149 150
[199] 150 150 150 151 151 151 152 154 154 154 154 156 156 156 160 160 160 160
[217] 160 163 163 163 163 165 165 165 166 166 166 167 167 167 170 170 171 174
[235] 176 176 176 179 182 184 185 185 192 192 192 194 194 194 199 199 202 207
[253] 210 212 212 216 217 222 226 228 228 228 228 231 232 232 233 234 234 235
[271] 235 236 241 241 241 242 245 247 248 248 248 249 249 250 251 251 253 253
[289] 253 256 256 259 259 259 260 260 260 262 263 267 267 270 270 271 274 276
[307] 279 282 282 282 283 283 283 288 292 295 295 296 303 308 308 310 312 313
[325] 316 316 318 323 324 324 325 325 328 332

$EXTANT
  [1] FALSE FALSE FALSE FALSE FALSE FALSE FALSE FALSE FALSE FALSE FALSE FALSE
 [13] FALSE FALSE FALSE FALSE FALSE FALSE FALSE FALSE FALSE FALSE FALSE FALSE
 [25] FALSE FALSE FALSE FALSE FALSE FALSE FALSE FALSE FALSE  TRUE FALSE  TRUE
 [37] FALSE FALSE FALSE FALSE FALSE FALSE FALSE FALSE FALSE FALSE FALSE  TRUE
 [49]  TRUE  TRUE FALSE FALSE  TRUE FALSE FALSE FALSE FALSE FALSE FALSE FALSE
 [61] FALSE FALSE FALSE FALSE  TRUE  TRUE  TRUE  TRUE FALSE FALSE FALSE FALSE
 [73] FALSE FALSE FALSE FALSE FALSE FALSE FALSE FALSE FALSE  TRUE FALSE  TRUE
 [85]  TRUE FALSE FALSE  TRUE  TRUE  TRUE  TRUE  TRUE FALSE  TRUE  TRUE FALSE
 [97] FALSE FALSE FALSE FALSE FALSE FALSE FALSE FALSE FALSE  TRUE  TRUE FALSE
[109]  TRUE  TRUE FALSE FALSE  TRUE  TRUE  TRUE FALSE FALSE FALSE FALSE  TRUE
[121]  TRUE  TRUE  TRUE FALSE FALSE FALSE FALSE FALSE FALSE FALSE FALSE  TRUE
[133] FALSE  TRUE FALSE  TRUE FALSE FALSE FALSE  TRUE FALSE FALSE FALSE  TRUE
[145]  TRUE  TRUE FALSE FALSE FALSE FALSE  TRUE  TRUE FALSE FALSE FALSE  TRUE
[157] FALSE FALSE FALSE  TRUE FALSE FALSE  TRUE FALSE  TRUE  TRUE  TRUE  TRUE
[169]  TRUE FALSE FALSE  TRUE  TRUE  TRUE FALSE  TRUE  TRUE FALSE  TRUE  TRUE
[181]  TRUE FALSE FALSE  TRUE FALSE FALSE FALSE FALSE  TRUE  TRUE  TRUE FALSE
[193]  TRUE FALSE FALSE FALSE FALSE FALSE FALSE FALSE  TRUE  TRUE FALSE  TRUE
[205]  TRUE FALSE FALSE FALSE FALSE FALSE  TRUE  TRUE FALSE  TRUE FALSE FALSE
[217]  TRUE FALSE FALSE FALSE FALSE  TRUE  TRUE FALSE FALSE FALSE FALSE  TRUE
[229]  TRUE  TRUE  TRUE  TRUE  TRUE  TRUE  TRUE FALSE FALSE  TRUE  TRUE  TRUE
[241]  TRUE FALSE  TRUE  TRUE  TRUE FALSE FALSE  TRUE FALSE FALSE  TRUE FALSE
[253]  TRUE  TRUE  TRUE  TRUE FALSE  TRUE  TRUE  TRUE  TRUE  TRUE  TRUE  TRUE
[265] FALSE  TRUE  TRUE  TRUE  TRUE  TRUE FALSE  TRUE FALSE  TRUE FALSE FALSE
[277]  TRUE  TRUE FALSE  TRUE  TRUE  TRUE  TRUE  TRUE FALSE FALSE  TRUE  TRUE
[289]  TRUE  TRUE  TRUE FALSE FALSE  TRUE  TRUE  TRUE  TRUE FALSE FALSE  TRUE
[301] FALSE  TRUE  TRUE FALSE  TRUE FALSE  TRUE  TRUE FALSE  TRUE FALSE FALSE
[313]  TRUE  TRUE  TRUE FALSE FALSE  TRUE  TRUE FALSE  TRUE  TRUE FALSE  TRUE
[325]  TRUE  TRUE  TRUE  TRUE FALSE  TRUE  TRUE  TRUE  TRUE  TRUE

