
Birth-death simulation object with 229 species and 60 extant species

Details for some species:

Extinction times (NA means extant)
[1] 38.17028 32.70251 36.09269 39.69275 29.99513 41.09822


Speciation times 
[1] 49.95521 45.75250 43.53324 42.60364 41.23422 41.54071


Species parents (NA for initial)
[1] NA  1  1  1  1  2


Species status (extinct or extant)
[1] "extinct" "extinct" "extinct" "extinct" "extinct" "extinct"


For more details on vector y, try sim$y, with y one of
TE TS PAR EXTANT



$TE
  [1] 38.17027710 32.70250966 36.09269306 39.69274714 29.99512792 41.09821711
  [7] 30.23340399 14.96609219 40.07979804 28.35984875 18.29753502 19.11594430
 [13] 26.80327901 33.77701261 27.56887038 25.13319434          NA 13.41930614
 [19] 23.19770622 21.52578595 22.38950255 23.47757726 15.47921215 11.73786495
 [25] 20.66944906 29.26112622 21.99499297 18.08230302 16.30720999 29.35388861
 [31] 27.86793460 17.93720688 16.66346829  3.28211653          NA          NA
 [37]          NA          NA          NA          NA          NA 13.65361465
 [43] 13.77834519 15.28466664 28.38755692 14.29299301 19.09951297 19.16802881
 [49] 19.82913008 30.69842719 26.53851118 15.44139763 13.69106003 11.11496586
 [55] 19.55157702 10.60721335 15.43054892 16.23304910  5.09425512  3.06419801
 [61]  2.95784691  0.18976644          NA          NA 11.50242858 18.80547447
 [67] 21.23849691 13.81508914 11.15170833 15.07631459 13.33106676 15.77499413
 [73] 21.64549595 15.82925984 15.94316984 26.59684291 13.33247674 14.80632612
 [79] 15.83101477 18.54310224 14.44244667 15.85000681 18.03194410 15.01927792
 [85] 13.00426328          NA  7.68503375  7.00372999  6.82289826  1.02426801
 [91]          NA  0.22847727  1.00409898  2.48966419 12.26544686 13.47026680
 [97] 15.02595227 14.19184157 11.68366702  8.78083998 12.84562158 23.38974982
[103] 15.64379261 15.69673145 18.40993388 19.86956852 15.30656904 15.23564806
[109] 15.61774763 16.94563255 19.34280508 15.37219172 15.66021855 14.88106597
[115] 16.06091624 18.14959461 11.72575593 13.56613314          NA          NA
[121]  2.07255634          NA          NA          NA  0.24456566          NA
[127]          NA          NA          NA  2.01422862  8.07895190          NA
[133]  2.29046469 15.15505195 14.17408196 12.80248266 11.94723139  9.19794505
[139]          NA  3.86923233 14.37745986 13.82630110 16.60513740 14.90527639
[145] 15.62072634 17.18178150 19.84237929 14.84628182 13.57234242  4.65466131
[151]          NA  1.00879960          NA          NA          NA          NA
[157]          NA  2.93861935          NA          NA  0.74289830 15.94567222
[163] 16.08282835 13.97337838  4.72350433  0.88744946  0.07727809          NA
[169]  0.02408797          NA          NA          NA  1.52682307 15.92783635
[175] 14.90726898 11.73205601 12.70239032 12.06933633 13.80668459 14.48357026
[181] 12.62626784          NA          NA          NA          NA          NA
[187]  5.21418826          NA          NA  0.89163214          NA 17.72227326
[193] 14.78648711          NA          NA          NA          NA          NA
[199]          NA  0.43341571 15.11272422 15.58925670 13.97642549 13.70621002
[205] 15.19406254 15.25994708  1.79107481 14.19388658 14.74638668  2.74740970
[211]          NA          NA          NA          NA  2.08075732          NA
[217] 14.87309868 13.78464327 13.59038676          NA          NA 12.86966356
[223]          NA  0.29086420          NA          NA          NA 14.90470379
[229] 13.90573525

$TS
  [1] 49.95521172 45.75250236 43.53323838 42.60363519 41.23422436 41.54071456
  [7] 35.86409678 40.53007554 41.17798229 31.03163995 34.97772144 34.14360397
 [13] 32.84366968 37.80590619 27.81592727 26.51683865 23.22836941 16.51786887
 [19] 30.90985611 30.18714230 26.81401650 26.25734391 25.36848682 32.22546446
 [25] 31.03519015 30.08101727 23.69837443 23.51543581 19.21105739 31.24130657
 [31] 30.40096699 20.66910138 18.53116548 13.33352978  2.44745259  1.99482804
 [37]  1.29955622  1.18807028  0.81014258  0.28721994  0.10085995 16.36107482
 [43] 14.86780065 27.05351962 29.78963719 27.50006547 22.61278207 24.36631222
 [49] 24.73582770 31.59970108 29.04548495 21.64400166 21.92994507 23.57690689
 [55] 20.82017184 18.99061229 18.45902045 18.83903019  9.35568311  8.42806428
 [61]  5.48435087  4.66090978  0.05021260  0.12567233 15.23230024 26.12204028
 [67] 22.62508603 18.94872315 15.55697334 26.24742495 23.15252102 19.87848032
 [73] 23.33052601 22.99455265 21.42503914 27.21595850 17.82047421 21.19810177
 [79] 19.82853830 18.55974526 14.52542206 20.76731431 19.73102671 17.35235113
 [85] 17.78743498  8.69537885  7.71112220  7.14725431  7.02883192  5.57940174
 [91]  4.11246661  4.20215164  4.19480297 12.70092113 12.29679947 20.49936359
 [97] 16.97771833 15.07594909 13.80838566 13.70713975 12.96240390 24.53255409
[103] 21.15816683 19.27810140 22.12219226 20.59431173 16.72419551 16.45950157
[109] 20.47809709 17.63014160 26.97456787 16.00605736 18.07151263 16.10410033
[115] 16.19109522 18.43858904 14.94497652 14.06270006  7.43405491  6.57935723
[121]  6.46552033  3.68941111  5.45980519  3.43097813  3.23186746  1.84723677
[127]  1.61240744  3.37359473  2.94997910  9.92474109  8.57441009  8.29407631
[133]  4.83607108 20.33358264 19.37554717 16.94914945 13.36449617  9.73517182
[139]  9.62917012  8.81782945 20.28009332 20.05540999 18.34130544 16.68569709
[145] 18.71289569 21.58522344 20.44813486 16.27042860 13.95678945  7.26841321
[151]  5.92103141  3.06012504  1.01366521  1.51536439  1.21800155  0.38609144
[157]  7.89869154  6.73984921  6.10309414  8.12914466  3.02905985 18.34384851
[163] 17.41657183 15.86356695  5.02611927  4.91490789  4.35985108  4.10733813
[169]  1.49858195  0.28549612  8.62659290  6.53121537  3.87950194 19.74840775
[175] 14.94851826 14.70778669 16.83744588 18.38300713 18.00821398 16.33984940
[181] 17.21812946  5.96705143  3.45135763  6.05790756  3.08190868  2.40015774
[187]  6.15632896  4.73558371  0.71988469  7.91006568  2.73482010 18.15686753
[193] 16.27105647  0.05650554  2.39231811  0.72286762  1.10960746  0.49281653
[199]  2.08695379  1.54202803 18.98216895 16.58628221 14.54028106 13.71280990
[205] 15.87357465 15.56364662 15.82036462 14.89207732 17.17279882  3.25322106
[211]  2.91355381  2.70328183  0.34282632  1.75788360  3.91700869  0.90079072
[217] 15.72688742 14.00594520 13.76360246 10.10251315  3.44897712 16.49276918
[223]  2.83645991  2.51192395  2.01598462  1.22086381  0.10898343 15.58361236
[229] 15.35296231

$PAR
  [1]  NA   1   1   1   1   2   2   3   4   5   7   7   7   8   8   8   8   8
 [19]  10  10  11  11  11  12  12  12  12  12  12  13  13  17  17  17  17  17
 [37]  17  17  17  17  17  18  18  19  20  20  20  21  22  24  24  24  25  27
 [55]  28  28  28  32  34  34  34  34  38  40  42  44  44  44  44  46  46  46
 [73]  48  48  48  51  52  53  53  53  53  54  55  56  58  59  59  60  60  60
 [91]  60  61  61  65  65  66  68  69  69  69  69  70  70  72  73  74  74  74
[109]  75  75  76  77  79  79  82  83  85  85  86  86  86  86  90  90  90  91
[127]  91  92  92  94  94  94  94  96  96  97 100 100 100 100 103 103 104 104
[145] 105 111 111 113 117 119 121 122 122 129 129 129 130 130 130 132 132 135
[163] 135 135 139 139 139 139 139 139 140 140 140 141 142 142 143 145 145 145
[181] 146 150 151 157 157 157 158 158 159 160 160 162 163 168 171 171 172 172
[199] 173 173 174 174 176 178 179 179 180 180 181 182 182 182 183 184 190 199
[217] 201 203 207 207 207 209 210 212 220 221 221 222 228

$EXTANT
  [1] FALSE FALSE FALSE FALSE FALSE FALSE FALSE FALSE FALSE FALSE FALSE FALSE
 [13] FALSE FALSE FALSE FALSE  TRUE FALSE FALSE FALSE FALSE FALSE FALSE FALSE
 [25] FALSE FALSE FALSE FALSE FALSE FALSE FALSE FALSE FALSE FALSE  TRUE  TRUE
 [37]  TRUE  TRUE  TRUE  TRUE  TRUE FALSE FALSE FALSE FALSE FALSE FALSE FALSE
 [49] FALSE FALSE FALSE FALSE FALSE FALSE FALSE FALSE FALSE FALSE FALSE FALSE
 [61] FALSE FALSE  TRUE  TRUE FALSE FALSE FALSE FALSE FALSE FALSE FALSE FALSE
 [73] FALSE FALSE FALSE FALSE FALSE FALSE FALSE FALSE FALSE FALSE FALSE FALSE
 [85] FALSE  TRUE FALSE FALSE FALSE FALSE  TRUE FALSE FALSE FALSE FALSE FALSE
 [97] FALSE FALSE FALSE FALSE FALSE FALSE FALSE FALSE FALSE FALSE FALSE FALSE
[109] FALSE FALSE FALSE FALSE FALSE FALSE FALSE FALSE FALSE FALSE  TRUE  TRUE
[121] FALSE  TRUE  TRUE  TRUE FALSE  TRUE  TRUE  TRUE  TRUE FALSE FALSE  TRUE
[133] FALSE FALSE FALSE FALSE FALSE FALSE  TRUE FALSE FALSE FALSE FALSE FALSE
[145] FALSE FALSE FALSE FALSE FALSE FALSE  TRUE FALSE  TRUE  TRUE  TRUE  TRUE
[157]  TRUE FALSE  TRUE  TRUE FALSE FALSE FALSE FALSE FALSE FALSE FALSE  TRUE
[169] FALSE  TRUE  TRUE  TRUE FALSE FALSE FALSE FALSE FALSE FALSE FALSE FALSE
[181] FALSE  TRUE  TRUE  TRUE  TRUE  TRUE FALSE  TRUE  TRUE FALSE  TRUE FALSE
[193] FALSE  TRUE  TRUE  TRUE  TRUE  TRUE  TRUE FALSE FALSE FALSE FALSE FALSE
[205] FALSE FALSE FALSE FALSE FALSE FALSE  TRUE  TRUE  TRUE  TRUE FALSE  TRUE
[217] FALSE FALSE FALSE  TRUE  TRUE FALSE  TRUE FALSE  TRUE  TRUE  TRUE FALSE
[229] FALSE

