
Birth-death simulation object with 157 species and 78 extant species

Details for some species:

Extinction times (NA means extant)
[1] 35.50901 30.09579 11.92433 35.47135 27.75186 28.78562


Speciation times 
[1] 49.95521 39.72075 39.61165 37.28632 37.18535 33.05751


Species parents (NA for initial)
[1] NA  1  1  2  2  3


Species status (extinct or extant)
[1] "extinct" "extinct" "extinct" "extinct" "extinct" "extinct"


For more details on vector y, try sim$y, with y one of
TE TS PAR EXTANT



$TE
  [1] 35.509011451 30.095787620 11.924328191 35.471352568 27.751856194
  [6] 28.785619552 30.036301083 23.487100722 11.415930176 24.803113001
 [11] 28.098388863 29.775961033 25.251243194 23.273073499 22.887599573
 [16] 22.721319365 15.263077031 13.842993630  8.919266028 23.542010720
 [21] 29.196680598 19.881582098 17.627162918 14.956213716 13.323878835
 [26] 19.013184876 16.077341854  9.469420649 30.157525637 15.186899036
 [31] 21.070317159 15.029603763  7.327320540  5.402730124 14.482674200
 [36] 29.484639748 26.338818100 17.982440753 16.398404835 14.465747326
 [41]           NA  9.778658237  0.265306648           NA           NA
 [46] 13.751273851 10.125414622           NA           NA 15.226250343
 [51]  2.352548320           NA  3.704628049  7.130586980  7.440980551
 [56]           NA           NA  1.620233511           NA           NA
 [61]  5.708844844  2.475231077           NA  2.429205157  4.220967142
 [66]  4.485045546  1.470769617  3.325822258           NA  2.803588340
 [71]  0.069015059  0.039989169           NA  5.838652718  4.184115334
 [76]           NA           NA           NA  2.389442540           NA
 [81]           NA           NA           NA           NA           NA
 [86]  7.727012857  2.259433599           NA           NA           NA
 [91]           NA           NA           NA           NA           NA
 [96]           NA  3.060258397           NA           NA           NA
[101]           NA           NA           NA           NA           NA
[106]  1.687087171           NA  3.080649372           NA           NA
[111]           NA           NA           NA  0.342570610           NA
[116]           NA           NA           NA  2.599801516           NA
[121]           NA  7.238349365           NA           NA           NA
[126]           NA  1.111461091           NA  2.094977811           NA
[131]           NA           NA           NA           NA           NA
[136]           NA  0.038491225           NA           NA           NA
[141]  0.865085225           NA  0.962412256           NA           NA
[146]  0.004236694  0.281559217           NA           NA           NA
[151]           NA           NA           NA  1.466412693           NA
[156]           NA           NA

$TS
  [1] 49.95521172 39.72074634 39.61164746 37.28631694 37.18534998 33.05751111
  [7] 31.44867813 28.88098100 15.13893871 32.06410593 31.30850869 31.28510532
 [13] 26.26196306 25.78818855 25.44781076 24.16777440 24.14127490 15.01777280
 [19] 12.49873618 31.07144263 30.20384278 26.35598381 26.04761614 25.69574522
 [25] 23.68613103 20.93421015 18.33164064  9.70856571 30.55715223 28.91468513
 [31] 23.71136533 21.73171410 23.88018292 18.56434439 19.13422501 30.46198062
 [37] 28.12546174 18.01058960 18.60462573 14.81638956 10.17258524 10.09423056
 [43]  9.78801933  9.62961544  8.71160047 15.62893304 10.14808147  9.74882557
 [49]  6.25234292 15.33758485 15.16552609  6.77926922  5.79404129  9.52525488
 [55]  8.38289221  7.77402054  6.56931638  5.19919522  3.52090867  1.03005398
 [61]  9.22820464  7.93962638  3.72901898  6.89679673  5.56751584  4.71589963
 [67]  7.91359269  7.91001578  5.70136814  3.92375828  6.14364036  5.26648316
 [73]  4.02857943  6.25553410  5.16432885  0.95729876  6.14302303  5.56207501
 [79]  2.41181970  0.64229559  0.76274779  0.19424078  0.97181582  0.81588855
 [85]  8.26024726  8.23518185  7.60097417  7.85110815  7.02025545  4.74868313
 [91]  4.45981888  3.57221894  0.47246915  2.15866238  5.18070929  3.49030520
 [97]  5.26121792  1.76876055  3.47971721  1.32879811  0.27312924  2.25144318
[103]  1.85326680  0.67887766  8.03510236  3.67227859  6.49001103  6.15802969
[109]  5.71058660  5.64440748  2.97019958  4.37806695  3.83138016  3.11026838
[115]  0.73803281  0.13984545  0.05302822  2.86754927  4.88471214  1.18684945
[121]  0.33542405  7.78629034  6.99791674  5.88436794  0.69507423  1.48872400
[127]  5.82355844  4.07399135  2.31375942  3.81389357  0.64104107  0.58625291
[133]  1.25536477  2.36759763  1.67085663  3.02575242  5.18491878  4.24936577
[139]  3.12815945  1.39172292  2.51096298  1.50272253  1.15019316  0.56837991
[145]  0.09013489  0.80294821  3.65894376  0.61356593  1.24167822  0.31041663
[151]  3.31151419  2.42127014  0.75542537  2.03799871  0.61722743  2.07406191
[157]  1.34353302

$PAR
  [1]  NA   1   1   2   2   3   3   3   3   6   7   7   8   8   8   8   8   9
 [19]   9  10  10  10  10  13  16  17  17  19  20  20  20  22  24  25  26  29
 [37]  30  32  33  33  33  33  33  33  33  34  34  34  34  35  35  41  41  43
 [55]  43  43  43  43  43  43  44  44  44  45  45  45  48  48  48  48  49  51
 [73]  51  52  56  56  57  57  57  57  59  59  60  60  61  61  61  62  62  62
 [91]  62  62  63  67  69  70  71  72  73  73  77  78  78  84  85  85  87  88
[109]  88  88  88  89  89  90  90  91  93  96  97  98 102 105 105 105 105 107
[127] 108 108 109 110 111 111 113 114 118 119 123 123 123 126 128 128 128 132
[145] 132 136 137 137 138 146 147 147 147 151 151 152 152

$EXTANT
  [1] FALSE FALSE FALSE FALSE FALSE FALSE FALSE FALSE FALSE FALSE FALSE FALSE
 [13] FALSE FALSE FALSE FALSE FALSE FALSE FALSE FALSE FALSE FALSE FALSE FALSE
 [25] FALSE FALSE FALSE FALSE FALSE FALSE FALSE FALSE FALSE FALSE FALSE FALSE
 [37] FALSE FALSE FALSE FALSE  TRUE FALSE FALSE  TRUE  TRUE FALSE FALSE  TRUE
 [49]  TRUE FALSE FALSE  TRUE FALSE FALSE FALSE  TRUE  TRUE FALSE  TRUE  TRUE
 [61] FALSE FALSE  TRUE FALSE FALSE FALSE FALSE FALSE  TRUE FALSE FALSE FALSE
 [73]  TRUE FALSE FALSE  TRUE  TRUE  TRUE FALSE  TRUE  TRUE  TRUE  TRUE  TRUE
 [85]  TRUE FALSE FALSE  TRUE  TRUE  TRUE  TRUE  TRUE  TRUE  TRUE  TRUE  TRUE
 [97] FALSE  TRUE  TRUE  TRUE  TRUE  TRUE  TRUE  TRUE  TRUE FALSE  TRUE FALSE
[109]  TRUE  TRUE  TRUE  TRUE  TRUE FALSE  TRUE  TRUE  TRUE  TRUE FALSE  TRUE
[121]  TRUE FALSE  TRUE  TRUE  TRUE  TRUE FALSE  TRUE FALSE  TRUE  TRUE  TRUE
[133]  TRUE  TRUE  TRUE  TRUE FALSE  TRUE  TRUE  TRUE FALSE  TRUE FALSE  TRUE
[145]  TRUE FALSE FALSE  TRUE  TRUE  TRUE  TRUE  TRUE  TRUE FALSE  TRUE  TRUE
[157]  TRUE

