
Birth-death simulation object with 227 species and 81 extant species

Details for some species:

Extinction times (NA means extant)
[1] 29.50748 34.94869 24.49216 39.67967 13.92601 33.90386


Speciation times 
[1] 49.95521 44.01167 40.85702 40.76038 36.16393 40.81541


Species parents (NA for initial)
[1] NA  1  1  1  1  2


Species status (extinct or extant)
[1] "extinct" "extinct" "extinct" "extinct" "extinct" "extinct"


For more details on vector y, try sim$y, with y one of
TE TS PAR EXTANT



$TE
  [1] 29.50748371 34.94868876 24.49215930 39.67966732 13.92600749 33.90385926
  [7] 28.49145909 35.38544095 22.78369327 33.85975717 28.16821851 23.47481240
 [13] 14.97049150 15.33106049 18.94678643 13.35374011 37.76859573 30.35172824
 [19] 29.53057186 22.35913367 27.00308273 27.29767055 17.87173369 25.20256386
 [25] 24.09551176 25.95525987 20.72143946 17.34720869 14.18804294  6.14688505
 [31] 15.79249488 15.60228141 15.23494829 35.83671440 34.23676027 23.80949777
 [37] 30.17566519 28.66874012 15.94943791 23.69669774 14.33228718 19.82921352
 [43] 21.40871531 21.26213856 12.30589314 13.53712273 12.75347159 17.00068036
 [49] 15.69913441 14.04589689  5.17494390          NA  6.88426326          NA
 [55]          NA 16.00544210 14.59434696 12.56017864 22.17736581 24.43278739
 [61] 30.36315108 29.39272712 23.67214322 17.43810223 23.31761530 13.98318688
 [67] 15.39746939 12.95120824 15.53707013 14.75446336 15.87209444 14.05411443
 [73]  9.30904453  6.49918565  2.78235747          NA          NA  6.66028667
 [79]  4.88620546  7.03391582          NA  6.35006316  5.95436362  5.28527046
 [85]          NA          NA  1.17420038 15.93357270 15.29435966 14.63136242
 [91] 11.36027693 16.06229882 29.46349291 14.32564937 20.49523127 12.62147571
 [97] 18.78658754  9.47619226  5.48444764  7.24347065          NA          NA
[103]          NA          NA  0.94628408          NA          NA  2.28507669
[109]          NA          NA          NA 15.49061523 14.63520512 17.90777119
[115] 22.39825984 14.01660068          NA  1.30494339  1.99891738          NA
[121]  3.26657825          NA          NA          NA          NA          NA
[127]  1.38952474          NA          NA  0.20445769          NA          NA
[133]  0.48042171          NA  6.32485201          NA          NA          NA
[139] 15.36527739 14.73338393 13.62050807 15.14402042 14.92898347 15.18329399
[145] 15.58067020 12.14005931 13.38952259 10.97040192  5.08178341  6.33289633
[151]          NA          NA          NA          NA  0.40274552          NA
[157]          NA          NA          NA          NA          NA          NA
[163]  6.57600575  6.45616634          NA          NA          NA          NA
[169]          NA 15.13715087 16.79285642 14.52148690 14.33039955          NA
[175]  7.41144433          NA  6.78864864          NA  1.09932724          NA
[181]          NA          NA  2.83221998          NA          NA  1.42226833
[187]          NA          NA          NA          NA  0.69219894 16.07804624
[193] 15.81236607  7.48756109  0.08027364  5.58277345  3.07896847  5.52125777
[199]  0.33831675  1.62976237  1.88903776          NA          NA          NA
[205]          NA          NA          NA  0.28353212          NA          NA
[211]          NA          NA          NA          NA          NA          NA
[217]          NA          NA          NA  4.93011258  3.49386806  2.40514765
[223]          NA          NA          NA  1.40706197          NA

$TS
  [1] 49.955211715 44.011666154 40.857023751 40.760375029 36.163934782
  [6] 40.815409430 37.021428295 35.581707075 29.348561822 33.954608110
 [11] 33.690961644 30.311942215 25.469660058 25.144791614 19.535342899
 [16] 19.366351046 39.255585239 36.323025225 36.050122160 35.862796599
 [21] 34.222221390 33.979869704 30.256004760 28.736226511 28.070421086
 [26] 30.287444482 25.288476851 20.625509428 23.323352298 21.683658813
 [31] 17.179483574 19.393515732 17.667030510 39.058621562 35.788531427
 [36] 31.382188095 34.991865732 34.271507201 29.475447157 25.275339338
 [41] 30.543818182 27.397636672 26.200501747 22.708725540 19.070355510
 [46] 18.908635998 17.340379298 17.043238058 16.455809437 15.190683347
 [51]  9.938376073  8.664956420  8.293165378  7.699955054  7.654219569
 [56] 17.486206101 17.010086361 30.069897694 26.781319902 25.584546830
 [61] 31.621845700 31.019752516 25.133040482 24.183334976 24.035041074
 [66] 23.742592959 21.975871028 22.305754188 18.898454986 15.270019296
 [71] 18.596903157 14.432588311 14.762989644  9.128942673  8.384345887
 [76]  6.705202510  2.189966146  8.166060973  7.851295452  7.191445314
 [81]  0.635885940  6.616417480  6.340601009  6.206875913  5.970944445
 [86]  5.305191681  1.374028993 17.303740977 16.400170473 15.752549473
 [91] 15.717974236 21.640552054 31.100133795 30.903315188 23.565460703
 [96] 22.267865504 19.943339056  9.740889838  8.722849345  8.077673232
[101]  7.918240474  3.961781577  4.170934016  0.629148043  7.541615852
[106]  7.107463630  6.388042215  4.255983988  2.808343095  2.473511447
[111] 15.943085128 15.609784936 21.522438857 20.605841098 29.357060082
[116] 16.538435920 20.650005853  8.128820825  7.929306582  4.352595364
[121]  3.616276913  2.223612449  2.016436610  1.260005093  5.859538967
[126]  1.139853901  2.439875541  2.025234654  1.581335457  1.534443243
[131]  1.081790932  3.310292016  1.870831952 12.443398985  7.104416354
[136]  6.139926338  0.725490904  0.417513208 20.187370068 24.274816134
[141] 15.788804855 15.401072110 17.877553315 16.004605256 15.684939323
[146] 14.749265198 14.313097131 12.707752745  9.766132787  9.537355763
[151]  7.837843144  6.148705595  2.330547542  6.830716982  4.847856440
[156]  2.855514278  2.371248526  5.735464119  0.836008930  0.318718613
[161]  0.499529169  9.272106453  7.841253305  6.844382753  6.699072109
[166]  4.314434320  2.205122594  0.512686770  0.345224153 19.110674742
[171] 17.521872736 14.753496140 17.146015180  9.134848640  9.332606017
[176]  8.897895208  7.089024451  7.766586229  2.498050161  2.166361387
[181]  3.428767912  0.814112764  6.354065860  1.993355306  1.056428399
[186]  1.585824228  0.974903379  2.299721146  0.208299626  3.396273109
[191]  3.694756985 16.703395970 16.524672725  8.466715040  3.480584371
[196]  8.565322483  7.180117874  6.691646041  6.885059240  6.525824909
[201]  4.953025429  2.520928437  1.351457278  0.038108556  1.365039126
[206]  0.004661656  0.960087872  1.895244807  1.414977830  7.790673181
[211]  1.438879670  6.240372509  3.817680041  3.658109838  1.207566758
[216]  3.819923218  4.117539955  0.510179235  5.866748456  5.702394826
[221]  5.396757019  5.323774768  0.885330691  2.197011379  3.725243287
[226]  4.876097020  2.632525210

$PAR
  [1]  NA   1   1   1   1   2   2   3   3   5   5   5   5   5   5   5   6   7
 [19]   7   7   7   7   7   9   9  11  13  13  14  14  14  15  16  17  18  18
 [37]  20  20  20  20  21  22  26  27  29  29  29  29  29  30  30  30  30  30
 [55]  30  32  32  36  36  36  38  38  40  40  41  43  43  44  45  45  46  47
 [73]  50  51  51  52  52  53  53  53  54  55  55  55  55  55  55  56  56  57
 [91]  57  58  61  62  64  64  67  73  74  74  75  75  76  76  78  78  82  86
[109]  86  86  88  90  92  92  94  94  95  99  99 101 103 103 103 103 105 105
[127] 106 106 107 107 107 108 109 111 111 111 111 111 113 115 116 116 117 117
[145] 117 117 117 117 117 117 117 117 117 118 118 118 118 119 120 124 131 134
[163] 134 135 135 136 136 136 136 139 139 140 143 149 150 150 150 151 151 151
[181] 152 152 154 154 155 156 156 158 159 162 165 170 173 174 174 175 176 176
[199] 178 178 178 178 178 178 180 185 190 191 191 194 195 197 197 199 199 200
[217] 201 202 210 210 210 210 210 213 219 222 222

$EXTANT
  [1] FALSE FALSE FALSE FALSE FALSE FALSE FALSE FALSE FALSE FALSE FALSE FALSE
 [13] FALSE FALSE FALSE FALSE FALSE FALSE FALSE FALSE FALSE FALSE FALSE FALSE
 [25] FALSE FALSE FALSE FALSE FALSE FALSE FALSE FALSE FALSE FALSE FALSE FALSE
 [37] FALSE FALSE FALSE FALSE FALSE FALSE FALSE FALSE FALSE FALSE FALSE FALSE
 [49] FALSE FALSE FALSE  TRUE FALSE  TRUE  TRUE FALSE FALSE FALSE FALSE FALSE
 [61] FALSE FALSE FALSE FALSE FALSE FALSE FALSE FALSE FALSE FALSE FALSE FALSE
 [73] FALSE FALSE FALSE  TRUE  TRUE FALSE FALSE FALSE  TRUE FALSE FALSE FALSE
 [85]  TRUE  TRUE FALSE FALSE FALSE FALSE FALSE FALSE FALSE FALSE FALSE FALSE
 [97] FALSE FALSE FALSE FALSE  TRUE  TRUE  TRUE  TRUE FALSE  TRUE  TRUE FALSE
[109]  TRUE  TRUE  TRUE FALSE FALSE FALSE FALSE FALSE  TRUE FALSE FALSE  TRUE
[121] FALSE  TRUE  TRUE  TRUE  TRUE  TRUE FALSE  TRUE  TRUE FALSE  TRUE  TRUE
[133] FALSE  TRUE FALSE  TRUE  TRUE  TRUE FALSE FALSE FALSE FALSE FALSE FALSE
[145] FALSE FALSE FALSE FALSE FALSE FALSE  TRUE  TRUE  TRUE  TRUE FALSE  TRUE
[157]  TRUE  TRUE  TRUE  TRUE  TRUE  TRUE FALSE FALSE  TRUE  TRUE  TRUE  TRUE
[169]  TRUE FALSE FALSE FALSE FALSE  TRUE FALSE  TRUE FALSE  TRUE FALSE  TRUE
[181]  TRUE  TRUE FALSE  TRUE  TRUE FALSE  TRUE  TRUE  TRUE  TRUE FALSE FALSE
[193] FALSE FALSE FALSE FALSE FALSE FALSE FALSE FALSE FALSE  TRUE  TRUE  TRUE
[205]  TRUE  TRUE  TRUE FALSE  TRUE  TRUE  TRUE  TRUE  TRUE  TRUE  TRUE  TRUE
[217]  TRUE  TRUE  TRUE FALSE FALSE FALSE  TRUE  TRUE  TRUE FALSE  TRUE

