
Birth-death simulation object with 134 species and 40 extant species

Details for some species:

Extinction times (NA means extant)
[1] 40.16279 23.61894 32.95478 27.69240 25.64371 17.94151


Speciation times 
[1] 49.95521 43.48236 39.12626 37.26401 34.29851 36.37039


Species parents (NA for initial)
[1] NA  1  2  2  2  3


Species status (extinct or extant)
[1] "extinct" "extinct" "extinct" "extinct" "extinct" "extinct"


For more details on vector y, try sim$y, with y one of
TE TS PAR EXTANT



$TE
  [1] 40.1627935 23.6189377 32.9547831 27.6923981 25.6437064 17.9415099
  [7] 33.2842044 16.2799416 32.5736741 24.8513939 21.6835322 21.8990931
 [13] 13.6374581 11.5881096 16.0430427 27.1984202 18.2560155 20.3292039
 [19] 16.9874290 17.5999921 19.7916297 16.6783522 16.0460363 15.8653577
 [25] 11.4680251 15.0434336 15.6483481 14.2194133 21.8289589 25.3260807
 [31] 16.4483106 20.9896145 15.4841502 19.1881628 16.7531341 15.1962022
 [37] 20.8022621 15.4170186 29.8601040 26.8112018 27.6238527 25.6714497
 [43] 19.8575601 19.7812555  6.9481435 21.0368132 15.7530706 24.4828871
 [49] 14.7739806 16.4851604 17.0191146 15.1160400 12.3637029 13.1615377
 [55] 12.2259855 20.6042588 19.4842339 20.0101620 12.9926398 16.4800805
 [61] 15.1628082 12.9185185 11.2256136 15.1316918 14.2297915 12.2428656
 [67] 11.9079505  7.6749269 11.7326499 14.2993733  0.1116243 17.3220467
 [73] 13.3436120 16.0529444 14.7188412 14.9005223 14.9714214 16.3526927
 [79] 11.1843283         NA  9.9408927         NA 17.5062132 15.5458763
 [85] 12.0112894  8.9792007  3.9257540         NA         NA         NA
 [91] 13.5952032         NA         NA         NA  5.6785635         NA
 [97] 18.4009575         NA         NA  2.5409970         NA         NA
[103]         NA         NA  0.9048025         NA         NA  8.5886759
[109]         NA         NA         NA         NA         NA         NA
[115]         NA         NA         NA         NA         NA         NA
[121]         NA         NA  2.8317489         NA         NA         NA
[127]         NA  1.0223387  0.9562796         NA         NA         NA
[133]         NA         NA

$TS
  [1] 49.955211715 43.482363736 39.126263744 37.264008401 34.298511547
  [6] 36.370390962 34.356213079 34.067144864 33.071597734 31.733561854
 [11] 30.098485882 27.193284188 19.378510122 32.694814590 30.687356720
 [16] 30.101082896 26.843625374 24.460716229 22.582839043 22.697995842
 [21] 26.603994996 24.370501497 19.084620254 30.326480782 20.863373510
 [26] 20.472258906 16.483044463 14.606917235 28.553600240 29.504126583
 [31] 22.323166513 21.403863810 18.367395145 21.771442807 18.605820461
 [36] 18.895315823 23.241680135 17.148313871 30.284482212 29.410187588
 [41] 28.270705698 26.249650540 23.065630756 22.118708403 13.367218158
 [46] 26.444821735 22.291027360 26.083595729 17.641020976 17.300656103
 [51] 20.245896851 19.618925459 16.611885846 15.915702202 28.084310038
 [56] 22.056539647 21.471078576 26.233821648 22.883692217 20.130848876
 [61] 16.544123528 17.062290235 14.887715256 17.276291791 19.337406117
 [66] 16.490892125 12.829609890 12.693358346 15.102511141 22.223398619
 [71] 13.419631021 17.569869782 14.261816986 17.333398062 15.363214905
 [76] 15.236013702 16.652678200 16.709919233 12.209754487  7.971217531
 [81] 13.341335082 12.249767490 22.138357073 17.870167856 13.182726835
 [86] 11.346208628  9.095987886  8.236928895  7.844182942  5.429931686
 [91] 15.036303366  7.063674860  4.008390422  3.949903143  8.822187898
 [96]  0.170386229 20.399990193 10.513729508  6.538565861  6.665430680
[101]  6.154416298  5.348493109  3.520236335  3.201054796  0.937863824
[106]  2.531140012  1.011142917  8.752909863  7.620650797  1.366124255
[111]  6.174271231  5.191819193  2.875976350  5.557971570  4.097739336
[116]  1.769285782  1.532040957  0.289949045  0.287115371  1.568406475
[121]  6.315401111  1.049352531  3.095584903  2.762623978  3.132722323
[126]  0.951210541  0.843982021  1.785656616  1.074672459  0.111449600
[131]  1.688600592  0.133923319  0.267539712  0.006459001

$PAR
  [1]  NA   1   2   2   2   3   4   5   5   5   5   6   6   8   8   8   8   8
 [19]   8  11  12  12  13  14  14  14  14  14  15  16  17  17  17  19  19  20
 [37]  22  22  24  24  24  24  24  24  25  29  29  30  31  31  34  34  38  38
 [55]  41  43  43  46  46  47  47  49  49  50  51  52  53  53  54  55  55  59
 [73]  59  60  62  62  64  65  67  68  69  69  70  70  71  71  71  71  71  71
 [91]  76  80  80  80  82  82  83  86  87  88  88  88  88  88  88  90  93  98
[109]  98  99 100 100 100 101 101 101 102 102 102 106 109 110 111 111 112 112
[127] 112 113 116 120 124 124 126 127

$EXTANT
  [1] FALSE FALSE FALSE FALSE FALSE FALSE FALSE FALSE FALSE FALSE FALSE FALSE
 [13] FALSE FALSE FALSE FALSE FALSE FALSE FALSE FALSE FALSE FALSE FALSE FALSE
 [25] FALSE FALSE FALSE FALSE FALSE FALSE FALSE FALSE FALSE FALSE FALSE FALSE
 [37] FALSE FALSE FALSE FALSE FALSE FALSE FALSE FALSE FALSE FALSE FALSE FALSE
 [49] FALSE FALSE FALSE FALSE FALSE FALSE FALSE FALSE FALSE FALSE FALSE FALSE
 [61] FALSE FALSE FALSE FALSE FALSE FALSE FALSE FALSE FALSE FALSE FALSE FALSE
 [73] FALSE FALSE FALSE FALSE FALSE FALSE FALSE  TRUE FALSE  TRUE FALSE FALSE
 [85] FALSE FALSE FALSE  TRUE  TRUE  TRUE FALSE  TRUE  TRUE  TRUE FALSE  TRUE
 [97] FALSE  TRUE  TRUE FALSE  TRUE  TRUE  TRUE  TRUE FALSE  TRUE  TRUE FALSE
[109]  TRUE  TRUE  TRUE  TRUE  TRUE  TRUE  TRUE  TRUE  TRUE  TRUE  TRUE  TRUE
[121]  TRUE  TRUE FALSE  TRUE  TRUE  TRUE  TRUE FALSE FALSE  TRUE  TRUE  TRUE
[133]  TRUE  TRUE

