
Birth-death simulation object with 134 species and 77 extant species

Details for some species:

Extinction times (NA means extant)
[1] 40.27759 19.47817 44.42064 14.65748 20.42585 29.57048


Speciation times 
[1] 49.95521 47.52893 45.18595 35.67902 33.89049 31.93715


Species parents (NA for initial)
[1] NA  1  1  2  2  2


Species status (extinct or extant)
[1] "extinct" "extinct" "extinct" "extinct" "extinct" "extinct"


For more details on vector y, try sim$y, with y one of
TE TS PAR EXTANT



$TE
  [1] 40.2775866 19.4781669 44.4206448 14.6574754 20.4258498 29.5704806
  [7] 28.7632972  8.4309434 15.4093958 18.5710003 14.5815209 23.0848340
 [13] 16.4361847 25.9829585 22.2361891  8.5220600         NA 17.0222238
 [19] 16.3413545 13.6157767  5.3831486         NA  7.0244366  5.3019560
 [25]         NA         NA 15.3008103 12.8687031 16.5385045  3.8638483
 [31]  5.0043481         NA  1.6502734  0.2981311         NA  1.7817713
 [37]         NA  6.7185951         NA         NA 13.6712763 13.8630814
 [43]  8.5818452  2.6641072         NA         NA         NA         NA
 [49]         NA         NA  1.7396251  2.6166543         NA         NA
 [55]         NA  3.0250240         NA         NA  3.0590094         NA
 [61] 16.5406494         NA  9.3339665  6.6427366         NA         NA
 [67]         NA         NA         NA         NA         NA         NA
 [73]         NA         NA         NA         NA  0.6658912         NA
 [79]         NA  1.6792218         NA  5.7985499         NA         NA
 [85]         NA         NA         NA         NA         NA         NA
 [91]  2.1726193  1.3139175         NA         NA  2.1745181  0.6045343
 [97]         NA         NA         NA         NA         NA         NA
[103]         NA         NA         NA  5.3868270         NA  3.3742915
[109]  2.3751569  2.6121340         NA         NA         NA         NA
[115]         NA         NA         NA         NA         NA  1.3910285
[121]         NA         NA  1.7360698  2.1400347         NA         NA
[127]  4.2482222         NA         NA         NA         NA         NA
[133]         NA         NA

$TS
  [1] 49.9552117 47.5289281 45.1859464 35.6790185 33.8904853 31.9371531
  [7] 29.9779182 27.2557036 22.8119241 20.4388430 17.8241250 25.1158850
 [13] 20.9145620 29.7925119 28.9464444 11.2233487  8.9012061 21.1008726
 [19] 18.7751052 24.9752765  9.6905874  9.5430594  8.6679108  7.2191029
 [25]  4.8817197  1.1632614 19.5084155 18.2915785 17.7407415 14.8655902
 [31]  7.2774208  6.2098276  6.1892535  8.1306320  7.3282183  7.2713374
 [37]  2.1195725  7.1678083  1.9921647  1.3547610 16.7153142 16.6582707
 [43] 12.2178929 11.0204217  9.0546004  7.9148538  6.1588865  4.9493838
 [49]  4.4024027  3.1042891  2.0412382  6.1389994  3.8261044  4.4673957
 [55]  1.1004761  5.5572877  4.7887573  1.2646960  4.5291184  3.4047011
 [61] 16.5444817 12.1669120  9.5889656  9.2859497  8.2230880  5.0845264
 [67]  5.0553037  1.1185467  1.5479340  1.8155574  3.8171627  5.5241598
 [73]  4.8810436  3.5894153  4.1118981  2.1403672  1.0744706  0.9100832
 [79]  0.4164798  8.4157347  7.8998780  6.7237388  6.2030228  0.6930482
 [85]  9.5419119  5.0512918  3.4529918  4.2651767  0.5092581  0.7740293
 [91]  5.2402386  2.2721087  3.9424472  2.5316972  2.5107225  0.9766017
 [97]  2.6393598  6.6184855  1.9484772  7.2708256  4.2828068  1.7142359
[103]  1.3218189  3.9589148  3.1297861  9.3013961  8.3912930  7.8657626
[109]  7.4474165  3.8905757  3.4928679  1.3074807  0.1152358  0.9544624
[115]  1.3378277  1.0860154  0.4391976  3.2463968  2.2945675  2.9329613
[121]  7.2430015  4.5460041  3.4190627  2.7594533  4.2111554  0.7003377
[127]  6.6932379  0.2092630  4.3285978  3.3371150  2.1567941  4.2665140
[133]  1.4709860  1.1277163

$PAR
  [1]  NA   1   1   2   2   2   2   2   4   4   4   5   5   7   7   8   8   9
 [19]  10  15  16  16  17  17  17  17  18  18  18  20  21  21  21  22  22  22
 [37]  22  24  25  25  27  27  30  30  30  30  30  30  32  32  32  33  33  34
 [55]  34  35  35  35  36  36  42  43  44  44  44  45  45  45  46  47  49  52
 [73]  52  53  54  54  57  57  57  62  62  62  62  62  63  65  65  66  68  69
 [91]  72  72  73  73  73  73  74  80  80  81  81  81  81  83  83  85  85  85
[109]  85  85  86  87  87  88  97  97  98 101 101 105 106 107 107 107 108 114
[127] 121 121 122 123 125 129 129 132

$EXTANT
  [1] FALSE FALSE FALSE FALSE FALSE FALSE FALSE FALSE FALSE FALSE FALSE FALSE
 [13] FALSE FALSE FALSE FALSE  TRUE FALSE FALSE FALSE FALSE  TRUE FALSE FALSE
 [25]  TRUE  TRUE FALSE FALSE FALSE FALSE FALSE  TRUE FALSE FALSE  TRUE FALSE
 [37]  TRUE FALSE  TRUE  TRUE FALSE FALSE FALSE FALSE  TRUE  TRUE  TRUE  TRUE
 [49]  TRUE  TRUE FALSE FALSE  TRUE  TRUE  TRUE FALSE  TRUE  TRUE FALSE  TRUE
 [61] FALSE  TRUE FALSE FALSE  TRUE  TRUE  TRUE  TRUE  TRUE  TRUE  TRUE  TRUE
 [73]  TRUE  TRUE  TRUE  TRUE FALSE  TRUE  TRUE FALSE  TRUE FALSE  TRUE  TRUE
 [85]  TRUE  TRUE  TRUE  TRUE  TRUE  TRUE FALSE FALSE  TRUE  TRUE FALSE FALSE
 [97]  TRUE  TRUE  TRUE  TRUE  TRUE  TRUE  TRUE  TRUE  TRUE FALSE  TRUE FALSE
[109] FALSE FALSE  TRUE  TRUE  TRUE  TRUE  TRUE  TRUE  TRUE  TRUE  TRUE FALSE
[121]  TRUE  TRUE FALSE FALSE  TRUE  TRUE FALSE  TRUE  TRUE  TRUE  TRUE  TRUE
[133]  TRUE  TRUE

