
Birth-death simulation object with 168 species and 77 extant species

Details for some species:

Extinction times (NA means extant)
[1] 28.30790 31.38587 19.70424 17.86150 27.51136 31.22254


Speciation times 
[1] 49.95521 39.41625 39.41056 33.72818 32.09777 36.44672


Species parents (NA for initial)
[1] NA  1  1  1  1  2


Species status (extinct or extant)
[1] "extinct" "extinct" "extinct" "extinct" "extinct" "extinct"


For more details on vector y, try sim$y, with y one of
TE TS PAR EXTANT



$TE
  [1] 28.3078986 31.3858650 19.7042431 17.8614983 27.5113616 31.2225400
  [7] 36.0407180 23.7781815  8.5138362 23.6950470 27.1098821 19.2158336
 [13] 26.3167349 29.7263880 21.2867262 15.2086352 16.6695010 15.3970351
 [19] 14.5533103 16.1398765  5.2677666 17.7310017 13.7279563 28.9600303
 [25] 19.8478397 22.6882095 19.6233897         NA 15.5764212 12.7499238
 [31] 14.3112740         NA  6.0160142         NA 23.3075793 22.2984419
 [37] 24.7968909 19.8479403 11.6260786  5.6595230 11.5986049  8.4812613
 [43]         NA  6.2184590         NA         NA 13.9760015 11.9229726
 [49] 11.4222466  5.5697805         NA  5.5795238         NA         NA
 [55]         NA 20.9181892 11.9177048         NA         NA  1.9282375
 [61]         NA 12.1269452  2.8218304  4.0511222  4.3436822  1.2617469
 [67]  3.8529907         NA  9.0333884  2.0977303  4.5142898  3.7900405
 [73]  6.0681947         NA         NA         NA         NA  3.4000951
 [79]  5.4989320  2.8472954  6.2392249         NA  7.9352778         NA
 [85]         NA         NA         NA         NA         NA         NA
 [91]         NA  0.8737453         NA  7.2230649  2.5404790  5.7521700
 [97]         NA  5.5530721  4.0911055         NA  4.5770165         NA
[103]         NA  1.9528378  1.2390503         NA  2.0446777         NA
[109]  0.9414161  1.5334787  1.8193615         NA         NA  0.4447167
[115]         NA         NA         NA         NA  4.8694917         NA
[121]  0.8526035  0.9349665  2.0972805         NA  6.7129562  1.3636201
[127]         NA  1.7008349         NA         NA  1.7605842         NA
[133]         NA         NA         NA         NA  1.2166085         NA
[139]         NA         NA  2.8548639         NA         NA         NA
[145]         NA         NA         NA         NA         NA  2.2102404
[151]  1.4104643  0.4655892         NA         NA         NA         NA
[157]         NA         NA         NA         NA         NA         NA
[163]         NA         NA         NA         NA         NA         NA

$TS
  [1] 49.95521172 39.41624614 39.41055744 33.72818121 32.09777276 36.44672354
  [7] 38.02711671 25.15552681 32.33398584 29.38079279 31.78032094 24.05505288
 [13] 30.78282264 30.03325534 27.71106008 21.10812535 21.00194773 17.71198578
 [19] 17.08652520 16.44754761 14.00123083 25.08053928 27.74583113 29.94949412
 [25] 26.01063361 25.51358761 20.31270421 19.90912583 15.69313261 15.45468211
 [31] 14.96631224  8.72789302  8.46915702  6.73746977 26.53368114 25.00658118
 [37] 24.97570649 29.41539557 15.47827382 13.62166193 13.59481253  9.73718584
 [43]  9.42695700  8.25940639  6.36288209  6.10136068 15.42517305 14.58151656
 [49] 13.14280670  7.30303914  7.53513784  6.62081181  2.68759774  1.13921152
 [55]  0.26233933 27.45447904 13.61568251 12.49763574 10.78834127  9.50266210
 [61]  7.18099494 12.67862586  9.35221647  7.73365046  6.25663934  3.02776959
 [67]  4.46051024  1.35955836 14.45639296  7.50445699  4.91471786 10.75503111
 [73]  8.76670763  8.22825957  6.76338247  6.00562868  1.82031406  9.08070546
 [79]  8.13850391  3.25373142  7.69531401  7.62461559  9.08535939  6.57207947
 [85]  3.81433510  2.96325252  7.23827870  6.88467088  6.19170954  4.07760585
 [91]  9.17181015  6.67648180  4.45525318  8.60132113  4.59645637  6.29639534
 [97]  5.91771934  7.69606770  6.32886476  5.34301002  8.11049966  7.64567123
[103]  6.37518040  3.90371116  2.70695654  4.81579825  2.54394210  2.42437235
[109]  2.26591650  1.86978833  3.87784318  2.61534612  2.41956999  0.53090399
[115]  4.95882996  4.05153895  3.67882426  5.35172314  5.26276144  2.10757800
[121]  6.08012745  4.20437987  3.73860426  3.56813257  7.98844791  4.40527978
[127]  4.12041471  3.33217232  2.15447800  1.27141887  2.44624490  2.39890218
[133]  3.40462145  2.45465247  2.20029508  1.66911313  1.36549023  1.78917429
[139]  0.84455448  1.55475665  3.46621261  2.71609189  2.01672120  1.46092568
[145]  0.70423942  3.39617696  2.29385771  1.97831830  0.38762760  2.63616311
[151]  3.13329918  2.07339541  1.04664494  1.44492507  2.29702835  0.75286426
[157]  1.83671946  1.01624072  1.30567707  1.58481124  1.88712833  1.33381929
[163]  0.45602467  1.53133418  1.35667682  0.08400718  1.57427495  0.57328234

$PAR
  [1]  NA   1   1   1   1   2   3   3   4   4   6   8   9   9   9   9   9   9
 [19]   9   9   9  10  11  14  15  15  16  16  16  18  19  21  21  21  23  23
 [37]  23  24  28  28  28  28  28  28  28  28  30  30  30  32  33  34  34  34
 [55]  34  38  39  39  40  40  40  41  42  43  45  45  46  46  47  51  51  58
 [73]  58  58  58  58  58  59  59  59  60  60  63  63  63  63  64  64  65  67
 [91]  69  70  70  72  72  74  76  78  78  78  79  79  82  82  82  84  86  87
[109]  87  87  88  89  90  91  92  93  95  97  97  97  98 100 100 100 101 102
[127] 102 102 102 103 105 105 106 107 108 108 108 109 113 115 116 116 116 116
[145] 116 118 118 118 120 121 123 129 130 132 133 134 135 135 138 142 151 152
[163] 154 155 155 155 157 165

$EXTANT
  [1] FALSE FALSE FALSE FALSE FALSE FALSE FALSE FALSE FALSE FALSE FALSE FALSE
 [13] FALSE FALSE FALSE FALSE FALSE FALSE FALSE FALSE FALSE FALSE FALSE FALSE
 [25] FALSE FALSE FALSE  TRUE FALSE FALSE FALSE  TRUE FALSE  TRUE FALSE FALSE
 [37] FALSE FALSE FALSE FALSE FALSE FALSE  TRUE FALSE  TRUE  TRUE FALSE FALSE
 [49] FALSE FALSE  TRUE FALSE  TRUE  TRUE  TRUE FALSE FALSE  TRUE  TRUE FALSE
 [61]  TRUE FALSE FALSE FALSE FALSE FALSE FALSE  TRUE FALSE FALSE FALSE FALSE
 [73] FALSE  TRUE  TRUE  TRUE  TRUE FALSE FALSE FALSE FALSE  TRUE FALSE  TRUE
 [85]  TRUE  TRUE  TRUE  TRUE  TRUE  TRUE  TRUE FALSE  TRUE FALSE FALSE FALSE
 [97]  TRUE FALSE FALSE  TRUE FALSE  TRUE  TRUE FALSE FALSE  TRUE FALSE  TRUE
[109] FALSE FALSE FALSE  TRUE  TRUE FALSE  TRUE  TRUE  TRUE  TRUE FALSE  TRUE
[121] FALSE FALSE FALSE  TRUE FALSE FALSE  TRUE FALSE  TRUE  TRUE FALSE  TRUE
[133]  TRUE  TRUE  TRUE  TRUE FALSE  TRUE  TRUE  TRUE FALSE  TRUE  TRUE  TRUE
[145]  TRUE  TRUE  TRUE  TRUE  TRUE FALSE FALSE FALSE  TRUE  TRUE  TRUE  TRUE
[157]  TRUE  TRUE  TRUE  TRUE  TRUE  TRUE  TRUE  TRUE  TRUE  TRUE  TRUE  TRUE

