
Birth-death simulation object with 110 species and 36 extant species

Details for some species:

Extinction times (NA means extant)
[1] 35.79469 39.41942 28.74738 35.63653 34.86265 41.63902


Speciation times 
[1] 49.95521 44.94166 38.10085 36.81007 35.93883 42.35706


Species parents (NA for initial)
[1] NA  1  1  1  1  2


Species status (extinct or extant)
[1] "extinct" "extinct" "extinct" "extinct" "extinct" "extinct"


For more details on vector y, try sim$y, with y one of
TE TS PAR EXTANT



$TE
  [1] 35.7946932 39.4194161 28.7473801 35.6365265 34.8626478 41.6390234
  [7] 27.2587869 17.9731491 37.7689098 22.4910947 20.2979301 19.1435412
 [13] 19.8047816 19.3022379 18.4738164 15.7865506 14.5609185 25.8037781
 [19] 28.5802261 31.3849906 13.5233837 18.3726343 11.6876111 15.0144911
 [25] 15.6170758 14.5360131 15.8173669 20.1949091 14.4825622 15.3968408
 [31] 13.7546741 10.4761733 13.1603382 13.6619246 15.5545538 17.1552344
 [37] 16.9428954 12.4531410 14.4622684 13.7505536         NA 17.3099526
 [43] 17.4603920 14.7283338 15.6764355         NA         NA         NA
 [49] 13.3042990 17.7575131 14.4503729 10.5966900 12.0407562 12.7228228
 [55] 15.7564157         NA         NA  4.5564581         NA         NA
 [61]         NA  0.4944388  9.1717006         NA  6.0064105  4.7751365
 [67]  3.0821022  9.8108876  0.1849738  1.6429509         NA  2.7219672
 [73]         NA         NA  3.2425753         NA         NA  3.1854025
 [79]         NA         NA  1.4242198         NA         NA         NA
 [85]  0.8428431  2.0996926  2.7471423  2.3560103         NA         NA
 [91]         NA         NA  1.4989089         NA         NA         NA
 [97]         NA         NA         NA  0.3598020         NA         NA
[103]  5.3146723  1.8522337  2.0985604  2.7821033         NA         NA
[109]         NA         NA

$TS
  [1] 49.9552117 44.9416554 38.1008494 36.8100674 35.9388287 42.3570552
  [7] 42.1251866 35.5004783 40.3284268 35.6890903 35.6300395 24.6897929
 [13] 22.2881737 21.8865265 21.0800664 18.5090581 18.2072745 32.1231578
 [19] 29.3070536 31.8632793 20.1658051 19.5433367 28.7683632 16.7678510
 [25] 19.0545783 18.9548717 24.2640591 22.5747205 22.4979988 21.9772633
 [31] 14.0447085 12.3297518 19.0162698 16.4898366 16.3139582 21.3988702
 [37] 21.2022789 15.4729327 14.5530963 14.0234281 18.8073539 18.1824515
 [43] 17.6630752 18.7297187 17.8611224  7.6800199  2.6028278  1.9574492
 [49] 17.8888046 17.9289634 16.3016110 15.6667578 14.9495587 14.8293907
 [55] 17.6688151  2.2685927  0.5731903 10.6046962 13.2896610 12.4680953
 [61]  1.2645233  0.9926963  9.3033279  7.4055711  6.3892231  5.6497931
 [67]  5.1482078 10.0762536  9.7673474  8.4389434  6.0819663  5.2432089
 [73]  3.1359791  0.1168979  3.3467758  0.6022845  0.1263372  9.2045330
 [79]  9.0308588  7.0293186  7.0133496  6.6389670  4.8212729  8.0418107
 [85]  3.5830318  6.1555702  5.5103049  4.3764809  0.3683539  3.9185554
 [91]  2.1302045  7.4084653  7.1711787  1.2000260  1.2087678  2.2891181
 [97]  2.2758023  0.2812739  5.3890691  4.2513075  4.1334782  3.4414862
[103]  6.2106306  5.1020331  4.5648379  3.6473847  2.1991206  3.3946010
[109]  0.0594480  2.5339163

$PAR
  [1]  NA   1   1   1   1   2   2   3   7   7   7   8   8   8   8   8   8  10
 [19]  10  11  13  15  19  21  22  22  23  23  23  23  23  23  25  27  27  28
 [37]  29  30  34  34  36  36  37  41  41  41  41  41  42  44  44  44  44  44
 [55]  45  46  48  52  53  53  56  56  58  58  58  58  58  59  59  59  59  59
 [73]  59  59  60  60  60  63  69  69  69  70  78  79  79  80  80  82  82  83
 [91]  83  84  84  84  85  86  86  90  92  92  92  92  93  93  93  99  99 101
[109] 101 108

$EXTANT
  [1] FALSE FALSE FALSE FALSE FALSE FALSE FALSE FALSE FALSE FALSE FALSE FALSE
 [13] FALSE FALSE FALSE FALSE FALSE FALSE FALSE FALSE FALSE FALSE FALSE FALSE
 [25] FALSE FALSE FALSE FALSE FALSE FALSE FALSE FALSE FALSE FALSE FALSE FALSE
 [37] FALSE FALSE FALSE FALSE  TRUE FALSE FALSE FALSE FALSE  TRUE  TRUE  TRUE
 [49] FALSE FALSE FALSE FALSE FALSE FALSE FALSE  TRUE  TRUE FALSE  TRUE  TRUE
 [61]  TRUE FALSE FALSE  TRUE FALSE FALSE FALSE FALSE FALSE FALSE  TRUE FALSE
 [73]  TRUE  TRUE FALSE  TRUE  TRUE FALSE  TRUE  TRUE FALSE  TRUE  TRUE  TRUE
 [85] FALSE FALSE FALSE FALSE  TRUE  TRUE  TRUE  TRUE FALSE  TRUE  TRUE  TRUE
 [97]  TRUE  TRUE  TRUE FALSE  TRUE  TRUE FALSE FALSE FALSE FALSE  TRUE  TRUE
[109]  TRUE  TRUE

