
Birth-death simulation object with 382 species and 88 extant species

Details for some species:

Extinction times (NA means extant)
[1] 41.29549 46.70960 40.22807 34.87594 39.13299 29.04355


Speciation times 
[1] 49.26651 48.26443 45.38300 41.68807 40.98518 41.25721


Species parents (NA for initial)
[1] NA  1  1  3  3  4


Species status (extinct or extant)
[1] "extinct" "extinct" "extinct" "extinct" "extinct" "extinct"


For more details on vector y, try sim$y, with y one of
TE TS PAR EXTANT



$TE
  [1] 41.29549173 46.70960459 40.22806941 34.87593700 39.13299273 29.04354517
  [7] 33.28020218 19.45067960 27.87921843 22.87356497 28.28226371 14.33500939
 [13] 24.03701642 12.46482142 23.34033748 25.72752211 29.06234972 24.18181433
 [19] 21.46221482 24.12714356 14.27147864 18.67697045 14.03835764 28.19458237
 [25] 16.80606688 27.99415968 20.98468788 38.79956102 22.03998692 26.04372235
 [31] 31.58739897 28.86484982 14.80595950 23.06673447 24.90060590 23.57286353
 [37] 12.13665322 22.62979958 16.69060208 18.06411815 18.52088425 14.31849608
 [43] 17.64275063 12.93447021 20.05819529 12.83386729 21.57329197 13.72386477
 [49] 13.79001832 20.07157718 11.76006768 22.75248267 27.17560296 35.38786015
 [55] 33.01922256 31.24377657 17.46222719 20.62032084 21.29911099 15.03022556
 [61] 16.15674847 15.13434862 26.84046773 15.06528814 14.61539935 25.38926289
 [67] 25.78780908 18.97777024 20.63047111 16.97504930  7.08678759 11.94362063
 [73] 11.19289715 10.42890051 14.47431328 15.19267110 14.90684872 14.14572313
 [79] 26.08514025 21.21755703 25.79912414 14.91812067 16.25018599 15.21197782
 [85] 19.45345735 10.87097250 11.23680476 14.67191792 14.54702825 14.12688807
 [91] 13.07135754 22.79183795 31.03911298 30.84426772 18.24174246 17.58427625
 [97] 14.87483368 19.30409031 11.55809468 14.98008231 30.39544141 22.55315409
[103] 15.36245583 17.26518057 23.30466825 14.91538983 13.28460339 15.21029794
[109] 20.90512929 11.74852153 13.43364194 15.21439179 13.36085428          NA
[115]  5.45732075 21.31340387 12.76131563 10.47831838  2.44670097 23.60894001
[121] 25.02955506 14.61268999 18.04398157 15.38051571 16.91615043 12.57508047
[127] 11.34054335 14.88987212 19.26966974 13.29385952 14.27899164 14.23309620
[133] 11.95917382 14.96851429 33.14474066 23.79241676 10.57119404 14.99639508
[139]  4.12583650 11.19458179 16.23070393 14.77207070 16.48904855 18.03344590
[145] 15.35735439 10.70281338 12.92602158 19.21777995 15.38246850 13.75269721
[151] 16.70864165 14.90938932 13.92962238 13.61311324 12.94259707          NA
[157]          NA          NA          NA          NA  4.77315175 11.38059914
[163]  3.18674129          NA          NA 21.76661040 14.17204594 11.83137825
[169] 12.26225558 11.47477798 17.62236575 10.88342474 11.99032848 11.84965408
[175] 19.76564766 10.56362721 12.27025272 14.33508211 12.10883671 11.06495290
[181] 26.55487782 13.98138109 22.95588701 14.12054605 16.93731341 24.51867572
[187] 18.37693785 17.02190692 15.49491799 13.50804749 10.98129274 13.36348391
[193] 14.68574783 14.04539936 15.80645378  7.61285251 13.54720063  4.27775906
[199]  5.23756441  1.88673016 12.71809840 13.96763717 10.24886049 19.64341663
[205] 11.62851656 11.86225170          NA  1.04459329  0.85019428          NA
[211]  1.38663490  0.17794869          NA          NA          NA          NA
[217]  5.37808376          NA          NA          NA          NA 14.13255646
[223] 15.64221559 13.15425347 14.12795350 15.09650372 10.50698340 14.67132243
[229] 14.23074905 12.80300038 14.31027550 13.05262098 15.28392344 13.88191774
[235] 15.28128833  5.90308994  1.28391993  0.87486037 15.29412876 12.35021547
[241]  6.47670853 10.95718668  8.52826070 14.81858782 13.14273857          NA
[247]          NA          NA  0.32543412  0.99224446          NA 13.69660221
[253] 20.17915093 14.08998626 13.43862666 14.94718533 12.77066657 12.72435121
[259] 12.69592328 11.15911108  4.34948917  0.53882553          NA          NA
[265]          NA          NA          NA          NA 15.07651043 13.31923255
[271] 15.73088132  9.03815184 16.53428617 15.23996338 16.20538157 14.09816141
[277] 12.22044083 11.13634348  5.15915069  4.63694827  4.36036987  3.23181586
[283]          NA  0.05388028          NA  0.13560124  0.48849768  5.16778784
[289]          NA          NA 20.06498159          NA 14.97666342 10.96089220
[295] 15.53744695 11.59620247 15.41677647 12.57014392 13.83267580 13.63063607
[301] 14.33389373 15.31596699 14.00188218          NA          NA  8.52945272
[307]          NA          NA          NA 12.12049506          NA          NA
[313]          NA 14.41649595  6.54663198  6.45405833          NA          NA
[319]          NA  0.25450392          NA          NA          NA          NA
[325]          NA  4.29270261          NA          NA          NA          NA
[331]          NA          NA  1.24353110  0.90544133  3.79828407  2.29810170
[337]          NA          NA          NA          NA          NA  5.40739811
[343]  2.01151530  3.99258412  1.50490795          NA          NA          NA
[349]          NA  3.45139298  1.26942658          NA          NA          NA
[355]          NA          NA          NA  4.73777217  4.56994173          NA
[361]          NA  0.54188691          NA          NA          NA          NA
[367]          NA  1.46282744  2.67919551          NA          NA          NA
[373]          NA          NA          NA          NA  1.56748920          NA
[379]          NA          NA  0.45419068          NA

$TS
  [1] 49.266511476 48.264432088 45.382997909 41.688069663 40.985182588
  [6] 41.257212352 39.436561119 35.090493897 40.176444980 39.875109780
 [11] 36.310189950 30.881302990 30.728194723 35.222061114 33.632635268
 [16] 30.185612146 29.732992101 28.464295898 26.396682676 24.854315053
 [21] 23.675907921 23.063203830 20.637649089 38.460935240 38.120647420
 [26] 29.491068390 28.165005142 38.971280621 32.555457931 33.455340099
 [31] 32.542829043 29.587695232 22.850449111 27.268774329 30.986179475
 [36] 27.907216235 26.890111266 24.592060392 24.216135941 23.156389142
 [41] 22.785954433 21.190334810 18.855699358 31.578908094 26.735655370
 [46] 27.123436415 26.080599575 22.345940087 16.474428624 21.047163866
 [51] 19.692019664 37.664180956 34.179499929 35.424136791 34.920144481
 [56] 32.332834542 24.788881560 24.122791520 23.195013843 18.912951306
 [61] 18.692888531 16.908225317 29.368536572 28.268706994 21.740731071
 [66] 29.151961533 26.212291888 32.328932652 25.727008268 25.576089969
 [71] 26.611353905 12.774488904 24.188613104 17.795162619 16.950063633
 [76] 18.782096010 15.598198250 14.667072413 29.157793585 29.049966632
 [81] 28.859539231 19.825672443 19.779842101 15.361122587 22.461937023
 [86] 14.278120358 12.837668163 21.894481906 16.701581815 14.769663633
 [91] 16.241205290 36.813881183 36.229248559 30.876999211 23.508612613
 [96] 18.071076613 15.048619082 24.117536640 20.676889995 21.476840279
[101] 31.411915663 24.432772052 25.560057230 25.448100719 25.166161345
[106] 24.136341291 22.508547493 21.107777129 21.094947914 18.340750736
[111] 15.989789976 15.488891119 15.437804310 10.001390874  7.676320493
[116] 23.914516301 16.473548374 16.157492064 13.905413118 27.126708274
[121] 26.050155813 24.202476173 21.677355291 27.122425579 18.222079985
[126] 15.422065023 14.994142587 17.370151827 22.280723257 21.413093319
[131] 18.771708409 14.559083753 15.352666589 35.470263411 36.142461684
[136] 34.738424503 20.643881151 20.078359222 19.634937679 20.554474637
[141] 16.510849727 16.043402412 20.592683594 19.796598419 17.624823582
[146] 14.849097820 14.532582633 20.713904616 18.659815694 17.044779728
[151] 17.625139933 16.078497618 14.131112844 13.986662223 13.385984857
[156]  8.556833198  6.114469170  4.453373924  3.862549112  1.524956055
[161]  5.501867118 11.493404043  7.775837508  6.974433787  4.650243927
[166] 26.262871347 18.556052960 16.403669517 15.905757520 14.683889664
[171] 18.338734346 12.770439121 12.122950113 20.093586263 21.163853538
[176] 13.406054844 18.226588348 14.513784423 12.601959976 12.001960579
[181] 29.365057284 26.006713643 23.138413703 20.521771741 19.799741653
[186] 30.449729201 19.462208837 19.155344867 18.626817188 17.584928754
[191] 11.933299194 16.769941436 15.109624073 16.843752214 16.356565952
[196] 15.862718379 14.431856211  9.023303312  8.471629163  8.047702434
[201] 12.808189666 20.524846437 20.450933892 19.862733271 18.736325873
[206] 12.961800149  4.490513096  2.103148793  1.995790418  0.223013077
[211]  3.644757223  2.477084778  3.289578408  3.002621807  2.978066518
[216]  7.207633603  5.765603362  3.732613062  3.522157705  4.809734806
[221]  2.361883277 15.135480736 18.328422786 18.133232457 16.689734728
[226] 19.930588353 11.117245706 17.978823856 15.225511377 28.729556464
[231] 16.336345422 14.732736628 27.509046232 16.273362001 15.495084924
[236]  6.468035019  7.042814083  3.515465961 16.695448291 12.585491319
[241] 12.480211395 12.173459718 11.622943600 16.027780728 15.175362041
[246]  1.311070051  3.172301137  1.698839572  2.329861878  4.510395760
[251]  2.829713511 25.842588023 24.901153386 24.706036750 22.962182346
[256] 15.089445642 12.968778584 13.258216610 24.588574271 19.751820351
[261]  6.071339786  5.581442318  4.766374794  2.931097848  2.712878735
[266]  0.978596158  7.906404352  2.404736392 25.491633197 19.156751680
[271] 17.183007869 14.333298953 21.524737800 21.190374891 21.554818730
[276] 20.765973506 13.416824190 13.386117180 13.122388430 11.956380878
[281]  5.878702037  5.115526572  3.351668430  2.513487816  2.509148174
[286]  1.414431546  0.820788549  7.079994268  5.541266187  0.863274507
[291] 24.453138223 18.587336186 17.337070097 16.387444045 16.720194134
[296] 16.934034164 16.541250808 12.682266603 20.783582132 17.789209954
[301] 16.641953145 17.391176083 15.584539445  7.897958127  5.651191636
[306]  9.221743121  2.014345089  1.752549059  1.231853109 13.372511251
[311] 10.583711211  7.212107391  2.223082915 15.674793777  7.199843506
[316]  6.557936477  5.953589703  5.925755247  3.637820600  5.107151334
[321]  1.204739978  0.519254302  0.356160213  9.864650825  8.622107536
[326]  7.625366644  4.102614526  0.001465414  5.873103984  0.964983192
[331]  1.669150368  6.818574976  5.751010919  5.706795825  5.651462322
[336]  3.303488020  2.964435231  1.292493686  5.073186971  0.331541019
[341]  9.348937828  5.932633139  7.662762550  7.517917450  6.186089126
[346]  3.037164616  0.327685072  0.305220621  4.406922650  5.069429644
[351]  1.829123364  0.067878092  5.935225668  4.567570858  3.021709642
[356]  2.438237532  6.680937821  6.197067250  5.437456052  4.818250486
[361]  3.324916507  3.621285867  2.263071296  1.264127189  0.135642699
[366]  5.659400607  1.512004730  5.749872748  5.734015448  1.389934921
[371]  2.888206381  0.603266161  0.088835721  5.390312426  4.697732797
[376]  1.590957419  3.219308411  1.848809751  3.002078044  2.946417936
[381]  2.440846592  1.714045321

$PAR
  [1]  NA   1   1   3   3   4   4   4   5   6   6   6   6   7   7   8   8   8
 [19]   8   8   8   8   8   9   9   9   9  10  10  11  11  12  12  13  14  14
 [37]  14  14  14  14  14  14  14  15  15  18  18  21  21  22  23  24  24  25
 [55]  25  25  25  25  25  25  25  25  26  26  27  29  29  31  36  36  37  37
 [73]  38  39  39  42  42  42  44  44  44  44  44  44  45  46  46  47  48  48
 [91]  49  52  52  52  57  57  60  64  64  65  68  68  70  70  70  71  71  71
[109]  71  71  71  71  71  71  71  73  73  73  74  80  80  80  80  81  82  82
[127]  82  83  85  85  88  89  91  92  93  93  95  95  95  99  99  99 104 104
[145] 107 107 107 108 108 108 110 110 110 113 113 114 114 114 114 114 115 119
[163] 119 119 119 120 122 122 122 122 124 127 127 129 130 130 131 132 133 133
[181] 134 134 134 134 134 136 137 137 137 137 137 138 138 139 139 139 139 139
[199] 139 139 140 143 143 143 144 147 156 156 156 156 158 158 159 159 159 163
[217] 163 163 163 164 164 167 174 174 174 175 176 177 177 181 182 182 186 189
[235] 192 198 199 200 203 203 203 203 203 205 205 207 211 212 214 216 218 230
[253] 230 230 230 230 230 232 233 233 236 237 237 237 237 238 241 250 252 252
[271] 252 252 253 253 254 255 260 260 260 260 261 262 263 264 265 265 265 267
[289] 267 267 269 269 269 269 270 271 271 272 273 273 273 276 276 279 279 280
[307] 283 285 285 292 292 292 292 297 304 304 304 304 304 305 305 305 305 311
[325] 311 311 311 311 312 312 313 315 317 317 317 317 318 318 320 323 324 324
[343] 325 326 326 327 327 331 332 333 333 339 341 341 343 343 344 344 344 345
[361] 349 350 355 356 356 357 357 358 358 361 362 362 363 368 369 371 374 374
[379] 377 377 377 377

$EXTANT
  [1] FALSE FALSE FALSE FALSE FALSE FALSE FALSE FALSE FALSE FALSE FALSE FALSE
 [13] FALSE FALSE FALSE FALSE FALSE FALSE FALSE FALSE FALSE FALSE FALSE FALSE
 [25] FALSE FALSE FALSE FALSE FALSE FALSE FALSE FALSE FALSE FALSE FALSE FALSE
 [37] FALSE FALSE FALSE FALSE FALSE FALSE FALSE FALSE FALSE FALSE FALSE FALSE
 [49] FALSE FALSE FALSE FALSE FALSE FALSE FALSE FALSE FALSE FALSE FALSE FALSE
 [61] FALSE FALSE FALSE FALSE FALSE FALSE FALSE FALSE FALSE FALSE FALSE FALSE
 [73] FALSE FALSE FALSE FALSE FALSE FALSE FALSE FALSE FALSE FALSE FALSE FALSE
 [85] FALSE FALSE FALSE FALSE FALSE FALSE FALSE FALSE FALSE FALSE FALSE FALSE
 [97] FALSE FALSE FALSE FALSE FALSE FALSE FALSE FALSE FALSE FALSE FALSE FALSE
[109] FALSE FALSE FALSE FALSE FALSE  TRUE FALSE FALSE FALSE FALSE FALSE FALSE
[121] FALSE FALSE FALSE FALSE FALSE FALSE FALSE FALSE FALSE FALSE FALSE FALSE
[133] FALSE FALSE FALSE FALSE FALSE FALSE FALSE FALSE FALSE FALSE FALSE FALSE
[145] FALSE FALSE FALSE FALSE FALSE FALSE FALSE FALSE FALSE FALSE FALSE  TRUE
[157]  TRUE  TRUE  TRUE  TRUE FALSE FALSE FALSE  TRUE  TRUE FALSE FALSE FALSE
[169] FALSE FALSE FALSE FALSE FALSE FALSE FALSE FALSE FALSE FALSE FALSE FALSE
[181] FALSE FALSE FALSE FALSE FALSE FALSE FALSE FALSE FALSE FALSE FALSE FALSE
[193] FALSE FALSE FALSE FALSE FALSE FALSE FALSE FALSE FALSE FALSE FALSE FALSE
[205] FALSE FALSE  TRUE FALSE FALSE  TRUE FALSE FALSE  TRUE  TRUE  TRUE  TRUE
[217] FALSE  TRUE  TRUE  TRUE  TRUE FALSE FALSE FALSE FALSE FALSE FALSE FALSE
[229] FALSE FALSE FALSE FALSE FALSE FALSE FALSE FALSE FALSE FALSE FALSE FALSE
[241] FALSE FALSE FALSE FALSE FALSE  TRUE  TRUE  TRUE FALSE FALSE  TRUE FALSE
[253] FALSE FALSE FALSE FALSE FALSE FALSE FALSE FALSE FALSE FALSE  TRUE  TRUE
[265]  TRUE  TRUE  TRUE  TRUE FALSE FALSE FALSE FALSE FALSE FALSE FALSE FALSE
[277] FALSE FALSE FALSE FALSE FALSE FALSE  TRUE FALSE  TRUE FALSE FALSE FALSE
[289]  TRUE  TRUE FALSE  TRUE FALSE FALSE FALSE FALSE FALSE FALSE FALSE FALSE
[301] FALSE FALSE FALSE  TRUE  TRUE FALSE  TRUE  TRUE  TRUE FALSE  TRUE  TRUE
[313]  TRUE FALSE FALSE FALSE  TRUE  TRUE  TRUE FALSE  TRUE  TRUE  TRUE  TRUE
[325]  TRUE FALSE  TRUE  TRUE  TRUE  TRUE  TRUE  TRUE FALSE FALSE FALSE FALSE
[337]  TRUE  TRUE  TRUE  TRUE  TRUE FALSE FALSE FALSE FALSE  TRUE  TRUE  TRUE
[349]  TRUE FALSE FALSE  TRUE  TRUE  TRUE  TRUE  TRUE  TRUE FALSE FALSE  TRUE
[361]  TRUE FALSE  TRUE  TRUE  TRUE  TRUE  TRUE FALSE FALSE  TRUE  TRUE  TRUE
[373]  TRUE  TRUE  TRUE  TRUE FALSE  TRUE  TRUE  TRUE FALSE  TRUE

