
Birth-death simulation object with 249 species and 51 extant species

Details for some species:

Extinction times (NA means extant)
[1] 36.09926 43.73047 47.74914 36.32082 33.15945 41.27479


Speciation times 
[1] 49.26651 48.86347 48.80452 47.29327 46.35239 46.04451


Species parents (NA for initial)
[1] NA  1  1  1  1  1


Species status (extinct or extant)
[1] "extinct" "extinct" "extinct" "extinct" "extinct" "extinct"


For more details on vector y, try sim$y, with y one of
TE TS PAR EXTANT



$TE
  [1] 36.0992561 43.7304717 47.7491384 36.3208224 33.1594525 41.2747913
  [7] 38.9485140 35.0210163 26.5698399 35.5184537 31.3187364 29.9459868
 [13] 40.4604507 43.6936792 36.2916358 15.1852381 16.8119218 16.4910721
 [19] 32.1127500 32.0912854 22.0241275 19.4574054 43.1501422 14.3272073
 [25] 20.1972605 23.5674996 12.7026281 18.5881458 21.5456919 17.5382264
 [31] 21.3540785 27.8177088 11.9904879 31.7602341 15.2996393 17.2492470
 [37] 13.5223820 17.8234101 13.6500131 32.5155511 17.9754086 28.0980630
 [43] 14.5634666 12.0799582 18.1700739 20.5530159 28.4409110 27.1238021
 [49] 22.6148272 22.8369602 21.8177521 16.3630263 13.8876033 14.7245642
 [55] 19.6629265 12.3389549 18.9149329 13.7782341 21.5446910 16.7102790
 [61] 14.5232794 16.0128792 13.1282346 19.9556248 20.2520076 19.3872791
 [67] 12.6320532 16.8932719 14.9373380 15.7094978 29.4038390 21.0835172
 [73] 14.8229827 14.1124057 13.6618088 14.3983741 14.9301416 15.0412223
 [79] 12.4097981 11.3365194 20.2067350 20.3494803 15.3361078 19.8831149
 [85] 13.8534219 12.4686143 22.2490224 15.9538018 18.5188530 14.2292700
 [91] 12.7504344 13.0901191 20.3944468 13.4645111 15.2377899 23.4541765
 [97] 26.9627245 30.1275393 21.9434851 14.7047798 18.2401979 14.7048476
[103] 14.5014128 15.5977153 14.7497690  8.3891721 14.0133216 10.9739356
[109] 12.0408406 19.9031179 19.3983900 17.3124958 13.8720476  8.9779399
[115] 22.0308412 21.4740473 13.2415893 16.3442733  7.2631315 13.0428018
[121] 17.9950397 14.6529116 28.5540422 13.7169485 19.9129928 14.4574682
[127] 10.6872860 12.4963008         NA 16.0040414 13.8807066 11.9020441
[133] 11.4521385 19.0104111 13.7874799 14.1179631 23.1462825 16.6925515
[139]         NA  3.7648963  6.3244369 16.1213595 10.1081927 14.9627318
[145] 27.4173703 17.8656478 14.9659635 13.6399207 12.5894043 14.4914433
[151]  2.7420900  2.3692008  6.8102736 12.2973615         NA  5.1865091
[157]         NA         NA         NA  4.0261813  0.3917589 18.1615563
[163] 13.3336541 11.3416918  2.7003381         NA 13.2207778  5.6933668
[169]         NA  0.6493129         NA  1.2369626  1.0261102  1.2450571
[175]         NA  0.3166783  1.6257356  5.9805683         NA         NA
[181]  5.3025367 14.4774967         NA  2.1194762  1.4778599 11.5024075
[187]  3.2281550  2.4759378         NA         NA  3.3633477         NA
[193]         NA  7.8111277         NA  2.2255012  3.1336819  1.1935521
[199]         NA  3.0488525  4.1883618         NA  2.7777466  3.2944922
[205]         NA  3.4149941  2.9512997         NA         NA         NA
[211]         NA         NA 12.1433474  1.3916054 12.8452133  8.2275216
[217]         NA  2.0613177  5.1583602  0.3758193  3.5842893         NA
[223]         NA         NA         NA         NA  2.9285700         NA
[229]         NA         NA  2.8466960         NA         NA         NA
[235] 15.3567072         NA         NA         NA         NA         NA
[241]  3.1856468         NA         NA         NA         NA         NA
[247]         NA         NA         NA

$TS
  [1] 49.2665115 48.8634705 48.8045213 47.2932721 46.3523911 46.0445093
  [7] 42.2071897 37.7469940 48.3550057 38.8261193 37.4055122 36.4519325
 [13] 40.4918784 45.2415820 46.5748907 35.9115593 31.1450851 28.5355770
 [19] 36.1958025 35.2629961 31.7666493 33.1229922 45.1945964 34.5664443
 [25] 33.5318549 29.8932228 27.5343832 24.6085396 22.7605556 20.6965774
 [31] 22.8366692 28.2396493 17.2005103 33.8039052 24.3531727 29.0423363
 [37] 25.3107068 20.3226648 20.0742701 43.3893721 33.8071991 32.1092283
 [43] 20.6361575 18.6387905 23.5819629 22.1170197 29.7087520 27.9646224
 [49] 24.7807306 22.8409269 22.6361179 18.3482317 22.9834119 18.9627119
 [55] 28.0590493 12.6257114 24.3168172 22.4888758 21.8647460 21.7102331
 [61] 21.6913584 20.9111444 22.1728620 22.0541726 24.8796273 20.6547340
 [67] 15.3807710 18.4908809 17.4508257 36.5404959 30.8484557 27.1798266
 [73] 21.5635252 19.1866384 15.8138182 14.7217009 17.3748571 16.0473092
 [79] 15.5871544 12.5348438 24.1655227 22.3121047 21.1842997 20.2280945
 [85] 14.4532601 15.1756173 27.6216244 27.4439935 21.9682678 14.7133454
 [91] 14.0152828 20.2749098 21.2349602 18.6184419 20.5965513 23.5238042
 [97] 35.3777730 34.5162758 24.2926778 21.1237111 19.7489167 23.0245676
[103] 18.5624183 17.1873358 15.0727131 14.8808364 14.5209939 16.7540681
[109] 23.8111249 22.6173340 21.9809657 21.3930761 14.2325593 14.8043913
[115] 26.5446589 25.5183776 20.4472754 18.9240894 12.8404791 16.9541197
[121] 21.0181386 27.6246095 30.9739771 19.4043067 21.1288867 16.9411229
[127] 10.7709371 16.2823736 12.9745014 19.3272100 15.4049381 13.5110802
[133] 12.0421498 19.3148333 18.5115018 23.5704812 23.5554366 17.3351332
[139] 10.0218037  9.7686408  9.0523627 23.0465384 22.5036649 16.5418697
[145] 29.3822475 18.4415011 20.3432569 14.7977724 16.0828022 14.5148592
[151]  8.8587063  2.4294173 17.6391044 15.2426075 14.6541701  8.9973458
[157]  5.2811573  1.6245508  8.0107386  4.4688867  6.9820307 22.2890034
[163] 13.5073548 12.2080644  5.6538028  5.6076492 14.1709855  9.3130550
[169]  8.9790348  8.2342511  8.0597433  4.8307543  6.7480194  6.7416098
[175]  6.2780612  1.1785984  7.2701710  7.1144694  6.3809276  1.4490956
[181]  6.9357018 20.5206215  5.0624599  3.9344516  3.8139960 13.9751971
[187]  6.3736558  6.3667320  6.2901074  4.5964871  4.4213014  3.4300129
[193]  0.7485911  8.0029484  7.1375551  6.2697388  4.1427886  3.3539617
[199]  7.2150250  4.7256871  4.3278138  4.9028348  4.8208536  4.6522365
[205]  2.9027039  6.1562722  3.2909758  1.1685650  1.9021791  0.6627775
[211]  0.4724663  5.7716732 17.7208537  4.7476064 13.7014076 12.9167527
[217]  3.5329690  5.7945902  5.3512618  4.0412382  5.3579355  2.7603019
[223]  0.1983430  3.4560189  0.1837548  1.7703084  4.0272564  1.5290543
[229]  5.0390362  4.0677628  3.7625539  0.4818194  5.3772200  1.2655882
[235] 16.0270979  2.4442319  4.4641889  2.4490174  3.5903829  2.3918376
[241]  5.3020054  4.2275240  0.1932560  2.1162438  1.3132089  0.4786879
[247]  0.6070449  2.7577285  0.9030433

$PAR
  [1]  NA   1   1   1   1   1   1   1   3   4   4   4   5   6   9   9   9   9
 [19]  11  11  11  12  15  16  16  16  16  16  16  16  17  18  18  19  21  22
 [37]  22  22  22  23  24  24  24  24  25  25  26  26  26  27  27  27  28  30
 [55]  32  33  35  35  35  35  35  35  36  36  37  37  37  39  39  40  41  41
 [73]  41  41  43  43  44  44  44  44  49  53  53  53  53  54  55  55  58  58
 [91]  58  62  63  63  64  65  70  70  70  70  70  72  73  73  74  74  76  77
[109]  81  81  81  82  85  86  87  88  88  88  91  92  93  97  98 101 102 103
[127] 106 108 108 109 109 109 109 112 112 115 116 118 119 119 119 122 122 122
[145] 123 124 125 126 128 128 129 129 135 135 135 139 139 139 140 140 141 142
[163] 143 143 151 151 153 153 153 155 155 155 156 156 156 157 159 159 159 159
[181] 161 162 166 166 166 167 169 169 169 169 169 169 169 170 170 170 170 170
[199] 171 171 172 173 173 173 173 174 175 175 177 180 180 181 182 183 186 186
[217] 187 188 188 188 189 189 189 190 190 192 195 198 199 199 204 208 212 212
[235] 213 217 218 218 220 224 233 237 238 239 239 239 240 242 242

$EXTANT
  [1] FALSE FALSE FALSE FALSE FALSE FALSE FALSE FALSE FALSE FALSE FALSE FALSE
 [13] FALSE FALSE FALSE FALSE FALSE FALSE FALSE FALSE FALSE FALSE FALSE FALSE
 [25] FALSE FALSE FALSE FALSE FALSE FALSE FALSE FALSE FALSE FALSE FALSE FALSE
 [37] FALSE FALSE FALSE FALSE FALSE FALSE FALSE FALSE FALSE FALSE FALSE FALSE
 [49] FALSE FALSE FALSE FALSE FALSE FALSE FALSE FALSE FALSE FALSE FALSE FALSE
 [61] FALSE FALSE FALSE FALSE FALSE FALSE FALSE FALSE FALSE FALSE FALSE FALSE
 [73] FALSE FALSE FALSE FALSE FALSE FALSE FALSE FALSE FALSE FALSE FALSE FALSE
 [85] FALSE FALSE FALSE FALSE FALSE FALSE FALSE FALSE FALSE FALSE FALSE FALSE
 [97] FALSE FALSE FALSE FALSE FALSE FALSE FALSE FALSE FALSE FALSE FALSE FALSE
[109] FALSE FALSE FALSE FALSE FALSE FALSE FALSE FALSE FALSE FALSE FALSE FALSE
[121] FALSE FALSE FALSE FALSE FALSE FALSE FALSE FALSE  TRUE FALSE FALSE FALSE
[133] FALSE FALSE FALSE FALSE FALSE FALSE  TRUE FALSE FALSE FALSE FALSE FALSE
[145] FALSE FALSE FALSE FALSE FALSE FALSE FALSE FALSE FALSE FALSE  TRUE FALSE
[157]  TRUE  TRUE  TRUE FALSE FALSE FALSE FALSE FALSE FALSE  TRUE FALSE FALSE
[169]  TRUE FALSE  TRUE FALSE FALSE FALSE  TRUE FALSE FALSE FALSE  TRUE  TRUE
[181] FALSE FALSE  TRUE FALSE FALSE FALSE FALSE FALSE  TRUE  TRUE FALSE  TRUE
[193]  TRUE FALSE  TRUE FALSE FALSE FALSE  TRUE FALSE FALSE  TRUE FALSE FALSE
[205]  TRUE FALSE FALSE  TRUE  TRUE  TRUE  TRUE  TRUE FALSE FALSE FALSE FALSE
[217]  TRUE FALSE FALSE FALSE FALSE  TRUE  TRUE  TRUE  TRUE  TRUE FALSE  TRUE
[229]  TRUE  TRUE FALSE  TRUE  TRUE  TRUE FALSE  TRUE  TRUE  TRUE  TRUE  TRUE
[241] FALSE  TRUE  TRUE  TRUE  TRUE  TRUE  TRUE  TRUE  TRUE

