
Birth-death simulation object with 331 species and 125 extant species

Details for some species:

Extinction times (NA means extant)
[1] 25.25189 38.51201 44.45790 38.32271 25.45214 34.11523


Speciation times 
[1] 49.26651 49.25352 48.79659 42.08971 32.02630 47.61844


Species parents (NA for initial)
[1] NA  1  1  1  1  2


Species status (extinct or extant)
[1] "extinct" "extinct" "extinct" "extinct" "extinct" "extinct"


For more details on vector y, try sim$y, with y one of
TE TS PAR EXTANT



$TE
  [1] 25.25188519 38.51200959 44.45790098 38.32270660 25.45214377 34.11522739
  [7] 17.09871056 42.74985805 40.55034691 35.74320315 28.03435731 20.49113872
 [13] 14.64885621 40.80781524 36.45251297 41.62683109 41.70319161 15.79453125
 [19] 15.39315214 45.71435809 43.03404609 36.21335805 15.31248065 24.18288949
 [25] 33.92287043 12.26707432 19.65686230 31.33921671 22.54855607 23.13770107
 [31] 11.19062207 15.17974161 16.36240822  3.56619300 20.27075737 19.88088307
 [37] 12.25965768 26.02562077 15.50100841 13.85161580 14.21249312 12.09424089
 [43] 11.95652497 11.28211361 28.97114510 13.12322107 16.11582402 17.28846653
 [49] 19.41103649 12.90709215 14.00630785 11.51041444  5.53018384 10.48604185
 [55]          NA  7.75742300  3.67620579 23.38707095 19.49921499 18.91698616
 [61] 13.55389919 14.70774392 15.38628671 29.40150940 14.98779277 13.77031437
 [67] 16.11690466 13.58669147 12.46770746 14.57054144  2.94423677 15.25704339
 [73] 16.20601912 15.02488004  0.06612874 24.25471127 15.64088023 13.93663332
 [79] 12.23051172 17.90347452 17.60495817 20.81324799 20.32739040 23.93893740
 [85] 22.23345978 12.19544727  7.78144495  6.34556596  2.88795040  5.16257206
 [91] 10.69445071          NA          NA  1.16899106  0.95920865  0.92510438
 [97]  2.80740860 15.99661564 21.54748101 13.78729519 18.49759633 15.93476451
[103] 13.57880043 13.72163271 14.54244914 14.39251625          NA 14.54146329
[109] 12.92980470  9.36908351  2.20387686  0.66905679 12.99782592 14.52625607
[115]          NA  2.49211086          NA          NA 12.91159550 16.11154516
[121]  6.79011076 16.27577189 16.81534254 12.23524747 21.47456856 16.26910995
[127] 20.28328220 13.45951775 12.73108322  6.29622449  9.84747392  6.05959054
[133]  6.42623802          NA          NA          NA  3.60369711          NA
[139]  1.35616937          NA          NA  6.61913932  2.44129624          NA
[145]  4.30141589          NA          NA          NA          NA          NA
[151] 16.02302837 16.31172328 15.13636232 15.09389723          NA          NA
[157]  8.69644276          NA          NA          NA          NA  0.22907227
[163]          NA          NA  4.33672936          NA  0.01888753  2.23214639
[169] 18.32010347 17.54032315 20.47655038 13.36216724 13.75977991 15.39375397
[175] 13.92484877 15.28371549          NA 14.11652349 13.02765235  3.09670941
[181]  3.70186075  2.52525958          NA  2.86138581  0.12303771  4.06235774
[187]          NA          NA          NA  3.05463219          NA          NA
[193]  1.34163947          NA          NA          NA          NA          NA
[199]          NA          NA          NA          NA          NA  2.79951459
[205]          NA 10.26025035  2.52478914  4.04432159  3.96909137          NA
[211]          NA  3.70532884          NA  1.56864783  1.37288807 13.30739604
[217] 20.34020546 13.14835722  5.20250808          NA 14.49022615  1.28352407
[223]  3.11225469          NA          NA  1.27679861          NA          NA
[229]  5.29395812          NA          NA          NA  3.00638634  2.47300150
[235]          NA          NA          NA  5.43081083          NA          NA
[241]  0.67787082  1.87138783  1.60707422          NA          NA  2.86619410
[247]  1.98925971          NA          NA          NA          NA  7.32819425
[253]  6.39030163          NA          NA          NA  0.49201735          NA
[259]          NA          NA          NA 15.44361785          NA          NA
[265]  5.45217214  1.24887736          NA          NA          NA          NA
[271]          NA          NA          NA          NA          NA  3.18636970
[277]          NA  2.42279960          NA          NA          NA          NA
[283]          NA  0.11568665  5.83923493          NA  1.84444171          NA
[289]          NA          NA          NA          NA          NA          NA
[295]          NA          NA  4.19963167          NA  2.66535869  3.73670630
[301]          NA          NA          NA          NA          NA  1.76978242
[307]          NA  3.82980442          NA          NA  1.14411661  1.64683261
[313]  0.74033040          NA          NA          NA          NA          NA
[319]          NA          NA          NA          NA          NA          NA
[325]  2.97402703          NA  1.84832051  3.88338177          NA  0.90041889
[331]          NA

$TS
  [1] 49.266511476 49.253516605 48.796590336 42.089710854 32.026301138
  [6] 47.618437766 30.201796362 47.593488921 45.021349234 38.367934935
 [11] 28.623023430 22.671918314 20.206345720 46.963295440 45.153224082
 [16] 42.746999740 41.795288245 17.891286489 16.457088361 46.444318209
 [21] 44.435377601 42.636855318 16.304086421 42.233958745 36.978250143
 [26] 15.907909514 41.450200151 37.694428751 31.233397664 27.836159874
 [31] 24.473010930 30.305323585 28.912722340 23.219110062 21.460050829
 [36] 20.711287467 31.070798308 30.589960782 26.235144448 20.293259010
 [41] 18.948644854 16.844948948 13.453937990 13.214566732 29.312544841
 [46] 27.606596219 18.647708328 27.966714053 25.041298813 17.739623753
 [51] 17.059936332 16.979899602 13.786455569 10.979438110 10.332812332
 [56]  7.843352997  6.781694181 28.661433326 20.793631197 19.351187007
 [61] 19.022771886 16.336380526 15.437847583 30.200146835 26.517408119
 [66] 21.262825604 17.417117585 16.343910518 16.019178558 18.782217780
 [71] 17.867962178 17.407850882 16.311841828 17.407199180 18.176786428
 [76] 27.930868305 25.410520910 25.383958744 24.837466399 24.592604043
 [81] 24.145058035 21.085699297 20.850698438 24.490644094 23.872455808
 [86] 14.438393702 11.524597783 10.452332085  7.295266303  6.979471845
 [91] 10.910156966  9.132474088  8.902138760  7.610676446  7.038778980
 [96]  5.489425472  4.296071699 18.231215193 23.785895141 15.220219526
[101] 19.619144553 17.332870556 14.087790122 15.873506030 15.115294774
[106] 14.480744905 14.297646771 15.853121852 15.225351756 12.126458096
[111]  6.317944811  4.354823991 16.965707213 15.811885321  6.407743748
[116]  4.492889151  4.223658675  1.310018276 25.172501366 23.003632846
[121] 19.276123158 17.661265598 20.764264422 12.537193324 23.714522879
[126] 22.838598717 20.790595524 20.331842929 12.745251632 10.171223691
[131] 10.302083324  9.177168562  8.675483170  6.041369185  4.741226005
[136]  5.905028085  6.652482717  5.799391908  5.288306093  0.767698654
[141]  0.424827329  6.783927551  6.529166814  5.114363671  4.947187487
[146]  3.603318712  2.525801023  2.212558337  2.613237005  1.142973711
[151] 17.621696300 17.227792651 16.154893785 15.420626630 10.694653216
[156] 10.096200754  9.981407692  9.798246526  6.190698181  3.573013304
[161] 11.888864468  6.020894924  5.973379330  5.907575748  5.532435240
[166]  3.355767665  3.167425241  2.988685641 24.297450430 18.815886327
[171] 22.402083617 19.131639594 17.444981331 18.190397273 17.384394262
[176] 16.503240637  6.987766143 16.653131847 14.021316086  7.611031344
[181]  7.105106223  6.588855749  6.519875243  4.293351835  3.664569937
[186]  5.349412076  3.785904166  0.897844393  1.464425320  7.507691138
[191]  7.099734040  4.497396289  2.790800758  0.774123699  7.882589513
[196]  6.581873935  6.013006924  3.968967342  2.215031553  1.837604297
[201]  8.253751401  7.952357157  3.991025732  5.463098980  3.488751770
[206] 10.985634814 10.387339337  9.755127230  9.027445726  8.546739062
[211]  7.023762852  5.435078715  3.978222545  2.678649168  2.499457996
[216] 22.069128456 21.002266651 15.116585395  5.304434074  2.371779203
[221] 16.464772790  3.352848909  6.455084269  5.990991929  1.054306486
[226]  2.687477198  1.177999979  1.231221066  7.033410425  6.524965971
[231]  1.975199370  1.395264858  7.648069210  7.454722260  2.411703846
[236]  1.057288762  1.211519245  5.552176746  3.273394103  1.332595671
[241]  0.824971038  3.159031901  2.059079811  7.455270680  6.712230618
[246]  4.291334464  6.312312799  4.786396553  4.487507401  2.888490648
[251]  1.583213899  8.957675924  8.837486384  6.038643949  4.732842162
[256]  7.945531651  6.296483406  3.302345875  0.164336546  3.883666385
[261]  0.052138922 16.742048372  5.416738398  1.786122492  6.771857760
[266]  5.830257906  4.423816566  2.526162233  1.471573337  3.482935434
[271]  6.103006099  0.727976413  0.417464410  0.326807770  0.275897634
[276]  5.777759800  5.265480820  4.393089818  3.976868902  1.504812431
[281]  0.714307464  0.330595553  1.367265712  0.977994585  7.125431076
[286]  3.516234176  2.974421349  0.198169206  3.971822980  0.564129472
[291]  6.655390731  5.692035111  5.085191903  0.453679072  0.214040885
[296]  2.708828697  4.626788708  6.649488923  3.936037614  5.772121416
[301]  1.299491338  2.939586875  0.687954543  2.739544747  2.416229224
[306]  1.781739425  0.557238223  4.981418608  4.244126199  4.358288598
[311]  5.453361140  2.666653605  0.826437759  0.065217412  0.864791871
[316]  1.624576846  5.351816493  3.931802838  0.760729293  0.009304314
[321]  5.139543768  3.409773211  0.055007237  3.574582677  4.584648815
[326]  2.452301695  3.203832073  4.092808519  2.167645700  1.868585031
[331]  2.137312242

$PAR
  [1]  NA   1   1   1   1   2   5   6   6   6   7   7   7   8   8   9   9  13
 [19]  13  14  14  15  18  22  22  23  24  24  24  24  24  27  27  27  27  27
 [37]  29  29  30  31  31  31  31  31  32  32  32  33  33  33  33  33  34  34
 [55]  34  34  34  37  37  37  37  37  37  38  38  39  39  39  39  40  40  40
 [73]  42  46  47  48  48  48  48  48  48  48  48  49  49  52  53  53  53  53
 [91]  54  55  55  55  55  57  57  61  65  65  66  66  66  68  68  68  69  70
[109]  71  71  71  71  72  75  75  75  75  75  77  77  77  77  79  79  80  80
[127]  81  81  86  87  88  88  88  89  89  90  92  92  92  92  92  95  95  95
[145]  95  95  95  95  96  96  98  98 102 104 107 107 107 107 107 107 110 111
[163] 111 111 111 112 115 117 119 119 120 120 120 121 121 121 121 128 128 130
[181] 130 132 133 134 137 138 139 144 147 155 155 155 155 155 156 156 156 156
[199] 156 156 158 158 158 159 160 161 161 161 161 161 161 163 164 164 164 169
[217] 169 175 177 177 178 180 183 183 183 185 185 187 191 191 193 193 195 195
[235] 195 195 196 197 197 197 197 198 199 201 201 201 202 202 202 204 205 207
[253] 207 208 209 210 210 210 210 211 213 216 224 224 229 229 230 230 230 233
[271] 234 235 239 240 240 244 244 244 246 248 248 249 250 250 253 254 254 254
[289] 255 255 256 256 256 258 258 260 263 265 266 271 271 279 281 286 286 286
[307] 290 292 292 293 298 299 304 307 309 310 311 311 313 316 317 317 317 318
[325] 321 321 324 325 326 327 329

$EXTANT
  [1] FALSE FALSE FALSE FALSE FALSE FALSE FALSE FALSE FALSE FALSE FALSE FALSE
 [13] FALSE FALSE FALSE FALSE FALSE FALSE FALSE FALSE FALSE FALSE FALSE FALSE
 [25] FALSE FALSE FALSE FALSE FALSE FALSE FALSE FALSE FALSE FALSE FALSE FALSE
 [37] FALSE FALSE FALSE FALSE FALSE FALSE FALSE FALSE FALSE FALSE FALSE FALSE
 [49] FALSE FALSE FALSE FALSE FALSE FALSE  TRUE FALSE FALSE FALSE FALSE FALSE
 [61] FALSE FALSE FALSE FALSE FALSE FALSE FALSE FALSE FALSE FALSE FALSE FALSE
 [73] FALSE FALSE FALSE FALSE FALSE FALSE FALSE FALSE FALSE FALSE FALSE FALSE
 [85] FALSE FALSE FALSE FALSE FALSE FALSE FALSE  TRUE  TRUE FALSE FALSE FALSE
 [97] FALSE FALSE FALSE FALSE FALSE FALSE FALSE FALSE FALSE FALSE  TRUE FALSE
[109] FALSE FALSE FALSE FALSE FALSE FALSE  TRUE FALSE  TRUE  TRUE FALSE FALSE
[121] FALSE FALSE FALSE FALSE FALSE FALSE FALSE FALSE FALSE FALSE FALSE FALSE
[133] FALSE  TRUE  TRUE  TRUE FALSE  TRUE FALSE  TRUE  TRUE FALSE FALSE  TRUE
[145] FALSE  TRUE  TRUE  TRUE  TRUE  TRUE FALSE FALSE FALSE FALSE  TRUE  TRUE
[157] FALSE  TRUE  TRUE  TRUE  TRUE FALSE  TRUE  TRUE FALSE  TRUE FALSE FALSE
[169] FALSE FALSE FALSE FALSE FALSE FALSE FALSE FALSE  TRUE FALSE FALSE FALSE
[181] FALSE FALSE  TRUE FALSE FALSE FALSE  TRUE  TRUE  TRUE FALSE  TRUE  TRUE
[193] FALSE  TRUE  TRUE  TRUE  TRUE  TRUE  TRUE  TRUE  TRUE  TRUE  TRUE FALSE
[205]  TRUE FALSE FALSE FALSE FALSE  TRUE  TRUE FALSE  TRUE FALSE FALSE FALSE
[217] FALSE FALSE FALSE  TRUE FALSE FALSE FALSE  TRUE  TRUE FALSE  TRUE  TRUE
[229] FALSE  TRUE  TRUE  TRUE FALSE FALSE  TRUE  TRUE  TRUE FALSE  TRUE  TRUE
[241] FALSE FALSE FALSE  TRUE  TRUE FALSE FALSE  TRUE  TRUE  TRUE  TRUE FALSE
[253] FALSE  TRUE  TRUE  TRUE FALSE  TRUE  TRUE  TRUE  TRUE FALSE  TRUE  TRUE
[265] FALSE FALSE  TRUE  TRUE  TRUE  TRUE  TRUE  TRUE  TRUE  TRUE  TRUE FALSE
[277]  TRUE FALSE  TRUE  TRUE  TRUE  TRUE  TRUE FALSE FALSE  TRUE FALSE  TRUE
[289]  TRUE  TRUE  TRUE  TRUE  TRUE  TRUE  TRUE  TRUE FALSE  TRUE FALSE FALSE
[301]  TRUE  TRUE  TRUE  TRUE  TRUE FALSE  TRUE FALSE  TRUE  TRUE FALSE FALSE
[313] FALSE  TRUE  TRUE  TRUE  TRUE  TRUE  TRUE  TRUE  TRUE  TRUE  TRUE  TRUE
[325] FALSE  TRUE FALSE FALSE  TRUE FALSE  TRUE

