
Birth-death simulation object with 312 species and 127 extant species

Details for some species:

Extinction times (NA means extant)
[1] 14.46323 48.18934 38.44302 32.64481 13.15607 20.47369


Speciation times 
[1] 49.26651 48.72782 42.49377 38.29481 32.07479 31.10304


Species parents (NA for initial)
[1] NA  1  1  1  1  1


Species status (extinct or extant)
[1] "extinct" "extinct" "extinct" "extinct" "extinct" "extinct"


For more details on vector y, try sim$y, with y one of
TE TS PAR EXTANT



$TE
  [1] 14.46323055 48.18933992 38.44301907 32.64480870 13.15607209 20.47369133
  [7] 20.53547474 14.76300754 33.58569318 32.52716326 24.81227056 18.02871446
 [13] 16.15890678 14.70720861 11.97389354 12.03994247 13.29938693 25.73896472
 [19] 20.00004835 14.56780739 30.06017614 27.24801760 17.13011035 25.44155198
 [25] 27.47486010 18.84292460 14.51509117 16.58709335 14.73661519 10.46470232
 [31] 12.15634623 21.12203441 11.77653483 25.16815416 19.81816147 17.68067576
 [37] 15.25538477 19.77972087 18.89152240 19.62709053          NA 13.51649735
 [43] 11.64027486 17.96817492 19.08890477  7.57381993 23.23992308 14.74067285
 [49] 15.13204049 10.98481302 11.39926398 31.59424607 22.48540061  6.14439956
 [55] 18.52365801 19.58206439 27.18038306 13.62049843 19.33743089  5.82519149
 [61]          NA 15.05477387 18.82944349 14.08444060 14.27677280 14.92124316
 [67]          NA  1.64214206  0.31039906 18.00183887 11.93444448 16.44130427
 [73] 14.76433587 14.73606513          NA 25.90949758 26.08362767 15.90929540
 [79] 22.09636760 10.95042148  4.45498955          NA  4.04481558 13.78491040
 [85] 23.07438788 20.42329656 16.77808593  7.33729121          NA 16.56250780
 [91] 15.82017095          NA  0.49537169          NA          NA          NA
 [97]          NA  5.13408627          NA          NA  2.64490898          NA
[103] 19.68918015 11.57582304          NA 10.12016886  6.66983672          NA
[109]  9.68647951          NA  6.47985544  0.99596621  1.91864978 13.45052044
[115] 13.92526053 19.78443540 12.36790181 17.11318512 16.71988492 15.82502615
[121]  3.78258252  5.53053758  6.57064767  3.36811319          NA  1.79493488
[127]  4.12425822          NA          NA          NA          NA          NA
[133] 13.16485551 14.62012821 12.01986612 13.54011373  7.42058403          NA
[139]  3.20276725          NA          NA          NA  2.37056157          NA
[145]  1.77048196  0.65816969          NA 13.61845675 14.78092053 11.75138853
[151] 15.13541812 16.17908265 15.27636737  4.48970761  1.99614423          NA
[157]          NA  0.58593258  3.97245733          NA          NA          NA
[163]  4.23319082          NA 11.66163100 13.66207649  6.86318932 15.28234233
[169] 14.06549557          NA  9.27212656  7.71985035          NA  1.93962896
[175]  0.59602916          NA  2.92816835          NA          NA          NA
[181]          NA          NA          NA  6.12034944          NA  0.19874638
[187]          NA          NA 15.57408092          NA  5.18271883          NA
[193]          NA          NA          NA          NA  2.77049934  2.29402475
[199]  1.77296777          NA          NA  6.87711646  0.34619659          NA
[205]  1.05751319          NA          NA  1.40470804          NA 11.93375612
[211]  7.75680749  8.70876729  0.97662472  9.08069726  3.56245502          NA
[217]  3.60473323          NA          NA  5.59617481          NA          NA
[223]          NA  6.09244044          NA          NA          NA          NA
[229]          NA          NA          NA          NA          NA          NA
[235]          NA  1.85749922          NA          NA          NA          NA
[241]          NA          NA          NA          NA  1.06760773          NA
[247]          NA          NA          NA          NA          NA  2.26388230
[253]          NA  2.71119161          NA  2.20558924  5.48275135  4.50710425
[259]          NA  3.08592526          NA          NA          NA  0.77864930
[265]          NA  4.02198331          NA          NA          NA          NA
[271]  0.74957896          NA  0.61521158          NA          NA          NA
[277]  3.61893162          NA          NA          NA          NA  1.35334368
[283]  1.44587667          NA          NA          NA  1.41842795          NA
[289]          NA  4.35510816  1.85613319          NA          NA  4.70735385
[295]  1.77354196  0.03820951          NA          NA          NA          NA
[301]          NA  1.60891441          NA          NA  1.44909126          NA
[307]          NA  3.99953693          NA  2.18611615  0.58802391          NA

$TS
  [1] 49.26651148 48.72782080 42.49377164 38.29481368 32.07479170 31.10304062
  [7] 30.96898139 26.35686484 38.84838805 33.22686813 30.99914207 22.85644986
 [13] 18.49465859 17.11336670 17.02226173 16.96420371 13.59914061 26.21106974
 [19] 24.73837235 21.30396346 30.43041775 29.50514907 29.49295892 26.73939478
 [25] 33.88470353 26.72775647 25.35590344 24.99865075 16.51279233 12.09918960
 [31] 13.37879093 26.19369027 18.43592920 26.45022233 21.87397263 18.75539514
 [37] 18.51782386 33.79475458 29.24686738 25.18737548 25.09002052 18.07272631
 [43] 24.43313144 23.28178598 22.50368106 10.92952352 25.32481573 22.85710185
 [49] 17.79073030 16.85372420 12.68096145 32.74775777 28.05996420 27.96284863
 [55] 23.47244208 19.98096304 28.55404733 26.96362370 20.54459342  9.86091563
 [61]  1.41990909 15.84514293 19.36663054 22.09312931 21.23812807 19.21179060
 [67]  9.04976519  8.18263763  7.95606805 19.25941702 16.87052697 16.86199516
 [73] 14.77430517 16.07933378 11.06961872 27.24303013 27.88808718 23.89119900
 [79] 23.03830493 20.32088200 10.18759171 10.03528063  8.23460375 19.88544697
 [85] 27.41658132 23.26847587 18.40623859  7.85234638  1.36803101 21.08307563
 [91] 18.58342178  8.90871163  8.31217438  5.95844682  0.88415139  7.86627293
 [97]  6.89302758  6.06712826  4.88146806  4.10255007  3.34960743  1.83304743
[103] 23.47572261 18.66081691 19.88506400 11.88555348  9.35498946  4.91497533
[109]  9.83940169  8.83129446  6.80802500  5.22178372  5.03565189 13.96399952
[115] 26.88708314 20.92340610 20.89303820 19.70911544 18.80698475 15.90547682
[121]  7.87192153  6.98723427  8.14591220  7.64886220  3.74549388  2.52370359
[127]  5.33627818  2.78800043  3.00775809  2.36219347  1.12266241  1.57119526
[133] 16.58125222 19.24938340 19.17712604 13.85434390 11.30975396 10.73064172
[139]  7.16063967  0.80839802  9.33869446  7.60911359  8.07442707  6.75580872
[145]  4.24885219  2.59540378  2.11456109 17.41213812 17.32619848 12.74405268
[151] 17.12598279 17.19353838 17.19120184  7.50319626  4.31940748  6.11829205
[157]  7.10213466  7.55747773  7.52937666  7.51863878  3.42731337  1.94850049
[163]  4.27044422  1.56621499 13.45412500 19.19917637 16.59007014 16.83182428
[169] 14.62356573 10.64960584 10.40286226  9.14084407  8.21026513  9.01666245
[175]  4.92722239  0.93802595  6.37550537  0.67373652  0.55124482  0.03869130
[181]  4.67887328  3.14768908  3.13060684  8.06427381  6.33872096  5.11845717
[187]  3.16886989 12.11898971 17.16345685  7.43342265  7.21870862  6.56953122
[193]  6.44118422  2.84989530  2.81435703  2.45420379  3.64357318  2.41417656
[199]  6.80187899  0.92627657  4.24362848  7.44179371  6.62911271  5.16005720
[205]  4.86178512  1.97320754  2.74140665  1.92518117  1.89126291 12.73108665
[211] 10.90966243 10.70096326 10.23868821 10.02908935  6.70507810  2.59713680
[217]  6.48403051  3.38736758  1.64548913  8.61377583  5.91983707  4.25684331
[223]  1.44739818  7.14194798  6.31308850  4.31528043  3.46581347  0.05521809
[229]  1.89798763  7.23115146  6.59260844  5.91790933  0.78444264  0.33849570
[235]  2.40630287  2.53419433  1.85155549  0.62029564  2.98839842  6.41329122
[241]  2.33012324  0.43325997  0.53113261  5.42566235  1.15323540  3.84499680
[247]  2.78034433  3.95797341  2.15505791  0.97419650 10.14047444  9.59123783
[253]  1.81184539  2.93690231  0.20988012  7.63130708  6.44382869  6.09712714
[259]  0.25668694  4.40745096  1.19978582  1.58966173  0.33657932  2.16575401
[265]  0.19377525  6.33593585  3.73893344  5.19645868  3.38093557  0.36905055
[271]  1.86704850  1.54678768  1.06179747  0.74364018  0.28376027  0.18290854
[277]  6.20188102  4.58457829  1.74099329  6.84305762  6.72131659  4.61968270
[283]  3.76001629  1.10013725  0.59238374  0.02642965  5.64045898  3.75058069
[289]  0.61506107  6.18661067  2.66690073  2.08665568  6.09626090  4.73716847
[295]  3.71926695  0.14086976  4.59167255  5.21935607  1.78552137  0.81062527
[301]  1.47733817  5.03673993  4.46131757  1.10407012  3.48089035  1.97411022
[307]  0.36569840  4.97278901  2.56577425  2.53628925  1.38787893  2.27144639

$PAR
  [1]  NA   1   1   1   1   1   1   1   3   4   5   5   5   5   5   5   5   6
 [19]   6   6   7   7   7   7   9  11  11  11  15  16  17  18  20  23  23  23
 [37]  23  25  25  27  27  27  28  28  28  30  32  32  33  33  33  38  38  38
 [55]  38  38  39  39  40  41  41  42  43  44  44  44  46  46  46  48  48  48
 [73]  48  49  50  53  54  54  54  54  54  54  54  55  57  58  58  60  61  65
 [91]  65  67  67  67  67  68  68  68  68  68  75  75  78  78  80  80  81  81
[109]  82  82  82  82  82  84  85  86  90  90  90  91  92  92  93  93  93  93
[127]  94  96  97  99 100 102 104 105 105 105 105 105 105 105 107 107 110 110
[145] 112 112 112 115 115 117 118 119 119 121 121 122 123 124 124 124 124 125
[163] 127 128 133 134 134 135 135 137 137 137 137 138 138 138 139 141 141 141
[181] 142 142 142 143 144 144 145 150 152 154 154 154 154 155 155 155 156 156
[199] 157 157 158 159 159 159 160 160 161 161 161 165 167 167 170 170 170 170
[217] 173 173 173 174 177 177 182 184 185 185 185 187 188 190 191 193 193 193
[235] 194 195 195 196 197 199 199 200 201 203 203 204 204 205 207 209 212 212
[253] 213 218 219 220 220 220 223 225 229 230 232 236 238 240 240 244 244 244
[271] 248 248 248 249 250 250 251 251 251 252 252 252 252 253 253 255 258 260
[289] 262 266 269 269 277 277 278 279 280 281 281 281 287 290 290 292 293 293
[307] 293 302 302 309 309 310

$EXTANT
  [1] FALSE FALSE FALSE FALSE FALSE FALSE FALSE FALSE FALSE FALSE FALSE FALSE
 [13] FALSE FALSE FALSE FALSE FALSE FALSE FALSE FALSE FALSE FALSE FALSE FALSE
 [25] FALSE FALSE FALSE FALSE FALSE FALSE FALSE FALSE FALSE FALSE FALSE FALSE
 [37] FALSE FALSE FALSE FALSE  TRUE FALSE FALSE FALSE FALSE FALSE FALSE FALSE
 [49] FALSE FALSE FALSE FALSE FALSE FALSE FALSE FALSE FALSE FALSE FALSE FALSE
 [61]  TRUE FALSE FALSE FALSE FALSE FALSE  TRUE FALSE FALSE FALSE FALSE FALSE
 [73] FALSE FALSE  TRUE FALSE FALSE FALSE FALSE FALSE FALSE  TRUE FALSE FALSE
 [85] FALSE FALSE FALSE FALSE  TRUE FALSE FALSE  TRUE FALSE  TRUE  TRUE  TRUE
 [97]  TRUE FALSE  TRUE  TRUE FALSE  TRUE FALSE FALSE  TRUE FALSE FALSE  TRUE
[109] FALSE  TRUE FALSE FALSE FALSE FALSE FALSE FALSE FALSE FALSE FALSE FALSE
[121] FALSE FALSE FALSE FALSE  TRUE FALSE FALSE  TRUE  TRUE  TRUE  TRUE  TRUE
[133] FALSE FALSE FALSE FALSE FALSE  TRUE FALSE  TRUE  TRUE  TRUE FALSE  TRUE
[145] FALSE FALSE  TRUE FALSE FALSE FALSE FALSE FALSE FALSE FALSE FALSE  TRUE
[157]  TRUE FALSE FALSE  TRUE  TRUE  TRUE FALSE  TRUE FALSE FALSE FALSE FALSE
[169] FALSE  TRUE FALSE FALSE  TRUE FALSE FALSE  TRUE FALSE  TRUE  TRUE  TRUE
[181]  TRUE  TRUE  TRUE FALSE  TRUE FALSE  TRUE  TRUE FALSE  TRUE FALSE  TRUE
[193]  TRUE  TRUE  TRUE  TRUE FALSE FALSE FALSE  TRUE  TRUE FALSE FALSE  TRUE
[205] FALSE  TRUE  TRUE FALSE  TRUE FALSE FALSE FALSE FALSE FALSE FALSE  TRUE
[217] FALSE  TRUE  TRUE FALSE  TRUE  TRUE  TRUE FALSE  TRUE  TRUE  TRUE  TRUE
[229]  TRUE  TRUE  TRUE  TRUE  TRUE  TRUE  TRUE FALSE  TRUE  TRUE  TRUE  TRUE
[241]  TRUE  TRUE  TRUE  TRUE FALSE  TRUE  TRUE  TRUE  TRUE  TRUE  TRUE FALSE
[253]  TRUE FALSE  TRUE FALSE FALSE FALSE  TRUE FALSE  TRUE  TRUE  TRUE FALSE
[265]  TRUE FALSE  TRUE  TRUE  TRUE  TRUE FALSE  TRUE FALSE  TRUE  TRUE  TRUE
[277] FALSE  TRUE  TRUE  TRUE  TRUE FALSE FALSE  TRUE  TRUE  TRUE FALSE  TRUE
[289]  TRUE FALSE FALSE  TRUE  TRUE FALSE FALSE FALSE  TRUE  TRUE  TRUE  TRUE
[301]  TRUE FALSE  TRUE  TRUE FALSE  TRUE  TRUE FALSE  TRUE FALSE FALSE  TRUE

