
Birth-death simulation object with 133 species and 58 extant species

Details for some species:

Extinction times (NA means extant)
[1] 26.13938 45.88506 37.83019 21.50316 27.18590 14.97745


Speciation times 
[1] 49.26651 46.68892 38.42608 35.28981 31.67686 28.48367


Species parents (NA for initial)
[1] NA  1  1  1  4  4


Species status (extinct or extant)
[1] "extinct" "extinct" "extinct" "extinct" "extinct" "extinct"


For more details on vector y, try sim$y, with y one of
TE TS PAR EXTANT



$TE
  [1] 26.1393806 45.8850564 37.8301941 21.5031586 27.1859010 14.9774500
  [7] 13.7782630 18.4668330 15.3133398 20.6960424 13.6614699 17.9849908
 [13] 14.5757231 14.1937387 13.1962286 13.2464557 21.5347434 20.4465495
 [19] 13.7897421 14.1495563 13.0672762 15.0728516 18.7044203  5.7257742
 [25] 11.8636699 14.1302543 13.1021747 11.7205633 12.2245768 15.2645677
 [31] 12.8873386 13.6752628  8.4449675         NA 11.9443145  1.2463277
 [37]  8.2993260 14.1843420  8.4713624  6.6031765  4.8597146         NA
 [43]  1.5173780         NA  0.1128433  6.6132042         NA         NA
 [49] 12.3057722  7.6131988  9.6790899  4.6642389         NA         NA
 [55]         NA  3.9890121  0.8111784         NA  0.2053640  4.9638628
 [61] 12.4251184         NA  8.9363840         NA         NA         NA
 [67]         NA         NA  5.4737121 11.3307257         NA  3.2475791
 [73]         NA         NA         NA  8.7439733  5.5553763  3.3718616
 [79]  2.5946547         NA  4.1990914         NA         NA         NA
 [85]         NA         NA         NA  1.0517179         NA  0.3711380
 [91]  0.9995723         NA  5.7421852         NA  4.0185194         NA
 [97]         NA         NA         NA  5.6092931         NA         NA
[103]         NA         NA         NA         NA         NA  0.7604298
[109]         NA         NA  2.2757704         NA         NA         NA
[115]         NA  0.2658288         NA  2.2333288         NA  0.3015821
[121]         NA  0.6280144         NA         NA  0.6642274         NA
[127]         NA         NA         NA         NA  2.7523962         NA
[133]         NA

$TS
  [1] 49.26651148 46.68891814 38.42607926 35.28980712 31.67686284 28.48366541
  [7] 25.35101636 24.12906986 27.91059979 26.23585020 24.24741780 22.98096535
 [13] 20.78410136 18.17599497 17.83871890 15.69629090 23.23459147 21.40254919
 [19] 19.75811371 18.41916646 14.57638267 20.29372026 18.84418709 23.14072553
 [25] 17.67543621 15.07148712 14.55338010 14.12167516 19.91711243 17.52239966
 [31] 16.84694933 14.51561822 10.24843595  7.33657412 13.55543622 14.61575414
 [37] 14.47690401 15.96134627  8.49266936  8.44532743  7.03630070  3.79092276
 [43]  3.48798991  2.65161359  0.60455734 10.01197083  9.31575302  8.26012486
 [49] 12.91649482 10.72328895 10.29215647 15.61071237  6.01816400  0.87988026
 [55]  3.02691080  9.32641773  6.15894803  4.89396941  0.24782855 10.28323128
 [61] 12.79078478 10.82151034 10.68786241  9.34120499  5.09335073  1.45889939
 [67]  8.17636877  3.55718642  6.49663634 12.51914825  9.14990966  6.68798530
 [73]  6.62687219  3.45871004  0.03155648  9.95451741  7.70929120  5.16970284
 [79]  3.00774409  1.23547616  5.49912690  4.31801200  1.64809619  0.40023266
 [85] 12.45699747  5.26509679  4.33036101  4.31498569  4.64343393  9.46178458
 [91]  1.48841510  8.78059053  7.05509606  4.07155807  7.94749468  5.85297890
 [97]  3.37268403  2.35507813  6.52320609  5.95450779  3.65498651  1.89289185
[103]  1.84028566  1.52803432  0.46309364  6.73142605  0.82655753  3.82074767
[109]  3.75923104  2.66252677  2.44196371  1.29815087  2.50300030  1.39540981
[115]  0.07852258  5.88906932  5.71454534  4.88060502  2.46840721  2.07924779
[121]  3.69540494  0.93764735  0.28236486  0.80563859  1.36213517  1.07045524
[127]  2.41002052  0.53333286  2.87689896  0.46766261  2.82013928  0.27383635
[133]  0.01117938

$PAR
  [1]  NA   1   1   1   4   4   4   4   6   6   6   6   6   6   6   6   7   7
 [19]   7   7   7   9   9  11  13  13  14  16  22  22  22  24  24  24  25  26
 [37]  29  30  33  33  34  34  34  34  34  36  36  36  37  37  37  38  41  42
 [55]  43  46  47  47  47  50  52  52  52  52  53  55  56  57  60  61  62  62
 [73]  62  62  62  63  64  64  65  65  67  67  67  67  70  72  73  78  81  85
 [91]  87  90  90  90  92  92  92  92  93  93  94  94  94  94  94  95  97  99
[109]  99  99  99  99 101 103 105 106 106 106 108 108 109 109 109 113 114 114
[127] 116 116 117 120 121 126 126

$EXTANT
  [1] FALSE FALSE FALSE FALSE FALSE FALSE FALSE FALSE FALSE FALSE FALSE FALSE
 [13] FALSE FALSE FALSE FALSE FALSE FALSE FALSE FALSE FALSE FALSE FALSE FALSE
 [25] FALSE FALSE FALSE FALSE FALSE FALSE FALSE FALSE FALSE  TRUE FALSE FALSE
 [37] FALSE FALSE FALSE FALSE FALSE  TRUE FALSE  TRUE FALSE FALSE  TRUE  TRUE
 [49] FALSE FALSE FALSE FALSE  TRUE  TRUE  TRUE FALSE FALSE  TRUE FALSE FALSE
 [61] FALSE  TRUE FALSE  TRUE  TRUE  TRUE  TRUE  TRUE FALSE FALSE  TRUE FALSE
 [73]  TRUE  TRUE  TRUE FALSE FALSE FALSE FALSE  TRUE FALSE  TRUE  TRUE  TRUE
 [85]  TRUE  TRUE  TRUE FALSE  TRUE FALSE FALSE  TRUE FALSE  TRUE FALSE  TRUE
 [97]  TRUE  TRUE  TRUE FALSE  TRUE  TRUE  TRUE  TRUE  TRUE  TRUE  TRUE FALSE
[109]  TRUE  TRUE FALSE  TRUE  TRUE  TRUE  TRUE FALSE  TRUE FALSE  TRUE FALSE
[121]  TRUE FALSE  TRUE  TRUE FALSE  TRUE  TRUE  TRUE  TRUE  TRUE FALSE  TRUE
[133]  TRUE

