
Birth-death simulation object with 216 species and 78 extant species

Details for some species:

Extinction times (NA means extant)
[1] 38.58087 35.71074 28.92199 31.45258 28.54864 22.74656


Speciation times 
[1] 49.26651 42.91255 41.85142 38.10939 35.19225 33.35358


Species parents (NA for initial)
[1] NA  1  2  2  3  3


Species status (extinct or extant)
[1] "extinct" "extinct" "extinct" "extinct" "extinct" "extinct"


For more details on vector y, try sim$y, with y one of
TE TS PAR EXTANT



$TE
  [1] 38.58087451 35.71074381 28.92199294 31.45257910 28.54863655 22.74655614
  [7] 26.07092842 29.34776337 28.40247339 15.10539307 27.35273015 26.50806090
 [13] 11.52567194 18.44398559 17.19165491 33.72106999 26.46905311 29.91991432
 [19] 19.24403950 15.13054914 14.30148068  7.64979959 27.27662620 14.83159797
 [25] 11.83252929 25.21322525 21.78956252 16.77251672 12.22319035 12.22324341
 [31] 11.06789925 17.99264149  4.61126370 17.24334688 20.06767929 25.70760113
 [37] 18.59002313 27.65280680  8.13422071 12.20841598 19.97200135 17.84243592
 [43] 13.54470375 14.98892201 14.66289383          NA          NA          NA
 [49]  6.84164640 16.31864192          NA 13.65074849 20.60776646 15.22698450
 [55] 14.81715428 13.53930398 11.10278244 13.49127528 17.77834365 17.25553220
 [61] 14.25518041  2.54113990 20.54309718 20.30049282 29.14943914 27.17233868
 [67] 17.41370549 15.67659566          NA          NA  5.90755057 15.36949530
 [73] 17.72966100 14.58495522          NA  4.46175662          NA          NA
 [79]  3.53618518  7.01580003          NA  2.75759938  8.24298251          NA
 [85]          NA 16.93063085 14.41612138 10.15397568  2.76654141  8.36672258
 [91]  3.48834282          NA          NA          NA          NA          NA
 [97] 13.70720111 18.21279958 15.71738298  8.23076080  5.24461405  5.98357393
[103]  2.56445592          NA          NA          NA          NA  4.28280814
[109]  5.08453361  1.36659553 14.90489818 18.16790591 15.24920929  5.41552600
[115]          NA          NA          NA  2.64638319          NA          NA
[121]          NA  5.00699750 11.14931934  1.02902364          NA  1.78244244
[127]  2.06125027          NA          NA          NA 13.93639823 10.46158834
[133] 16.89996124 13.19851904  7.95445910          NA          NA  5.53814777
[139]          NA  3.21202511          NA          NA  6.53662512  0.06310668
[145]          NA          NA          NA          NA          NA  1.85737008
[151]          NA          NA  5.19848408  0.62377805  0.76338572          NA
[157]          NA  0.63025855          NA          NA          NA          NA
[163] 14.10505101 19.28512114 14.27417511 14.23016432 11.17019957 20.40347352
[169]          NA  5.93398591  1.82637210  7.06809263  0.22421684  7.29544797
[175]          NA          NA          NA  5.54657310  1.85961305          NA
[181]          NA          NA          NA          NA  0.17472093          NA
[187]          NA  3.32061166 13.47724399 15.33636536          NA  4.26670990
[193]          NA          NA  2.13342939          NA  2.62179498          NA
[199]          NA          NA 13.12070114          NA          NA          NA
[205]          NA          NA          NA 14.08846150          NA  4.53897853
[211]          NA  6.47094987          NA          NA  2.96521995          NA

$TS
  [1] 49.266511476 42.912546888 41.851418756 38.109391985 35.192247470
  [6] 33.353582643 31.933808470 30.854770549 36.833532149 35.116193606
 [11] 30.160158304 29.461043514 26.149220030 24.956641825 27.854290863
 [16] 35.635871381 31.784029430 32.630887856 21.843976605 18.206317253
 [21] 17.371940107 29.095235187 28.092806144 26.111746962 25.967095685
 [26] 25.665521332 24.313272629 20.391355210 13.747424114 12.845062578
 [31] 12.393536796 22.211471098 20.443388092 24.717347425 22.430602135
 [36] 33.744797593 27.289076651 30.231399841 21.429511234 15.932092425
 [41] 27.729426898 23.169812932 18.167897106 16.166804156 15.748466222
 [46] 11.321498016 10.580241974 10.527190728  9.700982138 19.414809910
 [51] 15.669762475 22.995000300 20.983049554 18.052653835 16.640258032
 [56] 15.999585773 17.599557736 17.056134386 21.434544571 18.505777868
 [61] 15.126932896  6.544609551 20.823470718 29.527513626 30.149944241
 [66] 27.683930474 19.631855631 16.725796807  9.607674318  9.358047103
 [71] 15.649210194 20.546107771 21.093039820 16.642910125  8.271347895
 [76]  5.071998888  1.028302127  0.908816848 10.007934348  7.890447274
 [81]  7.787700950  4.390123354 10.453877111  6.227364257  5.797008370
 [86] 18.093238132 16.855754688 11.937452388 11.065159040 10.417083070
 [91]  7.523435709  6.689229756  5.654122479  3.971571063  2.386746876
 [96]  1.324083781 14.077995576 22.316222574 29.996202704  9.128169463
[101]  8.634277539  6.775002794  2.783212997  2.676178459  0.393372603
[106]  8.632278801  2.352169101 10.149810238  9.786295504  8.405253202
[111] 16.169213636 18.425889976 15.524475432  6.674865888  4.455789423
[116]  3.898247634  0.789004469  5.922789975  3.259814533  8.279738960
[121]  0.972645795  5.437302768 11.239165967  5.779317724  5.720239012
[126]  9.429505473  2.155560752  0.719622281  3.538454905  2.025313112
[131] 21.910468029 21.476299034 24.345079109 17.537813762  8.602165011
[136]  6.287825713  0.227463138  7.844975960  9.117728754  7.787403818
[141]  6.341601399  6.181491768  7.780432751  4.000149095  2.765019169
[146]  2.450993216  2.186986460  2.148102082  6.653671664  2.640927010
[151]  0.058943661  0.956836049  5.568794013  5.534647604  1.613457218
[156]  5.185375162  4.301654696  1.336725301  6.089265843  4.863639186
[161]  0.497496178  0.469729039 19.217076899 20.732709914 17.366537744
[166] 16.074528044 11.719430332 21.300854992  5.164971652  7.823468794
[171]  6.907983388  7.994724180  5.792867813  7.643240909  3.413075487
[176]  1.126268887  0.117948555  6.781548834  6.544646718  0.563867799
[181]  0.191414483  1.165320079  2.005172023  0.055708505  2.205373881
[186]  2.078574979  1.172612076  4.267378732 14.818100366 19.954566694
[191]  6.544701942  6.553709982  4.746631202  3.732807096  5.004782912
[196]  4.808424456  3.500125497  0.008213931  1.729255162  0.872804413
[201] 16.859688913  0.740053940  0.041981529  1.843505322  1.208092105
[206]  1.026920184  0.384579633 16.069658047 15.040368151  9.265105050
[211]  8.381428891  8.302332978  1.730193008  6.266230291  3.552770367
[216]  5.617665330

$PAR
  [1]  NA   1   2   2   3   3   3   3   4   4   5   5   6   6   7   9   9  10
 [19]  10  10  10  12  12  13  13  13  13  13  13  13  13  14  14  15  15  16
 [37]  17  18  19  21  22  22  22  22  22  22  22  22  22  24  24  25  25  25
 [55]  25  25  28  28  32  33  33  33  35  36  38  38  39  39  39  39  40  41
 [73]  42  43  46  46  46  46  47  47  47  47  48  48  48  50  50  51  51  51
 [91]  51  51  51  51  51  51  52  64  65  69  69  69  69  69  69  70  70  71
[109]  71  71  72  73  74  75  75  75  78  79  82  83  84  85  88  89  89  90
[127]  92  92  93  95  98  98  99  99 100 102 105 106 109 109 109 109 110 110
[145] 110 110 115 119 120 120 120 121 124 124 124 125 125 125 126 126 130 130
[163] 131 132 132 132 132 133 136 138 138 139 139 140 141 141 141 143 143 144
[181] 144 146 147 152 156 157 159 160 163 164 170 171 171 171 173 173 173 180
[199] 186 187 190 191 193 194 194 196 199 201 208 209 209 209 209 210 211 214

$EXTANT
  [1] FALSE FALSE FALSE FALSE FALSE FALSE FALSE FALSE FALSE FALSE FALSE FALSE
 [13] FALSE FALSE FALSE FALSE FALSE FALSE FALSE FALSE FALSE FALSE FALSE FALSE
 [25] FALSE FALSE FALSE FALSE FALSE FALSE FALSE FALSE FALSE FALSE FALSE FALSE
 [37] FALSE FALSE FALSE FALSE FALSE FALSE FALSE FALSE FALSE  TRUE  TRUE  TRUE
 [49] FALSE FALSE  TRUE FALSE FALSE FALSE FALSE FALSE FALSE FALSE FALSE FALSE
 [61] FALSE FALSE FALSE FALSE FALSE FALSE FALSE FALSE  TRUE  TRUE FALSE FALSE
 [73] FALSE FALSE  TRUE FALSE  TRUE  TRUE FALSE FALSE  TRUE FALSE FALSE  TRUE
 [85]  TRUE FALSE FALSE FALSE FALSE FALSE FALSE  TRUE  TRUE  TRUE  TRUE  TRUE
 [97] FALSE FALSE FALSE FALSE FALSE FALSE FALSE  TRUE  TRUE  TRUE  TRUE FALSE
[109] FALSE FALSE FALSE FALSE FALSE FALSE  TRUE  TRUE  TRUE FALSE  TRUE  TRUE
[121]  TRUE FALSE FALSE FALSE  TRUE FALSE FALSE  TRUE  TRUE  TRUE FALSE FALSE
[133] FALSE FALSE FALSE  TRUE  TRUE FALSE  TRUE FALSE  TRUE  TRUE FALSE FALSE
[145]  TRUE  TRUE  TRUE  TRUE  TRUE FALSE  TRUE  TRUE FALSE FALSE FALSE  TRUE
[157]  TRUE FALSE  TRUE  TRUE  TRUE  TRUE FALSE FALSE FALSE FALSE FALSE FALSE
[169]  TRUE FALSE FALSE FALSE FALSE FALSE  TRUE  TRUE  TRUE FALSE FALSE  TRUE
[181]  TRUE  TRUE  TRUE  TRUE FALSE  TRUE  TRUE FALSE FALSE FALSE  TRUE FALSE
[193]  TRUE  TRUE FALSE  TRUE FALSE  TRUE  TRUE  TRUE FALSE  TRUE  TRUE  TRUE
[205]  TRUE  TRUE  TRUE FALSE  TRUE FALSE  TRUE FALSE  TRUE  TRUE FALSE  TRUE

