
Birth-death simulation object with 168 species and 74 extant species

Details for some species:

Extinction times (NA means extant)
[1] 43.83145 41.77474 42.81542 36.90676 45.05200 20.20503


Speciation times 
[1] 53.44310 52.41400 45.74294 46.85759 45.06643 43.62179


Species parents (NA for initial)
[1] NA  1  1  2  4  4


Species status (extinct or extant)
[1] "extinct" "extinct" "extinct" "extinct" "extinct" "extinct"


For more details on vector y, try sim$y, with y one of
TE TS PAR EXTANT



$TE
  [1] 43.8314511 41.7747400 42.8154151 36.9067595 45.0519960 20.2050302
  [7] 39.2645141 18.9949684 30.8275913 18.7346360 12.6147682 22.4214290
 [13] 26.8955528 16.0342583 19.5702648  5.1675146 20.8159174 18.8967885
 [19] 22.3479523 30.8922919 26.8867451 21.0694184 22.9707532 22.0724464
 [25] 17.9751595 17.2956636 14.9123909 16.8311431 14.7158776         NA
 [31]  9.8696777  8.4445588         NA 17.7260356 23.5040374 20.9283825
 [37] 19.5457040 17.2628862  3.0659299  3.3976887  4.8810763         NA
 [43]         NA         NA 17.8943697 15.2133096 18.4584469 19.7612657
 [49] 19.5746996 19.5731445  7.5322094  8.9808432         NA         NA
 [55] 17.8318032 17.9105499 16.0583167 18.4641089 16.6720946         NA
 [61] 14.6945645  9.1068281 12.6133935         NA 13.3717701 11.0743415
 [67]  9.4207433         NA  2.0571045         NA         NA 12.0197736
 [73]         NA  9.6177008         NA         NA         NA  1.8197644
 [79]  0.7703997         NA         NA  5.9175253         NA  4.3107499
 [85]         NA         NA  0.6078023         NA         NA         NA
 [91]         NA  0.1921998         NA         NA         NA  1.2824050
 [97]  1.8843398         NA         NA  2.5137357  0.0116559         NA
[103]         NA  5.4493644  2.1839800         NA         NA         NA
[109]         NA         NA         NA         NA         NA         NA
[115]  8.3203414  3.7076076         NA         NA  0.7418921  0.9264440
[121]         NA  2.0647047         NA         NA         NA  3.6401590
[127]  1.8685767  4.5134879         NA  7.4079141  2.8795476         NA
[133]         NA         NA  4.4780238  1.3116303         NA         NA
[139]         NA         NA         NA  0.3022225         NA         NA
[145]         NA         NA         NA         NA  0.3831399  2.6040624
[151]  1.1425193         NA  0.9428726  1.8602085         NA         NA
[157]         NA         NA         NA  4.9992903         NA         NA
[163]         NA         NA  1.5704295  2.2535709         NA         NA

$TS
  [1] 53.44310300 52.41399888 45.74294063 46.85759097 45.06643334 43.62179462
  [7] 40.86036934 38.01497988 34.99669143 25.08268755 21.88228890 36.18490936
 [13] 29.01402737 28.57868681 19.82112163 19.17189858 24.82277605 23.64442805
 [19] 22.36891570 32.66743536 31.01062287 24.27468383 24.08105009 26.68127122
 [25] 19.92470757 18.35135694 17.35310739 17.33957065 17.32977613 10.66721398
 [31] 10.54325755  9.60818916  8.48302107 20.21451461 23.83436601 25.66243271
 [37] 25.61473578 25.06545923 10.66281933  8.88051396  6.73074896  2.10340608
 [43]  3.79109318  0.57670051 19.84980022 19.75633692 25.45571769 24.16295976
 [49] 21.77276913 20.83252277 10.17805456  9.76752790  3.08155367  8.86872723
 [55] 18.05953571 22.87353335 21.52265551 20.01738686 20.83190742 18.99205087
 [61] 17.67198654 14.04488355 14.01156662 13.87555554 13.58435519 13.32299199
 [67] 11.07614543  8.80365306  4.84740295  4.81562894  1.99731959 12.86667779
 [73] 11.10392765 10.71297462  8.50450162  8.07513621  6.29749957  3.96538975
 [79]  2.71563359  2.18270838 12.65430552 11.77812363  9.48700466  4.75723617
 [85]  4.68699643  4.02634949  3.91382437  3.17150978  1.41309565  1.34770623
 [91] 12.42953959 10.57069939  6.99855416  2.67556232  0.89459718  6.56820331
 [97]  6.31553449  2.63159862  1.68758323  3.50189337  1.15563915  2.67953007
[103]  0.81725686 11.32758790 10.34285714  9.85482933  8.78600061  6.34601028
[109]  0.96941554  0.16453503  4.48637163  0.24485873  3.57551314  2.02217243
[115]  9.78644244  6.83254327  4.30735737  2.24634899  1.43726532  2.75367540
[121]  1.58635954  5.89622196  5.10426580  0.70685474  1.45521862  5.28363647
[127]  2.22395151  9.14119856  5.71419262  9.88887593  7.50321430  5.83182351
[133]  3.95010732  0.08351017  4.98984260  3.47889657  1.21522860  3.40015936
[139]  0.38082279  0.15304575  2.51809393  2.35463299  1.53592254  0.34865395
[145]  5.07716444  5.03031437  0.68773196  0.93437529  5.85516213  5.65864415
[151]  4.10309646  3.24230652  2.39436917  2.61418268  0.02570096  4.67501414
[157]  2.69252135  2.10432378  1.72928577  5.44121257  2.26174375  1.07764672
[163]  2.92790397  2.53793443  1.60212784  3.71073613  0.41200983  0.36853040

$PAR
  [1]  NA   1   1   2   4   4   4   4   6   6   6   8   8   8   8   8  10  10
 [19]  10  12  12  12  12  14  14  14  14  14  16  16  16  16  16  18  23  24
 [37]  24  24  30  30  30  30  33  33  34  34  36  37  38  38  39  39  39  40
 [55]  46  48  49  49  56  58  60  60  60  60  60  60  60  60  60  60  60  64
 [73]  64  64  64  64  64  64  64  64  66  66  67  68  68  68  68  70  71  71
 [91]  72  73  73  75  75  76  76  76  76  78  79  81  81  82  82  82  82  83
[109]  83  83  84  85  86  87  91  91  91  91  91  92  92  93  93  94  96  97
[127] 102 104 104 105 106 106 106 106 108 111 111 113 113 114 117 117 117 118
[145] 123 123 123 125 128 128 129 131 132 133 133 135 136 145 146 149 149 149
[163] 152 152 153 156 157 162

$EXTANT
  [1] FALSE FALSE FALSE FALSE FALSE FALSE FALSE FALSE FALSE FALSE FALSE FALSE
 [13] FALSE FALSE FALSE FALSE FALSE FALSE FALSE FALSE FALSE FALSE FALSE FALSE
 [25] FALSE FALSE FALSE FALSE FALSE  TRUE FALSE FALSE  TRUE FALSE FALSE FALSE
 [37] FALSE FALSE FALSE FALSE FALSE  TRUE  TRUE  TRUE FALSE FALSE FALSE FALSE
 [49] FALSE FALSE FALSE FALSE  TRUE  TRUE FALSE FALSE FALSE FALSE FALSE  TRUE
 [61] FALSE FALSE FALSE  TRUE FALSE FALSE FALSE  TRUE FALSE  TRUE  TRUE FALSE
 [73]  TRUE FALSE  TRUE  TRUE  TRUE FALSE FALSE  TRUE  TRUE FALSE  TRUE FALSE
 [85]  TRUE  TRUE FALSE  TRUE  TRUE  TRUE  TRUE FALSE  TRUE  TRUE  TRUE FALSE
 [97] FALSE  TRUE  TRUE FALSE FALSE  TRUE  TRUE FALSE FALSE  TRUE  TRUE  TRUE
[109]  TRUE  TRUE  TRUE  TRUE  TRUE  TRUE FALSE FALSE  TRUE  TRUE FALSE FALSE
[121]  TRUE FALSE  TRUE  TRUE  TRUE FALSE FALSE FALSE  TRUE FALSE FALSE  TRUE
[133]  TRUE  TRUE FALSE FALSE  TRUE  TRUE  TRUE  TRUE  TRUE FALSE  TRUE  TRUE
[145]  TRUE  TRUE  TRUE  TRUE FALSE FALSE FALSE  TRUE FALSE FALSE  TRUE  TRUE
[157]  TRUE  TRUE  TRUE FALSE  TRUE  TRUE  TRUE  TRUE FALSE FALSE  TRUE  TRUE

