
Birth-death simulation object with 191 species and 56 extant species

Details for some species:

Extinction times (NA means extant)
[1] 48.57512 50.64257 31.69734 46.79621 43.09276 19.52414


Speciation times 
[1] 53.44310 51.40175 49.53672 49.01595 48.80187 46.48045


Species parents (NA for initial)
[1] NA  1  1  1  1  3


Species status (extinct or extant)
[1] "extinct" "extinct" "extinct" "extinct" "extinct" "extinct"


For more details on vector y, try sim$y, with y one of
TE TS PAR EXTANT



$TE
  [1] 48.5751227 50.6425669 31.6973410 46.7962067 43.0927597 19.5241430
  [7] 19.1541188 42.1698804 25.4531585 44.1318787 31.3128454 26.5421054
 [13] 25.9981732 18.9362366 39.5415297 43.7635313 33.1264939 31.3303893
 [19] 27.1812007 19.2449270 30.8702501 21.5007285 17.2597707 11.2554233
 [25] 43.7659231 26.2942316 33.0779290 17.9249358 27.2840879 18.8860981
 [31] 19.4209844 24.7917062 21.6589854 19.0706855 13.3273494  7.3022295
 [37]         NA 17.5524875 24.7217032 28.1786689 29.3859897 18.6908834
 [43] 19.3596496 19.7025406 29.9657262 16.1626834 19.4904810 18.9248659
 [49]         NA 19.9917955 18.8690475 18.8226537 30.5222928 25.2204333
 [55] 17.0307677 18.4911715 23.8651211 19.4533855 22.6520532 16.9428401
 [61] 20.3993446 18.0904159 19.5286122         NA 30.4959826 17.8371430
 [67] 16.4429321 18.1374275 17.1948996 14.8326181 15.0250434 19.0845954
 [73] 17.3652681 18.0157602 14.8367415 20.1423677 18.5297372 16.3560532
 [79] 19.1674463 19.0382943 18.5450656 17.2893833 21.6736707 15.3154244
 [85] 17.2698858 16.9833254 15.0993977 19.2702461 20.6526287 15.1670550
 [91] 14.8748296 12.4988781 16.6037592  2.6479730 14.8559750 16.4258239
 [97]  9.4126075  7.9298610  1.7399999         NA 14.2547814 13.9161039
[103]         NA  5.3489449  2.6347563  2.2821494  1.7121504  5.7824876
[109]         NA         NA         NA         NA 10.4493665  7.3248029
[115]  7.3228959  8.6650236         NA         NA         NA         NA
[121]  6.2671185         NA  1.3868611  2.7013957         NA         NA
[127]         NA  7.1582906         NA         NA         NA         NA
[133]  4.3408176  6.4442235  6.2180279  3.1414144  2.9694848         NA
[139]         NA         NA  5.7947924         NA         NA  7.7822670
[145]  5.2397882  2.6961879         NA         NA         NA         NA
[151]         NA  0.2186405  3.2875036         NA  2.8804356         NA
[157]         NA         NA  5.7912543  0.2555826         NA  0.9458342
[163]         NA         NA         NA         NA         NA  1.2466225
[169]  1.6934993         NA  4.8668067  1.0180789         NA  0.7512697
[175]  3.3857157         NA  0.8510189         NA         NA         NA
[181]  2.9172674  3.1653425         NA         NA         NA         NA
[187]         NA         NA         NA         NA         NA

$TS
  [1] 53.44310300 51.40175290 49.53671852 49.01595097 48.80187138 46.48045152
  [7] 32.96269885 44.99918301 45.46229158 45.07020898 37.06916872 32.37590913
 [13] 30.11519985 26.79619599 44.67014086 43.89990668 39.26932246 36.55067691
 [19] 30.75337024 26.69198254 34.28637399 27.41455739 22.82662068 19.42495021
 [25] 43.83743448 33.34946470 34.76315137 34.68404353 32.47820537 21.14182674
 [31] 20.03043946 32.41199978 25.06921732 21.96474794 15.95499805 14.13484702
 [37] 14.08500297 33.16535174 30.76470679 33.42928880 30.13736035 27.61323604
 [43] 23.54596523 19.79766202 30.38087164 28.02915393 26.40686673 25.97882266
 [49]  3.96298413 31.24189523 30.11051752 26.17691259 31.17561122 29.44040984
 [55] 20.73104958 26.68408279 25.31048130 23.95604738 23.06000967 18.21796024
 [61] 24.36801436 25.14530731 20.94327834  0.21052524 30.67613836 24.76590389
 [67] 22.85838632 20.31730383 29.78581009 20.80443493 20.67906538 21.95525649
 [73] 19.14263491 18.90890442 17.73231240 22.55476978 20.88774313 16.96697724
 [79] 23.85369638 20.96900892 22.88113519 27.11656042 23.18591934 17.95294903
 [85] 18.23373505 18.02212211 16.74009932 21.69815843 23.73987714 17.29691628
 [91] 15.75383430 23.55328168 19.58697073 18.50782772 16.98712174 16.54425696
 [97] 15.90347681 15.22953976  9.20897383  7.71500025 15.41633631 14.38712578
[103] 12.92497249 12.77750391 12.50667065  9.82125771  9.69243888  8.69491946
[109]  8.63607835  4.45998027  4.40295620  3.50005514 12.43358789 10.95170629
[115] 10.35479751  8.88278037  3.79838538  8.90369274  6.81238249 12.50318433
[121] 10.17739792  5.26808416  5.08701119  4.01898026  3.60809484  3.42519853
[127]  9.26544742  8.67863267  6.76327082  2.31607622  0.36181249  2.17459320
[133]  9.86218746  9.80649266  8.26777775  7.71471208  9.87937619  7.46876540
[139]  0.76136039 10.27632113  7.12998101  3.89667003  2.17873133  9.84324874
[145]  7.88846376  4.29626618  1.54725518  3.29162069  4.79633748  0.65921799
[151]  0.12775667  7.91226320  7.48842697  6.31214880  9.66723491  4.16945767
[157]  2.65673740  9.32311397  7.10096541  6.74855477  5.32031834  3.02578728
[163]  3.81307953  3.56741756  3.33763512  1.46693454  0.15899733  7.90730241
[169]  4.53779782  1.00462069  7.28660923  7.08142240  0.04284797  6.56981040
[175]  5.03080042  0.62439287  3.60616253  7.13974400  4.32344523  1.51024555
[181]  4.97892095  3.58733436  1.85987746  5.84825080  1.43093867  4.02405380
[187]  3.39323115  1.43321308  1.77063090  0.73392045  0.65442387

$PAR
  [1]  NA   1   1   1   1   3   3   5   6   6   6   6   6   6   8   9   9   9
 [19]   9   9  11  12  14  14  16  17  18  18  18  20  20  21  22  23  24  24
 [37]  24  26  26  28  28  28  28  28  29  29  32  32  37  38  38  38  40  40
 [55]  43  46  46  46  46  46  47  48  48  49  50  50  50  50  51  51  51  52
 [73]  52  52  55  56  58  60  61  62  66  69  69  69  70  74  78  79  82  82
 [91]  84  89  92  93  93  94  94  94  94  94  97  97  98  98  98  98  98  98
[109]  98  99 100 100 103 103 103 103 103 104 104 105 105 105 105 105 105 106
[127] 107 107 109 109 110 111 114 114 114 114 115 118 119 120 120 120 120 121
[145] 121 122 122 124 127 130 131 134 134 136 137 138 138 140 140 140 140 140
[163] 146 146 146 148 148 152 154 156 158 158 158 160 160 160 163 168 168 168
[181] 171 172 172 174 174 175 175 177 179 179 186

$EXTANT
  [1] FALSE FALSE FALSE FALSE FALSE FALSE FALSE FALSE FALSE FALSE FALSE FALSE
 [13] FALSE FALSE FALSE FALSE FALSE FALSE FALSE FALSE FALSE FALSE FALSE FALSE
 [25] FALSE FALSE FALSE FALSE FALSE FALSE FALSE FALSE FALSE FALSE FALSE FALSE
 [37]  TRUE FALSE FALSE FALSE FALSE FALSE FALSE FALSE FALSE FALSE FALSE FALSE
 [49]  TRUE FALSE FALSE FALSE FALSE FALSE FALSE FALSE FALSE FALSE FALSE FALSE
 [61] FALSE FALSE FALSE  TRUE FALSE FALSE FALSE FALSE FALSE FALSE FALSE FALSE
 [73] FALSE FALSE FALSE FALSE FALSE FALSE FALSE FALSE FALSE FALSE FALSE FALSE
 [85] FALSE FALSE FALSE FALSE FALSE FALSE FALSE FALSE FALSE FALSE FALSE FALSE
 [97] FALSE FALSE FALSE  TRUE FALSE FALSE  TRUE FALSE FALSE FALSE FALSE FALSE
[109]  TRUE  TRUE  TRUE  TRUE FALSE FALSE FALSE FALSE  TRUE  TRUE  TRUE  TRUE
[121] FALSE  TRUE FALSE FALSE  TRUE  TRUE  TRUE FALSE  TRUE  TRUE  TRUE  TRUE
[133] FALSE FALSE FALSE FALSE FALSE  TRUE  TRUE  TRUE FALSE  TRUE  TRUE FALSE
[145] FALSE FALSE  TRUE  TRUE  TRUE  TRUE  TRUE FALSE FALSE  TRUE FALSE  TRUE
[157]  TRUE  TRUE FALSE FALSE  TRUE FALSE  TRUE  TRUE  TRUE  TRUE  TRUE FALSE
[169] FALSE  TRUE FALSE FALSE  TRUE FALSE FALSE  TRUE FALSE  TRUE  TRUE  TRUE
[181] FALSE FALSE  TRUE  TRUE  TRUE  TRUE  TRUE  TRUE  TRUE  TRUE  TRUE

