
Birth-death simulation object with 129 species and 60 extant species

Details for some species:

Extinction times (NA means extant)
[1] 33.45605 45.99139 19.51893 26.24141 37.91388 32.78680


Speciation times 
[1] 53.44310 51.35587 48.89276 42.84243 37.94724 33.55182


Species parents (NA for initial)
[1] NA  1  1  1  3  3


Species status (extinct or extant)
[1] "extinct" "extinct" "extinct" "extinct" "extinct" "extinct"


For more details on vector y, try sim$y, with y one of
TE TS PAR EXTANT



$TE
  [1] 33.4560499 45.9913932 19.5189278 26.2414080 37.9138807 32.7868015
  [7] 16.0100345 16.7775822 18.5515513 15.8800442 18.8766839 14.6859672
 [13]  7.1242639  6.4207373 17.1316610  9.0391194  1.7164831  4.9005616
 [19]         NA  0.1756742  6.6687804 17.6876178 15.8702753         NA
 [25] 11.0306568  5.4448417  4.0101919 21.2310150 17.2375877  6.1500698
 [31]  6.3236836  3.1011394         NA  9.2783504         NA  1.8253817
 [37]         NA         NA  2.5497262         NA         NA 16.8385135
 [43] 15.2621476 17.5778296 14.6042167  3.6579189         NA  7.3120846
 [49]         NA         NA  6.4134630  1.4081799         NA  4.7533251
 [55]  1.0473561  6.3066809         NA         NA         NA         NA
 [61]         NA         NA         NA  2.3788330  3.4600182  3.1735237
 [67]         NA         NA         NA  3.8373330  4.8892158         NA
 [73]         NA         NA         NA         NA  3.4678028         NA
 [79]  1.6916594  2.0596533  4.8677770  3.7749699         NA         NA
 [85]         NA  1.3535484         NA         NA         NA         NA
 [91]         NA         NA         NA         NA  5.1191997         NA
 [97]         NA  2.1689372         NA  3.1950527         NA  1.2985567
[103]  0.5886476         NA         NA         NA  3.2040225         NA
[109]         NA  3.2441054         NA         NA  1.9192679  2.3592851
[115]  0.5952030         NA         NA         NA         NA  2.7561121
[121]         NA         NA         NA  0.1910642  0.0107699  0.9913896
[127]         NA         NA         NA

$TS
  [1] 53.4431030 51.3558732 48.8927608 42.8424320 37.9472429 33.5518167
  [7] 27.2387744 24.8760278 23.5764918 22.8456175 22.0234249 24.7777812
 [13] 16.6339995 22.5922933 23.0490781 14.9050541 11.7114349 11.4144635
 [19] 10.4048832  9.6938789  8.8504011 20.3382280 20.0827005 12.8740309
 [25] 12.3344745 12.2155477 10.2271880 22.9555168 19.3196669 10.9135114
 [31] 10.4013125  6.5901663  5.4790983 10.2431045  4.8475740  3.6901184
 [37]  2.2299762  0.7038046  2.9573768  0.7492626  0.4065107 18.7458900
 [43] 17.7080928 18.2169547 17.0759003 12.3841251 10.8462985  8.6171771
 [49]  4.1792465 11.0701645 11.0398662  8.5242985  5.6584643  5.2481679
 [55] 10.2262199  8.5211153  7.3706403  8.3424889  4.6939726  4.3897676
 [61]  3.8244581  0.4368492  0.2075564  7.3951329  5.2791431  5.0175910
 [67]  4.6488263  2.8552498 10.8500953  9.1538402  5.0759824  2.5265801
 [73]  1.7064364  3.9948012  4.3114463  1.0593823  8.1216974  7.4468835
 [79]  3.1898047  2.9291490  8.1810645  4.3956379  2.9477873  4.3039913
 [85]  3.3027870  3.0373742  1.1337955  0.3028497  4.6053830  4.7571425
 [91]  3.2917811  0.1138054  6.8482005  3.6004311  5.2059234  3.0478121
 [97]  1.0276680  4.3041927  6.4147688  4.9061667  6.8066571  2.1441172
[103]  1.8832048  0.2558081  5.8659942  4.5645145  3.8033665  3.0524038
[109]  2.5136028  3.2842290  3.0960550  3.5661848  3.4815473  6.0408377
[115]  2.6964227  0.1680204  4.6099793  4.4093661  3.5775559  3.0920510
[121]  4.4907549  4.3687907  3.7468060  3.6903888  0.9381651  2.5866840
[127]  2.6822942  1.2829289  1.5422377

$PAR
  [1]  NA   1   1   1   3   3   3   3   3   3   3   7   7  10  12  13  13  13
 [19]  13  13  13  14  14  14  14  14  14  15  15  16  16  17  17  18  19  19
 [37]  19  19  20  20  20  22  22  23  23  24  24  24  24  25  26  27  27  27
 [55]  30  30  30  31  33  33  35  40  40  47  47  47  47  49  50  50  50  50
 [73]  50  52  53  55  56  56  57  57  58  58  58  59  59  59  61  61  65  66
 [91]  67  67  69  69  70  74  74  77  78  78  81  84  85  88  93  93  93  93
[109]  93  94  94  98  98  99  99  99 101 105 107 111 114 114 114 117 117 121
[127] 124 124 127

$EXTANT
  [1] FALSE FALSE FALSE FALSE FALSE FALSE FALSE FALSE FALSE FALSE FALSE FALSE
 [13] FALSE FALSE FALSE FALSE FALSE FALSE  TRUE FALSE FALSE FALSE FALSE  TRUE
 [25] FALSE FALSE FALSE FALSE FALSE FALSE FALSE FALSE  TRUE FALSE  TRUE FALSE
 [37]  TRUE  TRUE FALSE  TRUE  TRUE FALSE FALSE FALSE FALSE FALSE  TRUE FALSE
 [49]  TRUE  TRUE FALSE FALSE  TRUE FALSE FALSE FALSE  TRUE  TRUE  TRUE  TRUE
 [61]  TRUE  TRUE  TRUE FALSE FALSE FALSE  TRUE  TRUE  TRUE FALSE FALSE  TRUE
 [73]  TRUE  TRUE  TRUE  TRUE FALSE  TRUE FALSE FALSE FALSE FALSE  TRUE  TRUE
 [85]  TRUE FALSE  TRUE  TRUE  TRUE  TRUE  TRUE  TRUE  TRUE  TRUE FALSE  TRUE
 [97]  TRUE FALSE  TRUE FALSE  TRUE FALSE FALSE  TRUE  TRUE  TRUE FALSE  TRUE
[109]  TRUE FALSE  TRUE  TRUE FALSE FALSE FALSE  TRUE  TRUE  TRUE  TRUE FALSE
[121]  TRUE  TRUE  TRUE FALSE FALSE FALSE  TRUE  TRUE  TRUE

