
Birth-death simulation object with 114 species and 38 extant species

Details for some species:

Extinction times (NA means extant)
[1] 50.57989 51.24898 47.16938 41.90986 46.14247 46.03734


Speciation times 
[1] 53.44310 53.22690 51.93309 49.21822 48.46396 47.43258


Species parents (NA for initial)
[1] NA  1  2  3  4  4


Species status (extinct or extant)
[1] "extinct" "extinct" "extinct" "extinct" "extinct" "extinct"


For more details on vector y, try sim$y, with y one of
TE TS PAR EXTANT



$TE
  [1] 50.57988930 51.24897525 47.16937693 41.90986417 46.14247401 46.03734350
  [7] 41.46380060 34.78286592 40.11725026 40.87937014 36.20843910 43.11364466
 [13] 28.23300247 35.85237945 20.40896795  5.78418457 22.24410525 19.17985633
 [19] 22.09445647 16.69630627  6.46729173  9.15229917  2.72557167  8.21336375
 [25]          NA  3.32282073          NA 27.29564539 20.97732246 19.40225870
 [31] 18.42758548  7.91710737          NA          NA          NA  5.43621095
 [37]          NA  4.65451681 15.10015766  5.78996174  7.78665622  7.81461372
 [43]  8.17857020  1.12618906          NA          NA          NA          NA
 [49]  0.46408871  3.97578892  9.95125305  7.48289186  0.87059163          NA
 [55]          NA 17.79418876  7.09425677 11.51127264  4.02440871  7.88319380
 [61]  4.21103436          NA          NA  0.28142776          NA          NA
 [67] 17.91493824 11.48532012  5.65415085  0.50894382  7.28884519  6.34275763
 [73]          NA          NA  4.06319014          NA          NA  4.68447277
 [79]  7.79405229  4.35517025          NA          NA  3.58861456  4.76472203
 [85]  6.25538969  3.72729286  0.05325507  2.11815230          NA  5.45359399
 [91]          NA  6.58278776  4.02929707  1.00521156          NA          NA
 [97]          NA          NA          NA          NA          NA          NA
[103]          NA  1.66359943          NA          NA  6.34315451  3.16796998
[109]  2.08658377  2.34680455  1.76176036          NA          NA          NA

$TS
  [1] 53.4431030 53.2268981 51.9330898 49.2182209 48.4639647 47.4325764
  [7] 44.2297396 46.4672450 44.0814933 46.4424311 40.0702839 45.7807511
 [13] 36.4270389 35.9739535 32.0175139 31.6581175 29.1606065 24.6255039
 [19] 23.9800667 23.6990051 13.3751363 10.8417911 10.1189114  9.9916816
 [25]  9.1532233  7.5224316  6.4249932 27.8393795 24.6891999 21.7949386
 [31] 22.0207075 12.8092067  9.3610874  5.1631181  3.9806675  5.9193078
 [37]  1.3630029  4.8122216 22.9145132 11.8925859 11.6449286  9.4356445
 [43]  8.6280701  2.4960971  2.2876152  1.0793970  3.7351197  1.8782911
 [49]  2.9219182 21.8577815 11.3012112 10.7156377  8.8397299  0.7024352
 [55]  0.9348481 21.3633073 13.7005076 13.1576690 10.9480510 10.4960647
 [61]  7.5709496  6.9577918  5.3606317  4.1597057  2.1561352  1.1654918
 [67] 18.1646972 13.6558030 11.3064029  7.6566755  9.4413923  7.3244356
 [73]  7.3760796  5.1910125  4.8004071  2.3581271  0.8310000 12.5652697
 [79]  8.7635047  7.4544694  2.9547276  2.5964567  4.5875232 11.0486717
 [85]  6.5777980  6.2979597  5.6813561  5.4393097  4.7313663  7.2321962
 [91]  0.6146213  9.9842217  5.7335305  5.1727241  3.0647487  1.3531133
 [97]  5.4384335  0.7230924  9.6716566  1.9950432  0.8043912  4.1966023
[103]  1.6665011  8.3801078  5.8357013  3.5231180  6.6907648  5.4277858
[109]  4.0296845  3.8713179  3.8204849  0.3060678  4.2818050  3.1897086

$PAR
  [1]  NA   1   2   3   4   4   4   5   7   8   8  10  11  13  13  13  16  16
 [19]  16  16  16  16  16  16  16  16  16  17  17  18  20  21  23  23  23  25
 [37]  25  27  29  32  32  32  32  33  33  33  34  34  35  39  40  41  42  45
 [55]  49  50  50  50  50  50  50  50  50  50  53  53  56  57  57  57  59  59
 [73]  61  61  63  63  65  68  69  70  73  73  75  78  78  78  78  78  78  80
 [91]  82  84  86  87  87  87  88  89  92  94  96  97  97  99  99  99 104 104
[109] 104 105 105 106 108 109

$EXTANT
  [1] FALSE FALSE FALSE FALSE FALSE FALSE FALSE FALSE FALSE FALSE FALSE FALSE
 [13] FALSE FALSE FALSE FALSE FALSE FALSE FALSE FALSE FALSE FALSE FALSE FALSE
 [25]  TRUE FALSE  TRUE FALSE FALSE FALSE FALSE FALSE  TRUE  TRUE  TRUE FALSE
 [37]  TRUE FALSE FALSE FALSE FALSE FALSE FALSE FALSE  TRUE  TRUE  TRUE  TRUE
 [49] FALSE FALSE FALSE FALSE FALSE  TRUE  TRUE FALSE FALSE FALSE FALSE FALSE
 [61] FALSE  TRUE  TRUE FALSE  TRUE  TRUE FALSE FALSE FALSE FALSE FALSE FALSE
 [73]  TRUE  TRUE FALSE  TRUE  TRUE FALSE FALSE FALSE  TRUE  TRUE FALSE FALSE
 [85] FALSE FALSE FALSE FALSE  TRUE FALSE  TRUE FALSE FALSE FALSE  TRUE  TRUE
 [97]  TRUE  TRUE  TRUE  TRUE  TRUE  TRUE  TRUE FALSE  TRUE  TRUE FALSE FALSE
[109] FALSE FALSE FALSE  TRUE  TRUE  TRUE

