
Birth-death simulation object with 143 species and 54 extant species

Details for some species:

Extinction times (NA means extant)
[1] 37.42491 38.97030 36.21206 34.13726 39.37220 33.76809


Speciation times 
[1] 53.44310 50.50125 49.80651 42.55169 40.14652 40.53763


Species parents (NA for initial)
[1] NA  1  1  2  2  3


Species status (extinct or extant)
[1] "extinct" "extinct" "extinct" "extinct" "extinct" "extinct"


For more details on vector y, try sim$y, with y one of
TE TS PAR EXTANT



$TE
  [1] 37.42491080 38.97030045 36.21206097 34.13725507 39.37219736 33.76808697
  [7] 19.16259835 28.56584520 37.47189135 35.54056871 27.65024224 31.09127541
 [13] 15.12750314 18.62888208 20.72031057 18.87267919 20.95524310 17.98176317
 [19] 10.30188914 17.78511326 16.31069708 22.89790687 28.79865612 27.95546959
 [25] 17.37770572 31.29401117 24.98531932 22.60672187 17.76869271 19.37253636
 [31] 17.15179329 15.32505402 11.83811286          NA 10.18264700 11.60955437
 [37] 18.83210503 18.00523104  4.84199662 19.00616547 14.77980981  4.77269097
 [43]  8.84423289  0.81801382          NA          NA  9.64284653 18.58028153
 [49] 23.25856913 22.06787928 19.02424380 18.81519518  5.76994618  9.34794591
 [55]  2.64698745  5.29079318 11.47794095          NA  4.98299443  2.03157331
 [61]  7.53958068 13.13143620          NA  3.17304683  0.86394826  6.65119235
 [67]  8.30586131  1.51650817          NA  1.48599469          NA          NA
 [73]          NA  5.90350210  5.03896852          NA          NA  3.58387330
 [79]          NA  0.93483693          NA  1.88279004  4.97360682  5.07339782
 [85]  5.91289578  4.06636621          NA          NA          NA          NA
 [91]          NA          NA  1.81632780  5.90338577          NA  0.46308595
 [97]          NA  8.07458131  2.30250771          NA  1.05601427          NA
[103]          NA          NA          NA  0.97098431          NA          NA
[109]  0.28973580  2.73849476          NA          NA  0.21548606          NA
[115]          NA          NA          NA          NA          NA          NA
[121]  1.13853467          NA          NA          NA          NA          NA
[127]          NA  0.34185641          NA  1.83466893          NA  3.21976035
[133]          NA          NA          NA          NA          NA          NA
[139]          NA          NA  0.03424194  2.72192083          NA

$TS
  [1] 53.44310300 50.50124911 49.80651005 42.55168511 40.14652267 40.53763129
  [7] 38.29437784 34.94405100 39.18598670 37.30199477 34.19996792 35.59183962
 [13] 27.94926558 24.43568213 22.65832484 32.81125974 35.58804101 30.39417074
 [19] 17.84443144 17.82658777 17.77612744 22.93053122 31.11122875 28.06519934
 [25] 22.60669016 31.30571320 27.90374016 26.70474706 20.29208068 19.84104593
 [31] 19.01815147 17.17048789 14.07686222 13.37854291 11.91690676 16.49681069
 [37] 22.35882909 18.82719724 25.37621213 19.43707482 18.02146914 13.45180072
 [43] 13.25131017  6.44804229  4.80795851  3.59545266 12.11483628 19.35688530
 [49] 24.99238965 22.43054975 22.27236731 21.55506409 13.39613278 10.08606424
 [55]  7.54333004  6.04382081 13.43641849 11.12662687 10.44909228 10.31508909
 [61]  7.62521604 13.13163592 12.40155507  8.88053049  5.16932117 10.06219071
 [67]  8.30625092  7.08034417  6.76156408  6.70157943  4.69072114 12.31654869
 [73] 11.05545211  9.77693758  9.05105011  8.69431021  0.08802262  6.26429412
 [79]  9.76355427  2.75168182  0.73392455  8.56911452  7.37353611  6.00472262
 [85]  9.57351951  5.20916163  6.00738491  4.30048538  3.52599268  2.56170338
 [91]  8.55754917  7.79151466  4.00504972  7.33945202  5.64031233  4.77066752
 [97]  4.68020636  8.14828705  6.07365867  4.11530802  1.34415495  0.65705496
[103]  0.04040086  5.50571308  5.64074021  5.02524660  4.21539706  4.01317747
[109]  0.56985236  7.20282481  5.00905842  4.78983770  2.43389844  4.19857729
[115]  1.36691585  3.22604568  2.76730798  1.67380582  1.05151447  3.81719591
[121]  4.66979953  2.71515240  1.23102205  3.49601792  3.28476126  0.40328675
[127]  6.34763488  2.04479293  1.61827086  2.83126855  1.83185557  4.01117716
[133]  1.68136943  1.48643982  0.00901264  1.57822009  0.11713342  3.87562180
[139]  0.50033591  0.92961505  0.75244048  2.95670842  0.34826432

$PAR
  [1]  NA   1   1   2   2   3   3   4   6   6   6   7   7   7   7   8  10  11
 [19]  13  13  13  14  16  16  16  17  17  18  18  18  18  19  19  19  19  21
 [37]  25  25  27  29  29  33  34  34  34  34  36  37  39  39  39  39  39  39
 [55]  39  39  42  42  42  42  42  43  43  43  44  47  53  53  53  55  55  57
 [73]  58  58  58  58  58  59  60  63  63  64  64  64  66  68  69  70  70  71
 [91]  72  73  73  76  76  76  78  79  79  79  80  81  81  82  84  86  88  88
[109]  88  91  91  91  91  92  92  93  93  95  95  96  97 105 106 108 108 108
[127] 110 111 113 114 116 121 124 124 126 131 131 132 134 136 136 138 138

$EXTANT
  [1] FALSE FALSE FALSE FALSE FALSE FALSE FALSE FALSE FALSE FALSE FALSE FALSE
 [13] FALSE FALSE FALSE FALSE FALSE FALSE FALSE FALSE FALSE FALSE FALSE FALSE
 [25] FALSE FALSE FALSE FALSE FALSE FALSE FALSE FALSE FALSE  TRUE FALSE FALSE
 [37] FALSE FALSE FALSE FALSE FALSE FALSE FALSE FALSE  TRUE  TRUE FALSE FALSE
 [49] FALSE FALSE FALSE FALSE FALSE FALSE FALSE FALSE FALSE  TRUE FALSE FALSE
 [61] FALSE FALSE  TRUE FALSE FALSE FALSE FALSE FALSE  TRUE FALSE  TRUE  TRUE
 [73]  TRUE FALSE FALSE  TRUE  TRUE FALSE  TRUE FALSE  TRUE FALSE FALSE FALSE
 [85] FALSE FALSE  TRUE  TRUE  TRUE  TRUE  TRUE  TRUE FALSE FALSE  TRUE FALSE
 [97]  TRUE FALSE FALSE  TRUE FALSE  TRUE  TRUE  TRUE  TRUE FALSE  TRUE  TRUE
[109] FALSE FALSE  TRUE  TRUE FALSE  TRUE  TRUE  TRUE  TRUE  TRUE  TRUE  TRUE
[121] FALSE  TRUE  TRUE  TRUE  TRUE  TRUE  TRUE FALSE  TRUE FALSE  TRUE FALSE
[133]  TRUE  TRUE  TRUE  TRUE  TRUE  TRUE  TRUE  TRUE FALSE FALSE  TRUE

