
Birth-death simulation object with 137 species and 37 extant species

Details for some species:

Extinction times (NA means extant)
[1] 48.74185 44.13362 44.69413 40.95624 34.71697 40.85843


Speciation times 
[1] 53.44310 51.73849 50.93562 50.18195 46.14627 46.46785


Species parents (NA for initial)
[1] NA  1  2  2  2  3


Species status (extinct or extant)
[1] "extinct" "extinct" "extinct" "extinct" "extinct" "extinct"


For more details on vector y, try sim$y, with y one of
TE TS PAR EXTANT



$TE
  [1] 48.7418518 44.1336210 44.6941252 40.9562381 34.7169740 40.8584325
  [7] 36.6134229 38.6747184 41.5853492 40.8077716 42.1258702 34.3802749
 [13] 36.6424305 39.4471418 32.0922573 36.0599783 26.6049811 20.2345650
 [19] 16.5185084 35.5130674 22.1143351 22.4052888 37.0743481 38.5270049
 [25] 37.8051400 31.8282958 25.0855359 18.0623090 18.6821585  6.5978680
 [31] 19.3738860 20.2908365 10.7967943 14.8318922 18.9770437 24.7172782
 [37] 25.3002911 18.7502821         NA 29.4578815 18.2195325 27.0788000
 [43] 23.9226606 18.0558407 25.3455699 16.8690513 16.4491331         NA
 [49] 12.5685851 24.6775099 18.7270602 19.2582517         NA 26.3411899
 [55] 15.1650136 18.6055147 19.3967591 19.3002171 19.8864087 19.4012888
 [61] 16.1451120 15.2747807 12.9988704         NA  0.7669051         NA
 [67]         NA 19.3001775 24.4360893 29.1568010 21.3862336 19.4538358
 [73] 16.1334106  5.5252186 11.0545420 21.6801674         NA  0.1160309
 [79] 25.6930791 18.0181383 18.3182332 17.6926843 16.8647514  1.5318831
 [85]         NA         NA  0.5075023         NA         NA 28.4643855
 [91] 24.0820484 19.5661200         NA         NA 13.6358360         NA
 [97]  0.9905481  4.2043716         NA 18.7209543  0.5722534         NA
[103]         NA 31.7928022 18.9969221 17.9771159 19.3371225  1.6357950
[109]  3.5587816         NA         NA 14.8235016         NA  5.2458762
[115]         NA         NA         NA  1.3821547         NA  2.4724759
[121]         NA         NA         NA         NA  5.2285193  0.9203621
[127]         NA         NA         NA         NA         NA         NA
[133]         NA  3.7894323         NA         NA  0.2681280

$TS
  [1] 53.44310300 51.73848885 50.93561733 50.18194789 46.14627387 46.46784621
  [7] 43.27190950 42.84721591 41.90663802 43.97284450 42.47515360 42.02301237
 [13] 37.90856073 41.02708318 38.25282061 36.73790470 40.23732036 41.10975452
 [19] 39.93835902 38.13256201 33.31894837 30.78167614 40.08047052 39.15620220
 [25] 38.38391977 38.18264566 29.37260577 24.19123391 22.29176878 28.18637085
 [31] 26.87910093 24.01363667 18.26520538 35.61114509 26.80278449 26.73503562
 [37] 26.68544546 23.87846782 23.33357823 30.32411030 25.35914017 37.75245438
 [43] 25.89462416 21.12805122 25.54611385 20.95688821 18.80036992 14.82046222
 [49] 13.16754492 25.58722608 22.79501739 22.78621612 12.67460253 27.26219082
 [55] 17.74669758 22.01568724 19.56931974 25.25136892 22.53626619 19.73011277
 [61] 18.22198914 16.67939022 14.05910894  9.56342627  4.67665130  0.98291005
 [67]  0.26741905 19.34533988 34.30687084 32.18208790 24.64917220 20.41939854
 [73] 17.54909629  6.10312972 20.27857617 21.76173426  9.35674874  5.78465085
 [79] 26.96836217 21.40727525 20.76253994 21.54190012 17.67573756  5.60861137
 [85]  0.45542684  0.23964285  2.09471035  1.47014969  0.08898027 33.06659479
 [91] 28.42059463 27.15230202  6.00299732 15.52035168 15.50789070 12.42677485
 [97] 12.13601432  8.57736924  1.91977245 19.85973961  4.54838966  0.65254105
[103]  0.55517042 32.38436486 26.53727499 24.25936059 24.88775267  4.05981642
[109] 11.77266482  8.38701718  1.67989305 15.34273672  9.63953759  7.10188899
[115]  1.02025453  5.19648019  2.72967401  4.03323283  2.71620177  3.56817412
[121]  4.17422351  3.40181079  0.90303344  7.59188337  6.05957194  1.99740715
[127]  0.23964500  1.87393896  1.27403729  1.59615920  0.75403010  0.95633879
[133]  5.99248496  4.81216933  0.65123410  2.18781894  1.09518527

$PAR
  [1]  NA   1   2   2   2   3   4   4   4   5   5   5   5   6   7   7   8  12
 [19]  12  12  15  17  18  18  18  18  18  18  18  19  19  19  19  20  21  21
 [37]  21  21  21  22  22  26  27  29  30  30  30  30  30  31  31  32  33  34
 [55]  34  35  35  36  38  38  39  39  39  39  39  39  39  41  42  42  43  46
 [73]  46  48  51  52  53  53  54  58  58  59  61  64  64  64  65  65  66  69
 [91]  69  69  74  75  75  75  75  77  78  82  84  87  87  90  91  91  92  93
[109]  94  94  94  95  96  96  96  97  97 101 101 108 109 110 111 113 113 116
[127] 116 119 119 121 121 122 124 124 124 133 136

$EXTANT
  [1] FALSE FALSE FALSE FALSE FALSE FALSE FALSE FALSE FALSE FALSE FALSE FALSE
 [13] FALSE FALSE FALSE FALSE FALSE FALSE FALSE FALSE FALSE FALSE FALSE FALSE
 [25] FALSE FALSE FALSE FALSE FALSE FALSE FALSE FALSE FALSE FALSE FALSE FALSE
 [37] FALSE FALSE  TRUE FALSE FALSE FALSE FALSE FALSE FALSE FALSE FALSE  TRUE
 [49] FALSE FALSE FALSE FALSE  TRUE FALSE FALSE FALSE FALSE FALSE FALSE FALSE
 [61] FALSE FALSE FALSE  TRUE FALSE  TRUE  TRUE FALSE FALSE FALSE FALSE FALSE
 [73] FALSE FALSE FALSE FALSE  TRUE FALSE FALSE FALSE FALSE FALSE FALSE FALSE
 [85]  TRUE  TRUE FALSE  TRUE  TRUE FALSE FALSE FALSE  TRUE  TRUE FALSE  TRUE
 [97] FALSE FALSE  TRUE FALSE FALSE  TRUE  TRUE FALSE FALSE FALSE FALSE FALSE
[109] FALSE  TRUE  TRUE FALSE  TRUE FALSE  TRUE  TRUE  TRUE FALSE  TRUE FALSE
[121]  TRUE  TRUE  TRUE  TRUE FALSE FALSE  TRUE  TRUE  TRUE  TRUE  TRUE  TRUE
[133]  TRUE FALSE  TRUE  TRUE FALSE

