
Birth-death simulation object with 191 species and 85 extant species

Details for some species:

Extinction times (NA means extant)
[1] 43.77227 34.34156 42.34486 42.25375 16.73031 27.13913


Speciation times 
[1] 53.44310 47.46948 46.07743 42.52743 39.03201 35.10357


Species parents (NA for initial)
[1] NA  1  2  2  2  2


Species status (extinct or extant)
[1] "extinct" "extinct" "extinct" "extinct" "extinct" "extinct"


For more details on vector y, try sim$y, with y one of
TE TS PAR EXTANT



$TE
  [1] 43.7722680 34.3415601 42.3448618 42.2537539 16.7303124 27.1391273
  [7] 34.5908634 39.8646310 27.2094942 20.1420071 11.9128776 20.6875167
 [13] 36.8199779 31.2887811 21.1152086 19.3020109 18.2407355 17.1183646
 [19] 15.2227312         NA 19.4982578 11.1912393 22.1699402 18.7676072
 [25] 17.6042488 18.1084472 14.7034925 12.7859316         NA 10.8188941
 [31]  3.6958835         NA         NA 20.5572236 19.2479246 18.8169430
 [37] 18.2710063 14.8090487  6.3772042  6.6756229         NA  4.2826009
 [43]         NA         NA         NA         NA  7.1506055         NA
 [49]         NA         NA 17.1381225 17.9804605 19.3712893 11.4279223
 [55]         NA         NA  6.9151770         NA  9.9681249  0.6710809
 [61]  0.7759483         NA         NA  1.2423209         NA         NA
 [67]         NA         NA         NA 15.1961145 17.7640290 15.7362545
 [73] 18.4464819 18.2660587  9.8657689  3.5404006  0.1470623         NA
 [79]         NA  2.2206050  6.3753105         NA         NA         NA
 [85]         NA         NA         NA         NA  7.8332657         NA
 [91]  6.3883045         NA         NA 11.2687430 12.8934034 14.7780970
 [97]         NA         NA         NA  2.5922962         NA  0.7870105
[103]         NA  0.0161893         NA  3.6721926  6.7315432         NA
[109]  1.6535200         NA         NA         NA         NA         NA
[115]         NA  2.5687416         NA         NA  4.0417640         NA
[121]         NA         NA         NA 15.7288319  1.5454391  2.3051320
[127]         NA  1.1761223         NA  2.6212518  2.8078986  4.9058428
[133]  1.1572493         NA         NA  3.5007437  0.4311958         NA
[139]  4.2699942         NA         NA  3.6764905         NA  1.9539082
[145]  2.0656486         NA  0.1175145         NA         NA         NA
[151]  6.9469376         NA  6.3965169         NA  0.5243730  5.0365750
[157]         NA         NA         NA         NA  3.2711106  1.8010081
[163]  0.5469485  4.1011944  0.4514528  3.0191043  1.6725367         NA
[169]         NA  8.8337467  4.7944819  3.9716641         NA  1.5466626
[175]         NA         NA  3.0223304  0.1496463  0.2078565         NA
[181]         NA  2.8847496         NA         NA         NA         NA
[187]         NA         NA  0.4199616  0.3856044         NA

$TS
  [1] 53.44310300 47.46947748 46.07743078 42.52743053 39.03201232 35.10357231
  [7] 34.99804536 43.59730853 37.14990626 28.46184892 29.62160489 29.26958920
 [13] 42.48939918 31.94753165 31.57931193 31.49395129 26.54502784 25.62173406
 [19] 18.87085917 13.52571511 22.57883747 22.98084494 24.85493880 18.85599910
 [25] 23.38831299 22.35157700 18.48718422 13.49600328 13.41918791 12.94043237
 [31]  4.97707811  4.21481507  0.71031508 22.56200244 20.57831112 21.93655163
 [37] 20.39546912 16.39423179 13.44124769 10.73029518 10.29535281  8.51618384
 [43]  8.14303883  4.13312611  0.11140821 12.86113910 12.07906224  3.45474965
 [49]  3.21554559  1.20179537 22.36006950 20.21289402 19.65966318 15.29785947
 [55] 11.52647712  9.65532958  7.21252051 10.38960814 10.10351256  2.48401367
 [61]  2.28613051  0.67157188  0.38203331  4.18560229  1.03065942 11.96258175
 [67] 10.43693069  3.05612123  0.71399779 20.48181841 19.35627064 17.43065276
 [73] 19.86757368 19.41154491 10.73317989 10.55765365  9.39647024  4.72877487
 [79]  9.60362733  8.90747831  7.79620057  5.57227488  3.67705295  5.81226026
 [85]  5.77062833  1.95415775  5.43367130  2.80567445  8.89905710  7.39147750
 [91]  6.79878916  6.20582859  0.39137545 17.33953225 17.10612840 18.40744230
 [97]  9.73621206  4.62566308  7.43105703  5.41788633  1.86562605  6.01092572
[103]  0.64094374  6.91424866  4.22617971  3.73866201  7.67084711  7.36546597
[109]  6.94367138  6.71897360  4.04613953  3.46812829  3.45417382  2.22259887
[115]  1.01800482  3.48209830  2.31789305  0.30365948  5.28091226  2.13406054
[121]  0.26206914  1.73340617  1.59357841 16.16740261 13.58204480  9.67387667
[127]  5.02862599  2.04531243  0.55998476  3.56358077  2.96924292  6.39074733
[133]  2.36480820  5.98314160  1.03604868  4.46241757  0.52127232  7.36683765
[139]  6.91191614  3.01642385  2.56922414  4.92789606  1.15903814  3.18829641
[145]  3.06154295  0.22744270  0.32471037  1.07075347  0.06138453  0.08641334
[151] 10.16556020  7.64651662  6.74496189  5.65607325  5.58685948  7.19804072
[157]  3.81652829  5.28954704  0.80465881  4.34894208  6.67491074  6.06526979
[163]  5.46734212  4.68971276  4.19183739  4.87269522  3.76586859  0.85925317
[169]  0.01617181  9.71444844  5.70771977  5.31469490  4.08077942  3.94102183
[175]  1.85253004  0.23060471  6.12865409  1.99298475  0.65033396  3.74177924
[181]  0.63064115  4.42754887  4.01870861  3.18934845  2.09248871  4.88932215
[187]  0.15877406  1.26665275  1.00105318  0.38737384  3.46546268

$PAR
  [1]  NA   1   2   2   2   2   2   3   5   5   6   6   8   9   9   9  11  11
 [19]  11  11  12  16  17  17  18  18  18  20  20  20  20  20  20  25  25  26
 [37]  26  27  28  29  29  29  29  29  29  30  30  32  32  32  34  35  36  38
 [55]  39  39  39  40  41  41  43  43  44  46  46  47  47  49  50  51  51  51
 [73]  52  53  55  55  55  55  56  56  56  56  56  58  58  61  66  66  67  67
 [91]  67  67  68  72  72  74  76  76  77  77  77  79  79  80  80  80  81  81
[109]  81  81  82  83  83  83  83  84  85  85  87  90  90  92  92  95  95  97
[127]  97  97  97  98  98  99  99 102 102 104 105 107 109 109 109 110 111 112
[145] 112 114 115 117 120 121 125 125 125 125 125 126 126 132 134 136 138 138
[163] 138 138 138 142 142 148 148 151 152 154 155 155 158 159 161 162 163 165
[181] 165 172 172 173 174 177 178 180 180 180 186

$EXTANT
  [1] FALSE FALSE FALSE FALSE FALSE FALSE FALSE FALSE FALSE FALSE FALSE FALSE
 [13] FALSE FALSE FALSE FALSE FALSE FALSE FALSE  TRUE FALSE FALSE FALSE FALSE
 [25] FALSE FALSE FALSE FALSE  TRUE FALSE FALSE  TRUE  TRUE FALSE FALSE FALSE
 [37] FALSE FALSE FALSE FALSE  TRUE FALSE  TRUE  TRUE  TRUE  TRUE FALSE  TRUE
 [49]  TRUE  TRUE FALSE FALSE FALSE FALSE  TRUE  TRUE FALSE  TRUE FALSE FALSE
 [61] FALSE  TRUE  TRUE FALSE  TRUE  TRUE  TRUE  TRUE  TRUE FALSE FALSE FALSE
 [73] FALSE FALSE FALSE FALSE FALSE  TRUE  TRUE FALSE FALSE  TRUE  TRUE  TRUE
 [85]  TRUE  TRUE  TRUE  TRUE FALSE  TRUE FALSE  TRUE  TRUE FALSE FALSE FALSE
 [97]  TRUE  TRUE  TRUE FALSE  TRUE FALSE  TRUE FALSE  TRUE FALSE FALSE  TRUE
[109] FALSE  TRUE  TRUE  TRUE  TRUE  TRUE  TRUE FALSE  TRUE  TRUE FALSE  TRUE
[121]  TRUE  TRUE  TRUE FALSE FALSE FALSE  TRUE FALSE  TRUE FALSE FALSE FALSE
[133] FALSE  TRUE  TRUE FALSE FALSE  TRUE FALSE  TRUE  TRUE FALSE  TRUE FALSE
[145] FALSE  TRUE FALSE  TRUE  TRUE  TRUE FALSE  TRUE FALSE  TRUE FALSE FALSE
[157]  TRUE  TRUE  TRUE  TRUE FALSE FALSE FALSE FALSE FALSE FALSE FALSE  TRUE
[169]  TRUE FALSE FALSE FALSE  TRUE FALSE  TRUE  TRUE FALSE FALSE FALSE  TRUE
[181]  TRUE FALSE  TRUE  TRUE  TRUE  TRUE  TRUE  TRUE FALSE FALSE  TRUE

