
Birth-death simulation object with 396 species and 138 extant species

Details for some species:

Extinction times (NA means extant)
[1] 17.29563 43.54621 50.75279 47.42992 39.53807 42.58523


Speciation times 
[1] 53.44310 53.21768 51.21624 47.99806 47.81233 46.79538


Species parents (NA for initial)
[1] NA  1  1  1  1  1


Species status (extinct or extant)
[1] "extinct" "extinct" "extinct" "extinct" "extinct" "extinct"


For more details on vector y, try sim$y, with y one of
TE TS PAR EXTANT



$TE
  [1] 17.2956304 43.5462103 50.7527898 47.4299181 39.5380663 42.5852300
  [7] 38.8112169 18.2628847 25.0709139 14.9535778 17.9262779 47.3624091
 [13] 37.4430645 46.2031340 19.0044092 38.9813751  8.0373965 22.2517939
 [19] 21.1355578 16.6642405 19.0311624 18.4325418         NA 14.9089325
 [25] 16.2903122 23.3361401 35.5456343 32.0684965 33.1492285 27.1896044
 [31] 26.9039859 14.6495942 24.2804457 26.6944034 22.5157129  5.6044319
 [37]  1.8716111 18.7692946 18.6227373 19.8645387 18.9457091         NA
 [43] 11.1590263  7.4598820         NA  1.8022340         NA 26.5727585
 [49] 27.0239193 28.2061106 34.3878732 18.4545781 26.1919535 29.5458199
 [55] 25.3078870 23.2422202 12.3127981         NA         NA         NA
 [61] 16.4369289  6.3482919  7.1257550  3.9426040  2.0522061         NA
 [67]         NA         NA 15.1627929 20.0582477 31.7586407 29.1302320
 [73] 29.3207434 25.1987981 26.2661007 30.5748133 22.8541736 27.0338386
 [79] 35.0300152 32.9479024 29.4045050 28.0551144 26.0294796 25.3397757
 [85] 18.4380304 19.3942016 17.9848255 13.5467023  6.9187141         NA
 [91]  2.2238537         NA  2.4877743  3.1190612  3.4367035 19.4303619
 [97]         NA 10.6639298  4.6139767         NA         NA 23.7174656
[103] 20.4496122 15.7632764 22.8427020 24.1513525 24.6837373 23.5262836
[109] 30.5491381 15.9033358 26.9619905 30.2245191 26.8909771 23.8625328
[115] 26.5453646 27.9870065 23.1663900 18.8373467  5.1095257  2.1062260
[121]         NA  1.5979482         NA         NA         NA         NA
[127]  4.5849243  3.1291739         NA         NA         NA 27.6997641
[133] 16.4390710 25.1710682 21.5532108 18.7233524 23.5830000 26.7341343
[139] 26.9999394 16.5967348 18.6246287 18.5000772 25.5041357 28.5125014
[145] 19.5352263 22.1517868 10.3440623         NA         NA  1.2770610
[151]         NA         NA         NA         NA 20.8137070 20.7873999
[157] 17.9463654 21.3727372 16.2103132 18.3526977 18.7981534 17.7575809
[163] 23.7166206 21.5331922 22.0560119 19.2313505 16.8733384 18.1139546
[169] 10.6473196         NA  1.1583221         NA         NA         NA
[175]         NA         NA 21.7605584 19.5217663 17.8751210 15.2037573
[181] 17.4561894 27.0010052 26.1013112 18.2437362         NA 17.8503819
[187] 19.2469740 18.8257818 18.4619991 17.3009609  1.8230595  9.9228739
[193]         NA         NA         NA  0.7084070 17.7978807 14.6938761
[199] 11.4305139  3.8493138  6.8904110  2.0490475         NA 17.1194638
[205]         NA  9.8755654  3.6703154         NA  4.9058929  4.7290611
[211]         NA  5.8153343  8.0773721  7.4306030         NA  3.8815937
[217]         NA         NA         NA         NA         NA  3.1215300
[223]  0.7444499         NA         NA 10.9025145  9.8413391  4.1734242
[229]  3.1032769 17.0457754 17.6753952 10.9455750  6.6703489  1.5884853
[235]  5.0958868  3.2294346  6.7103568  7.3137156  5.7291250  0.8629706
[241]  2.9116234         NA         NA         NA  6.4208523         NA
[247]         NA         NA  2.1265385         NA  4.1369109  3.0981177
[253]         NA         NA         NA         NA  3.1051341  3.3800260
[259]  7.6794258         NA  6.6736462  9.5735537  3.1438803  1.5290000
[265]         NA  2.0195569         NA         NA         NA         NA
[271]         NA  4.5612462  5.1661380         NA 19.3765154 13.7551303
[277] 17.4579082 10.0456146  4.6965811  2.3213946  4.6860666         NA
[283]  0.2836455  7.4080431         NA  5.3429917  1.8355263         NA
[289]  3.2196142         NA         NA         NA  7.0174635         NA
[295]         NA  6.7032847  0.4279307  4.1526561         NA         NA
[301]         NA  2.6038636         NA         NA  0.5207666         NA
[307]         NA  1.9300242         NA         NA         NA         NA
[313]         NA  2.4891489  0.7008905         NA         NA  3.8079185
[319] 12.5569194         NA  3.7274599  5.3558582  6.9722605  3.0159712
[325]         NA  6.5011192  2.5558789  0.1229556         NA         NA
[331]  2.0431462  5.1779345  7.4486939  9.2115033         NA         NA
[337]  0.2477824         NA         NA         NA         NA         NA
[343]         NA         NA         NA         NA  7.9316774         NA
[349]         NA  2.7312278         NA         NA  2.4781732  0.6120063
[355]         NA  1.6877771         NA         NA         NA         NA
[361]         NA  9.4918550         NA         NA         NA         NA
[367]         NA         NA         NA  1.5013298  4.5164245  4.1028380
[373]         NA         NA         NA  3.9621143         NA         NA
[379]  2.1703321         NA         NA         NA  1.3468119         NA
[385]  3.6391259         NA  4.7027238  4.3382960  1.0988454  4.5609606
[391]  3.7139084         NA         NA         NA  0.5693583         NA

$TS
  [1] 53.44310300 53.21767813 51.21623674 47.99806091 47.81233234 46.79538476
  [7] 39.74953649 31.30614540 27.07916347 20.28828669 18.95435718 53.02885903
 [13] 44.07710714 46.67021283 45.47747210 45.06383820 28.60216693 23.01729079
 [19] 22.93250802 18.85210357 26.22738863 19.12301347 17.50236964 17.16598957
 [25] 16.94498497 42.94236380 39.84726197 39.38328913 38.97542435 38.70908496
 [31] 33.91839945 25.95880724 27.85990701 27.01785376 24.46544251 11.92587331
 [37]  8.74845107 24.40918711 23.07306860 20.91921779 20.02770780 16.01441406
 [43] 14.49092956 12.26616009  4.21598388  2.80272956  2.78689113 39.30131348
 [49] 38.68623064 37.75854498 38.24071437 32.14722236 27.91633045 32.24532794
 [55] 29.55414109 27.85370863 17.36778473 10.76536169  4.94952933  4.50142900
 [61] 23.16687382  9.93230969  7.73181548 12.03975281  9.86510722  8.03965485
 [67]  0.36050158  1.96648242 33.84109200 26.66636672 35.19818053 34.31410980
 [73] 31.66087655 32.62720555 32.04463428 30.81839407 30.37626646 28.46153127
 [79] 36.55055783 34.70630199 34.41520664 31.35587513 30.44094968 28.77025287
 [85] 20.00219124 27.58766574 25.51715242 14.10326946  9.69462679  7.96199014
 [91]  7.61264552  7.38204213  5.50678846  3.19941602  3.91869416 22.33576876
 [97]  7.58168347 10.80745486  6.07644027  4.37117186  5.02025229 28.65599038
[103] 26.70695402 19.00341082 25.76797433 33.06607853 29.40976353 30.05464878
[109] 31.94956008 28.96533116 27.10048981 31.38767819 30.90847430 30.11584607
[115] 28.24972148 29.49525889 25.86156662 20.67852813  7.48888502  3.60929083
[121]  0.30849973  3.09680856  5.87953792  3.09529731  2.92922771  3.03118757
[127]  7.43925693  6.60151238  3.42601804  1.45376095  0.72281309 28.34634537
[133] 23.94969183 25.41225313 30.83256316 25.24656766 24.82719873 28.56918182
[139] 31.85318191 23.65422644 21.82807408 18.58547714 30.74040419 28.79771517
[145] 28.48968650 28.24112931 24.44631777  3.64911105  0.96935493  2.11017932
[151]  2.41110011  7.19460615  3.88503241  2.43934341 20.90873039 28.80766816
[157] 28.60084989 24.53285132 20.70047075 19.80969404 23.65062129 19.41380612
[163] 30.38654871 27.27643610 22.73327554 22.93085051 23.45547035 20.41124340
[169] 12.80417336 11.80910982  3.24402639  3.02490414  2.45917011  0.32421051
[175]  0.10163885  2.23903993 27.71335599 19.94539713 17.97004917 16.61997405
[181] 19.58926210 27.01716063 26.13091730 22.73663780 20.76993767 20.32627899
[187] 23.04246609 21.20492236 21.08878060 17.60236093 17.18370723 12.66348890
[193] 11.09759872  7.79551583  2.91029569  1.78796519 18.68768212 15.25528439
[199] 14.06718425 12.52881893 12.13572684 11.83458977  0.64234542 20.28264002
[205] 15.00512773 14.13386115 10.84576903  9.99450491  9.97591839  6.06439724
[211] 10.75674717 10.71388182  9.91836393  9.70648046  8.78660119  5.61482448
[217]  5.38680573  5.09477540  2.06592721  1.26099375 11.98554165  9.58144193
[223] 11.27221811  9.59531278  8.23882200 11.68447596 10.95515153  9.62707839
[229]  5.88625789 19.63392044 18.78654385 17.57980499 13.61712233 12.70430961
[235] 11.93638685  8.62712441 13.56773987 11.32889450  7.71139257  3.04437545
[241] 10.56537223  2.48645415  0.19118305  7.72768409  6.56907852  2.97723665
[247]  5.30803104  3.90003828  4.79217384  3.87141513  4.82965236  3.98146456
[253]  0.28758562  1.46695609  0.90709250  0.27511422 10.93798688 10.70266142
[259] 10.52220634  3.83820263 10.47190972 10.08428393  7.52940959  5.42591710
[265]  3.32080388  3.00661721  5.10592362  2.35284948  5.65931641  4.72797560
[271]  2.87456035 10.25141312  9.98144147  6.25807617 19.59531600 18.51701085
[277] 17.68604216 10.39290934  8.31463205 11.20436380 10.53954783  4.81550998
[283]  3.65858968 12.48732591  6.99594764 10.57095047  2.69185867  2.26739304
[289]  3.86417766  2.05084214  0.09017135  0.48242722  7.40803443  4.45503124
[295]  3.78317129  7.10844642  4.85516064  4.79051466  3.78631002  1.48391605
[301]  1.34109085  4.64575087  2.09561579  0.65396326  2.68929080  4.11900297
[307]  3.07285971  2.95610749  1.91890626  3.52924011  3.48325790  2.67238519
[313]  0.47482125  3.19635595  0.94804428  5.99375177  6.99860038  5.33810360
[319] 15.36457131 15.10721876  5.84537115 10.21916770  7.85059858  5.41073575
[325]  4.44177285  9.65552218  5.84072818  4.68747421  0.59330203  1.57513154
[331] 11.11025324  7.57666046  7.56305638 10.47956575  2.23475485  2.13284726
[337]  2.07434606  1.16990562  0.06101390  2.30025282  0.26239187  2.85229395
[343]  1.66598705  1.72473302  0.07141306  1.34694887 13.11915459 11.41579401
[349]  8.98164359  8.66163790  6.17554075  4.75776754  8.14772696  5.60037174
[355]  3.94105262  2.22829990  1.28517750  8.38776942  7.02367792  6.42998978
[361]  4.14532276 10.37957093  1.37297317  0.83588156  1.54742415  1.35975217
[367]  0.34285175  0.20668927  0.27941620 10.68927519  8.51115482  7.60240866
[373]  1.68793291  0.76645771  0.50819041  5.62341331  2.27793339  2.39663690
[379]  7.52509626  5.20919654  3.15205830  6.08793582  1.94226824  0.13962853
[385]  3.85150531  2.90369258 10.50553708  4.75588458  1.70071957  5.48890404
[391]  4.64494686  3.29326409  6.19977916  1.47710921  1.38518395  1.26789138

$PAR
  [1]  NA   1   1   1   1   1   1   1   1   1   1   2   2   5   5   5   8   8
 [19]   8   8   9  10  10  10  10  13  13  13  13  15  15  15  17  17  17  17
 [37]  17  21  21  21  21  23  23  23  23  23  23  27  29  29  30  30  30  31
 [55]  31  31  32  36  37  37  38  42  42  43  44  44  45  47  48  48  49  49
 [73]  49  50  50  50  50  50  51  51  51  52  52  52  52  55  55  57  58  58
 [91]  58  58  58  59  60  61  62  64  64  64  65  69  69  69  70  72  73  74
[109]  75  77  78  81  82  82  82  83  84  87  90  90  90  91  92  92  92  93
[127]  97  97  97  97  97 102 102 105 106 107 107 108 109 110 110 110 113 114
[145] 116 116 117 123 123 125 126 127 128 129 133 135 135 135 136 136 137 141
[163] 143 143 145 146 147 147 147 147 148 148 148 149 151 153 156 157 157 159
[181] 160 163 164 166 166 166 167 167 167 167 167 169 169 170 170 171 185 185
[199] 185 185 185 185 185 189 191 191 191 191 191 191 193 193 193 193 193 194
[217] 194 194 195 195 200 200 201 201 201 202 202 202 202 204 204 204 205 205
[235] 205 205 206 206 207 208 211 211 211 215 215 215 216 216 217 217 218 218
[253] 218 219 219 220 221 221 221 221 223 223 223 223 223 223 224 224 225 225
[271] 225 227 227 228 230 230 231 233 233 234 234 234 236 237 237 238 240 242
[289] 244 246 253 255 257 257 257 258 258 258 260 260 260 263 264 265 266 267
[307] 267 267 268 269 269 269 269 270 270 272 273 274 276 276 279 280 280 280
[325] 280 281 281 281 282 283 284 284 284 286 287 294 294 294 295 299 300 302
[343] 303 305 309 316 320 320 320 320 320 321 322 322 327 328 328 331 331 331
[361] 331 334 337 337 340 340 340 343 344 347 347 349 349 349 349 351 351 352
[379] 353 358 358 359 359 359 360 361 370 370 378 379 379 382 387 389 389 393

$EXTANT
  [1] FALSE FALSE FALSE FALSE FALSE FALSE FALSE FALSE FALSE FALSE FALSE FALSE
 [13] FALSE FALSE FALSE FALSE FALSE FALSE FALSE FALSE FALSE FALSE  TRUE FALSE
 [25] FALSE FALSE FALSE FALSE FALSE FALSE FALSE FALSE FALSE FALSE FALSE FALSE
 [37] FALSE FALSE FALSE FALSE FALSE  TRUE FALSE FALSE  TRUE FALSE  TRUE FALSE
 [49] FALSE FALSE FALSE FALSE FALSE FALSE FALSE FALSE FALSE  TRUE  TRUE  TRUE
 [61] FALSE FALSE FALSE FALSE FALSE  TRUE  TRUE  TRUE FALSE FALSE FALSE FALSE
 [73] FALSE FALSE FALSE FALSE FALSE FALSE FALSE FALSE FALSE FALSE FALSE FALSE
 [85] FALSE FALSE FALSE FALSE FALSE  TRUE FALSE  TRUE FALSE FALSE FALSE FALSE
 [97]  TRUE FALSE FALSE  TRUE  TRUE FALSE FALSE FALSE FALSE FALSE FALSE FALSE
[109] FALSE FALSE FALSE FALSE FALSE FALSE FALSE FALSE FALSE FALSE FALSE FALSE
[121]  TRUE FALSE  TRUE  TRUE  TRUE  TRUE FALSE FALSE  TRUE  TRUE  TRUE FALSE
[133] FALSE FALSE FALSE FALSE FALSE FALSE FALSE FALSE FALSE FALSE FALSE FALSE
[145] FALSE FALSE FALSE  TRUE  TRUE FALSE  TRUE  TRUE  TRUE  TRUE FALSE FALSE
[157] FALSE FALSE FALSE FALSE FALSE FALSE FALSE FALSE FALSE FALSE FALSE FALSE
[169] FALSE  TRUE FALSE  TRUE  TRUE  TRUE  TRUE  TRUE FALSE FALSE FALSE FALSE
[181] FALSE FALSE FALSE FALSE  TRUE FALSE FALSE FALSE FALSE FALSE FALSE FALSE
[193]  TRUE  TRUE  TRUE FALSE FALSE FALSE FALSE FALSE FALSE FALSE  TRUE FALSE
[205]  TRUE FALSE FALSE  TRUE FALSE FALSE  TRUE FALSE FALSE FALSE  TRUE FALSE
[217]  TRUE  TRUE  TRUE  TRUE  TRUE FALSE FALSE  TRUE  TRUE FALSE FALSE FALSE
[229] FALSE FALSE FALSE FALSE FALSE FALSE FALSE FALSE FALSE FALSE FALSE FALSE
[241] FALSE  TRUE  TRUE  TRUE FALSE  TRUE  TRUE  TRUE FALSE  TRUE FALSE FALSE
[253]  TRUE  TRUE  TRUE  TRUE FALSE FALSE FALSE  TRUE FALSE FALSE FALSE FALSE
[265]  TRUE FALSE  TRUE  TRUE  TRUE  TRUE  TRUE FALSE FALSE  TRUE FALSE FALSE
[277] FALSE FALSE FALSE FALSE FALSE  TRUE FALSE FALSE  TRUE FALSE FALSE  TRUE
[289] FALSE  TRUE  TRUE  TRUE FALSE  TRUE  TRUE FALSE FALSE FALSE  TRUE  TRUE
[301]  TRUE FALSE  TRUE  TRUE FALSE  TRUE  TRUE FALSE  TRUE  TRUE  TRUE  TRUE
[313]  TRUE FALSE FALSE  TRUE  TRUE FALSE FALSE  TRUE FALSE FALSE FALSE FALSE
[325]  TRUE FALSE FALSE FALSE  TRUE  TRUE FALSE FALSE FALSE FALSE  TRUE  TRUE
[337] FALSE  TRUE  TRUE  TRUE  TRUE  TRUE  TRUE  TRUE  TRUE  TRUE FALSE  TRUE
[349]  TRUE FALSE  TRUE  TRUE FALSE FALSE  TRUE FALSE  TRUE  TRUE  TRUE  TRUE
[361]  TRUE FALSE  TRUE  TRUE  TRUE  TRUE  TRUE  TRUE  TRUE FALSE FALSE FALSE
[373]  TRUE  TRUE  TRUE FALSE  TRUE  TRUE FALSE  TRUE  TRUE  TRUE FALSE  TRUE
[385] FALSE  TRUE FALSE FALSE FALSE FALSE FALSE  TRUE  TRUE  TRUE FALSE  TRUE

