
Birth-death simulation object with 267 species and 97 extant species

Details for some species:

Extinction times (NA means extant)
[1] 38.69405 36.28676 21.38708 36.38073 33.66802 25.18532


Speciation times 
[1] 53.44310 45.29822 43.28113 44.84691 39.44271 37.67895


Species parents (NA for initial)
[1] NA  1  1  2  2  2


Species status (extinct or extant)
[1] "extinct" "extinct" "extinct" "extinct" "extinct" "extinct"


For more details on vector y, try sim$y, with y one of
TE TS PAR EXTANT



$TE
  [1] 38.6940518 36.2867617 21.3870843 36.3807342 33.6680183 25.1853160
  [7] 24.6671695 29.7082550 27.1428444 16.4205127 22.3032446 19.4161649
 [13] 35.8597607 35.3439522 19.1905575 32.7790701  1.0854989 19.2122551
 [19] 28.5862961 26.8320387 25.4548603 28.9476027 16.8513977 19.4229870
 [25] 22.1204893 21.4730300 19.1881717         NA 24.1098509 22.1329474
 [31] 23.9794356  5.7705602 18.1116925 22.4297165 26.7994396 18.7367147
 [37]         NA  7.4060398  9.9481545  3.9233914         NA         NA
 [43] 15.2097872 23.7397491 19.1289706 18.0537707 16.3662089 18.8776226
 [49] 17.1015212 17.5528230 30.1698325 35.5611383  5.1785307  3.4386942
 [55]  2.9623105  4.2510658  3.1771703         NA  2.2038800 19.4849973
 [61] 19.3277569 21.6342619 20.8722655 17.4351727 21.9396564 16.2958138
 [67] 12.1661149  2.5723665 25.2273541 26.8926201 19.7497470         NA
 [73]         NA  5.6744558         NA 17.0261712 15.7947929 16.3407445
 [79] 17.4533568 19.3442423 35.0597850 19.4094936  9.9788419  9.5198015
 [85]  2.2307333         NA         NA  1.4153880  4.0319255         NA
 [91]  0.4570284 27.0904661 18.7041349 16.8353994 19.5691252  9.9940903
 [97] 19.2281227         NA  7.5140658 23.9230274  7.1675166 17.9023442
[103] 16.5658104 19.0995766         NA  4.0287452         NA  2.7742620
[109]         NA         NA         NA         NA         NA 19.2135573
[115] 18.6586436 18.5022610 18.8090190 19.0724759 18.5157259  0.5257846
[121]         NA 11.9622675 18.4240255 19.2550892 14.1124505 19.2555196
[127] 19.5140639         NA  1.3337643         NA         NA         NA
[133]         NA         NA         NA         NA         NA         NA
[139]         NA 16.7692053 17.2445626 19.5307366 20.0440137 18.6291434
[145] 12.3962796         NA         NA  8.8640505  9.9308425  7.6894994
[151]  3.5571149  2.3317170 10.8844592 18.0495138         NA  0.7047547
[157]         NA         NA 14.8832405 17.9933450 18.7818664  5.0756163
[163]  3.7884813         NA  3.2909858  1.4994925  9.7869376  0.8988847
[169]  6.9210302 11.8153505         NA  1.5975735         NA  2.4121636
[175]         NA 16.3243880 17.0806183         NA         NA         NA
[181] 11.0649795  3.3638523  7.9888399  1.6677249         NA         NA
[187]         NA  4.3195358  2.8370658         NA  3.5919419         NA
[193]  8.0654418         NA         NA         NA         NA  9.2459765
[199]  5.7876804  7.7312579         NA         NA         NA  7.0373731
[205] 10.0941990  5.0530758  1.8851151         NA         NA         NA
[211]         NA         NA         NA         NA         NA  1.9722689
[217]         NA         NA  6.0264488         NA         NA  1.7425860
[223]         NA         NA  1.8408005         NA  9.9810543  0.9849174
[229]  2.4582830  5.2517884  3.8884194         NA         NA  0.5499250
[235]  3.4819980  6.7428199         NA         NA         NA         NA
[241]         NA         NA         NA  2.7620686         NA         NA
[247]         NA         NA         NA  4.3406748  3.3388310         NA
[253]         NA         NA         NA  0.4914414         NA  0.8290805
[259]  3.0188053         NA         NA         NA         NA         NA
[265]         NA         NA         NA

$TS
  [1] 53.4431030 45.2982166 43.2811268 44.8469094 39.4427114 37.6789494
  [7] 36.2946090 31.4646347 28.4144496 26.7971559 24.3509321 23.9460467
 [13] 39.7975414 39.2906130 34.6472076 33.4936598 33.1988786 26.0772792
 [19] 30.8789721 29.7127735 29.1143687 30.5669163 21.1904453 23.2115435
 [25] 22.2575788 21.4781321 20.0715844 38.3227668 34.1706284 29.0154773
 [31] 24.5422867 20.7553863 27.8770260 27.7799010 27.2443900 20.6658753
 [37] 11.2467653 10.1738172 10.1167256  5.8305070  4.7135789  1.6793274
 [43] 20.9921985 27.3655888 20.4290498 19.2009497 22.9004620 21.8727648
 [49] 20.3742423 19.5387542 36.2423363 35.6860790 13.3930373 11.6318667
 [55] 11.4406304 10.9240303 10.8323120  8.8173528  4.0122155 33.1709028
 [61] 29.2549918 29.1550648 24.2412910 23.4536606 22.8605845 17.0563783
 [67] 13.5961485  7.5341143 27.1575995 27.0286338 24.0087564  9.7534013
 [73]  9.7151109  8.4371927  4.5727176 17.5758932 16.0746081 24.8668948
 [79] 19.3680717 20.1370807 35.5060955 30.7124578 11.2140099 10.1100580
 [85]  7.2815933  6.2394480 10.2494679  7.8961093  9.6945082  6.4513485
 [91]  2.1920593 29.5073971 27.9767701 23.8946193 21.6510079 12.3336139
 [97] 26.4434261  2.1238486  7.5393743 24.6063363 19.8994766 28.5252458
[103] 23.5976265 21.6462004 10.4354432  9.6079081  7.0312731  3.3416727
[109]  5.2239876  4.4958558  6.5388131  5.6519656  0.5154461 25.8337074
[115] 22.4822441 21.7854023 19.8347396 26.0052030 19.6432780 14.8909717
[121] 14.6113780 12.4721320 27.6501752 22.1719819 21.9205530 21.0447438
[127] 19.7860842  6.2104149  6.0437751  1.1864262  6.4785596  3.6255861
[133]  3.3664758  1.7160389  0.9576832  0.4103382  3.3830851  2.3831424
[139]  1.1093795 21.9346475 20.4362782 24.7946787 23.5517147 22.4606994
[145] 13.9766595 13.5208535 12.3950473 10.6125722 10.3600042 10.2987431
[151] 13.3058317 11.1735959 12.2491105 19.3076372  3.8601206  2.2909659
[157]  0.6763880  1.3612608 20.4418194 18.5343080 20.7857094 13.4558389
[163] 12.6540773  3.6429213  6.1600042  1.9718787 10.2811448 10.2507953
[169]  9.0474830 12.9326548 11.3741206  9.2450287  5.0747834  6.9267751
[175] 12.1233148 18.4225980 18.3766441  0.1367855  0.6216907  5.9691499
[181] 11.6749776 11.6105803  8.5583775  6.3791388  4.5416201  2.1105980
[187]  4.3686747 10.2069597  8.2472584  2.9801433  7.6749542  7.0934688
[193]  9.9452155  1.9437234  5.0133994  2.7636434  5.9243270  9.9998375
[199]  9.7059232  9.5636675  6.1030028  2.9819372  1.9408810 10.8404743
[205] 10.2602317  9.5878254  4.0703894  3.7698170  2.3796346  0.7670783
[211]  0.0012359  1.3807040  9.0548226  5.6979381  4.4311501  6.3632244
[217]  3.2709002  0.5494827  7.3672454  6.3581786  4.9689697  3.1195567
[223]  2.8592977  2.2759205  5.6594449  1.6636797  9.9857346  8.3977390
[229]  8.0941882  6.0178270  4.1882684  1.2390845  0.1141590  0.9484241
[235] 10.4918642  8.5732026  1.0026861  0.6830139  4.0815624  4.0014077
[241]  0.3249970  2.6561420  0.6374812  4.2384370  0.4614778  2.8645337
[247]  0.3026996  0.9811089  5.5460386  4.3851936  3.8803872  5.8939978
[253]  0.5274150  3.0853633  1.6942337  3.8287109  5.0914451  2.4608628
[259]  3.5432519  3.6207702  0.1399444  2.7194518  1.0100240  0.8539106
[265]  0.4732846  1.2220688  0.6241371

$PAR
  [1]  NA   1   1   2   2   2   2   3   3   3   3   3   4   5   5   6   6   6
 [19]   7   7   7   8  10  11  12  12  12  14  15  15  15  15  17  17  17  17
 [37]  17  17  17  17  17  17  18  20  23  23  24  24  24  24  28  28  28  28
 [55]  28  28  28  28  28  29  29  29  30  30  30  32  32  32  33  33  34  37
 [73]  37  37  41  43  43  44  47  48  51  51  54  55  55  55  56  56  57  57
 [91]  58  60  61  62  63  67  69  72  74  78  80  82  82  82  83  84  85  85
[109]  86  87  88  90  91  93  93  93  95  97 101 101 101 101 102 103 103 104
[127] 104 105 105 105 106 109 109 110 110 110 111 111 112 114 115 118 118 118
[145] 120 120 120 120 120 120 121 121 122 126 128 128 133 134 140 141 143 145
[163] 146 146 147 147 148 149 150 151 151 151 151 152 153 154 154 155 158 162
[181] 163 163 163 163 163 164 165 167 168 168 169 169 171 171 172 172 174 175
[199] 175 175 175 175 180 182 182 182 185 185 185 185 185 187 188 188 188 189
[217] 189 190 191 191 191 192 195 195 197 197 198 199 199 201 201 201 201 202
[235] 204 206 212 212 213 213 214 215 215 216 217 220 221 224 225 225 229 230
[253] 238 240 240 244 249 249 251 252 253 254 254 254 257 260 262

$EXTANT
  [1] FALSE FALSE FALSE FALSE FALSE FALSE FALSE FALSE FALSE FALSE FALSE FALSE
 [13] FALSE FALSE FALSE FALSE FALSE FALSE FALSE FALSE FALSE FALSE FALSE FALSE
 [25] FALSE FALSE FALSE  TRUE FALSE FALSE FALSE FALSE FALSE FALSE FALSE FALSE
 [37]  TRUE FALSE FALSE FALSE  TRUE  TRUE FALSE FALSE FALSE FALSE FALSE FALSE
 [49] FALSE FALSE FALSE FALSE FALSE FALSE FALSE FALSE FALSE  TRUE FALSE FALSE
 [61] FALSE FALSE FALSE FALSE FALSE FALSE FALSE FALSE FALSE FALSE FALSE  TRUE
 [73]  TRUE FALSE  TRUE FALSE FALSE FALSE FALSE FALSE FALSE FALSE FALSE FALSE
 [85] FALSE  TRUE  TRUE FALSE FALSE  TRUE FALSE FALSE FALSE FALSE FALSE FALSE
 [97] FALSE  TRUE FALSE FALSE FALSE FALSE FALSE FALSE  TRUE FALSE  TRUE FALSE
[109]  TRUE  TRUE  TRUE  TRUE  TRUE FALSE FALSE FALSE FALSE FALSE FALSE FALSE
[121]  TRUE FALSE FALSE FALSE FALSE FALSE FALSE  TRUE FALSE  TRUE  TRUE  TRUE
[133]  TRUE  TRUE  TRUE  TRUE  TRUE  TRUE  TRUE FALSE FALSE FALSE FALSE FALSE
[145] FALSE  TRUE  TRUE FALSE FALSE FALSE FALSE FALSE FALSE FALSE  TRUE FALSE
[157]  TRUE  TRUE FALSE FALSE FALSE FALSE FALSE  TRUE FALSE FALSE FALSE FALSE
[169] FALSE FALSE  TRUE FALSE  TRUE FALSE  TRUE FALSE FALSE  TRUE  TRUE  TRUE
[181] FALSE FALSE FALSE FALSE  TRUE  TRUE  TRUE FALSE FALSE  TRUE FALSE  TRUE
[193] FALSE  TRUE  TRUE  TRUE  TRUE FALSE FALSE FALSE  TRUE  TRUE  TRUE FALSE
[205] FALSE FALSE FALSE  TRUE  TRUE  TRUE  TRUE  TRUE  TRUE  TRUE  TRUE FALSE
[217]  TRUE  TRUE FALSE  TRUE  TRUE FALSE  TRUE  TRUE FALSE  TRUE FALSE FALSE
[229] FALSE FALSE FALSE  TRUE  TRUE FALSE FALSE FALSE  TRUE  TRUE  TRUE  TRUE
[241]  TRUE  TRUE  TRUE FALSE  TRUE  TRUE  TRUE  TRUE  TRUE FALSE FALSE  TRUE
[253]  TRUE  TRUE  TRUE FALSE  TRUE FALSE FALSE  TRUE  TRUE  TRUE  TRUE  TRUE
[265]  TRUE  TRUE  TRUE

