
Birth-death simulation object with 394 species and 166 extant species

Details for some species:

Extinction times (NA means extant)
[1] 45.04980 49.77395 35.65030 41.50227 44.00223 40.82494


Speciation times 
[1] 53.44310 50.41390 50.39514 45.61529 44.86803 43.62806


Species parents (NA for initial)
[1] NA  1  1  1  3  3


Species status (extinct or extant)
[1] "extinct" "extinct" "extinct" "extinct" "extinct" "extinct"


For more details on vector y, try sim$y, with y one of
TE TS PAR EXTANT



$TE
  [1] 45.04979607 49.77395189 35.65029531 41.50226556 44.00222977 40.82493803
  [7] 35.52510255 33.35553290 28.85847409 16.19725872 28.07367908 18.35855792
 [13] 22.88882444 28.93464166 16.73943261 29.94597040 23.35280929 29.44222789
 [19] 20.07152092 33.68770007 31.30204870 28.21402638 28.14280228 23.18527718
 [25] 19.56236260 26.17756157 20.86413200 18.29990422 21.51587038 17.61045183
 [31] 21.35357558 26.90922666 24.72277382 19.05549917 19.43754687 25.94235395
 [37] 24.92889200 23.24718214 19.15252735 16.03947650 25.12525662 17.69120470
 [43] 18.44320586 18.02675593 18.21293768 30.53156086 23.84134646 19.54754643
 [49] 15.13406143 19.59198890 20.97452715 27.58155081 17.93304071 18.94156462
 [55] 18.80077120 18.03083866 17.45961728 17.35497683 13.27336454 18.13343677
 [61] 18.61629505 13.10718264 16.47508474  6.76043165 18.75649050 16.22185658
 [67] 17.48112879 19.55532584          NA  6.50477757 14.46199537 14.98761879
 [73] 17.63763982  8.68513238  8.70129762 24.90871126 19.56019023 14.39223453
 [79] 11.71824085  0.13660922 17.92379359 17.79441884 16.67479633 16.43840842
 [85]  3.57960382  3.17000010          NA  9.37998380  6.18299303  2.78995149
 [91]  5.88153331          NA 10.05406294 14.77179445 16.97467765  7.99144552
 [97]          NA  6.52878374  6.89863024 11.54318453  7.73410853  3.06044335
[103]  5.83556293          NA 11.52096512          NA          NA          NA
[109] 16.31310314  9.79263517  5.04831564  0.05868889          NA  1.87044789
[115]          NA          NA  9.15215063          NA  6.94876354          NA
[121]  0.25887756 11.07746956  6.53733808  7.43288636  2.86265989          NA
[127]          NA 10.73490353  3.90881449  2.11970189 11.94070686 10.84996804
[133]          NA          NA 15.59730911  8.74007668 11.38837226  1.93075339
[139]  7.93330325          NA          NA  1.97273137          NA  0.42864709
[145]          NA 15.08486041 16.51368682          NA  6.08289993  8.60328866
[151]  4.36493811  5.57632642  4.62968162          NA          NA  2.85636806
[157]          NA          NA          NA          NA          NA          NA
[163]          NA          NA  9.72933405          NA  1.48626145  2.37796502
[169]  4.44065079  6.77779540  6.58728629          NA          NA          NA
[175]  2.41965765  8.19879652          NA          NA  3.21294903  3.03947723
[181]          NA  4.35397425  9.20341910 13.13691712 10.85639074  3.77692175
[187]          NA  4.65372650          NA          NA 13.32582586  7.46352323
[193]  1.89935808          NA          NA          NA  5.30306590          NA
[199]          NA          NA          NA          NA  9.90441718          NA
[205]          NA          NA  4.50498828  4.85729617          NA          NA
[211]          NA          NA          NA  0.28723789          NA          NA
[217]          NA  4.85630272  9.67782028  1.84540901          NA  1.98064795
[223]          NA  0.26939927  0.62021376          NA  7.43660503          NA
[229]          NA  0.13571619  7.50836806  5.45544959          NA  1.44547925
[235]          NA  1.35387818          NA          NA 14.77262089          NA
[241]          NA  3.72297672          NA 10.06430454  9.83426200  8.10791991
[247]  5.61357169  7.74618618  9.88745950  3.20006079          NA  4.93769843
[253]          NA  0.80143660          NA          NA  1.77650848          NA
[259]  0.95882442  1.35609637          NA          NA  4.45017578          NA
[265]          NA          NA          NA          NA          NA          NA
[271]          NA          NA          NA          NA  2.87769466          NA
[277]          NA  0.83258013  3.62768747          NA  1.96773464  2.37888943
[283]          NA          NA          NA          NA          NA          NA
[289]          NA          NA  7.10251991          NA          NA  4.75143374
[295]          NA  8.74250496  5.29121855          NA  2.89323554          NA
[301]          NA          NA          NA          NA  4.30050497          NA
[307]          NA          NA          NA          NA          NA  3.11704836
[313]          NA  9.88739702  5.94326772          NA          NA  3.87560787
[319]          NA          NA          NA          NA          NA          NA
[325]          NA          NA          NA  0.03323936  3.48334485  1.01969894
[331]          NA  2.07811366  3.17467066  3.78625084          NA  4.21871577
[337]  1.25083123          NA          NA  4.77205257          NA  1.06553268
[343]  0.04371969  2.64523900          NA  1.30008460  6.35838048          NA
[349]          NA  4.25118233  7.81062187  4.79883578  1.89777275  0.12136442
[355]          NA          NA          NA          NA          NA  3.79145659
[361]          NA  4.34517683  3.91515419          NA          NA          NA
[367]          NA  2.93184213  2.22609540          NA          NA          NA
[373]          NA  3.41785387          NA          NA          NA          NA
[379]  2.68238687          NA          NA  0.33615558          NA          NA
[385]          NA          NA  2.09903699          NA  2.63593185          NA
[391]          NA          NA          NA  1.25550114

$TS
  [1] 53.443103002 50.413895280 50.395140785 45.615286840 44.868028457
  [6] 43.628059277 36.404771466 36.360318688 35.962877684 36.326749859
 [11] 34.337577117 34.215229500 32.166608184 29.998892699 18.686223266
 [16] 30.923342084 30.908336197 30.869055233 28.464240590 33.785627409
 [21] 33.762758799 33.227913829 32.400220463 31.135782701 28.906889513
 [26] 27.874113514 25.706106940 23.471148433 23.300123377 26.097366649
 [31] 30.882303720 29.960720210 26.862415834 25.777247906 21.508262099
 [36] 32.686574378 28.394524422 26.467992726 21.562787288 20.350038971
 [41] 25.493148914 22.897102150 21.749517334 19.515933858 19.162383700
 [46] 30.567949777 25.540267906 24.072537579 22.204840408 21.459858473
 [51] 29.771120690 29.682878441 25.190246925 19.177414957 22.445784816
 [56] 21.277581016 20.607115348 18.895084761 18.214382689 18.766117179
 [61] 18.735635081 19.723447066 26.297997263 25.618625136 22.257112218
 [66] 21.721290467 21.356418526 21.641814243 18.200446563 13.965726882
 [71] 16.415119967 16.020636441 23.392943467 22.305442794 16.777888060
 [76] 25.027268177 21.927942679 18.156640433 15.180007048 11.048693154
 [81] 21.365138952 20.876099838 19.406128072 19.348185321  6.949843340
 [86]  3.728789962  2.419079433 13.825604104 12.878531093 11.499443430
 [91] 10.225677248 15.940449335 15.100354302 17.981687219 18.521405858
 [96] 13.322435891 12.790573149 11.176816273  9.635257144 14.237557631
[101]  9.891255508  8.747204095 20.372275041 14.933122768 12.266513339
[106]  2.227964397  1.333079423 17.966822386 16.940976687 12.241444904
[111] 10.921983401 10.618153780 10.536814051 10.272912490  9.942457915
[116]  8.189882990  9.951941905  3.189782066  8.850993219 13.130845785
[121] 13.092315703 12.155051120 11.311638692 10.929445133 10.350620133
[126]  9.607418038 11.417758487 11.424349931 11.328110581  3.094272281
[131] 14.194610186 13.387939104  8.689095463  4.112735746 19.862781211
[136] 14.692101652 14.403669169 13.834538162 11.164113651 13.768164944
[141] 11.114194563  6.547687227  5.568080617  0.972776238  0.758537980
[146] 15.569773495 16.820333532 16.527292497 11.019311314 10.131782004
[151]  5.825364559 10.037255389  8.213712451  4.297152003  4.516828254
[156]  4.003439054  3.952896869  2.171997821  5.904050819  6.470596102
[161]  3.410097463  3.273316377  1.088229732  0.089320940 12.238714869
[166] 12.099217668 11.030313016  3.249230588 10.900633222  8.519004437
[171]  8.754564208 10.349635399  6.582476757  3.930699560 10.978379006
[176] 10.384342028  9.218281036  8.252198510 12.781505104  5.144957340
[181]  0.826565266 17.138141600 14.101124328 13.438947216 11.600885751
[186] 10.751854850 13.926911795 13.238018069  9.863793556  6.772213645
[191] 13.500708474  9.992891656  8.620727995  1.857096437  1.589400645
[196]  1.012318227 10.385664485  1.096321124  5.264314910  3.936333080
[201]  1.974381907  0.541977014 13.374615806  5.390127460  1.871723062
[206]  1.800387279  6.641058082  5.881023226  1.904548283  2.190970813
[211]  0.488004865  2.097617039  1.328919757  0.537537331  0.449262918
[216]  0.133500729  3.048046726 12.235689042 11.898949200 10.052037215
[221]  9.981861881  7.802553700  1.354047537  8.163544465  6.629476768
[226]  7.840975085  9.707190418  9.596689418  6.425736394  1.565052942
[231]  7.766246144  6.423302663  2.709356773  1.789533897 11.100804236
[236]  7.837508685  4.918158479  3.599918094 15.528716745  7.963078134
[241]  7.251498966  5.130976368 11.814718659 11.174020357 13.566151421
[246] 12.777863568 11.487872446 10.556748672 10.521124238  3.920669319
[251] 10.766145214  6.248922306  4.276648367  2.360353559  0.759836533
[256]  1.297186338  5.421548176  0.198796351 12.615332126 12.584186304
[261] 12.047125218  0.103746725 10.993983368  7.207076962  5.933691541
[266]  5.427288434  5.063444430  4.748772790  0.720040565  3.469245566
[271]  3.875716376  6.213199506  3.682350333  6.418025430  5.246477380
[276]  2.386967560  1.043549380  0.897839534  6.523262507  5.460076657
[281]  4.840255180  2.720937468  1.224946426  2.502273131  3.351905812
[286]  3.098252483  0.557383405  2.999028136  1.965090880  4.912685030
[291]  7.569878268  1.353968058 12.607543688  9.996477263 12.306493899
[296]  8.966509139  6.119678415  9.957817552  7.910942190  9.994435438
[301]  3.271235363  0.973099428  0.328667899  0.799358394  4.963132089
[306]  3.425743195  2.184645275  3.235499748  2.292398145 10.926884265
[311]  9.345762955  7.285570753  0.168438580 10.772644041  8.693177534
[316]  8.543234132  7.200768070  6.535584184  4.407825959  2.082714310
[321]  0.158764337  2.362714029  1.991837728  3.179852756  1.428508756
[326]  2.483615790  6.120019427  4.580254088  4.798005489  4.762052758
[331]  2.418402940  3.322981904  8.541424390  4.433771020  0.001641248
[336]  6.161707136  7.614900684  6.916432590  1.140089926  9.639222538
[341]  4.432858670  9.980408251  2.963925072  3.107674268  4.905703950
[346]  1.835256810  8.536731284  5.069694441  0.527975185  6.735598479
[351]  8.126000240  4.958545058  4.072259381  1.021212489  0.673102029
[356]  5.067746645  0.095432307  4.520021742  0.287446058  4.526782565
[361]  7.486981524  4.507759364  5.404789043  5.012576788  4.323032129
[366]  3.700165025  6.231864186  4.124887738  3.107503075  2.606503369
[371]  1.339532355  2.464757910  4.843988943  3.661875397  0.345327511
[376]  0.533701024  3.125976251  3.495945964  4.982421399  3.735054117
[381]  3.073939301  1.603478594  1.468455048  0.330077810  2.449540149
[386]  0.517675756  3.417008659  2.608868901  3.210318241  0.264001536
[391]  1.882295595  0.744377414  1.250868256  3.583092386

$PAR
  [1]  NA   1   1   1   3   3   3   3   7   8   8  10  10  10  10  11  11  11
 [19]  11  12  12  12  12  12  12  12  12  12  12  13  17  17  19  19  19  21
 [37]  23  25  25  28  30  30  30  30  30  31  31  34  34  34  36  36  37  40
 [55]  42  43  43  43  45  49  49  50  51  51  53  53  53  55  59  59  62  62
 [73]  63  63  63  64  64  64  64  64  65  65  65  66  69  69  69  70  70  70
 [91]  70  71  71  73  74  74  74  74  74  75  75  75  77  78  79  80  80  84
[109]  84  88  88  89  89  89  89  89  90  90  91  92  92  92  92  92  92  92
[127]  96  97  97  97 100 100 101 102 103 103 103 103 103 104 104 104 104 106
[145] 106 108 109 109 110 110 111 112 112 112 113 114 114 114 115 116 116 120
[163] 120 120 121 121 121 121 123 123 124 125 125 125 127 127 127 129 132 133
[181] 134 135 136 136 136 136 137 137 138 138 140 140 140 140 140 140 141 141
[199] 142 142 143 143 148 148 148 148 153 153 154 157 157 158 158 160 160 160
[217] 162 165 166 166 166 166 166 169 169 171 172 172 173 173 175 177 178 178
[235] 179 179 180 180 182 182 182 182 183 185 187 187 187 187 187 187 188 188
[253] 190 190 190 194 197 199 203 203 203 205 219 220 220 220 220 221 223 224
[271] 225 226 226 228 228 228 228 230 235 235 235 235 235 237 238 238 238 241
[289] 241 242 243 243 245 245 246 246 247 248 248 251 253 253 255 256 257 257
[307] 257 259 259 260 260 261 261 263 263 263 264 264 264 264 264 265 265 266
[325] 267 270 272 279 280 280 280 281 293 293 293 294 295 295 295 298 298 300
[343] 300 301 305 307 310 311 311 312 316 318 318 324 326 327 327 328 328 333
[361] 337 337 338 338 338 338 340 341 341 341 346 348 352 353 355 356 358 361
[379] 363 365 365 365 365 365 366 366 367 367 368 370 372 372 377 380

$EXTANT
  [1] FALSE FALSE FALSE FALSE FALSE FALSE FALSE FALSE FALSE FALSE FALSE FALSE
 [13] FALSE FALSE FALSE FALSE FALSE FALSE FALSE FALSE FALSE FALSE FALSE FALSE
 [25] FALSE FALSE FALSE FALSE FALSE FALSE FALSE FALSE FALSE FALSE FALSE FALSE
 [37] FALSE FALSE FALSE FALSE FALSE FALSE FALSE FALSE FALSE FALSE FALSE FALSE
 [49] FALSE FALSE FALSE FALSE FALSE FALSE FALSE FALSE FALSE FALSE FALSE FALSE
 [61] FALSE FALSE FALSE FALSE FALSE FALSE FALSE FALSE  TRUE FALSE FALSE FALSE
 [73] FALSE FALSE FALSE FALSE FALSE FALSE FALSE FALSE FALSE FALSE FALSE FALSE
 [85] FALSE FALSE  TRUE FALSE FALSE FALSE FALSE  TRUE FALSE FALSE FALSE FALSE
 [97]  TRUE FALSE FALSE FALSE FALSE FALSE FALSE  TRUE FALSE  TRUE  TRUE  TRUE
[109] FALSE FALSE FALSE FALSE  TRUE FALSE  TRUE  TRUE FALSE  TRUE FALSE  TRUE
[121] FALSE FALSE FALSE FALSE FALSE  TRUE  TRUE FALSE FALSE FALSE FALSE FALSE
[133]  TRUE  TRUE FALSE FALSE FALSE FALSE FALSE  TRUE  TRUE FALSE  TRUE FALSE
[145]  TRUE FALSE FALSE  TRUE FALSE FALSE FALSE FALSE FALSE  TRUE  TRUE FALSE
[157]  TRUE  TRUE  TRUE  TRUE  TRUE  TRUE  TRUE  TRUE FALSE  TRUE FALSE FALSE
[169] FALSE FALSE FALSE  TRUE  TRUE  TRUE FALSE FALSE  TRUE  TRUE FALSE FALSE
[181]  TRUE FALSE FALSE FALSE FALSE FALSE  TRUE FALSE  TRUE  TRUE FALSE FALSE
[193] FALSE  TRUE  TRUE  TRUE FALSE  TRUE  TRUE  TRUE  TRUE  TRUE FALSE  TRUE
[205]  TRUE  TRUE FALSE FALSE  TRUE  TRUE  TRUE  TRUE  TRUE FALSE  TRUE  TRUE
[217]  TRUE FALSE FALSE FALSE  TRUE FALSE  TRUE FALSE FALSE  TRUE FALSE  TRUE
[229]  TRUE FALSE FALSE FALSE  TRUE FALSE  TRUE FALSE  TRUE  TRUE FALSE  TRUE
[241]  TRUE FALSE  TRUE FALSE FALSE FALSE FALSE FALSE FALSE FALSE  TRUE FALSE
[253]  TRUE FALSE  TRUE  TRUE FALSE  TRUE FALSE FALSE  TRUE  TRUE FALSE  TRUE
[265]  TRUE  TRUE  TRUE  TRUE  TRUE  TRUE  TRUE  TRUE  TRUE  TRUE FALSE  TRUE
[277]  TRUE FALSE FALSE  TRUE FALSE FALSE  TRUE  TRUE  TRUE  TRUE  TRUE  TRUE
[289]  TRUE  TRUE FALSE  TRUE  TRUE FALSE  TRUE FALSE FALSE  TRUE FALSE  TRUE
[301]  TRUE  TRUE  TRUE  TRUE FALSE  TRUE  TRUE  TRUE  TRUE  TRUE  TRUE FALSE
[313]  TRUE FALSE FALSE  TRUE  TRUE FALSE  TRUE  TRUE  TRUE  TRUE  TRUE  TRUE
[325]  TRUE  TRUE  TRUE FALSE FALSE FALSE  TRUE FALSE FALSE FALSE  TRUE FALSE
[337] FALSE  TRUE  TRUE FALSE  TRUE FALSE FALSE FALSE  TRUE FALSE FALSE  TRUE
[349]  TRUE FALSE FALSE FALSE FALSE FALSE  TRUE  TRUE  TRUE  TRUE  TRUE FALSE
[361]  TRUE FALSE FALSE  TRUE  TRUE  TRUE  TRUE FALSE FALSE  TRUE  TRUE  TRUE
[373]  TRUE FALSE  TRUE  TRUE  TRUE  TRUE FALSE  TRUE  TRUE FALSE  TRUE  TRUE
[385]  TRUE  TRUE FALSE  TRUE FALSE  TRUE  TRUE  TRUE  TRUE FALSE

