
Birth-death simulation object with 376 species and 153 extant species

Details for some species:

Extinction times (NA means extant)
[1] 27.75287 24.76126 21.03303 24.69084 15.50013 21.10091


Speciation times 
[1] 46.31901 33.58081 30.47549 33.45352 32.37594 32.04456


Species parents (NA for initial)
[1] NA  1  1  2  2  2


Species status (extinct or extant)
[1] "extinct" "extinct" "extinct" "extinct" "extinct" "extinct"


For more details on vector y, try sim$y, with y one of
TE TS PAR EXTANT



$TE
  [1] 27.75287334 24.76126389 21.03302594 24.69083527 15.50012772 21.10091230
  [7] 12.45924262 23.14790752 27.16568964 31.20222050 26.66130747 12.57139545
 [13]          NA 15.03792725 25.22047278 20.24520982  0.02416571 12.33393899
 [19] 16.09139614 12.43188523 26.35923403 12.27009483 26.21294581 17.28238473
 [25] 19.75527603 17.24422099 11.88988962 16.30715908  1.60966655 15.22260407
 [31] 11.76861335 12.45220416          NA  1.62013262 16.55983349 12.61081957
 [37] 21.26286727 11.80333345 17.39488068  7.87462311  9.67825658  3.24700872
 [43]  7.90572134          NA          NA          NA 16.92597584 16.36754714
 [49] 13.02382383 12.02449708 24.95165272 24.34599890 12.75793997 11.27518945
 [55]  0.60228332 12.44222673  9.60806794          NA 15.59209697  8.08909971
 [61] 12.44899622  2.13549751 12.44806980 12.29193632 12.29336492  0.50468815
 [67]  1.20026439          NA  4.18497774          NA 18.92782051 11.69511097
 [73] 13.23629966          NA          NA  4.23165288          NA          NA
 [79]          NA          NA          NA          NA          NA          NA
 [85] 19.48474769 15.08916081 11.57243894 11.50809672 22.49970266 12.08876255
 [91] 11.46788759          NA 13.96724203 12.38656295  5.88895461  1.26277770
 [97]          NA          NA 18.17576401 11.84054278  5.19631808  7.11487342
[103]          NA          NA  7.13170188  6.20498471          NA          NA
[109]          NA  3.13986323          NA          NA          NA          NA
[115] 10.87089381 12.40901854 10.16100543  5.40240599  1.55259174  3.74950107
[121]          NA          NA          NA          NA          NA 17.72861736
[127] 15.80965201 14.54119778 12.37314921 13.28938524 12.23324952 11.62645613
[133] 12.20350743  3.97034942 12.27239270  8.15317130          NA  1.44147815
[139]          NA 12.19691817 12.34483592          NA          NA  2.38149683
[145]          NA  0.52155834          NA 12.41351866  1.85339724  3.77866853
[151]          NA  7.49273829          NA          NA  4.11993436          NA
[157]  2.37603534  9.02380893  0.97813072  1.03386593          NA  1.33150406
[163]          NA  1.00323072  6.21614808  2.14357520          NA 12.16904365
[169]  4.94352141 12.45361753  9.58547128 15.66882855 16.29846100 12.41901277
[175]  4.29463438          NA          NA          NA          NA          NA
[181]          NA  4.41697745  0.18635367  6.28462777          NA  0.31494627
[187]          NA          NA          NA  2.83366275          NA  5.59767331
[193]  3.44923756          NA          NA          NA  0.16437483          NA
[199]  0.57441907  0.27749232          NA  7.51845404  4.76625891  7.72037633
[205]  2.70176730  0.00385883          NA  0.64639376          NA 12.24684396
[211] 11.52174831          NA  8.47099757  9.26758848 21.33075444 16.65556905
[217]  2.03279423 14.34880417 16.02298836 15.67750261  6.48011660  3.76218783
[223]          NA  0.64747148          NA  2.59181621          NA          NA
[229]          NA          NA          NA  4.09843517          NA          NA
[235]  5.77333710          NA          NA  4.57854166  7.07454926  3.13251159
[241]          NA          NA  1.82550284          NA  0.69452364          NA
[247]          NA          NA  0.90195903  1.18997686          NA          NA
[253]          NA          NA          NA          NA          NA  0.09547239
[259]  0.33204566 12.27765486  4.59749365  5.65936719  5.01791461  3.89752682
[265]          NA  4.70912231 12.96111618 15.51078786 11.84747701  0.44156385
[271]  3.39392400          NA          NA          NA          NA  0.71265334
[277]          NA          NA          NA  4.73517241  6.43557799  0.36863906
[283]          NA  5.57250705  4.14995760 11.83941400 13.88624582          NA
[289]  6.44050597          NA          NA          NA  8.05930640  8.83222364
[295]          NA          NA  0.23899119  4.96087272          NA  0.05046470
[301]          NA 18.25460911 13.75851706          NA 11.76058813 11.66783396
[307]  9.38986530          NA          NA          NA          NA          NA
[313]  5.12486990          NA          NA          NA          NA  2.03037768
[319]          NA  3.02529949          NA          NA  2.05838279  0.21356083
[325]          NA  2.74218192          NA          NA  8.18783054          NA
[331]  1.89388604          NA          NA          NA          NA  1.01302156
[337]  4.85360996  4.75331729          NA          NA          NA          NA
[343]          NA          NA          NA  2.42883459  4.81370199          NA
[349]  2.95789351          NA          NA  2.94656987          NA          NA
[355]  1.00454661          NA          NA          NA  3.32146626  1.62343012
[361]  0.11965853          NA  3.20631101          NA  2.51297381          NA
[367]          NA          NA          NA  4.78779420  6.08489753          NA
[373]          NA          NA  1.22024439  2.55722956

$TS
  [1] 46.31901109 33.58080772 30.47549447 33.45352262 32.37594374 32.04456497
  [7] 28.23456536 33.02863654 30.69322850 31.97255222 29.63074392 26.10886999
 [13] 25.54925121 19.69488705 27.44659619 25.56501058 21.67033587 25.06120042
 [19] 20.28336607 18.43641849 27.86958918 28.80265793 27.15435864 25.91522613
 [25] 20.89806969 17.54836673 22.22952415 21.77076263 18.37258806 17.54918164
 [31] 16.48559743 15.36761594  9.12331192  8.17637309 17.68809137 17.20952566
 [37] 24.28441241 21.22261417 19.62883281 16.08853466 10.32423763  8.56074496
 [43]  8.34186216  8.10805512  6.95837854  1.85891976 23.66331914 23.13764754
 [49] 14.14703424 15.13274016 26.90088460 26.54313144 14.67256065 12.99207306
 [55] 24.31489050 19.99860373 12.91349010 12.26702374 18.37010168 11.35948312
 [61] 16.84936524 14.69925545 13.40005009 12.76056499 15.30114224  6.60001048
 [67]  5.45562424  6.60218533  6.59767290  3.06057335 22.41183247 15.11023051
 [73] 14.59068144 10.75170932  9.60100079  4.79800723  5.31277245  3.83240491
 [79]  2.05060721  0.28653085  0.23738209  2.78427859  2.49377599  1.82305907
 [85] 21.29755564 19.84544139 13.45247462 13.53679499 26.24352280 14.54461943
 [91] 12.78917650 11.34510704 15.85293157 14.54935786 10.47517364  5.25002323
 [97]  5.20161031  4.52586412 18.82208983 12.60408993 11.33303955  8.67435943
[103]  6.07902759 10.06996003 12.56140725 11.27300024 10.04567589  3.85645894
[109]  6.04824634  4.88438000  2.82396500  0.81963074  3.94316373  3.80486543
[115] 14.37157259 12.44742361 10.43101985  5.81652008  8.55750605  8.00082089
[121]  4.53803686  0.51753971  3.67230394  0.30417066  1.09625276 19.81951741
[127] 16.26849111 15.97590518 15.43000716 15.41980695 15.33141095 13.16960429
[133] 26.23884715 14.39512650 13.80443323  9.88024118  8.15196644  4.43736764
[139]  4.17168003 15.00569550 13.64703690  8.91600210  7.76184484  3.18304368
[145]  1.85377407  1.22352293  1.96977425 18.23779742  8.66214999  8.56392974
[151]  7.05906065  7.97789289  3.52477109  7.20736548  4.99049287  2.60119374
[157] 11.21925784  9.60042785  7.69732913  2.29470031  1.67603279  1.84788372
[163]  8.54638990  8.27760492  6.27461163  5.11042239  4.06926154 15.63001486
[169] 15.19302443 14.75530568 11.94150077 24.27495528 17.67430028 17.25638365
[175]  7.41699497  3.32201182  3.22729727  3.15792405  2.25541806  1.52371013
[181]  0.47333417  8.43522364  8.39559928  8.25967869  4.49561133  3.43576336
[187]  3.21631529  7.04126295  4.38866834  3.21782802  1.45519496 12.41876065
[193]  8.59367164  4.47698434  1.94618177  7.02904842  5.14447618  4.18884826
[199]  2.06672169  3.31733271 10.49973059  8.45072298  4.85834461  9.05645777
[205]  4.30074288  2.07505162  1.73194515  3.42909494 13.65697577 14.71575521
[211] 11.71695464 10.98484913 10.83632366  9.64066599 22.16019440 18.45741943
[217] 17.05896494 17.43709319 16.46477424 16.70518075 13.18076996  6.54936101
[223]  2.59770572  2.31624577  2.07578238  2.83419772  2.29038543  1.40081231
[229]  0.41175714  7.71398270  4.81297136  4.39346325  0.88044987  2.41946289
[235]  7.00480564  6.88738295  6.27878577 11.18547700 10.87036491  7.72895511
[241]  7.35453880  3.14742701  2.35336951  2.27505199  2.13521671  0.84407816
[247]  3.01406374  1.47813261  8.37422319  5.75297314  4.71585404  2.55767679
[253]  0.85697429  0.37364800  1.75684387  0.21229460  1.01585996  0.88092956
[259]  0.80159704 13.12140910  8.71252869  8.17626436  6.52641522  5.79613354
[265] 22.15933708  8.29184289 15.88333641 15.73316296 13.12868424 12.27605169
[271]  4.67915872  0.14203996  0.01009678  6.99582213  2.98643168  1.92084234
[277]  1.40540048  0.33617681  2.73585592  7.43918847  9.21661363  0.63749383
[283]  0.12843331  6.50246612  6.81271378 21.87904898 16.64505858 10.76722118
[289]  7.98142234  6.57456228  0.58717896  5.81034420 10.81567221  9.05304709
[295]  5.02265784  4.37771635  1.78734698  6.27664529  4.29810551  0.06118626
[301]  0.71349755 18.92506703 16.84986144 13.39920172 13.03607852 12.27895826
[307] 10.41344593 10.21275733  9.50167517  6.62782460  5.18790679  4.88223915
[313]  5.39293311  4.24886514  2.74220890  0.29467693  2.69905259  3.51914841
[319]  3.01127904  9.01689289  2.52925654  1.08890867 12.27974425  9.16235915
[325]  8.19135034  4.08140417  2.33280544  8.76539374  8.72006998  7.87231556
[331]  6.54232742  2.41240753  0.38573881  1.82254528  0.38037321  7.63975955
[337]  5.96252808  8.96627920  6.74927655  2.98075689  7.65698064  4.30738256
[343]  5.34241430  2.53092821  7.73234826  7.13624864  6.94709903  6.28200793
[349]  5.92114707  0.89620670  8.29024897  7.70773459  6.67935146  3.82051802
[355]  2.70984149  1.49731782  6.31083252  7.20866959  6.49574889  1.65984974
[361]  2.47579267  7.26523234  4.53781968  1.05952827  2.99500203  5.42863062
[367]  0.41924342  0.01481003  6.41310172  5.41377615  7.23972802  0.66651366
[373]  5.90571915  5.37394523  3.05083876  4.94187230

$PAR
  [1]  NA   1   1   2   2   2   3   4   4   5   5   5   5   5   6   6   6   7
 [19]   7   7   8   9  11  12  12  12  13  13  13  13  13  13  13  13  14  14
 [37]  16  17  17  17  17  17  17  17  17  17  18  18  18  20  21  21  22  22
 [55]  24  27  27  27  28  29  30  31  31  31  32  33  33  34  34  34  37  40
 [73]  40  40  40  42  44  44  44  44  44  45  45  46  47  47  49  50  52  53
 [91]  53  54  55  55  55  55  55  55  56  57  57  58  58  60  62  62  62  62
[109]  66  66  66  66  67  68  72  72  74  74  75  75  75  77  78  79  82  86
[127]  86  86  86  86  86  87  89  90  90  92  92  92  92  93  94  95  95  96
[145]  96  97  98  99 101 101 101 102 103 104 104 104 105 105 106 107 108 114
[163] 119 119 120 120 121 128 128 129 132 133 133 133 134 137 137 137 137 139
[181] 139 142 142 142 142 142 142 143 143 143 145 148 149 149 149 151 151 151
[199] 151 153 157 157 157 158 159 159 159 166 169 170 171 171 171 171 172 172
[217] 172 173 173 174 174 175 176 176 177 178 178 178 181 182 182 183 183 185
[235] 188 188 188 192 192 192 192 194 194 194 196 196 197 197 201 201 201 201
[253] 201 201 206 206 207 207 208 210 212 212 212 212 215 217 218 220 221 221
[271] 222 223 225 230 230 231 234 234 237 238 239 253 255 261 262 265 265 265
[289] 265 265 265 266 270 270 270 270 270 274 274 274 279 286 286 286 286 286
[307] 288 288 288 288 288 288 290 290 290 292 295 299 299 304 304 304 305 308
[325] 308 308 308 309 309 309 309 309 311 319 319 320 320 323 323 323 324 324
[343] 325 325 328 328 328 328 328 328 329 330 330 331 331 334 339 341 341 341
[361] 342 345 348 348 349 357 357 358 359 359 362 364 369 369 369 374

$EXTANT
  [1] FALSE FALSE FALSE FALSE FALSE FALSE FALSE FALSE FALSE FALSE FALSE FALSE
 [13]  TRUE FALSE FALSE FALSE FALSE FALSE FALSE FALSE FALSE FALSE FALSE FALSE
 [25] FALSE FALSE FALSE FALSE FALSE FALSE FALSE FALSE  TRUE FALSE FALSE FALSE
 [37] FALSE FALSE FALSE FALSE FALSE FALSE FALSE  TRUE  TRUE  TRUE FALSE FALSE
 [49] FALSE FALSE FALSE FALSE FALSE FALSE FALSE FALSE FALSE  TRUE FALSE FALSE
 [61] FALSE FALSE FALSE FALSE FALSE FALSE FALSE  TRUE FALSE  TRUE FALSE FALSE
 [73] FALSE  TRUE  TRUE FALSE  TRUE  TRUE  TRUE  TRUE  TRUE  TRUE  TRUE  TRUE
 [85] FALSE FALSE FALSE FALSE FALSE FALSE FALSE  TRUE FALSE FALSE FALSE FALSE
 [97]  TRUE  TRUE FALSE FALSE FALSE FALSE  TRUE  TRUE FALSE FALSE  TRUE  TRUE
[109]  TRUE FALSE  TRUE  TRUE  TRUE  TRUE FALSE FALSE FALSE FALSE FALSE FALSE
[121]  TRUE  TRUE  TRUE  TRUE  TRUE FALSE FALSE FALSE FALSE FALSE FALSE FALSE
[133] FALSE FALSE FALSE FALSE  TRUE FALSE  TRUE FALSE FALSE  TRUE  TRUE FALSE
[145]  TRUE FALSE  TRUE FALSE FALSE FALSE  TRUE FALSE  TRUE  TRUE FALSE  TRUE
[157] FALSE FALSE FALSE FALSE  TRUE FALSE  TRUE FALSE FALSE FALSE  TRUE FALSE
[169] FALSE FALSE FALSE FALSE FALSE FALSE FALSE  TRUE  TRUE  TRUE  TRUE  TRUE
[181]  TRUE FALSE FALSE FALSE  TRUE FALSE  TRUE  TRUE  TRUE FALSE  TRUE FALSE
[193] FALSE  TRUE  TRUE  TRUE FALSE  TRUE FALSE FALSE  TRUE FALSE FALSE FALSE
[205] FALSE FALSE  TRUE FALSE  TRUE FALSE FALSE  TRUE FALSE FALSE FALSE FALSE
[217] FALSE FALSE FALSE FALSE FALSE FALSE  TRUE FALSE  TRUE FALSE  TRUE  TRUE
[229]  TRUE  TRUE  TRUE FALSE  TRUE  TRUE FALSE  TRUE  TRUE FALSE FALSE FALSE
[241]  TRUE  TRUE FALSE  TRUE FALSE  TRUE  TRUE  TRUE FALSE FALSE  TRUE  TRUE
[253]  TRUE  TRUE  TRUE  TRUE  TRUE FALSE FALSE FALSE FALSE FALSE FALSE FALSE
[265]  TRUE FALSE FALSE FALSE FALSE FALSE FALSE  TRUE  TRUE  TRUE  TRUE FALSE
[277]  TRUE  TRUE  TRUE FALSE FALSE FALSE  TRUE FALSE FALSE FALSE FALSE  TRUE
[289] FALSE  TRUE  TRUE  TRUE FALSE FALSE  TRUE  TRUE FALSE FALSE  TRUE FALSE
[301]  TRUE FALSE FALSE  TRUE FALSE FALSE FALSE  TRUE  TRUE  TRUE  TRUE  TRUE
[313] FALSE  TRUE  TRUE  TRUE  TRUE FALSE  TRUE FALSE  TRUE  TRUE FALSE FALSE
[325]  TRUE FALSE  TRUE  TRUE FALSE  TRUE FALSE  TRUE  TRUE  TRUE  TRUE FALSE
[337] FALSE FALSE  TRUE  TRUE  TRUE  TRUE  TRUE  TRUE  TRUE FALSE FALSE  TRUE
[349] FALSE  TRUE  TRUE FALSE  TRUE  TRUE FALSE  TRUE  TRUE  TRUE FALSE FALSE
[361] FALSE  TRUE FALSE  TRUE FALSE  TRUE  TRUE  TRUE  TRUE FALSE FALSE  TRUE
[373]  TRUE  TRUE FALSE FALSE

