
Birth-death simulation object with 320 species and 119 extant species

Details for some species:

Extinction times (NA means extant)
[1] 39.48514 41.20639 37.78639 30.18058 26.21422 33.67588


Speciation times 
[1] 46.31901 45.87882 44.10492 43.70683 42.17304 42.11857


Species parents (NA for initial)
[1] NA  1  1  2  3  3


Species status (extinct or extant)
[1] "extinct" "extinct" "extinct" "extinct" "extinct" "extinct"


For more details on vector y, try sim$y, with y one of
TE TS PAR EXTANT



$TE
  [1] 39.48513601 41.20638791 37.78638756 30.18058312 26.21422049 33.67588001
  [7] 12.13745389 31.49840469 16.83735461 33.27823180 18.18658540 23.72863201
 [13] 16.45576962 20.18258801 12.59824866 31.50043000 21.45532841 12.15338629
 [19] 12.03232415 12.04042202          NA 14.26232355 17.37222718 15.56965846
 [25] 19.73001753 15.27766644 15.73413959 16.85954521 33.47157824 21.19511616
 [31] 14.92453345 11.91799577 12.41865289 21.22868784  3.01937470 12.89791814
 [37] 12.39463160 15.77165078 13.56107000  0.20649908 10.50142942  7.96611902
 [43]          NA  4.58466770  3.62107340  0.24918862 16.68297332 11.82622467
 [49] 12.40448765 12.36185863 12.42214282 15.95548525 22.28016649 20.50235338
 [55] 12.42863882 16.78560939 13.54110986 12.27561888 11.97511114 16.49380909
 [61] 23.01724845 12.07392281  7.03127877 12.00213924 11.87035250  7.06525864
 [67]  5.70064453  3.92625182          NA          NA          NA 10.65327700
 [73] 11.88155455  7.07893173  5.42294492  0.69959066          NA  1.28866058
 [79]          NA          NA  8.76732776  6.25062466  8.03122963          NA
 [85]          NA 12.34295588 11.98074450 12.41910503 17.47101353 12.21772185
 [91] 11.57990863 13.02957143 19.93035441 18.98280594 12.02939369 12.15147295
 [97] 12.00169304 24.49880293          NA 15.52196428 20.83072156 14.84051719
[103]  7.14917648 23.06652016 22.80317900 12.41951079 12.18741578          NA
[109]  6.33291115  3.84128903  0.96981544  7.65842428          NA          NA
[115]          NA  4.48820119          NA          NA  4.01994475          NA
[121]          NA  5.71280015  2.98571961          NA          NA          NA
[127]  0.22596103          NA          NA 11.87518805  9.90604403  4.85034783
[133]  2.29647621  1.37062438 12.41634941  9.78509390 18.04342232 11.84446154
[139] 12.17928474 12.16270443 12.43350734 11.79637700 12.23117268 12.76689467
[145]          NA  7.54502821  4.31143089 18.15650067  5.99288031 13.54298009
[151]  9.89074602  8.15140362 19.88259856          NA          NA  2.28208048
[157]          NA  0.73207685          NA          NA  9.36474595  9.10883631
[163]          NA  7.33742618          NA  0.51242188  1.10007765          NA
[169]  4.90193569          NA          NA          NA  7.56926176          NA
[175]  3.68342810          NA          NA  2.42993474          NA          NA
[181]          NA          NA          NA          NA  5.20323138  4.46387264
[187]          NA          NA          NA          NA          NA  4.11197634
[193]  6.33900992          NA          NA 12.36442566 16.88297428 19.58439058
[199] 14.34053098 12.09042670 12.18517160 21.91493803 20.75988621  3.40138310
[205]          NA 14.34625342 12.17925783          NA  2.43589572 20.00960162
[211]  7.31470629  5.60138730  0.60338882          NA  8.85831149  6.08813200
[217]  4.82872748          NA          NA  5.34904078          NA          NA
[223]          NA  2.52080015          NA          NA  0.96555785          NA
[229]          NA  3.11360965          NA          NA          NA          NA
[235]  2.36739252  0.63953409          NA          NA          NA  2.73296660
[241]          NA  3.73169599          NA          NA          NA  1.57227052
[247]          NA  0.08943719          NA          NA          NA  1.11998593
[253]  2.92801478  2.22070670  1.72707264          NA          NA          NA
[259]          NA          NA          NA  1.59391417          NA          NA
[265]          NA          NA          NA  5.87216003  1.92697506  0.47093327
[271]  4.00052318          NA  1.45857018  1.04166895          NA  9.33865063
[277]  9.90470137          NA  4.06309713  5.44684525  2.27290082          NA
[283]          NA          NA          NA  3.70205937          NA          NA
[289]          NA          NA  3.79693535  3.36145673  1.18861102  3.09012462
[295]  4.12821387  1.99071593          NA          NA  2.06350138  0.19727724
[301]          NA          NA  1.34665335  0.63789697          NA          NA
[307]          NA          NA          NA          NA          NA  1.33714804
[313]          NA          NA          NA          NA          NA          NA
[319]          NA  0.01512540

$TS
  [1] 46.31901109 45.87882351 44.10491811 43.70683433 42.17303932 42.11857497
  [7] 33.42380496 32.40959099 35.81249228 34.08689311 29.65895780 27.47012060
 [13] 26.25385168 40.43983202 32.99058002 32.59862122 25.27508589 17.93292995
 [19] 17.51163851 20.91168554 19.44022795 22.70158049 21.44013761 26.36746229
 [25] 25.44993995 24.65724705 23.99548413 21.47258281 33.89112838 29.54054742
 [31] 30.33224036 16.02087381 14.29357909 31.60610854 13.77752237 14.18227332
 [37] 14.00250380 17.07652684 13.69820216 17.30163182 13.98187329 10.73975074
 [43] 10.56835407 10.42995056  4.55820228 19.11417341 16.99576566 16.66176873
 [49] 15.20209085 19.09973854 21.16689800 17.77303014 23.89048440 28.11775355
 [55] 26.18099659 17.16309019 14.16447508 13.78523727 13.67335341 31.52783914
 [61] 27.84456314 13.62580729 11.39847909 13.93447225 14.68247310  9.36487548
 [67]  9.15816057  7.95720296  6.10592141  5.27459305  3.15400862 12.87471594
 [73] 11.93038816 10.77696520 10.06562419  8.79722635  8.38222092  7.22740389
 [79]  2.19173682  1.20722333  9.29735236  8.66329533  8.16316101  3.64695524
 [85] 17.14233280 13.45755553 16.46214649 16.09758205 20.54890173 15.32374177
 [91] 14.79085786 13.87443983 26.07908135 19.96092655 12.84463976 12.84674389
 [97] 27.26715431 25.05814824 25.00801317 24.33891285 23.72869291 21.98683174
[103] 20.19189369 26.59529171 24.03977925 13.06288632 13.22254898 13.15221494
[109] 12.87363454  6.11377643  4.26083431 10.44795300  9.24646776  8.88608020
[115]  7.74213980  6.14804761  5.61568747  8.54555890  8.50621547  1.46295598
[121]  1.35958611  6.53162370  3.39843918  3.25460091  2.44887162  8.17578644
[127]  1.54927603  1.42498938  0.86453985 16.47086859  9.96596433  9.26618178
[133]  3.39337573  1.48137755 13.03466778 13.03652947 18.14651420 13.54611676
[139] 26.32888145 14.21186490 23.98142283 22.12700975 14.34064268 13.45833014
[145] 12.33736606  8.52592881  6.56448897 19.59993901 16.74204247 15.13670425
[151] 11.39815240 10.28220378 23.31073746  8.92402208  3.50865030  2.64728855
[157]  0.24919273 10.02872097  4.28698591  3.06621123  9.81831702  9.14794063
[163]  8.72147983  7.85286551  7.62441757  3.79898711  2.80593632  0.56867170
[169]  7.52658445  4.68544426  4.27337563  2.79960433  7.61008372  6.83506503
[175]  4.21365876  1.07842808  3.53389948  8.13466182  5.11279025  7.67262528
[181]  6.33952515  2.20638052  1.02063810  0.13275767  7.21892904  6.74175469
[187]  3.60708237  2.35938494  0.70940552  0.36852374  0.19568426  7.90135444
[193]  7.70170367  6.63361989  6.55221335 13.00880165 24.94980401 20.74129349
[199] 16.13977711 12.30462509 12.21487958 22.67636481 22.13153710  7.74258923
[205]  5.73787099 16.10658142 15.58047674 10.31313747  9.72400842 20.13936561
[211]  8.81028197  7.25519588  3.55414529  2.34661812  9.75897147  9.20571567
[217]  8.94797814  1.56273758  2.60591481  6.40072976  1.96621618  7.79288046
[223]  7.71269686  6.60487788  4.66157984  4.27724442  1.89022795  0.23835397
[229]  7.20764899  4.25265049  0.54484312  0.26854042  1.12308816  3.77756321
[235]  7.57760165  5.43335564  0.54806167  2.68337293  1.90995042  7.35708070
[241]  6.57864495  6.39834346  1.03783948  2.23686918  3.47512458  4.24530814
[247]  0.31205786 12.53083115  3.34574137  0.56268612  4.82655476  7.60617835
[253]  7.79677706  7.52228744  6.78874089  6.75633450  6.66206305  0.66108663
[259]  0.37483533  0.59354828  3.92540443  7.02449769  6.86531499  3.99123201
[265]  2.69388450  1.99649181  0.08817562  7.43219277  2.38971946  0.55631706
[271]  5.60274374  2.95028447  2.33991600  1.22389121  5.74428211 10.58659728
[277] 10.25926701  8.86261647  8.79698011  6.01785613  4.91822444  3.44290775
[283]  4.73713693  6.98956510  3.82070635  6.56881681  4.93329739  1.40770216
[289]  0.19422421  1.63326408  6.37140995  3.75079831  1.38906803  6.54776368
[295]  4.62551974  8.21930523  4.00213035  3.31936438  4.39781300  0.67599263
[301]  0.27126434  5.35687206  4.61492381  4.25297795  0.55050832  0.16474899
[307]  1.72512060  3.06590038  2.70025122  4.20474369  0.41742098  2.92653221
[313]  1.88123743  1.07545931  2.68790793  0.24870061  2.34112519  1.54646734
[319]  0.19259529  2.58004888

$PAR
  [1]  NA   1   1   2   3   3   4   4   5   5   5   5   5   6   7   7   7   7
 [19]   7   9   9  11  11  12  12  12  12  13  14  14  15  15  15  16  18  19
 [37]  19  20  20  21  21  21  21  21  21  22  22  22  22  23  26  28  30  31
 [55]  31  31  32  32  33  34  34  35  35  37  40  40  40  40  40  40  40  41
 [73]  41  41  42  43  43  43  43  43  44  44  44  45  46  46  48  48  51  51
 [91]  51  51  55  55  55  58  60  60  60  60  60  60  60  61  61  62  64  64
[109]  65  68  69  74  74  75  75  75  75  76  76  76  76  77  77  78  78  82
[127]  84  84  84  85  85  85  85  85  86  88  89  90  97  97  99  99  99  99
[145]  99  99  99 100 102 103 103 103 104 108 108 108 108 109 110 111 112 112
[163] 112 113 113 113 113 113 114 114 114 114 115 115 115 115 117 118 118 119
[181] 122 125 125 125 126 126 126 126 127 127 129 132 132 132 132 135 139 139
[199] 139 139 139 141 141 145 147 149 149 151 152 153 154 154 154 156 158 158
[217] 158 158 160 163 163 164 164 165 165 165 165 168 169 170 170 172 174 179
[235] 180 181 182 187 188 193 193 193 194 195 204 205 205 207 208 208 209 211
[253] 216 216 217 217 217 219 222 223 224 229 229 229 229 234 234 235 236 238
[271] 241 241 241 241 242 248 248 248 248 248 248 248 252 254 255 257 257 257
[289] 259 261 262 263 265 268 275 278 283 283 284 288 290 291 291 295 297 297
[307] 298 299 299 302 302 303 304 304 309 309 310 310 310 312

$EXTANT
  [1] FALSE FALSE FALSE FALSE FALSE FALSE FALSE FALSE FALSE FALSE FALSE FALSE
 [13] FALSE FALSE FALSE FALSE FALSE FALSE FALSE FALSE  TRUE FALSE FALSE FALSE
 [25] FALSE FALSE FALSE FALSE FALSE FALSE FALSE FALSE FALSE FALSE FALSE FALSE
 [37] FALSE FALSE FALSE FALSE FALSE FALSE  TRUE FALSE FALSE FALSE FALSE FALSE
 [49] FALSE FALSE FALSE FALSE FALSE FALSE FALSE FALSE FALSE FALSE FALSE FALSE
 [61] FALSE FALSE FALSE FALSE FALSE FALSE FALSE FALSE  TRUE  TRUE  TRUE FALSE
 [73] FALSE FALSE FALSE FALSE  TRUE FALSE  TRUE  TRUE FALSE FALSE FALSE  TRUE
 [85]  TRUE FALSE FALSE FALSE FALSE FALSE FALSE FALSE FALSE FALSE FALSE FALSE
 [97] FALSE FALSE  TRUE FALSE FALSE FALSE FALSE FALSE FALSE FALSE FALSE  TRUE
[109] FALSE FALSE FALSE FALSE  TRUE  TRUE  TRUE FALSE  TRUE  TRUE FALSE  TRUE
[121]  TRUE FALSE FALSE  TRUE  TRUE  TRUE FALSE  TRUE  TRUE FALSE FALSE FALSE
[133] FALSE FALSE FALSE FALSE FALSE FALSE FALSE FALSE FALSE FALSE FALSE FALSE
[145]  TRUE FALSE FALSE FALSE FALSE FALSE FALSE FALSE FALSE  TRUE  TRUE FALSE
[157]  TRUE FALSE  TRUE  TRUE FALSE FALSE  TRUE FALSE  TRUE FALSE FALSE  TRUE
[169] FALSE  TRUE  TRUE  TRUE FALSE  TRUE FALSE  TRUE  TRUE FALSE  TRUE  TRUE
[181]  TRUE  TRUE  TRUE  TRUE FALSE FALSE  TRUE  TRUE  TRUE  TRUE  TRUE FALSE
[193] FALSE  TRUE  TRUE FALSE FALSE FALSE FALSE FALSE FALSE FALSE FALSE FALSE
[205]  TRUE FALSE FALSE  TRUE FALSE FALSE FALSE FALSE FALSE  TRUE FALSE FALSE
[217] FALSE  TRUE  TRUE FALSE  TRUE  TRUE  TRUE FALSE  TRUE  TRUE FALSE  TRUE
[229]  TRUE FALSE  TRUE  TRUE  TRUE  TRUE FALSE FALSE  TRUE  TRUE  TRUE FALSE
[241]  TRUE FALSE  TRUE  TRUE  TRUE FALSE  TRUE FALSE  TRUE  TRUE  TRUE FALSE
[253] FALSE FALSE FALSE  TRUE  TRUE  TRUE  TRUE  TRUE  TRUE FALSE  TRUE  TRUE
[265]  TRUE  TRUE  TRUE FALSE FALSE FALSE FALSE  TRUE FALSE FALSE  TRUE FALSE
[277] FALSE  TRUE FALSE FALSE FALSE  TRUE  TRUE  TRUE  TRUE FALSE  TRUE  TRUE
[289]  TRUE  TRUE FALSE FALSE FALSE FALSE FALSE FALSE  TRUE  TRUE FALSE FALSE
[301]  TRUE  TRUE FALSE FALSE  TRUE  TRUE  TRUE  TRUE  TRUE  TRUE  TRUE FALSE
[313]  TRUE  TRUE  TRUE  TRUE  TRUE  TRUE  TRUE FALSE

