
Birth-death simulation object with 174 species and 74 extant species

Details for some species:

Extinction times (NA means extant)
[1] 36.63773 36.59249 39.08360 40.82831 34.28300 38.67223


Speciation times 
[1] 46.31901 44.28567 41.60078 42.36602 37.40583 41.10321


Species parents (NA for initial)
[1] NA  1  1  2  2  4


Species status (extinct or extant)
[1] "extinct" "extinct" "extinct" "extinct" "extinct" "extinct"


For more details on vector y, try sim$y, with y one of
TE TS PAR EXTANT



$TE
  [1] 36.637727226 36.592490644 39.083601972 40.828312440 34.283000394
  [6] 38.672226597 34.981375314 27.724406438 13.274164961 22.801307323
 [11] 17.943268586 11.771129395 12.375126710  6.531944710           NA
 [16] 11.633725682 12.896094035 19.508657186  5.331577428 14.876815655
 [21] 11.743954735  7.205634260 12.202706219 11.625902507 11.764996522
 [26]  1.704885635  4.820023934  0.555987037           NA 13.537928665
 [31] 19.504916919 17.451162897           NA           NA 14.129846656
 [36] 11.823793244 11.560068933 12.076312893           NA  4.941471294
 [41] 15.938852492 11.143157134           NA  0.049431768  0.695299205
 [46]           NA           NA 12.235651873 12.703428919           NA
 [51] 15.171254941 12.249209690  6.037856551           NA           NA
 [56]           NA           NA 12.488906097 12.303821607 10.164036043
 [61] 11.955974112  5.952291553           NA           NA  8.628333528
 [66]  5.790798144  4.146402874  4.323287306  5.783207703 13.107921760
 [71]           NA 12.344907093 12.289252157 12.130757535  0.412766144
 [76]  0.883528085  1.246615414 13.684954721           NA           NA
 [81] 12.359643988 12.195214882  8.819537480           NA  2.395114118
 [86]           NA           NA  1.187607336           NA           NA
 [91]           NA           NA 12.899896265           NA  0.873151513
 [96]  4.465726397           NA  2.749258146  2.719780641  5.643862620
[101]           NA  4.922335343  0.095908438 12.239213982  5.703202121
[106]           NA  2.882921353  3.240377159           NA 11.506628954
[111]           NA  2.271192991           NA  1.864187177  0.718618414
[116] 11.842329940           NA           NA           NA           NA
[121]  2.059166120           NA  3.587570235           NA           NA
[126]           NA  6.662077525           NA  7.219392999           NA
[131]           NA           NA           NA  3.124352340  2.777527335
[136]  2.186228148  0.002125174           NA           NA           NA
[141]  1.376959061           NA           NA  3.363983222           NA
[146]           NA  7.060568066  2.267014041           NA           NA
[151]           NA           NA           NA           NA           NA
[156]           NA           NA  4.081313420  3.959731974           NA
[161]  0.520720962           NA           NA           NA           NA
[166]           NA           NA           NA           NA           NA
[171]           NA  4.553896533           NA           NA

$TS
  [1] 46.31901109 44.28566888 41.60077913 42.36602235 37.40582652 41.10320703
  [7] 36.05976530 34.64464316 33.38833508 30.32459220 27.79456042 23.64420088
 [13] 17.09471284 16.32018641 25.81445019 27.63786003 20.96099164 21.63077133
 [19] 15.27769179 15.18207297 13.85734987  7.92874944 22.91340446 16.39702860
 [25] 13.73899776  9.65941422  4.93968488  3.94799898  3.49018858 22.36294473
 [31] 20.86487041 20.29824774 19.45522159 18.09902319 15.76031187 14.68556059
 [37] 14.75759852 12.14237755 11.74725789 10.21255029 21.00236071 14.30688684
 [43]  3.90533523  2.65615845  0.83762657  1.54010982  0.37485171 18.58841399
 [49] 14.07061179  7.70104625 17.98973558 17.01580572 11.40675007  7.42681041
 [55]  5.72211148  5.14163939  1.63010205 14.98259048 14.61828640 14.19272235
 [61] 13.93990005  8.49610886  1.23920772  0.06123799 10.05862902  9.52677839
 [67]  9.42882159  7.58789545  5.82825434 14.10064332 13.98515911 13.59244355
 [73] 13.08251773 12.30996342  1.55519750  2.14089413  1.94165274 15.04388358
 [79]  6.68040413  3.08207135 16.73461097 12.75055567  9.86019749  5.12867798
 [85]  4.49908091  2.80901636  1.39816244  1.54610920  0.23398112  2.36139982
 [91]  2.09717436  2.03064558 13.87565501  1.15238982  9.51563658  8.83202474
 [97]  8.63016178  7.79407893  6.04628757  5.67020138  7.56003579  6.43383385
[103]  6.42663176 12.71028381  8.53517145  7.80871593  7.25854636  5.19973849
[109]  4.94892876 12.42839382 12.66669539  6.30257564  1.06812867  9.34152650
[115]  1.72911090 13.43831009  0.25996060  1.29406187  5.76589245  5.12759412
[121]  8.28559016  7.65114879  4.82497030  0.65574611  4.63668861  3.74819706
[127]  7.34822954  6.28080625  7.67011093  2.45211717  6.60342343  3.60459195
[133]  8.23471866  5.52089078  5.20708868  3.24108468  2.98985924  2.56129845
[139]  0.59250472  0.65666974  2.51922107  1.96382303  0.11487624  4.06679532
[145]  1.96821108  1.52909135  7.24939057  6.13290723  4.55925909  4.01298737
[151]  3.14426403  0.93658854  2.09720155  1.45698778  0.56866524  1.78510521
[157]  7.60139287  6.61644092  4.51637601  0.60919062  4.13974484  1.64617693
[163]  0.28237199  0.78898536  4.74888458  3.11797528  2.16166628  2.95034882
[169]  0.93014006  0.03130918  2.04580106  5.18558673  1.89797746  0.93162195

$PAR
  [1]  NA   1   1   2   2   4   5   5   8   8   9   9   9   9  10  11  11  12
 [19]  13  13  13  14  15  15  15  15  15  15  15  16  16  16  17  17  17  17
 [37]  19  19  19  19  23  24  26  26  28  29  29  33  33  33  34  34  34  34
 [55]  34  34  34  35  36  37  37  39  39  39  40  40  40  40  40  42  42  42
 [73]  42  42  43  44  44  48  50  50  52  52  53  54  54  54  54  55  55  56
 [91]  56  56  61  63  65  65  66  66  66  67  68  68  68  71  71  71  71  71
[109]  71  72  73  79  79  83  91  93  94  95  96  96  97  97  97  97  98  98
[127] 101 102 105 106 107 107 111 111 111 111 111 111 111 113 114 114 117 119
[145] 119 120 121 121 122 122 126 126 128 128 128 131 133 133 133 133 134 145
[163] 145 146 148 148 149 150 150 150 153 157 157 157

$EXTANT
  [1] FALSE FALSE FALSE FALSE FALSE FALSE FALSE FALSE FALSE FALSE FALSE FALSE
 [13] FALSE FALSE  TRUE FALSE FALSE FALSE FALSE FALSE FALSE FALSE FALSE FALSE
 [25] FALSE FALSE FALSE FALSE  TRUE FALSE FALSE FALSE  TRUE  TRUE FALSE FALSE
 [37] FALSE FALSE  TRUE FALSE FALSE FALSE  TRUE FALSE FALSE  TRUE  TRUE FALSE
 [49] FALSE  TRUE FALSE FALSE FALSE  TRUE  TRUE  TRUE  TRUE FALSE FALSE FALSE
 [61] FALSE FALSE  TRUE  TRUE FALSE FALSE FALSE FALSE FALSE FALSE  TRUE FALSE
 [73] FALSE FALSE FALSE FALSE FALSE FALSE  TRUE  TRUE FALSE FALSE FALSE  TRUE
 [85] FALSE  TRUE  TRUE FALSE  TRUE  TRUE  TRUE  TRUE FALSE  TRUE FALSE FALSE
 [97]  TRUE FALSE FALSE FALSE  TRUE FALSE FALSE FALSE FALSE  TRUE FALSE FALSE
[109]  TRUE FALSE  TRUE FALSE  TRUE FALSE FALSE FALSE  TRUE  TRUE  TRUE  TRUE
[121] FALSE  TRUE FALSE  TRUE  TRUE  TRUE FALSE  TRUE FALSE  TRUE  TRUE  TRUE
[133]  TRUE FALSE FALSE FALSE FALSE  TRUE  TRUE  TRUE FALSE  TRUE  TRUE FALSE
[145]  TRUE  TRUE FALSE FALSE  TRUE  TRUE  TRUE  TRUE  TRUE  TRUE  TRUE  TRUE
[157]  TRUE FALSE FALSE  TRUE FALSE  TRUE  TRUE  TRUE  TRUE  TRUE  TRUE  TRUE
[169]  TRUE  TRUE  TRUE FALSE  TRUE  TRUE

