
Birth-death simulation object with 149 species and 54 extant species

Details for some species:

Extinction times (NA means extant)
[1] 32.61335 41.50964 18.04374 38.17770 19.70533 40.89777


Speciation times 
[1] 46.31901 44.74092 41.63156 40.60248 38.21861 41.09077


Species parents (NA for initial)
[1] NA  1  1  1  1  3


Species status (extinct or extant)
[1] "extinct" "extinct" "extinct" "extinct" "extinct" "extinct"


For more details on vector y, try sim$y, with y one of
TE TS PAR EXTANT



$TE
  [1] 3.261335e+01 4.150964e+01 1.804374e+01 3.817770e+01 1.970533e+01
  [6] 4.089777e+01 2.640447e+01 2.806199e-01 2.411350e+01 1.354268e+01
 [11] 3.954685e+01 2.595705e+01 9.950412e+00 4.409689e+00           NA
 [16]           NA 2.186424e+01 2.245595e+01 1.173602e+01 1.188651e+01
 [21] 1.213535e+01 8.772245e+00           NA           NA           NA
 [26]           NA           NA           NA           NA 1.884689e+01
 [31] 2.279598e+01 1.851410e+01 2.531603e+01 1.532683e+01 9.700387e+00
 [36] 6.617510e+00 7.282714e+00           NA 2.971483e+00 2.999541e+00
 [41] 2.855693e+00           NA           NA           NA 1.204517e+01
 [46] 1.332785e+01 1.236032e+01 2.148638e+01 1.242971e+01 1.201900e+01
 [51]           NA 2.365725e+00 2.359445e-04 1.207323e+01 1.376532e+01
 [56] 2.016868e+01 1.590938e+01 1.175037e+01 1.424266e+01 1.158721e+01
 [61] 1.608025e+01 1.206691e+01           NA 4.950767e+00           NA
 [66]           NA 5.786568e-01 1.210486e+01 1.224484e+01 1.516479e+01
 [71] 1.197336e+01 1.551721e+01 6.740164e+00 1.689642e+01 1.232679e+01
 [76] 1.912137e+01 1.287211e+01 8.834402e+00 1.210665e+01           NA
 [81] 4.931656e+00           NA 1.240980e+01 9.021733e+00 6.853304e+00
 [86] 4.049042e+00 6.439681e+00 1.240000e+01 1.419367e+01           NA
 [91] 1.253362e+01 6.757077e+00 5.412822e+00 9.780304e+00           NA
 [96]           NA 1.135837e+00           NA 4.509528e+00           NA
[101]           NA 2.505865e+00 2.146484e+00           NA 1.103040e+00
[106]           NA           NA           NA 1.685882e-01           NA
[111] 3.817415e+00 5.630913e+00           NA 1.762991e+00           NA
[116] 9.596991e-01           NA           NA           NA 1.091992e-01
[121] 4.450717e+00 2.025820e+00           NA           NA           NA
[126] 2.685280e+00           NA 1.024117e-02 1.313934e-01           NA
[131]           NA 5.918534e-01 2.411480e+00           NA           NA
[136]           NA           NA           NA           NA           NA
[141] 2.088377e+00 1.837912e+00           NA           NA 9.161213e-01
[146]           NA           NA           NA           NA

$TS
  [1] 46.31901109 44.74091733 41.63156308 40.60247866 38.21861117 41.09077467
  [7] 33.96516181 21.48043786 26.97786959 20.05865647 40.96143301 30.39596171
 [13] 11.11948940  9.74315520  7.61596230  2.24042619 24.67106062 24.15268318
 [19] 17.86238525 17.33054714 26.10675337 10.55854030  8.79326516  7.48137728
 [25]  5.21483008  6.73158789  5.06929826  4.69225540  1.39465037 24.16423875
 [31] 23.54499102 22.82046769 25.68376521 23.11772597 17.71404237 10.00721617
 [37]  7.56108957  4.95626980  5.42242878  3.06963029  4.27521373  6.63708905
 [43]  0.40919182  0.13584562 19.43678161 22.68488336 20.86367325 22.14404545
 [49] 17.09139400 17.03746859  8.90937755  7.41017876  2.64783850 15.25677440
 [55] 16.64616472 20.59411900 18.33219909 16.74961055 14.76712876 13.18792753
 [61] 22.07200860 21.75696337  7.29218310  6.62623022  4.21417430  2.65546712
 [67]  1.35197632 13.37737156 16.63849283 16.02275010 13.80871921 16.57669838
 [73] 15.52656666 20.27043112 19.24289766 19.15693338 16.00377175 15.74295725
 [79] 13.97510299  0.30076375  5.08391502  0.22843553 13.31294936 11.61816772
 [85]  9.45734151  9.40478835  8.00251530 13.74151263 14.53579583 10.33625358
 [91] 13.00154591  9.01619886  6.33679264 10.15037294  7.12065352  3.24802335
 [97]  2.86294012  0.66768507  8.34473868  9.84076977  7.06119511  6.33160407
[103]  3.48418568  2.24457522  1.48138703  1.39469823  1.45369399  0.23780810
[109]  0.49257766  6.86816449  7.07552711  6.78934013  6.41958448  5.70854367
[115]  5.66780086  4.09560559  1.46439748  1.15911544  0.27159833  6.67305351
[121]  5.66038471  3.23547181  0.70158138  5.35245799  4.23484748  3.90749949
[127]  0.06173290  2.41890237  4.29028565  2.74208681  0.15556643  5.09072632
[133]  3.03109512  0.47269035  3.31739061  0.94911157  0.10358697  1.35607801
[139]  0.71467943  4.66953345  3.43092771  2.80825036  0.42969165  1.75304117
[145]  1.44058315  0.25733170  0.44592901  0.04492627  0.07456328

$PAR
  [1]  NA   1   1   1   1   3   3   3   5   5   6   7   8   8   8   8   9   9
 [19]  10  10  12  13  14  14  14  15  15  15  15  17  17  17  21  21  21  22
 [37]  23  23  24  24  25  26  27  27  30  32  32  34  34  35  36  36  38  45
 [55]  46  47  47  47  47  47  48  48  51  51  51  51  53  54  55  55  55  57
 [73]  58  61  62  62  62  62  62  63  64  65  73  73  73  73  73  75  77  78
 [91]  79  86  86  90  90  90  90  90  92  94  95  95  95  95  95  95  96  96
[109]  98  99 100 100 100 101 101 101 104 107 107 110 110 110 110 111 111 111
[127] 113 114 115 116 118 121 122 124 126 128 128 129 130 132 132 133 134 135
[145] 135 138 140 144 146

$EXTANT
  [1] FALSE FALSE FALSE FALSE FALSE FALSE FALSE FALSE FALSE FALSE FALSE FALSE
 [13] FALSE FALSE  TRUE  TRUE FALSE FALSE FALSE FALSE FALSE FALSE  TRUE  TRUE
 [25]  TRUE  TRUE  TRUE  TRUE  TRUE FALSE FALSE FALSE FALSE FALSE FALSE FALSE
 [37] FALSE  TRUE FALSE FALSE FALSE  TRUE  TRUE  TRUE FALSE FALSE FALSE FALSE
 [49] FALSE FALSE  TRUE FALSE FALSE FALSE FALSE FALSE FALSE FALSE FALSE FALSE
 [61] FALSE FALSE  TRUE FALSE  TRUE  TRUE FALSE FALSE FALSE FALSE FALSE FALSE
 [73] FALSE FALSE FALSE FALSE FALSE FALSE FALSE  TRUE FALSE  TRUE FALSE FALSE
 [85] FALSE FALSE FALSE FALSE FALSE  TRUE FALSE FALSE FALSE FALSE  TRUE  TRUE
 [97] FALSE  TRUE FALSE  TRUE  TRUE FALSE FALSE  TRUE FALSE  TRUE  TRUE  TRUE
[109] FALSE  TRUE FALSE FALSE  TRUE FALSE  TRUE FALSE  TRUE  TRUE  TRUE FALSE
[121] FALSE FALSE  TRUE  TRUE  TRUE FALSE  TRUE FALSE FALSE  TRUE  TRUE FALSE
[133] FALSE  TRUE  TRUE  TRUE  TRUE  TRUE  TRUE  TRUE FALSE FALSE  TRUE  TRUE
[145] FALSE  TRUE  TRUE  TRUE  TRUE

