
Birth-death simulation object with 224 species and 81 extant species

Details for some species:

Extinction times (NA means extant)
[1] 17.75295 38.19687 16.56658 25.72046 15.34850 21.05824


Speciation times 
[1] 46.31901 40.08046 37.18921 34.00086 25.09455 24.33781


Species parents (NA for initial)
[1] NA  1  1  3  3  3


Species status (extinct or extant)
[1] "extinct" "extinct" "extinct" "extinct" "extinct" "extinct"


For more details on vector y, try sim$y, with y one of
TE TS PAR EXTANT



$TE
  [1] 17.7529497 38.1968706 16.5665824 25.7204613 15.3484990 21.0582379
  [7] 19.5070103 12.3047277 32.2366633 11.9763092 21.1665636 22.4527232
 [13] 20.8905523  8.4110774 15.7317300 19.8342521 12.1653746 29.2628156
 [19] 29.5929700 13.5471835 13.1760429 14.2997173 16.9400029 14.9695621
 [25] 13.0693267 13.9814363         NA  3.4533327 12.0904592 15.8999397
 [31] 12.2025542 12.2552137 12.4156125 28.4168986 18.6253417 11.6829721
 [37] 12.3743592 16.2098059 12.3559164 12.3011638 17.8963760         NA
 [43] 13.3090901 16.1868585 17.2918098 17.6150087  1.4878118  4.5752095
 [49]  4.5118711  5.4997090         NA  2.0251923         NA         NA
 [55] 17.3501169 12.2662508 12.3128692 24.3481163 15.1023502 26.9672522
 [61] 17.7803803 15.1146163 12.3704284 11.5728803 13.3585704 12.2838216
 [67]  4.2604881         NA  4.8289110  4.1383645         NA         NA
 [73] 11.6516207         NA         NA         NA         NA         NA
 [79]         NA  4.9080689  5.1542086         NA         NA         NA
 [85]         NA         NA  3.9413174  1.1934663         NA 10.6745179
 [91] 11.6099700 19.9650322 29.0293650 26.7378523  8.9498312  7.4320142
 [97]         NA         NA         NA  6.8588254         NA         NA
[103]         NA  0.8959073  6.4538840         NA         NA         NA
[109]         NA         NA  1.3165934         NA  1.1470303  0.2116934
[115]  2.8778629  2.4942196  0.4744243         NA         NA  2.4707637
[121]         NA         NA         NA 11.8334899         NA  2.2917778
[127] 12.6324958 11.7861778 26.7076712 21.0149266  7.2150661  4.4232845
[133]         NA  4.7363617         NA  0.9615529         NA         NA
[139]  2.3189840         NA         NA 11.9356576         NA         NA
[145]  8.2953271         NA  0.9158166         NA 11.9245976 11.9943001
[151] 13.5877295 15.0960065 12.4097297 11.0295115 19.7585821         NA
[157]  5.1119255         NA         NA         NA  3.5855896         NA
[163]  4.4956690         NA  7.5933246         NA         NA         NA
[169]  5.5252388  5.5857280         NA  5.0031185         NA         NA
[175] 12.2565854 12.2240216 14.2972096 18.2636632         NA  0.3239939
[181]  6.6318391         NA         NA         NA  1.8597007         NA
[187]         NA  8.9142764  4.6462685  1.4687979         NA 14.6606894
[193] 11.8182525 11.5272101 12.4291029         NA  2.1895665         NA
[199]         NA  4.7489542  2.3417860         NA         NA         NA
[205]         NA  6.7221745 12.2935467         NA         NA  4.9972076
[211]  1.7385421  2.6336792         NA  1.2432145 11.7184347 12.1323683
[217]         NA         NA         NA 12.3202448 12.2495048 12.2977352
[223]         NA 12.2892783

$TS
  [1] 46.3190111 40.0804597 37.1892077 34.0008610 25.0945458 24.3378131
  [7] 22.2798661 20.2674676 32.8988860 32.5637859 27.0595768 26.2959405
 [13] 22.1094944 17.9288459 17.3578139 23.6593248 22.2087133 32.3646549
 [19] 31.7898919 22.7798470 18.7924895 15.8990015 22.3351334 23.0872798
 [25] 17.2889003 15.8619233 11.0745033  8.6450702 15.8145252 18.8815405
 [31] 14.5561355 13.0971926 32.2297278 30.7188538 18.8713484 16.6201239
 [37] 16.2663645 18.3890239 17.2647871 15.6207293 18.9320233 18.4225892
 [43] 18.2274120 19.9122303 19.6233190 17.7048302  9.9488505  8.5725215
 [49]  8.4979382  8.2709275  5.3785260  4.5599637  2.9989106  7.2587835
 [55] 18.5219550 16.4946109 13.4487873 25.1125083 16.1881517 29.4426218
 [61] 18.8284440 15.6727689 12.7002499 11.8031689 15.4563020 13.1721818
 [67] 12.2837008 10.6551545  9.7994387  8.6645883  7.4859092  5.9626880
 [73] 18.9884763  7.3801192  6.6121571  6.4056490  5.6046683  7.9695515
 [79]  6.9205413  5.9449202  7.7323836  7.2352465  5.0139160  1.1481605
 [85]  3.9549490  7.2501542  4.2689337  4.2295688  4.0477433 15.7526503
 [91] 13.8689321 24.4869404 29.0752514 28.8497432 12.0471326  8.5727235
 [97]  6.5616994  1.3605720  0.9133254  8.9463416  8.1908816  2.6316010
[103]  1.7945904  2.8107595  7.3459702  7.0649779  4.1205549  0.4244361
[109]  3.3703609  0.3999760  3.4307178  3.2507890  5.5244595  5.4458599
[115]  6.6823823  3.5898970  2.8742364  2.3987933  7.2462568  3.6144211
[121]  3.4459075  2.9900961  2.4479501 14.8458227 11.4017248 12.8308361
[127] 22.0484673 20.4311455 27.9923223 27.2317719  8.8648657  7.4363757
[133]  1.0320034  6.3130540  5.1370053  2.8477356  0.5676096  1.1539655
[139]  3.2094725  5.2604665  0.6782770 11.9524904 11.2001642 10.3184268
[145] 10.5767039  8.4378086  6.9370677 17.6279760 17.2242114 15.8342983
[151] 18.1392121 17.9435617 16.2309745 12.0159888 21.6545978  7.8824344
[157]  7.3261306  4.5999033  0.1886866  2.6324339  4.1739123  6.4072292
[163]  6.0904605  3.4005415 10.0983356  6.1551693  4.1031502 10.6435623
[169]  9.2806304  7.2410175  6.2485805  5.1239672  0.9345141 16.1133945
[175] 14.1974121 13.6708231 16.0780763 20.7746416  3.9565913  3.5416667
[181]  6.6577594  0.1735741  1.7294989  1.2032923  2.2363848  4.7712738
[187]  3.4061425  9.5113299  9.3742728  8.3382829  4.1910870 15.2822546
[193] 14.3240301 12.4760631 13.2973104  0.1224096  3.0343322  2.7921933
[199]  7.4304612  5.1061975  7.7685827  3.5294767  3.9437960  3.1844178
[205]  0.2914900 14.6654146 14.6651412  1.6358134  0.1718422  5.8125385
[211]  4.9930029  3.0604391  1.2201368  2.4358759 13.8549453 13.9300675
[217]  1.5533601  3.6433770  0.7762539 13.1061686 13.1520013 12.5442911
[223]  2.4610704 12.2982499

$PAR
  [1]  NA   1   1   3   3   3   3   3   4   4   4   4   5   5   5   6   7  10
 [19]  10  10  10  10  11  12  14  14  14  14  15  17  17  17  18  18  20  20
 [37]  20  21  21  22  23  23  23  24  24  24  27  27  27  27  27  27  27  28
 [55]  30  30  31  33  33  34  35  36  36  36  39  39  42  42  42  42  42  42
 [73]  45  47  47  47  47  48  48  48  49  49  49  51  52  54  54  54  54  56
 [91]  56  58  60  60  67  68  68  68  68  69  70  71  71  72  74  74  76  76
[109]  77  77  78  78  80  80  82  83  85  85  86  86  88  88  88  90  90  91
[127]  92  92  94  94 100 101 101 106 106 107 109 112 115 119 122 124 125 125
[145] 126 126 126 127 127 127 128 128 128 128 130 131 131 132 135 139 140 143
[163] 143 143 144 146 147 148 148 148 148 148 148 149 150 150 151 155 156 156
[181] 157 158 160 160 164 166 166 168 168 168 171 174 174 175 176 179 186 187
[199] 189 189 190 190 191 191 191 192 192 198 198 199 199 199 199 204 206 207
[217] 208 211 213 215 216 216 218 221

$EXTANT
  [1] FALSE FALSE FALSE FALSE FALSE FALSE FALSE FALSE FALSE FALSE FALSE FALSE
 [13] FALSE FALSE FALSE FALSE FALSE FALSE FALSE FALSE FALSE FALSE FALSE FALSE
 [25] FALSE FALSE  TRUE FALSE FALSE FALSE FALSE FALSE FALSE FALSE FALSE FALSE
 [37] FALSE FALSE FALSE FALSE FALSE  TRUE FALSE FALSE FALSE FALSE FALSE FALSE
 [49] FALSE FALSE  TRUE FALSE  TRUE  TRUE FALSE FALSE FALSE FALSE FALSE FALSE
 [61] FALSE FALSE FALSE FALSE FALSE FALSE FALSE  TRUE FALSE FALSE  TRUE  TRUE
 [73] FALSE  TRUE  TRUE  TRUE  TRUE  TRUE  TRUE FALSE FALSE  TRUE  TRUE  TRUE
 [85]  TRUE  TRUE FALSE FALSE  TRUE FALSE FALSE FALSE FALSE FALSE FALSE FALSE
 [97]  TRUE  TRUE  TRUE FALSE  TRUE  TRUE  TRUE FALSE FALSE  TRUE  TRUE  TRUE
[109]  TRUE  TRUE FALSE  TRUE FALSE FALSE FALSE FALSE FALSE  TRUE  TRUE FALSE
[121]  TRUE  TRUE  TRUE FALSE  TRUE FALSE FALSE FALSE FALSE FALSE FALSE FALSE
[133]  TRUE FALSE  TRUE FALSE  TRUE  TRUE FALSE  TRUE  TRUE FALSE  TRUE  TRUE
[145] FALSE  TRUE FALSE  TRUE FALSE FALSE FALSE FALSE FALSE FALSE FALSE  TRUE
[157] FALSE  TRUE  TRUE  TRUE FALSE  TRUE FALSE  TRUE FALSE  TRUE  TRUE  TRUE
[169] FALSE FALSE  TRUE FALSE  TRUE  TRUE FALSE FALSE FALSE FALSE  TRUE FALSE
[181] FALSE  TRUE  TRUE  TRUE FALSE  TRUE  TRUE FALSE FALSE FALSE  TRUE FALSE
[193] FALSE FALSE FALSE  TRUE FALSE  TRUE  TRUE FALSE FALSE  TRUE  TRUE  TRUE
[205]  TRUE FALSE FALSE  TRUE  TRUE FALSE FALSE FALSE  TRUE FALSE FALSE FALSE
[217]  TRUE  TRUE  TRUE FALSE FALSE FALSE  TRUE FALSE

