
Birth-death simulation object with 268 species and 114 extant species

Details for some species:

Extinction times (NA means extant)
[1] 32.08949 43.53358 22.92124 35.24947 26.24253 23.37585


Speciation times 
[1] 46.31901 44.42034 35.60148 35.39126 33.45256 29.53512


Species parents (NA for initial)
[1] NA  1  1  1  1  3


Species status (extinct or extant)
[1] "extinct" "extinct" "extinct" "extinct" "extinct" "extinct"


For more details on vector y, try sim$y, with y one of
TE TS PAR EXTANT



$TE
  [1] 32.08948772 43.53357792 22.92124239 35.24947030 26.24252855 23.37585442
  [7] 15.80283456 12.27232727 28.44718547 27.99454557 24.86368298  4.53254543
 [13] 13.12734361 12.38646660 26.53661450 17.74072299 11.76957547 11.89162784
 [19] 12.02095764 12.42815404  5.63586525  7.11857277          NA          NA
 [25] 19.45313693 11.85472177 12.10227776 18.39439281 17.96439487 13.99915194
 [31]          NA  9.75357935 11.92353418 12.09020818  6.50207901 12.22322247
 [37]  4.66178289  6.46462238          NA  0.16661880          NA          NA
 [43]  0.84677726 11.80769085 11.90509326 12.16472315 21.24233581 16.36490106
 [49] 12.30714348 15.58884775 11.04868949          NA 12.43439414 12.02250591
 [55]  4.56907965  7.03688934  1.24970920 12.24425233  2.67419552  6.66826085
 [61] 11.99813866 12.13492811 11.83218255 11.81827477 11.91624428          NA
 [67]          NA          NA 10.13697850 12.30185566 19.93313804  8.25437463
 [73] 14.07175603 11.77545979 10.13249032  6.58282492  7.47823575          NA
 [79]          NA 11.90642063          NA          NA  1.13361559  3.29049964
 [85]  6.68791757          NA  1.74038272  4.66382151  0.73753563          NA
 [91] 12.08998494 11.82669442          NA 12.34749935  6.67606509          NA
 [97] 21.48667969  6.22642173  4.45789258 12.41819897 12.44916823 11.69043572
[103]  5.18737293  1.19397537  2.76493542  2.55552189  0.68938301          NA
[109]  7.36779520          NA          NA          NA  4.74593141          NA
[115]  5.53858120          NA          NA  1.66870243  4.67035006  1.83512296
[121]          NA  4.16814532  8.63692171          NA          NA          NA
[127]  8.72649999  3.23297830          NA  1.86359910          NA 12.30029081
[133]          NA  4.59974961  6.96372391  5.40157859  4.50097906          NA
[139]          NA  1.33137339  3.57531283          NA  4.80305674          NA
[145]          NA  3.84534873          NA  3.92903471          NA  5.22217478
[151]          NA          NA          NA          NA          NA          NA
[157]  2.83615459          NA  0.77408746          NA  0.98543528          NA
[163]          NA  4.78197996          NA  0.14089975 10.54772514  9.13459260
[169]          NA  6.77645294  5.91806965  6.64357379  1.89351484  1.38193610
[175]  2.57161587          NA  7.23140780          NA          NA  6.03689265
[181]  1.05440851          NA          NA  3.57072158          NA          NA
[187]  4.90357233  4.37482677          NA          NA          NA  0.41347219
[193]  0.41923997          NA          NA          NA          NA          NA
[199]          NA  6.40160659          NA          NA  1.35919626          NA
[205]  0.32599660          NA  3.54136359  7.72868088  0.97578025  5.56740834
[211]          NA          NA  1.79735937  1.30952041          NA          NA
[217]  5.33133124  0.29049613  0.17844885          NA          NA          NA
[223]          NA  3.35636537          NA          NA          NA          NA
[229]          NA          NA          NA          NA          NA  0.64885062
[235]          NA          NA          NA          NA          NA  4.23736363
[241]          NA  5.16873999          NA          NA          NA  1.28633101
[247]          NA          NA          NA          NA  3.76525931          NA
[253]          NA          NA          NA          NA          NA          NA
[259]          NA          NA          NA          NA  0.92738548  3.93190075
[265]  1.49749729          NA          NA  0.04096722

$TS
  [1] 46.31901109 44.42034162 35.60147821 35.39125790 33.45256221 29.53511762
  [7] 28.05089332 32.60017174 30.70079673 28.10242091 26.41278423 23.15738660
 [13] 21.38354551 21.12826850 30.90567113 27.13446971 21.24050470 19.18225142
 [19] 13.67009772 15.71696371 10.20390048 10.19147377  7.73911778  5.13714051
 [25] 19.48553779 17.15855732 15.49465198 26.26676339 18.17903969 21.12183141
 [31] 19.44681432 14.60328589 14.90363234 14.55883941 13.01581416 12.73298021
 [37]  8.70439876  7.19595734  5.22647788  1.93626467  0.14164168  3.28146846
 [43]  2.34267442 15.25253211 15.15435106 12.52217318 22.58116629 22.49737504
 [49] 21.58897177 18.94007413 17.07832965 16.56697553 13.24837063 13.01231895
 [55] 12.05127495  8.80091595  8.50702819 12.61283887 10.54043676 10.20415519
 [61] 13.69072501 13.36606951 13.20905729 12.73203519 14.06961630  0.67067348
 [67]  2.02128421  2.29282277 14.35332045 13.41989106 21.94293088 16.73619760
 [73] 15.69588288 15.35840914 11.41254879  9.25609525  8.67363441  6.85045037
 [79]  3.55414295 12.06126618 11.15709569  9.20654420  8.29127802  7.51699602
 [85]  7.22861903  5.57963456  9.63774823  9.60381437  3.06763113  8.02031230
 [91] 13.06019315 11.84745846  1.31980767 13.09393545 10.61449776 10.22310153
 [97] 21.78296376  9.21300019  8.73535417 14.72822227 14.25472708 12.63268840
[103]  9.14306330  8.26922083  8.17103910  8.49441254  2.56120737  2.52953812
[109]  7.38312360  9.12417258  8.03095378  7.60777051  6.93926427  2.98650077
[115]  6.88645615  5.43918478  1.44063507  5.57958627  5.14211002  3.20524792
[121]  9.55335615  4.34389985  8.99782817  7.79637581  3.14342216  0.88328954
[127]  9.84801037  9.34052302  0.51204066  6.70905490  6.53123739 12.95702152
[133] 12.81769151  8.52934611  8.12769262  8.05314137  7.64503275  7.60425858
[139]  3.73654801  3.50695790  7.53144620  7.52408147  5.23806159  4.36785576
[145]  1.67855383  7.61629796  5.91729458  5.63317602  1.06612463  6.79903464
[151]  3.87028807  2.11825941  5.58724219  1.25003004  0.82861760  6.69793501
[157]  9.18828670  7.49651580  6.96916855  2.82626964  1.96496342  1.16710272
[163]  9.09326113  5.34504526  5.58277834  3.77861324 12.16273248 11.27121362
[169]  8.69650901  8.34362312  7.52784948  7.44538940  7.32949830  5.70954289
[175]  5.54880986  7.64026866  7.54813642  6.60406429  6.43515844  6.90075011
[181]  6.54665252  7.35533226  7.34575509  6.83207175  2.20511062  5.97453534
[187]  7.03896699  6.68591543  4.38076435  0.45975069  5.66594296  3.94680833
[193]  1.48086759  0.83133186  0.77842778  2.57262461  0.60249072  2.53341610
[199]  5.16295236  6.56997695  1.65948628  0.58734319  1.87732085  1.90933789
[205]  1.50533686  4.79925153  8.40626980  7.73323009  3.33711771  6.29587875
[211]  2.76617255  1.94734151  4.50298332  3.88750125  3.02943642  2.63812708
[217]  7.34347741  5.92843843  5.53976577  4.76638430  6.64185119  5.32251382
[223]  4.55213252  4.45663327  5.48917868  5.03227674  3.82083300  3.66186384
[229]  3.38525513  0.47636230  1.99310621  7.13606679  6.84084684  6.56975221
[235]  6.42464562  5.39713352  3.97109053  2.32797107  5.45408480  4.93730689
[241]  1.32279815  5.54411428  0.56786500  2.62321707  3.75275104  3.91301013
[247]  0.77289453  0.29568943  1.48537350  6.42402509  4.61544587  3.24521494
[253]  0.83196740  3.01116834  3.18827596  2.18382008  0.73580791  0.59501357
[259]  3.01574322  0.02473850  0.83963103  0.06277156  4.43160228  4.08467161
[265]  4.01420844  0.59226321  2.44685511  0.45269456

$PAR
  [1]  NA   1   1   1   1   3   3   5   5   6   7   7   7   7   8   8   8   8
 [19]   8  12  12  12  12  12  13  14  14  16  16  17  17  18  20  20  20  20
 [37]  21  22  23  23  23  24  24  26  26  26  28  28  28  30  30  31  31  31
 [55]  31  31  31  32  32  32  33  33  33  33  34  39  42  43  45  45  47  49
 [73]  49  49  51  52  52  52  52  54  55  55  56  56  57  57  59  59  59  60
 [91]  62  64  67  69  69  69  71  72  72  74  74  74  76  76  76  77  78  79
[109]  81  82  82  82  82  82  83  83  83  84  86  86  87  87  88  88  90  90
[127]  95  96  96  98  98 100 101 103 103 104 104 104 104 104 106 106 106 106
[145] 108 110 111 111 111 112 112 112 113 114 114 115 121 124 124 125 125 125
[163] 127 128 130 131 133 133 133 133 133 133 133 133 133 134 134 134 134 137
[181] 137 138 138 138 140 141 142 142 142 144 146 146 147 149 149 153 155 156
[199] 157 158 158 158 159 160 160 164 169 169 169 173 173 173 174 175 175 175
[217] 177 181 181 181 182 182 183 183 187 188 191 191 191 192 199 207 207 207
[235] 207 218 218 218 219 219 219 221 222 223 224 226 226 226 234 235 235 235
[253] 235 236 237 237 237 237 239 244 245 247 250 251 251 253 259 266

$EXTANT
  [1] FALSE FALSE FALSE FALSE FALSE FALSE FALSE FALSE FALSE FALSE FALSE FALSE
 [13] FALSE FALSE FALSE FALSE FALSE FALSE FALSE FALSE FALSE FALSE  TRUE  TRUE
 [25] FALSE FALSE FALSE FALSE FALSE FALSE  TRUE FALSE FALSE FALSE FALSE FALSE
 [37] FALSE FALSE  TRUE FALSE  TRUE  TRUE FALSE FALSE FALSE FALSE FALSE FALSE
 [49] FALSE FALSE FALSE  TRUE FALSE FALSE FALSE FALSE FALSE FALSE FALSE FALSE
 [61] FALSE FALSE FALSE FALSE FALSE  TRUE  TRUE  TRUE FALSE FALSE FALSE FALSE
 [73] FALSE FALSE FALSE FALSE FALSE  TRUE  TRUE FALSE  TRUE  TRUE FALSE FALSE
 [85] FALSE  TRUE FALSE FALSE FALSE  TRUE FALSE FALSE  TRUE FALSE FALSE  TRUE
 [97] FALSE FALSE FALSE FALSE FALSE FALSE FALSE FALSE FALSE FALSE FALSE  TRUE
[109] FALSE  TRUE  TRUE  TRUE FALSE  TRUE FALSE  TRUE  TRUE FALSE FALSE FALSE
[121]  TRUE FALSE FALSE  TRUE  TRUE  TRUE FALSE FALSE  TRUE FALSE  TRUE FALSE
[133]  TRUE FALSE FALSE FALSE FALSE  TRUE  TRUE FALSE FALSE  TRUE FALSE  TRUE
[145]  TRUE FALSE  TRUE FALSE  TRUE FALSE  TRUE  TRUE  TRUE  TRUE  TRUE  TRUE
[157] FALSE  TRUE FALSE  TRUE FALSE  TRUE  TRUE FALSE  TRUE FALSE FALSE FALSE
[169]  TRUE FALSE FALSE FALSE FALSE FALSE FALSE  TRUE FALSE  TRUE  TRUE FALSE
[181] FALSE  TRUE  TRUE FALSE  TRUE  TRUE FALSE FALSE  TRUE  TRUE  TRUE FALSE
[193] FALSE  TRUE  TRUE  TRUE  TRUE  TRUE  TRUE FALSE  TRUE  TRUE FALSE  TRUE
[205] FALSE  TRUE FALSE FALSE FALSE FALSE  TRUE  TRUE FALSE FALSE  TRUE  TRUE
[217] FALSE FALSE FALSE  TRUE  TRUE  TRUE  TRUE FALSE  TRUE  TRUE  TRUE  TRUE
[229]  TRUE  TRUE  TRUE  TRUE  TRUE FALSE  TRUE  TRUE  TRUE  TRUE  TRUE FALSE
[241]  TRUE FALSE  TRUE  TRUE  TRUE FALSE  TRUE  TRUE  TRUE  TRUE FALSE  TRUE
[253]  TRUE  TRUE  TRUE  TRUE  TRUE  TRUE  TRUE  TRUE  TRUE  TRUE FALSE FALSE
[265] FALSE  TRUE  TRUE FALSE

