
Birth-death simulation object with 297 species and 127 extant species

Details for some species:

Extinction times (NA means extant)
[1] 39.91630 32.10009 26.89656 34.52600 32.98827 37.83579


Speciation times 
[1] 46.31901 45.95887 45.75141 45.81444 36.53917 45.64048


Species parents (NA for initial)
[1] NA  1  1  2  2  3


Species status (extinct or extant)
[1] "extinct" "extinct" "extinct" "extinct" "extinct" "extinct"


For more details on vector y, try sim$y, with y one of
TE TS PAR EXTANT



$TE
  [1] 39.91629972 32.10009229 26.89656217 34.52600038 32.98827364 37.83578672
  [7] 41.82578315 33.42350882 32.95538194 29.43417121 30.07765523 29.43332681
 [13] 27.64334194 29.64551412 29.71173608 27.81758870 21.31301401 24.85664259
 [19] 26.54651905 22.75070999 24.26649461 11.98831806 12.21155033 23.21290601
 [25] 23.97818008  1.44228124 21.96948836 23.09438651 16.18071506 12.13800541
 [31] 12.36493812          NA 16.33196978 29.03062265 26.05886676 21.38837844
 [37] 15.14597244 12.21168656 16.23720541 11.77386333          NA          NA
 [43] 14.94266098 19.29063833 26.51256202 20.82188590 12.34139269  5.25940616
 [49]          NA 16.23911715 11.00588429 12.17329210 11.79605730 12.28820301
 [55] 11.61507527 12.30804844 11.63670084  5.96472323  4.06490605 14.41609195
 [61] 22.82390460 11.69488009 17.45990404 11.94735245 11.98559875  2.69594180
 [67]          NA 23.03856346 13.72294548 11.94739024  7.58782997  8.44992777
 [73]          NA 14.82219285  2.46701629 12.39336687 15.39088985  5.74690297
 [79] 11.99103393 12.21224212 13.14458246 11.81594399 11.82209736  8.42672336
 [85]          NA 12.12087105          NA 11.71640339 11.82729758 17.13227773
 [91] 12.23793638  0.54777849          NA 12.24963251  4.34251828  2.37915195
 [97]          NA 14.12728671          NA          NA          NA          NA
[103]  2.70945450 11.79469018  7.14765532          NA  8.36631475          NA
[109]          NA          NA          NA 16.82589236 18.01076878 17.03203724
[115] 13.90998037  0.87255113  6.88569191          NA 17.58004370          NA
[121] 12.36805514 12.21926673  7.45709331          NA          NA  2.00962438
[127]  1.71367636  0.62710084          NA  1.19394845  4.25754495  1.14438162
[133]  1.85201027          NA 11.73871229  0.69897488  7.01037427  3.89734977
[139]          NA  4.84226342          NA  1.63964226          NA          NA
[145]          NA          NA          NA          NA          NA 17.30791438
[151]  5.63217391  6.35720072          NA          NA          NA 11.87535369
[157] 12.30559283  0.21179632          NA 14.54874060 11.54609524 12.07544811
[163]          NA          NA 12.19359955  4.52222308          NA          NA
[169]  2.66302851          NA  2.84110357          NA          NA  4.10282718
[175]  6.40687738  3.23039129          NA 11.79897360          NA  3.76962567
[181]          NA          NA  3.50397493          NA          NA          NA
[187]          NA          NA          NA          NA 10.87690847  8.64192652
[193]  9.31619324          NA  1.63971067  2.30290096  3.92005463          NA
[199]          NA 12.11512429  1.43705074  4.31751674          NA  0.12103532
[205]  2.71229489  4.56734601          NA          NA          NA          NA
[211]  1.02996605          NA          NA          NA          NA          NA
[217]          NA          NA          NA  4.09006168          NA          NA
[223]  3.71919791          NA          NA          NA  0.06564844          NA
[229]          NA          NA          NA          NA          NA  0.29786821
[235]          NA 12.26920317          NA  9.33694038          NA          NA
[241]          NA          NA          NA  2.61630232          NA  2.24314497
[247]          NA          NA  1.17842021          NA          NA          NA
[253]          NA          NA          NA  1.03412693          NA          NA
[259]          NA          NA  8.71712346          NA          NA  0.97298251
[265]  0.49006270          NA  0.23157531          NA  0.16790023  6.28681987
[271]          NA          NA  2.88089523          NA          NA  4.77822160
[277]  2.37950155          NA          NA          NA  4.90014347          NA
[283]          NA  0.38854709          NA          NA          NA          NA
[289]          NA  2.90120436  1.32116989          NA          NA          NA
[295]          NA          NA          NA

$TS
  [1] 46.31901109 45.95886633 45.75140804 45.81443778 36.53917274 45.64048239
  [7] 42.43663704 38.09488950 36.36250399 29.87661785 43.28559434 39.59184078
 [13] 33.10310626 34.40279848 34.09285224 34.01322999 40.06320904 35.20422193
 [19] 33.00562858 34.39640871 29.56941425 32.99060055 32.26701778 30.64749483
 [25] 28.05223345 32.66730717 27.31023935 28.09748763 25.50489772 23.65811914
 [31] 17.86246904 16.98983416 16.55182996 32.15769099 30.01421770 25.78525960
 [37] 18.10074620 14.03804183 18.93726643 15.17251755  9.24022236  8.13878020
 [43] 22.59346022 22.16058166 28.09024100 23.36389554 18.72515927 18.52837311
 [49] 18.86059913 18.57473138 14.89670415 14.45054473 14.25269509 14.19137279
 [55] 13.63953422 16.83537467 14.70382302 13.86283196  6.09887149 29.70679647
 [61] 28.38687389 17.99490022 17.70499224 16.37451061 15.00208114  8.05723687
 [67]  1.65385379 27.39403019 15.07847790 18.33399469 11.42378909 11.26230847
 [73]  7.94720771 17.50172757  7.91510483 18.45014833 16.94143371 11.13542704
 [79] 12.94849688 13.07853453 14.65590091 12.93827631 12.20991644 11.22600668
 [85]  5.22518941 26.29747313 25.40173769 18.51951347 17.03232026 23.48438236
 [91] 12.47593368  1.31726594  0.99661935 15.00387120 11.37813762  8.23134181
 [97]  7.29679384 16.40306851 16.29695175  7.58564083  4.56114664  4.35465860
[103]  3.10547975 15.60130522 11.09427193 10.74728440  8.45715336  7.98901734
[109]  5.13895789  4.87980989  3.14535595 20.68313660 19.59916517 20.93745117
[115] 13.93072257 11.11223199  7.86309554  0.27356676 17.78716813 14.06137630
[121] 21.45652411 18.70175108  9.31155895  8.85495876  8.11189156  6.39965010
[127]  4.83490086  4.62106510  3.39746456  1.30369892 13.02873765  5.51646286
[133]  2.91850494  3.41950330 12.06970498  9.41712609  9.47541870  6.63784020
[139]  6.37466207  4.91347259  1.92454529  6.06589400  4.03724046  0.48188637
[145]  0.38087080  2.89074260  0.01349978  2.96013677  0.66469615 19.26463698
[151]  8.53339288  7.47825866  7.08862367  5.87389424  4.32682097 12.84354978
[157] 12.45105666  9.43270430  6.21348507 18.49336721 18.27648105 17.50574948
[163] 17.41010395 13.48313480 12.27881735  8.83093960  7.07301559  7.03765576
[169]  4.96307461  2.21201184  3.72293812  3.34743958  3.11796803 11.14033712
[175]  9.59301616  7.61683741  1.46908855 11.91163452  1.10465428  6.52665777
[181]  2.51141220  0.69289192  7.33932081  2.43646034  0.43898741  3.32314098
[187]  1.43679752  8.21771562  7.63359279  0.95228951 16.35252816 11.04201458
[193] 10.95888762  6.52681860  6.11221378  5.14027385  4.35241759  3.85466787
[199]  2.29076058 12.78879900 10.92527887  8.11572203  6.94848740  0.53026754
[205]  7.01077202  5.42029822  1.80262077  1.52201783  1.86095287  1.16557647
[211]  3.39876264  2.06413168  1.90754819  1.28930588  2.14807301  1.73906176
[217]  0.60672319  8.28160265  9.51631944  4.86642332  3.65798012  1.09181499
[223]  4.93514523  0.76750898  0.46658061  6.58347978  4.51503105  4.02853727
[229]  3.61262313  1.82621390  1.75090825  1.39844601  0.14007528  0.74794586
[235]  0.07744273 14.36389474 10.11244885  9.90222493  1.50349761  3.35089058
[241]  3.01035383  0.29495406  1.54480336  7.91562636  7.33867244  7.01685933
[247]  4.82650570  0.74851857  1.76032046  0.14250968  1.35297207  7.38946706
[253]  0.24865588  0.39307632  4.53086226  1.42457992  0.98757377 10.02379336
[259]  5.51517685  1.50993614  9.50646909  0.09353789  6.62745010  1.71142119
[265]  1.09158232  2.58297227  1.99178667  0.27783658  4.14250555  7.93436685
[271]  0.34954842  4.73961664  4.70581352  1.38513676  1.54390033  7.54615650
[277]  2.92878270  1.28405273  7.32804832  7.21107931  6.71214968  5.22478951
[283]  3.05547979  1.24529560  5.52579999  4.87644953  5.02852551  3.05712636
[289]  4.15000347  3.12292468  2.42180850  2.87891894  4.22301646  1.56868944
[295]  0.91739456  0.53443284  0.22985454

$PAR
  [1]  NA   1   1   2   2   3   3   3   3   3   4   4   5   8   8   9  11  11
 [19]  11  12  13  14  14  14  16  19  20  21  21  22  22  22  22  23  23  23
 [37]  23  23  26  26  26  26  27  27  28  29  29  29  30  30  30  30  30  31
 [55]  31  32  32  32  32  35  35  37  37  39  40  42  42  45  47  48  48  48
 [73]  48  49  49  50  50  51  52  55  57  57  57  58  59  60  60  60  60  61
 [91]  65  67  67  70  71  71  73  74  74  75  75  75  75  76  78  78  78  78
[109]  85  85  85  86  86  87  87  87  87  87  88  89  90  90  95  95  96  96
[127]  96  97  97  97  99  99 101 102 104 105 106 106 106 106 106 108 109 109
[145] 109 110 110 111 111 112 116 116 116 116 116 120 120 120 120 121 121 121
[163] 121 121 122 124 124 125 126 126 128 128 128 131 131 131 132 135 136 138
[181] 142 148 152 153 153 154 154 158 158 158 163 163 163 163 163 163 163 163
[199] 163 164 164 164 164 164 166 166 167 167 168 168 171 172 172 172 173 173
[217] 173 174 175 176 176 177 180 181 181 183 183 183 183 189 189 189 189 190
[235] 190 191 192 193 194 196 198 198 201 202 202 202 202 207 213 214 215 218
[253] 222 225 226 228 229 237 237 237 238 242 245 245 245 247 247 248 255 258
[271] 260 263 263 266 269 270 272 275 276 276 276 276 279 279 280 280 282 282
[289] 285 285 285 286 287 287 293 294 296

$EXTANT
  [1] FALSE FALSE FALSE FALSE FALSE FALSE FALSE FALSE FALSE FALSE FALSE FALSE
 [13] FALSE FALSE FALSE FALSE FALSE FALSE FALSE FALSE FALSE FALSE FALSE FALSE
 [25] FALSE FALSE FALSE FALSE FALSE FALSE FALSE  TRUE FALSE FALSE FALSE FALSE
 [37] FALSE FALSE FALSE FALSE  TRUE  TRUE FALSE FALSE FALSE FALSE FALSE FALSE
 [49]  TRUE FALSE FALSE FALSE FALSE FALSE FALSE FALSE FALSE FALSE FALSE FALSE
 [61] FALSE FALSE FALSE FALSE FALSE FALSE  TRUE FALSE FALSE FALSE FALSE FALSE
 [73]  TRUE FALSE FALSE FALSE FALSE FALSE FALSE FALSE FALSE FALSE FALSE FALSE
 [85]  TRUE FALSE  TRUE FALSE FALSE FALSE FALSE FALSE  TRUE FALSE FALSE FALSE
 [97]  TRUE FALSE  TRUE  TRUE  TRUE  TRUE FALSE FALSE FALSE  TRUE FALSE  TRUE
[109]  TRUE  TRUE  TRUE FALSE FALSE FALSE FALSE FALSE FALSE  TRUE FALSE  TRUE
[121] FALSE FALSE FALSE  TRUE  TRUE FALSE FALSE FALSE  TRUE FALSE FALSE FALSE
[133] FALSE  TRUE FALSE FALSE FALSE FALSE  TRUE FALSE  TRUE FALSE  TRUE  TRUE
[145]  TRUE  TRUE  TRUE  TRUE  TRUE FALSE FALSE FALSE  TRUE  TRUE  TRUE FALSE
[157] FALSE FALSE  TRUE FALSE FALSE FALSE  TRUE  TRUE FALSE FALSE  TRUE  TRUE
[169] FALSE  TRUE FALSE  TRUE  TRUE FALSE FALSE FALSE  TRUE FALSE  TRUE FALSE
[181]  TRUE  TRUE FALSE  TRUE  TRUE  TRUE  TRUE  TRUE  TRUE  TRUE FALSE FALSE
[193] FALSE  TRUE FALSE FALSE FALSE  TRUE  TRUE FALSE FALSE FALSE  TRUE FALSE
[205] FALSE FALSE  TRUE  TRUE  TRUE  TRUE FALSE  TRUE  TRUE  TRUE  TRUE  TRUE
[217]  TRUE  TRUE  TRUE FALSE  TRUE  TRUE FALSE  TRUE  TRUE  TRUE FALSE  TRUE
[229]  TRUE  TRUE  TRUE  TRUE  TRUE FALSE  TRUE FALSE  TRUE FALSE  TRUE  TRUE
[241]  TRUE  TRUE  TRUE FALSE  TRUE FALSE  TRUE  TRUE FALSE  TRUE  TRUE  TRUE
[253]  TRUE  TRUE  TRUE FALSE  TRUE  TRUE  TRUE  TRUE FALSE  TRUE  TRUE FALSE
[265] FALSE  TRUE FALSE  TRUE FALSE FALSE  TRUE  TRUE FALSE  TRUE  TRUE FALSE
[277] FALSE  TRUE  TRUE  TRUE FALSE  TRUE  TRUE FALSE  TRUE  TRUE  TRUE  TRUE
[289]  TRUE FALSE FALSE  TRUE  TRUE  TRUE  TRUE  TRUE  TRUE

