
Birth-death simulation object with 258 species and 71 extant species

Details for some species:

Extinction times (NA means extant)
[1] 36.45295 26.88136 37.73344 27.06622 32.51881 33.67784


Speciation times 
[1] 46.31901 41.98736 40.09734 39.43556 37.31497 33.73880


Species parents (NA for initial)
[1] NA  1  2  2  2  2


Species status (extinct or extant)
[1] "extinct" "extinct" "extinct" "extinct" "extinct" "extinct"


For more details on vector y, try sim$y, with y one of
TE TS PAR EXTANT



$TE
  [1] 3.645295e+01 2.688136e+01 3.773344e+01 2.706622e+01 3.251881e+01
  [6] 3.367784e+01 1.203676e+01 1.886103e+01 1.339889e+01 3.193829e+01
 [11] 2.569818e+01 3.102281e+01 2.298751e+01 2.668609e+01 1.941208e+01
 [16] 1.151104e+01 1.172475e+01 3.410730e+01 2.913084e+01 3.504068e+01
 [21] 2.671067e+01 2.599921e+01 1.378440e+01 3.697110e+01 2.427450e+01
 [26] 2.222077e+01 2.461373e+01 1.393481e+01 2.716290e+01 1.576239e+01
 [31] 1.584647e+01 1.225288e+01 1.938044e+01 1.244737e+01 1.323942e+01
 [36] 2.634513e+01 2.086305e+01 1.464425e+01 2.035253e+01 1.523595e+01
 [41] 2.240414e+01 2.123675e+01 1.603507e+01 2.883011e+01 2.541663e+01
 [46] 1.447424e+01 2.184902e+01 2.501106e+01 1.211807e+01 1.768950e+01
 [51] 1.182414e+01 1.938244e+01 1.199100e+01 1.549796e+01 5.922909e+00
 [56] 1.596209e+01 1.222364e+01 8.425686e+00 1.236586e+01 1.164416e+01
 [61] 1.135590e+01 1.170344e+01 1.271692e+01 2.946447e+01 2.012591e+01
 [66] 2.334457e+01 1.358939e+01 1.892930e+01 1.146357e+01 1.682472e+01
 [71] 2.097038e+01 1.223300e+01 1.235269e+01 1.667459e+01 1.210483e+01
 [76] 1.185441e+01 1.492705e+01 1.486647e+01 1.195247e+01 1.193611e+01
 [81] 1.195550e+01           NA 1.173879e+01 6.316624e+00 8.112675e+00
 [86] 1.614460e+00 8.630538e+00 1.259241e+01 1.243760e+01 1.149249e+01
 [91] 2.264419e+01 1.700815e+01 1.673326e+01 2.264705e+01 1.886019e+01
 [96] 1.502267e+01 1.211969e+01 2.285151e+01 1.564703e+01 1.322984e+01
[101] 1.235152e+01 1.151642e+01 1.243410e+01 1.204022e+01 1.235019e+01
[106] 1.333083e+01 1.465792e+01 1.330608e+01           NA           NA
[111] 3.430770e+00           NA 7.644952e-02 1.235052e+01           NA
[116]           NA           NA 8.157710e+00 8.091351e+00 1.631049e+00
[121] 1.176435e+01 1.277496e+01 1.363138e+01 1.238016e+01 1.206866e+01
[126] 4.464345e+00           NA 8.280658e+00           NA           NA
[131] 1.433419e+01 1.242192e+01 1.230265e+01 5.681045e-01 6.732845e+00
[136]           NA           NA           NA           NA 7.099884e+00
[141]           NA           NA           NA 5.520695e+00 1.433394e+00
[146]           NA 8.795756e+00 7.885193e+00 3.339657e+00           NA
[151] 1.153535e+01 1.745585e+01 1.778053e+01 1.558654e+01 1.560407e+01
[156] 1.231438e+01 1.220859e+01 2.327878e+00 2.698181e+00 5.654416e+00
[161] 6.795888e+00 7.130191e+00 9.456560e-01 2.634425e-01 4.152245e+00
[166] 4.077442e+00           NA 1.321046e+00           NA           NA
[171] 1.734791e+01 1.637462e+01           NA           NA           NA
[176]           NA           NA           NA           NA           NA
[181]           NA 5.326576e-04 4.329900e+00           NA 3.146531e+00
[186] 1.493463e+00           NA           NA           NA           NA
[191]           NA 7.228211e+00 6.055219e+00 6.538611e+00 5.920614e+00
[196]           NA           NA           NA           NA           NA
[201]           NA 1.196085e+01 1.202890e+01 1.238389e+01 4.626595e+00
[206] 8.723985e-01           NA           NA           NA 1.500109e+00
[211] 4.859015e+00 5.330227e+00 1.204300e+00 4.847766e+00           NA
[216]           NA 1.929084e+00 2.051950e+00           NA           NA
[221]           NA           NA           NA           NA 2.910484e+00
[226]           NA           NA           NA           NA 1.279795e+01
[231] 1.238866e+01 6.751572e+00           NA           NA           NA
[236] 3.839990e+00           NA 1.257255e+00 1.792515e+00 2.108012e-01
[241] 3.951715e+00 1.161015e+01 2.261415e+00 6.032660e+00 5.236305e+00
[246]           NA           NA           NA           NA           NA
[251]           NA 3.218297e+00 4.807422e+00           NA           NA
[256]           NA 2.352803e+00 8.505024e+00

$TS
  [1] 46.31901109 41.98736335 40.09733517 39.43555973 37.31496581 33.73880330
  [7] 27.01844079 39.69305643 38.58210522 34.93030304 34.68507867 33.51188144
 [13] 30.00873207 28.13260654 23.26254557 18.14214792 13.95249836 39.68730169
 [19] 36.83355565 35.48996269 34.50212470 28.45519029 25.84485040 37.63526370
 [25] 35.04479285 28.90053302 29.93277984 26.66078496 30.12671965 29.15011651
 [31] 31.98671670 29.61169513 24.59702685 17.58252546 17.14477186 31.40806431
 [37] 27.70211644 28.59625881 27.99625770 24.66415526 25.46400859 22.77679140
 [43] 16.21313886 29.99623630 27.97881310 28.69606995 27.55015310 26.76962495
 [49] 23.89569018 20.88984768 17.43883971 26.12433542 20.25575369 15.56388775
 [55] 24.44796144 20.39411448 13.98750743 13.32457031 16.45385918 14.62382500
 [61] 14.24660129 13.50806187 13.31306431 30.34242814 25.01058552 23.86047087
 [67] 27.30748659 20.81390150 20.56268549 22.90911701 21.06341133 15.65509055
 [73] 27.51208014 19.38573387 17.21157083 16.77420741 16.34835894 16.04382633
 [79] 15.32353737 17.10237659 13.12895653 22.41065975 20.31528357 11.97026681
 [85] 11.95810052 10.91598569  8.87450939 12.83750546 12.77485628 13.39854661
 [91] 22.95375718 21.81254766 20.93519420 23.20510223 19.23374787 15.90737377
 [97] 14.45192741 23.54039810 20.65026212 18.06851136 15.16035425 14.50752085
[103] 13.24664154 12.40059487 14.54970784 16.84574683 14.72780482 13.94490686
[109] 11.99300759 10.69943275  9.83947219  0.72611193  0.24297712 18.38702820
[115] 11.10024015  9.52554393  9.37268148  8.95556542  9.53063309  8.86632754
[121] 12.58602669 19.97700412 13.69490315 12.93406190 16.38009662 11.14970651
[127]  8.39518924  9.69362862  2.66755462  4.38048048 18.30448992 16.36145839
[133] 14.00030911  9.23505467  7.62710259  4.19696907  3.64687224  1.88889774
[139]  9.25965880  8.57208980  8.41210393  7.07659788  5.44703960  7.51434323
[145]  1.87857743  1.03521993  8.85724729  8.30901968  8.69731314  8.55053426
[151] 11.83509945 18.40852312 18.15795377 16.25762114 16.17574220 15.15435030
[157] 12.67130390 10.04870281  9.04396024  8.54694573  8.44042757  8.30142531
[163]  7.43221535  4.45994110  8.79605647  8.37245511  2.59093857  2.47466659
[169]  2.16028733 17.90524503 17.37496734 16.53067878  6.96513548  2.98944805
[175]  2.05721213  1.96212927  1.30108939  3.65094310  0.58984309  0.14825379
[181]  8.33797455  8.31603049  7.75857086  7.71725825  3.34003642  3.77341148
[187]  4.76762270  6.99065942  0.22912506  0.63091617  6.39271675  8.39392593
[193]  7.21097906  7.27451397  6.61623575  1.36030042  3.52165263  1.76271796
[199]  7.80902790  7.58657100  1.80816583 14.38967888 13.89149861 12.76449076
[205]  9.48140816  2.11486590  1.87950747  3.97698115  0.79693340  3.40101183
[211]  6.48819102  5.83424527  7.11990475  7.05037340  1.65783000  0.70310301
[217]  2.85153155  2.24567020  6.94633695  1.08496674  4.80976476  1.06417642
[223]  1.05194409  0.99073101  2.99494633  0.64036068  6.51657701  1.58230371
[229]  0.69379632 13.24798253 12.64964679  9.41565482  7.99182381  3.34077519
[235]  2.77482733  6.67248062  6.23147458  6.14091406  2.63156569  0.94528336
[241]  4.55570915 12.49640787  7.30832031  6.29079402  5.58308627  4.03486677
[247]  1.81751221  0.22823484  4.15885824  2.25542570  2.02378100 11.69552344
[253]  5.00711743  0.09812479  3.41745461  0.43738608  9.48772428  8.57238345

$PAR
  [1]  NA   1   2   2   2   2   2   3   4   4   4   4   4   4   7   7   7   8
 [19]   8   8   8   8   8   9   9   9  13  13  19  19  21  21  23  23  23  25
 [37]  25  26  26  27  28  28  28  29  29  30  30  30  31  31  31  32  32  32
 [55]  33  33  34  34  35  35  35  35  35  36  37  37  38  39  39  40  40  40
 [73]  46  46  49  49  49  49  51  53  53  55  55  55  55  55  55  57  57  61
 [91]  65  65  65  67  69  69  72  73  73  73  75  76  76  76  79  80  80  80
[109]  81  82  82  82  82  83  84  84  84  84  85  87  90  99 105 105 106 109
[127] 109 110 110 111 114 114 114 115 115 115 115 115 116 116 116 116 116 117
[145] 117 117 119 119 120 120 121 122 122 122 125 125 125 126 126 126 126 127
[163] 127 127 128 128 129 129 130 131 131 131 134 134 134 134 134 136 138 138
[181] 139 139 141 141 141 142 143 144 146 150 160 161 161 163 163 163 164 164
[199] 165 165 167 170 170 170 170 170 170 173 181 182 183 183 184 184 184 184
[217] 187 187 188 188 191 191 196 196 197 197 200 200 200 202 202 205 205 208
[235] 210 213 213 213 217 220 221 231 232 233 236 237 237 237 238 238 238 242
[253] 243 246 249 250 252 257

$EXTANT
  [1] FALSE FALSE FALSE FALSE FALSE FALSE FALSE FALSE FALSE FALSE FALSE FALSE
 [13] FALSE FALSE FALSE FALSE FALSE FALSE FALSE FALSE FALSE FALSE FALSE FALSE
 [25] FALSE FALSE FALSE FALSE FALSE FALSE FALSE FALSE FALSE FALSE FALSE FALSE
 [37] FALSE FALSE FALSE FALSE FALSE FALSE FALSE FALSE FALSE FALSE FALSE FALSE
 [49] FALSE FALSE FALSE FALSE FALSE FALSE FALSE FALSE FALSE FALSE FALSE FALSE
 [61] FALSE FALSE FALSE FALSE FALSE FALSE FALSE FALSE FALSE FALSE FALSE FALSE
 [73] FALSE FALSE FALSE FALSE FALSE FALSE FALSE FALSE FALSE  TRUE FALSE FALSE
 [85] FALSE FALSE FALSE FALSE FALSE FALSE FALSE FALSE FALSE FALSE FALSE FALSE
 [97] FALSE FALSE FALSE FALSE FALSE FALSE FALSE FALSE FALSE FALSE FALSE FALSE
[109]  TRUE  TRUE FALSE  TRUE FALSE FALSE  TRUE  TRUE  TRUE FALSE FALSE FALSE
[121] FALSE FALSE FALSE FALSE FALSE FALSE  TRUE FALSE  TRUE  TRUE FALSE FALSE
[133] FALSE FALSE FALSE  TRUE  TRUE  TRUE  TRUE FALSE  TRUE  TRUE  TRUE FALSE
[145] FALSE  TRUE FALSE FALSE FALSE  TRUE FALSE FALSE FALSE FALSE FALSE FALSE
[157] FALSE FALSE FALSE FALSE FALSE FALSE FALSE FALSE FALSE FALSE  TRUE FALSE
[169]  TRUE  TRUE FALSE FALSE  TRUE  TRUE  TRUE  TRUE  TRUE  TRUE  TRUE  TRUE
[181]  TRUE FALSE FALSE  TRUE FALSE FALSE  TRUE  TRUE  TRUE  TRUE  TRUE FALSE
[193] FALSE FALSE FALSE  TRUE  TRUE  TRUE  TRUE  TRUE  TRUE FALSE FALSE FALSE
[205] FALSE FALSE  TRUE  TRUE  TRUE FALSE FALSE FALSE FALSE FALSE  TRUE  TRUE
[217] FALSE FALSE  TRUE  TRUE  TRUE  TRUE  TRUE  TRUE FALSE  TRUE  TRUE  TRUE
[229]  TRUE FALSE FALSE FALSE  TRUE  TRUE  TRUE FALSE  TRUE FALSE FALSE FALSE
[241] FALSE FALSE FALSE FALSE FALSE  TRUE  TRUE  TRUE  TRUE  TRUE  TRUE FALSE
[253] FALSE  TRUE  TRUE  TRUE FALSE FALSE

