
Birth-death simulation object with 187 species and 75 extant species

Details for some species:

Extinction times (NA means extant)
[1] 31.43276 34.23629 18.51267 41.33983 40.16598 39.26425


Speciation times 
[1] 46.31901 43.66023 35.77240 43.57150 43.24760 42.44809


Species parents (NA for initial)
[1] NA  1  1  2  2  2


Species status (extinct or extant)
[1] "extinct" "extinct" "extinct" "extinct" "extinct" "extinct"


For more details on vector y, try sim$y, with y one of
TE TS PAR EXTANT



$TE
  [1] 31.4327610 34.2362856 18.5126672 41.3398301 40.1659848 39.2642475
  [7] 12.7317808 30.9237593 20.4022316 18.7447600 18.9385629 41.3157709
 [13] 25.1968129 37.1812615 40.4526757 26.0779243 12.2320871 18.4974033
 [19] 19.1246301 12.1988717 18.7455372 31.3144966 21.4481074 34.3098871
 [25] 26.5895701 26.4616640 20.6853723 21.2850858 15.6633118 17.9574314
 [31] 12.1340423 18.3438945 22.0833422  7.8595050 11.9088748 12.1003825
 [37] 32.7296806 30.3888616 30.4529509 21.6007195 18.5440777 22.4595345
 [43] 17.4731932 16.7736304 17.3387307 16.6703162 12.4238404 11.4727725
 [49] 12.3417062 12.0715163 12.3492006 30.2605863 29.1767711 20.7654262
 [55] 16.2781249 12.3721570 12.1873100 25.0805476 19.2780709 12.5889337
 [61] 16.1613898 11.8355706 11.6648831 12.1244799 12.2694880 20.3046758
 [67] 17.1837195 19.5651911 12.3532612 12.2738118 24.9389862 11.9738944
 [73]         NA 13.3921805 20.4731539 16.3888690 11.9274731 12.4384518
 [79] 13.2993279 11.5981062 12.0128103  9.3720270  1.6341393         NA
 [85]         NA         NA         NA         NA 13.9251185 11.9119362
 [91]  6.8446348  0.5975365  1.8717730  6.8283157         NA  5.8442094
 [97]         NA         NA  1.9271681         NA         NA 13.9127805
[103]  0.2379950  5.3572995  4.8492199  2.1707601         NA         NA
[109]  5.7861703         NA  5.6637682         NA         NA         NA
[115]         NA         NA         NA         NA         NA         NA
[121]         NA         NA  0.6833582         NA  6.8532872  3.8785315
[127]  3.4065188         NA         NA         NA         NA         NA
[133]         NA         NA         NA  3.0711186         NA         NA
[139]         NA         NA         NA         NA         NA         NA
[145]  2.1772451         NA  1.2570245         NA         NA  0.8763556
[151]         NA         NA         NA         NA  2.0902230         NA
[157]         NA         NA         NA         NA         NA         NA
[163]         NA  0.1202226  5.8072764         NA         NA         NA
[169]  0.3771116         NA         NA  0.3385793         NA         NA
[175]         NA         NA         NA  0.1057954         NA  0.8757401
[181]         NA         NA         NA         NA         NA         NA
[187]         NA

$TS
  [1] 46.31901109 43.66023026 35.77240352 43.57149910 43.24759841 42.44809117
  [7] 35.22765642 31.45267151 29.65737581 22.61289762 21.46417667 42.05549891
 [13] 40.30869710 41.92416817 41.70841155 28.70363509 24.67236709 27.49971363
 [19] 26.47024951 21.58134278 20.93529427 32.18531405 27.92739020 39.40510894
 [25] 38.97810276 41.42178245 23.53050364 22.30330900 20.14521864 19.37180438
 [31] 12.47614169 23.99981616 22.63970902 24.09332697 23.06857216 17.59309401
 [37] 32.91491295 31.10169052 41.20935941 35.28270611 30.08227174 28.21085557
 [43] 21.90751114 18.91674066 19.09354298 19.02451126 15.58076157 12.60026711
 [49] 15.89815823 15.42883962 12.51734887 30.95051471 31.28348773 22.10303853
 [55] 21.69253919 26.11716637 18.84077467 28.16386392 24.14601685 18.14605116
 [61] 18.91410659 13.57157952 12.85759342 13.20171267 12.44570594 30.62561076
 [67] 21.59391586 21.58503149 20.30435258 13.51303294 26.36249188 18.10223669
 [73] 13.18163292 16.21755436 20.67888155 19.67246541 17.92352035 16.47176151
 [79] 16.42491729 13.38771882 15.03440513 14.64090011 12.35596621  4.72689806
 [85]  1.58644596  1.26690652  1.14502970  1.02777468 14.68432826 14.50339506
 [91] 11.16095110 11.48806709 10.60967102  9.83107623  8.87735488  8.44167466
 [97]  8.40385663  6.10099001  3.50094243  2.36900094  1.28892451 14.23803077
[103]  9.94231769  7.18521982  7.08446551  6.97186392 11.02288153  5.88058766
[109]  7.75393545  3.02964811  9.24707961  6.08478961  6.64653383  6.62451015
[115]  2.23565777  1.42554442  5.82368214  2.51482911  9.40990179  5.07022935
[121]  3.81714337  1.28246077  6.46639193  4.91464141  6.87757103  6.65376571
[127]  5.44670302  5.37945994  3.52904474  2.49649120  2.43646327  2.33684194
[133]  2.22487963  0.93696524  5.76099446  3.48632135  1.90940710  1.43665455
[139]  0.99418316  2.39815928  8.64990895  8.44398745  3.43824970  2.65012483
[145]  2.33751604  1.03016335  4.57363590  1.55415260  4.18696650  4.03147090
[151]  5.34089708  3.65908134  3.83236214  3.80035854  2.82943579  0.64639000
[157]  0.99189837  0.84052956  1.40563531  0.30964573  0.27080567  0.04216545
[163]  6.22881559  8.15136117  6.83695424  6.62658337  2.75997605  2.64797079
[169]  1.55660236  2.09012493  1.87409863  1.50297564  2.60100234  0.53343125
[175]  0.11224103  1.93271392  3.06773282  1.68069788  5.21252251  2.28603199
[181]  1.54521273  1.36070734  0.87771450  1.58666774  0.54491024  0.35481851
[187]  0.26964796

$PAR
  [1]  NA   1   1   2   2   2   3   3   3   3   3   4   5   6   6   7   7   9
 [19]   9   9  11  13  13  14  14  15  17  17  17  17  17  18  18  19  19  20
 [37]  25  25  26  26  26  26  27  30  32  32  34  34  35  36  36  38  39  40
 [55]  40  41  41  42  42  43  45  49  49  50  51  52  54  55  56  56  58  60
 [73]  60  61  68  69  69  69  69  70  72  72  73  73  73  73  73  73  77  79
 [91]  82  83  83  83  83  83  83  83  83  83  85  89  91  91  91  91  92  92
[109]  93  93  94  96  97  97  97  97  98  98 103 103 103 103 104 105 106 106
[127] 106 107 107 108 108 110 110 110 111 112 114 117 117 118 119 119 119 120
[145] 120 120 123 123 124 126 127 127 128 128 128 129 130 130 132 134 137 140
[163] 141 142 142 142 142 142 143 144 151 151 152 153 161 163 164 164 166 167
[181] 168 172 176 177 181 181 181

$EXTANT
  [1] FALSE FALSE FALSE FALSE FALSE FALSE FALSE FALSE FALSE FALSE FALSE FALSE
 [13] FALSE FALSE FALSE FALSE FALSE FALSE FALSE FALSE FALSE FALSE FALSE FALSE
 [25] FALSE FALSE FALSE FALSE FALSE FALSE FALSE FALSE FALSE FALSE FALSE FALSE
 [37] FALSE FALSE FALSE FALSE FALSE FALSE FALSE FALSE FALSE FALSE FALSE FALSE
 [49] FALSE FALSE FALSE FALSE FALSE FALSE FALSE FALSE FALSE FALSE FALSE FALSE
 [61] FALSE FALSE FALSE FALSE FALSE FALSE FALSE FALSE FALSE FALSE FALSE FALSE
 [73]  TRUE FALSE FALSE FALSE FALSE FALSE FALSE FALSE FALSE FALSE FALSE  TRUE
 [85]  TRUE  TRUE  TRUE  TRUE FALSE FALSE FALSE FALSE FALSE FALSE  TRUE FALSE
 [97]  TRUE  TRUE FALSE  TRUE  TRUE FALSE FALSE FALSE FALSE FALSE  TRUE  TRUE
[109] FALSE  TRUE FALSE  TRUE  TRUE  TRUE  TRUE  TRUE  TRUE  TRUE  TRUE  TRUE
[121]  TRUE  TRUE FALSE  TRUE FALSE FALSE FALSE  TRUE  TRUE  TRUE  TRUE  TRUE
[133]  TRUE  TRUE  TRUE FALSE  TRUE  TRUE  TRUE  TRUE  TRUE  TRUE  TRUE  TRUE
[145] FALSE  TRUE FALSE  TRUE  TRUE FALSE  TRUE  TRUE  TRUE  TRUE FALSE  TRUE
[157]  TRUE  TRUE  TRUE  TRUE  TRUE  TRUE  TRUE FALSE FALSE  TRUE  TRUE  TRUE
[169] FALSE  TRUE  TRUE FALSE  TRUE  TRUE  TRUE  TRUE  TRUE FALSE  TRUE FALSE
[181]  TRUE  TRUE  TRUE  TRUE  TRUE  TRUE  TRUE

