
Birth-death simulation object with 269 species and 79 extant species

Details for some species:

Extinction times (NA means extant)
[1] 34.81331 50.73851 33.63267 32.68690 20.24668 18.85539


Speciation times 
[1] 52.75889 51.07421 42.18102 35.22215 39.93120 38.66034


Species parents (NA for initial)
[1] NA  1  1  1  3  3


Species status (extinct or extant)
[1] "extinct" "extinct" "extinct" "extinct" "extinct" "extinct"


For more details on vector y, try sim$y, with y one of
TE TS PAR EXTANT



$TE
  [1] 34.8133109 50.7385141 33.6326738 32.6869049 20.2466848 18.8553931
  [7] 32.1118519 26.1153923 16.9774329 29.6322417 20.5495797 15.3360191
 [13] 18.8677541 29.4340623 15.0428103 18.2496263 18.6820795 27.1757423
 [19] 26.4846684 26.6863276 12.3320150 17.1881364 11.9661038 18.8341141
 [25] 25.8827209 18.7557461 20.9631381 18.7743261 24.6240537 19.8402630
 [31] 15.9489305 15.1651641 22.1394131 17.4547060 13.7661925 13.9225040
 [37]  9.3648300 16.5134140 20.6829592 18.2760192  9.1270020 22.9739227
 [43] 23.2660756 23.1859141 18.6217727 17.9807703 14.5244757 13.7840671
 [49] 13.1048496 18.8153192 17.4355421 16.0368450 17.3682167 21.4368435
 [55] 10.3173781 13.7679121 28.9656316 15.1766558 11.1731688 14.2930893
 [61] 16.0612520 17.8009977 12.2138718 15.1678491 18.3156663 17.8699441
 [67] 15.7615387 12.2488900 13.5425932 11.0052513 17.7162897 15.4500820
 [73] 17.7146354 13.5341012 13.7637611  0.4164672  5.8527812  9.0388555
 [79] 21.8624770 21.5891276 15.2966813 18.5038932 13.0022524  9.7216209
 [85] 13.4155172 11.0119738 13.0201524 20.0351947 19.9129846 18.4239991
 [91] 15.2319427 10.9225326 11.0441861 10.5169891 16.8412599  9.5799815
 [97] 11.9008164 16.5816908 13.7627524  9.3560733 12.1006955 16.1525426
[103] 16.9147342 16.4118939 13.3448788 12.2804599 10.5347519 13.2204753
[109] 13.7406633  3.0894960  2.5146333         NA         NA 17.0668102
[115] 17.8581977 20.1610211 13.7980575 10.8468887 11.5347082 12.8722432
[121] 12.5334934 12.1452609 16.7945506 12.9576637         NA 16.1265471
[127] 11.3777708  8.5570990 13.7260203 10.1792614 11.9179039 18.2381897
[133] 14.0066279 17.9539543 11.2841402 11.5024009 10.5811804  9.8067691
[139] 13.2119377         NA         NA  1.4043765  0.4865243         NA
[145]  2.3493291         NA         NA         NA         NA         NA
[151] 16.7604709 13.6510870 12.6282239 13.0466410 10.6683348 18.8431134
[157] 16.0597662  2.5226130         NA         NA 15.0657854  3.1794518
[163]  2.4025486  2.1675135 12.7189908         NA         NA         NA
[169]         NA         NA  0.1812880  3.6379698  2.3046176         NA
[175]  1.4860846         NA  3.8153513  3.3316858  3.1676443         NA
[181] 14.3722869  4.9205233         NA  1.5850101  4.5995366  0.1870279
[187]         NA  3.2640616         NA  1.7164220         NA         NA
[193]         NA  5.1593448  3.8862812         NA         NA  2.7167284
[199]         NA         NA         NA         NA         NA         NA
[205]         NA         NA         NA  1.4395158         NA  1.9467877
[211]  3.0726251  1.2657886         NA         NA  0.2444346         NA
[217]  0.2167417  0.6680387  6.1223383  2.6837318  4.2621355         NA
[223]  4.5310505         NA         NA         NA  3.8714573         NA
[229]  1.5072113         NA         NA         NA         NA         NA
[235]  5.3628773         NA  6.6286632  5.4119310         NA         NA
[241]         NA         NA         NA         NA         NA         NA
[247]  3.1213077         NA         NA         NA         NA  2.5787465
[253]  2.1092778         NA         NA         NA         NA         NA
[259]         NA  1.1598596         NA         NA         NA         NA
[265]         NA         NA  2.3508226         NA         NA

$TS
  [1] 52.75889149 51.07421011 42.18101739 35.22215025 39.93120282 38.66033788
  [7] 34.63531805 34.32433717 37.83688742 32.38844739 23.27953225 27.65038663
 [13] 32.97108301 32.18650961 28.83323098 35.27125947 31.97464679 31.65364066
 [19] 30.06846636 29.34948137 28.00138970 24.17387720 20.25491953 30.42683702
 [25] 25.98390745 25.79348935 23.01484046 21.63842094 29.93441227 20.81596198
 [31] 19.47641685 27.36757019 26.35835908 20.99646297 17.36884691 16.17712187
 [37] 15.63399934 24.80060623 24.69632141 20.11009487 19.00684959 29.19534324
 [43] 28.79617809 23.51411762 25.00313109 18.09941263 16.80872390 14.96926967
 [49] 14.86145625 23.60991653 18.95219435 18.49903798 18.12353978 23.34053721
 [55] 22.57657564 20.01864738 29.81569116 29.51821856 20.12647032 17.52089933
 [61] 16.85556659 25.45676957 23.73706475 17.57262119 25.67831050 19.00936901
 [67] 17.16437079 15.21316567 17.15187409 16.72365074 23.09267109 18.60290395
 [73] 18.19901026 15.94603285 14.32162898 10.60461743 10.43596643  9.79598277
 [79] 25.95334391 23.82506004 20.69144330 20.56356585 14.94196457 14.37498348
 [85] 21.85375784 17.58446400 17.77109739 21.37476551 20.46590755 19.73143337
 [91] 15.24262526 14.70748585 18.11043453 17.69855908 17.30317515 15.20578251
 [97] 14.36365857 17.26985885 15.03781910 14.92777614 16.38587246 17.28759152
[103] 24.50654348 20.51312676 18.15510708 13.74754506 18.13752401 16.64844979
[109] 15.58919075  9.79005678  4.94105155  4.39856974  8.78939661 23.03345500
[115] 22.80444937 22.50501098 14.53126652 12.02295608 11.63936494 16.21694543
[121] 15.12783958 14.69477022 20.63880006 13.14382880 11.24485315 16.69325724
[127] 11.69570619 11.56257039 14.14994881 13.86471910 11.96921496 24.43003400
[133] 17.66526835 18.58618160 14.61615383 13.76285608 17.59127147 13.60164748
[139] 13.24685776  6.88420671  5.78314271  5.29127564  4.41904274  4.30741586
[145]  4.68389897  3.90623496  0.16205713  8.08791264  5.94310308  0.04942306
[151] 20.33205114 14.44340230 13.08720740 13.79820072 13.16261577 19.58817436
[157] 17.24971702  9.55070497  8.04547013  5.57389722 16.43331563  8.57109689
[163] 14.87496544 13.02820653 12.86598955  4.41713933  2.04937784  3.42753402
[169]  2.98341924  3.45186097  0.82578338  4.22346877  3.75190775  3.18077217
[175]  2.85650215  1.20335782  5.35488262  4.19677328  4.61084996  2.71837141
[181] 14.41991353  7.27656421  6.55560883  5.97928916  7.66523089  1.27316339
[187]  0.42797022  5.00296570  6.74967546  5.80980413  4.86555167  4.22247397
[193]  9.55246213  6.94254709  4.76260776  4.28328631  1.92803543  2.89403334
[199]  1.99460016  1.45230834  4.06436679  3.68706546  1.73984911  4.91930694
[205]  4.51263656  1.94782808  4.77270772  4.87467531  2.34702012  6.05955355
[211]  4.91215834  2.64823335  3.64025327  2.33113826  1.59317529  0.53516661
[217]  8.23175443  8.13940227  6.27196774  4.75174953  4.61609222  4.51577026
[223]  6.29340730  4.06335968  1.17373429  0.95715741  4.44690383  0.84578636
[229]  4.01536108  3.39873930  3.78867990  1.52034487  6.89780496  6.21723770
[235]  5.41389374  2.39564362  6.87491611  6.37568800  0.46102108  5.08389846
[241]  2.48900621  4.41255630  1.46687351  0.25093080  5.90394261  4.83715513
[247]  4.33132084  4.10238496  0.46070789  0.77328565  0.65081039  6.30378761
[253]  4.14840830  1.00688997  4.80701332  2.35081301  3.66432031  1.44093343
[259]  2.78944368  1.91885002  0.87042586  0.14658861  4.39015538  1.86874122
[265]  1.09457130  1.13167081  2.64492520  2.10347551  0.76536075

$PAR
  [1]  NA   1   1   1   3   3   3   4   5   5   5   6   7   8   8   9   9   9
 [19]   9   9   9   9   9  10  12  12  12  12  13  13  13  15  15  15  15  15
 [37]  15  16  16  16  16  17  17  17  21  21  21  21  21  22  22  23  23  24
 [55]  26  26  29  29  30  31  31  32  32  32  33  34  35  36  38  38  39  40
 [73]  41  41  41  41  41  41  42  42  45  45  48  48  50  52  53  55  55  55
 [91]  55  55  59  59  59  59  59  60  60  60  61  64  65  65  66  70  71  72
[109]  74  76  76  76  77  79  79  79  85  86  86  87  87  87  88  92  92  93
[127]  93  93  97  97 100 103 103 104 105 105 107 107 108 110 110 110 110 110
[145] 111 112 112 113 113 113 114 120 121 122 122 123 123 125 125 125 126 128
[163] 133 135 135 140 140 141 141 142 144 145 145 146 146 146 148 148 149 149
[181] 152 158 158 158 159 159 160 162 163 163 163 163 164 164 164 166 167 168
[199] 170 170 172 173 175 177 179 180 183 184 184 185 188 189 192 192 192 192
[217] 193 193 193 193 193 193 194 195 200 202 205 205 207 208 211 212 217 217
[235] 217 217 218 218 222 223 224 227 230 232 234 234 234 234 234 236 236 238
[253] 242 242 245 245 246 246 248 248 248 250 252 255 256 257 259 263 268

$EXTANT
  [1] FALSE FALSE FALSE FALSE FALSE FALSE FALSE FALSE FALSE FALSE FALSE FALSE
 [13] FALSE FALSE FALSE FALSE FALSE FALSE FALSE FALSE FALSE FALSE FALSE FALSE
 [25] FALSE FALSE FALSE FALSE FALSE FALSE FALSE FALSE FALSE FALSE FALSE FALSE
 [37] FALSE FALSE FALSE FALSE FALSE FALSE FALSE FALSE FALSE FALSE FALSE FALSE
 [49] FALSE FALSE FALSE FALSE FALSE FALSE FALSE FALSE FALSE FALSE FALSE FALSE
 [61] FALSE FALSE FALSE FALSE FALSE FALSE FALSE FALSE FALSE FALSE FALSE FALSE
 [73] FALSE FALSE FALSE FALSE FALSE FALSE FALSE FALSE FALSE FALSE FALSE FALSE
 [85] FALSE FALSE FALSE FALSE FALSE FALSE FALSE FALSE FALSE FALSE FALSE FALSE
 [97] FALSE FALSE FALSE FALSE FALSE FALSE FALSE FALSE FALSE FALSE FALSE FALSE
[109] FALSE FALSE FALSE  TRUE  TRUE FALSE FALSE FALSE FALSE FALSE FALSE FALSE
[121] FALSE FALSE FALSE FALSE  TRUE FALSE FALSE FALSE FALSE FALSE FALSE FALSE
[133] FALSE FALSE FALSE FALSE FALSE FALSE FALSE  TRUE  TRUE FALSE FALSE  TRUE
[145] FALSE  TRUE  TRUE  TRUE  TRUE  TRUE FALSE FALSE FALSE FALSE FALSE FALSE
[157] FALSE FALSE  TRUE  TRUE FALSE FALSE FALSE FALSE FALSE  TRUE  TRUE  TRUE
[169]  TRUE  TRUE FALSE FALSE FALSE  TRUE FALSE  TRUE FALSE FALSE FALSE  TRUE
[181] FALSE FALSE  TRUE FALSE FALSE FALSE  TRUE FALSE  TRUE FALSE  TRUE  TRUE
[193]  TRUE FALSE FALSE  TRUE  TRUE FALSE  TRUE  TRUE  TRUE  TRUE  TRUE  TRUE
[205]  TRUE  TRUE  TRUE FALSE  TRUE FALSE FALSE FALSE  TRUE  TRUE FALSE  TRUE
[217] FALSE FALSE FALSE FALSE FALSE  TRUE FALSE  TRUE  TRUE  TRUE FALSE  TRUE
[229] FALSE  TRUE  TRUE  TRUE  TRUE  TRUE FALSE  TRUE FALSE FALSE  TRUE  TRUE
[241]  TRUE  TRUE  TRUE  TRUE  TRUE  TRUE FALSE  TRUE  TRUE  TRUE  TRUE FALSE
[253] FALSE  TRUE  TRUE  TRUE  TRUE  TRUE  TRUE FALSE  TRUE  TRUE  TRUE  TRUE
[265]  TRUE  TRUE FALSE  TRUE  TRUE

