
Birth-death simulation object with 173 species and 67 extant species

Details for some species:

Extinction times (NA means extant)
[1] 38.28429 48.26790 45.81859 30.69258 16.81614 49.47681


Speciation times 
[1] 52.75889 50.41254 49.33677 45.87572 38.82764 49.82047


Species parents (NA for initial)
[1] NA  1  1  1  1  2


Species status (extinct or extant)
[1] "extinct" "extinct" "extinct" "extinct" "extinct" "extinct"


For more details on vector y, try sim$y, with y one of
TE TS PAR EXTANT



$TE
  [1] 38.2842888 48.2679009 45.8185942 30.6925834 16.8161403 49.4768141
  [7] 27.0273105 31.0546519 28.5248218 18.9471009 25.8556009 22.7352133
 [13] 17.2485100 16.6677469 18.5370987 13.7567719 13.3990579 14.2116915
 [19] 16.2344920 19.0470568 18.8985595 20.5434567 18.8776950 14.4438405
 [25] 12.6986263 10.8303454 18.1848092 18.3559277 19.0735303 13.1504489
 [31] 14.6088162 22.5286948 22.9930817 19.8477312 18.2955965 16.5540536
 [37] 21.0842779 17.6115299 12.4004115  8.9510809 12.5350041         NA
 [43] 10.0908420 17.9803974 18.0605049 15.5828091 22.7819646 18.3953158
 [49] 15.9648374 15.1633271 16.5879946 18.1913469 18.3565099 23.8328148
 [55] 12.3256956 17.7959118         NA         NA         NA  9.1489199
 [61] 12.4774274 12.4595849 11.4545153  2.8806056  3.2579246         NA
 [67] 18.8032133 12.1485503 13.7912743 17.3877429 16.0392959 18.0515485
 [73] 10.4492486 17.7419772  9.1640027  9.6177159         NA  0.8143969
 [79]         NA 11.0087985         NA         NA 10.2707824  3.5228930
 [85]         NA         NA  9.7721684  3.9504074         NA  1.0691433
 [91]  5.6163284         NA         NA         NA         NA 15.1546736
 [97] 10.8380734 12.7078088 12.6447753  6.2831340         NA         NA
[103]         NA  2.5609159  1.1641224         NA         NA         NA
[109]  0.1044292  3.6492645         NA         NA  1.7547107         NA
[115]         NA  0.8330342         NA         NA 10.5889018  7.0533389
[121]         NA         NA  0.7620308         NA         NA  1.5046964
[127]  2.0343922         NA         NA         NA         NA         NA
[133]         NA         NA  1.2722847         NA         NA         NA
[139]         NA         NA         NA         NA         NA         NA
[145]         NA         NA  1.2989227         NA         NA  2.2713616
[151]  2.0958390         NA         NA         NA  1.4676771  4.3964174
[157]         NA  1.3005869         NA  2.0946978         NA         NA
[163]  0.5744687         NA         NA         NA         NA         NA
[169]  0.8086766  0.5865583         NA         NA         NA

$TS
  [1] 5.275889e+01 5.041254e+01 4.933677e+01 4.587572e+01 3.882764e+01
  [6] 4.982047e+01 3.193494e+01 3.156462e+01 2.984242e+01 2.793276e+01
 [11] 2.776188e+01 2.499644e+01 1.884322e+01 1.744268e+01 2.926942e+01
 [16] 2.625067e+01 1.919919e+01 2.660927e+01 1.726570e+01 2.897459e+01
 [21] 2.608358e+01 2.223663e+01 1.887879e+01 1.461214e+01 1.809848e+01
 [26] 1.621774e+01 2.546136e+01 2.379265e+01 2.043586e+01 1.956310e+01
 [31] 1.651701e+01 2.710852e+01 2.679868e+01 2.121364e+01 2.347302e+01
 [36] 2.215363e+01 2.160451e+01 2.099118e+01 1.445207e+01 1.275539e+01
 [41] 1.270755e+01 1.392252e+01 1.137162e+01 2.433219e+01 1.916751e+01
 [46] 1.861578e+01 2.292384e+01 2.042199e+01 1.929109e+01 1.851136e+01
 [51] 1.702199e+01 2.579038e+01 2.650045e+01 2.486074e+01 1.705940e+01
 [56] 1.980921e+01 1.341273e+01 1.145724e+01 1.135349e+01 1.334345e+01
 [61] 1.278618e+01 1.253195e+01 1.220586e+01 6.684118e+00 6.509958e+00
 [66] 4.032515e+00 2.152098e+01 1.827678e+01 1.735565e+01 1.855571e+01
 [71] 1.611620e+01 1.828706e+01 1.275138e+01 1.843084e+01 1.168293e+01
 [76] 9.784156e+00 6.410519e+00 3.939025e+00 3.322658e+00 1.141432e+01
 [81] 9.526288e+00 3.118634e+00 1.058059e+01 7.695670e+00 3.667215e+00
 [86] 1.203648e+00 1.199115e+01 6.587877e+00 5.543741e+00 5.421516e+00
 [91] 6.233472e+00 5.622966e+00 5.369898e+00 3.927569e+00 7.600424e-01
 [96] 1.569995e+01 1.327145e+01 1.645501e+01 1.267071e+01 1.191388e+01
[101] 5.972781e+00 6.252830e-02 1.024486e+00 7.564009e+00 6.610982e+00
[106] 6.089122e+00 4.449957e+00 7.394770e-01 1.922651e-01 6.414194e+00
[111] 4.852150e+00 5.192881e+00 3.106131e+00 6.205408e+00 4.642585e+00
[116] 5.221628e+00 4.884242e+00 1.567418e+00 1.299546e+01 7.655889e+00
[121] 4.986120e+00 7.119060e+00 5.341245e+00 3.961357e+00 5.221228e+00
[126] 4.456368e+00 3.173174e+00 2.265333e+00 4.408524e+00 3.921634e+00
[131] 5.357651e+00 3.443357e+00 1.593798e+00 4.136880e+00 2.966323e+00
[136] 6.013517e-01 4.720929e+00 4.216758e+00 3.812576e+00 3.559605e+00
[141] 4.813763e+00 4.388284e+00 4.243568e+00 4.103743e+00 3.026709e+00
[146] 7.597809e+00 2.170230e+00 4.090118e+00 3.170992e+00 2.856671e+00
[151] 2.816547e+00 2.336725e+00 1.427700e+00 3.931488e+00 2.338750e+00
[156] 4.856297e+00 6.441906e-04 1.590989e+00 4.823329e-01 2.726807e+00
[161] 2.606823e+00 5.429644e-01 1.372764e+00 1.192237e+00 4.911773e+00
[166] 2.357953e+00 7.653693e-01 1.134781e+00 1.105382e+00 8.349235e-01
[171] 1.788226e+00 2.376377e+00 2.200210e+00

$PAR
  [1]  NA   1   1   1   1   2   4   4   5   5   5   5   5   5   7  10  10  11
 [19]  14  15  15  15  15  16  17  17  18  18  18  18  18  20  20  20  21  21
 [37]  22  22  24  25  25  26  26  27  27  27  28  28  29  30  30  32  33  33
 [55]  36  38  39  40  40  42  42  42  42  42  42  42  44  46  46  48  50  52
 [73]  55  56  57  57  57  57  57  58  58  58  59  59  59  59  60  64  64  64
 [91]  65  65  65  65  66  68  68  69  73  73  77  81  82  84  84  84  84  86
[109]  86  88  88  90  90  91  92  93  93  94  97 100 101 104 104 104 106 106
[127] 107 107 110 112 114 114 114 115 115 115 116 116 116 116 117 117 117 117
[145] 117 120 121 122 122 122 122 123 124 125 127 131 131 132 137 139 139 142
[163] 144 144 146 146 146 149 149 149 152 165 172

$EXTANT
  [1] FALSE FALSE FALSE FALSE FALSE FALSE FALSE FALSE FALSE FALSE FALSE FALSE
 [13] FALSE FALSE FALSE FALSE FALSE FALSE FALSE FALSE FALSE FALSE FALSE FALSE
 [25] FALSE FALSE FALSE FALSE FALSE FALSE FALSE FALSE FALSE FALSE FALSE FALSE
 [37] FALSE FALSE FALSE FALSE FALSE  TRUE FALSE FALSE FALSE FALSE FALSE FALSE
 [49] FALSE FALSE FALSE FALSE FALSE FALSE FALSE FALSE  TRUE  TRUE  TRUE FALSE
 [61] FALSE FALSE FALSE FALSE FALSE  TRUE FALSE FALSE FALSE FALSE FALSE FALSE
 [73] FALSE FALSE FALSE FALSE  TRUE FALSE  TRUE FALSE  TRUE  TRUE FALSE FALSE
 [85]  TRUE  TRUE FALSE FALSE  TRUE FALSE FALSE  TRUE  TRUE  TRUE  TRUE FALSE
 [97] FALSE FALSE FALSE FALSE  TRUE  TRUE  TRUE FALSE FALSE  TRUE  TRUE  TRUE
[109] FALSE FALSE  TRUE  TRUE FALSE  TRUE  TRUE FALSE  TRUE  TRUE FALSE FALSE
[121]  TRUE  TRUE FALSE  TRUE  TRUE FALSE FALSE  TRUE  TRUE  TRUE  TRUE  TRUE
[133]  TRUE  TRUE FALSE  TRUE  TRUE  TRUE  TRUE  TRUE  TRUE  TRUE  TRUE  TRUE
[145]  TRUE  TRUE FALSE  TRUE  TRUE FALSE FALSE  TRUE  TRUE  TRUE FALSE FALSE
[157]  TRUE FALSE  TRUE FALSE  TRUE  TRUE FALSE  TRUE  TRUE  TRUE  TRUE  TRUE
[169] FALSE FALSE  TRUE  TRUE  TRUE

