
Birth-death simulation object with 325 species and 75 extant species

Details for some species:

Extinction times (NA means extant)
[1] 36.01166 44.76589 30.91478 41.21620 42.08729 34.99903


Speciation times 
[1] 52.75889 47.75708 44.56415 42.49946 42.43716 38.29384


Species parents (NA for initial)
[1] NA  1  1  1  1  1


Species status (extinct or extant)
[1] "extinct" "extinct" "extinct" "extinct" "extinct" "extinct"


For more details on vector y, try sim$y, with y one of
TE TS PAR EXTANT



$TE
  [1] 36.01166025 44.76589379 30.91477784 41.21619516 42.08729387 34.99902638
  [7] 28.32601497 39.72735437 37.71610394 29.42486175 29.42567428 29.08282529
 [13] 32.38963412 26.25409846 20.76900993 28.77306926 31.68066583 17.35510769
 [19] 15.83889123 34.72237909 37.39539800 30.70458488 25.46897275 15.07264490
 [25] 23.97017928 17.21566085 17.58870533 17.54936092 17.92212371 22.46196497
 [31] 15.55353915 20.66996744 15.14971174 19.00794041 32.22825517 28.04439225
 [37] 15.99501413 18.80235909 14.10989830 24.59432457 21.48708408 21.48138825
 [43] 16.01592638 25.92037112 19.33450413 12.90294660 17.84582446 19.61981309
 [49] 10.93684153 17.42947611 13.38754016 18.22857242 22.04545436 24.98545077
 [55] 30.60006102 29.74079167 12.16469606 36.46854667 27.54219447 18.99741476
 [61] 18.60095337 14.27838127  9.42487445 19.37026086 17.75779565 16.46473687
 [67]  7.11512098 12.87110596 17.24027447 12.55616917 16.65924245 18.13983338
 [73] 17.07904823 21.47050162 21.24796140 15.36486090 20.69301240 20.06029073
 [79] 18.56075532 12.91416537 12.19031537 18.83382030 15.91445391 17.53734036
 [85] 19.12995935 14.81603993 14.67432976 10.26544162 15.38579680 15.64463869
 [91] 17.17484979 14.03599041 12.12568806  9.29339758          NA  7.51754233
 [97] 18.22015396 18.17315509 13.57983418 15.53040384 16.46669548 17.50508607
[103] 17.91732210 17.96510962 23.90563167 22.48058381 24.84498705 24.94119947
[109] 15.78918357 17.62397179 17.38053688 15.46533941 14.55313340 21.10359732
[115] 20.31060610 20.54904673 23.93371187 17.81589793 16.94348552 17.82989070
[121] 19.52157496 10.06596276 17.12756064 18.43837398 17.11316582 13.78104117
[127] 12.13652763 14.70884832 12.62808205  2.97668238          NA 10.81748293
[133] 20.21787286 16.48275882 17.41475161 18.66491239 13.96162454  6.09963207
[139] 18.15347775 27.19634580 23.53739481 20.01433194 18.36496801 15.43470120
[145] 21.45713322 16.24753135 13.82047898 17.43068965 15.06205364 17.70063988
[151] 18.73540260 19.79033508 13.32100621  4.63397063  8.91930637 13.40662493
[157]          NA          NA  1.94250631          NA  3.24230334 10.53502858
[163] 12.55180440 17.51763528 12.88654443 20.20851647 19.90879618 16.68466015
[169] 17.49205761 18.86199469 12.40352607  5.36602257 13.49140701 11.53301340
[175] 17.97915103 17.61326946 15.36321027 15.25010400  6.31608987          NA
[181]  6.95178874          NA 10.35482145  5.33499016  4.32698342  4.49126416
[187]          NA  3.22193972          NA  2.76667121          NA  1.36521601
[193]          NA  1.97917599          NA 12.10819017 16.49736818 18.66705483
[199] 14.85715940 17.39103897  9.95984701  9.69722626 11.04268005 21.59302735
[205] 16.98087893 13.54055733  9.95465736  7.48384472  5.44147625  3.63000574
[211]          NA          NA          NA  6.84940919          NA          NA
[217]  1.43505583  0.28921372          NA          NA          NA          NA
[223]          NA 10.67107769  7.26654472  6.98322336  0.22319270  0.03188456
[229] 12.03236604          NA 11.20395564 17.52137009 14.40038327 13.52261091
[235] 17.80435682 11.67312320 12.69463257  7.85244994          NA  4.64349100
[241]  2.12192824          NA          NA  0.71579422          NA          NA
[247]          NA  0.46470027          NA  4.86519658          NA          NA
[253]  0.61740202  1.34470529          NA 17.06411968 14.42384664 10.91386551
[259] 14.89963431 13.00212364          NA          NA  4.80228578  2.09827988
[265]  0.53044380          NA          NA          NA          NA          NA
[271]          NA          NA  0.50850450          NA          NA          NA
[277]  0.93065890          NA  3.90543513  1.97035444          NA          NA
[283]          NA          NA  0.06571963 11.45729185  2.59256987  2.61851162
[289]          NA  0.72210180          NA          NA  1.95323307  0.04201382
[295]          NA  0.00775951          NA          NA          NA  2.34372589
[301]          NA          NA          NA          NA          NA  0.91396685
[307]          NA 11.43359660  0.78322181          NA  3.29889209          NA
[313]          NA          NA          NA  0.76912736          NA          NA
[319]          NA          NA          NA  1.88794047  4.92588199          NA
[325]          NA

$TS
  [1] 52.75889149 47.75707724 44.56415066 42.49946213 42.43715580 38.29383864
  [7] 37.11585769 45.19844523 39.11073752 36.12586119 31.26859682 33.76018846
 [13] 33.46254252 31.55702976 44.99037833 32.46310016 32.07789509 29.57628466
 [19] 27.34975379 39.13592947 37.62087825 33.27748979 28.49230490 25.48327471
 [25] 25.43419292 25.29109416 24.55780024 29.56027507 27.55013823 27.23242100
 [31] 21.46795180 26.77101952 23.11267798 22.05844248 36.82232972 35.28094147
 [37] 37.45535120 21.84693310 20.21125344 25.17716206 22.68242314 23.26137474
 [43] 28.37392476 27.21637131 23.53639702 23.36075125 18.22507974 20.30195079
 [49] 15.59766383 22.09462821 19.40180594 19.15691782 34.89612057 34.41445521
 [55] 32.82427644 31.52502026 28.71452615 36.81554246 31.86356581 25.04933543
 [61] 21.59525520 21.28123888 15.01667429 22.49609433 22.71743960 19.91960348
 [67] 16.06579523 22.40456441 17.98933165 13.81125779 17.81509985 28.11724366
 [73] 26.25394402 31.46484627 30.54836416 25.39189213 24.36080824 22.76803463
 [79] 20.61562081 15.90570694 15.54791810 30.82555217 22.30578607 20.86448731
 [85] 21.18077151 18.83535260 16.53849371 11.98229949 21.15611629 17.78290285
 [91] 19.63935945 15.94965317 12.82421297  9.69009406  8.61884184  8.04575325
 [97] 21.21972718 18.24294862 17.81769066 16.40479216 26.03069055 25.62129616
[103] 20.47236713 29.54538300 25.18727243 23.05638867 29.60692633 27.83288999
[109] 21.71114038 20.93980097 18.91072305 22.31671623 20.99651086 21.20377929
[115] 20.31082175 28.93689478 24.44405348 23.64258058 21.43835848 19.20334350
[121] 20.78393861 20.13706463 17.63601417 20.72270009 19.69097942 15.95520641
[127] 15.08191070 16.09095785 18.91245700  7.09890683  5.25030852 15.82178010
[133] 22.46766826 16.52928275 24.43564848 18.84209077 29.53529892 20.01822105
[139] 19.95261852 28.21815150 25.37674606 20.19527537 18.85344716 15.91050877
[145] 22.25544860 20.13875166 21.32383003 23.94810828 18.47608123 17.90975584
[151] 21.35428128 20.79504754 17.95384227 19.76998967 14.22009369 14.03602437
[157] 12.53746855  5.83735553  5.46922711  4.13559989  4.12229250 15.25449935
[163] 15.16366412 21.90908745 23.05126851 20.47444727 22.53281287 21.34064997
[169] 18.28286000 19.61843184 13.11168155  6.43644762 15.49984362 18.39356153
[175] 23.84584992 18.75532147 17.82531557 17.54377313 13.08441899  8.02289511
[181]  7.66746797 11.99660712 11.48228285 11.01707067 10.70791860  6.46973646
[187]  5.91918525  5.02202844  4.94936172  2.97418059  3.76506538  3.02732794
[193]  1.25336618  3.87059062 13.82739302 14.12956401 21.35441755 19.46601625
[199] 19.74721859 18.90201957 16.01115702 14.44019060 13.16965670 21.68958798
[205] 21.57060472 17.23395430 10.76731660  9.46678273  6.34803616  7.49894200
[211]  5.39439492  8.23168227  2.74322251  7.22860825  6.69216898  6.10264581
[217]  5.15590680  0.41692673  1.50771231  1.64206468  0.88965444 13.42575405
[223] 12.21353801 11.90972209  9.13128031  7.21211383  5.82070021  0.12417152
[229] 12.88618395 12.54765401 18.66371983 18.63198501 17.74527376 16.78169844
[235] 17.90917999 13.11762331 12.76305446 10.52410292  6.24119549  5.70735356
[241]  7.83068340  2.90363289  0.15299241  5.27119324  4.38065401  2.00261164
[247]  6.14939015  4.99001309  0.38228011  8.06809921  4.27841302  6.99252014
[253]  5.52430677  5.44779890  0.55792714 17.41398162 16.33143508 14.44948549
[259] 15.08268170 14.78241094  7.91174749  4.71226449  6.29870584  5.82624529
[265]  2.78356799  2.31189885  3.82182417  2.34702644  4.28041815  3.42609804
[271]  3.22535059  1.50316951  4.98714241  4.06106941  1.36098369  0.03536012
[277]  3.12272993  1.89507911  5.01016304  2.41309237  0.91060279  4.39674880
[283]  2.68151041  0.77689340  4.85037573 14.67199378  6.51387532  5.18868994
[289]  3.24680664  1.83275960  0.69201301  0.96006165  2.97987288  2.49564550
[295]  3.30931555  1.86222188  1.36597240  0.96402973  3.86594670  2.70553516
[301]  0.70584802  2.47335723  1.22503152  0.69931781  0.11707355  4.50682935
[307]  1.13764788 12.52530164  5.74228690  4.43311932  4.30858395  3.16441648
[313]  1.93466596  0.92566161  0.10013580  1.47615610  0.34187314  1.82123806
[319]  0.08146403  3.38556353  3.15531317  2.17712572  5.14486103  3.86661015
[325]  1.07925140

$PAR
  [1]  NA   1   1   1   1   1   1   2   3   3   3   7   7   7   8  10  12  14
 [19]  14  15  15  15  15  15  15  15  15  16  18  18  18  19  19  19  20  20
 [37]  21  24  24  26  26  27  28  28  28  28  29  31  31  33  33  33  36  36
 [55]  36  36  36  37  37  37  37  38  39  41  42  43  43  46  46  49  51  54
 [73]  54  55  56  57  57  57  57  57  57  59  60  61  62  62  62  63  64  65
 [91]  66  67  67  67  67  67  68  68  68  68  72  73  73  74  74  74  75  75
[109]  76  76  76  77  77  78  78  82  82  82  82  82  84  84  84  85  85  87
[127]  87  90  91  95  95  99 101 101 102 103 104 104 104 107 107 109 109 109
[145] 112 112 116 117 118 118 119 119 120 121 127 127 127 130 130 130 131 132
[163] 132 133 135 135 137 137 137 138 138 138 144 146 148 151 154 154 154 154
[181] 154 157 157 157 157 157 157 157 157 157 158 158 160 161 162 163 164 164
[199] 165 165 165 173 174 175 175 177 179 179 179 180 180 182 182 185 185 185
[217] 185 187 189 192 193 195 195 195 195 195 195 195 196 196 197 199 199 199
[235] 200 201 201 202 209 210 212 212 212 215 216 216 222 222 222 223 223 226
[253] 227 230 230 233 233 233 234 234 238 239 241 241 241 242 244 244 245 245
[271] 245 246 247 247 247 249 251 251 252 252 252 253 253 253 254 260 261 261
[289] 261 265 267 268 269 269 270 270 272 272 274 277 278 283 283 283 284 285
[307] 285 286 287 288 288 288 289 289 289 290 292 295 302 306 306 306 309 309
[325] 312

$EXTANT
  [1] FALSE FALSE FALSE FALSE FALSE FALSE FALSE FALSE FALSE FALSE FALSE FALSE
 [13] FALSE FALSE FALSE FALSE FALSE FALSE FALSE FALSE FALSE FALSE FALSE FALSE
 [25] FALSE FALSE FALSE FALSE FALSE FALSE FALSE FALSE FALSE FALSE FALSE FALSE
 [37] FALSE FALSE FALSE FALSE FALSE FALSE FALSE FALSE FALSE FALSE FALSE FALSE
 [49] FALSE FALSE FALSE FALSE FALSE FALSE FALSE FALSE FALSE FALSE FALSE FALSE
 [61] FALSE FALSE FALSE FALSE FALSE FALSE FALSE FALSE FALSE FALSE FALSE FALSE
 [73] FALSE FALSE FALSE FALSE FALSE FALSE FALSE FALSE FALSE FALSE FALSE FALSE
 [85] FALSE FALSE FALSE FALSE FALSE FALSE FALSE FALSE FALSE FALSE  TRUE FALSE
 [97] FALSE FALSE FALSE FALSE FALSE FALSE FALSE FALSE FALSE FALSE FALSE FALSE
[109] FALSE FALSE FALSE FALSE FALSE FALSE FALSE FALSE FALSE FALSE FALSE FALSE
[121] FALSE FALSE FALSE FALSE FALSE FALSE FALSE FALSE FALSE FALSE  TRUE FALSE
[133] FALSE FALSE FALSE FALSE FALSE FALSE FALSE FALSE FALSE FALSE FALSE FALSE
[145] FALSE FALSE FALSE FALSE FALSE FALSE FALSE FALSE FALSE FALSE FALSE FALSE
[157]  TRUE  TRUE FALSE  TRUE FALSE FALSE FALSE FALSE FALSE FALSE FALSE FALSE
[169] FALSE FALSE FALSE FALSE FALSE FALSE FALSE FALSE FALSE FALSE FALSE  TRUE
[181] FALSE  TRUE FALSE FALSE FALSE FALSE  TRUE FALSE  TRUE FALSE  TRUE FALSE
[193]  TRUE FALSE  TRUE FALSE FALSE FALSE FALSE FALSE FALSE FALSE FALSE FALSE
[205] FALSE FALSE FALSE FALSE FALSE FALSE  TRUE  TRUE  TRUE FALSE  TRUE  TRUE
[217] FALSE FALSE  TRUE  TRUE  TRUE  TRUE  TRUE FALSE FALSE FALSE FALSE FALSE
[229] FALSE  TRUE FALSE FALSE FALSE FALSE FALSE FALSE FALSE FALSE  TRUE FALSE
[241] FALSE  TRUE  TRUE FALSE  TRUE  TRUE  TRUE FALSE  TRUE FALSE  TRUE  TRUE
[253] FALSE FALSE  TRUE FALSE FALSE FALSE FALSE FALSE  TRUE  TRUE FALSE FALSE
[265] FALSE  TRUE  TRUE  TRUE  TRUE  TRUE  TRUE  TRUE FALSE  TRUE  TRUE  TRUE
[277] FALSE  TRUE FALSE FALSE  TRUE  TRUE  TRUE  TRUE FALSE FALSE FALSE FALSE
[289]  TRUE FALSE  TRUE  TRUE FALSE FALSE  TRUE FALSE  TRUE  TRUE  TRUE FALSE
[301]  TRUE  TRUE  TRUE  TRUE  TRUE FALSE  TRUE FALSE FALSE  TRUE FALSE  TRUE
[313]  TRUE  TRUE  TRUE FALSE  TRUE  TRUE  TRUE  TRUE  TRUE FALSE FALSE  TRUE
[325]  TRUE

