
Birth-death simulation object with 340 species and 99 extant species

Details for some species:

Extinction times (NA means extant)
[1] 44.43520 51.28207 23.71372 45.13760 43.47891 25.81188


Speciation times 
[1] 52.75889 52.11832 47.39120 46.64155 51.64239 26.41694


Species parents (NA for initial)
[1] NA  1  1  1  2  3


Species status (extinct or extant)
[1] "extinct" "extinct" "extinct" "extinct" "extinct" "extinct"


For more details on vector y, try sim$y, with y one of
TE TS PAR EXTANT



$TE
  [1] 44.4351959 51.2820732 23.7137228 45.1376030 43.4789103 25.8118779
  [7] 29.0902718 43.8521218 38.6306699 40.2366828 27.7069016 34.9962691
 [13] 26.1671168 45.7214617 42.7344667 35.5157483 41.7533467 37.9255733
 [19] 30.2670348 33.7001011 33.5626081 40.8447649 35.5080891 30.9492856
 [25] 31.6706670 28.9698336 17.9776958 35.7810589 12.4873402 30.0744860
 [31] 26.0590031 38.7052859 31.4348521 16.4347198 30.1863961 30.2745831
 [37] 28.6940522 42.5058969 35.8674826 21.1069338 29.7406707 13.8882420
 [43] 31.8714195 20.3535873 17.6773965 25.3337746 18.4357455 19.5493661
 [49] 19.3603791 18.8213283 10.4252804 29.1457284 34.2586901 21.0651531
 [55] 30.4728560 32.3740497 34.9893642 18.2967890 13.2711305 24.8639361
 [61] 28.6141237 22.4697507 30.8086019 31.9075679 15.1503512 22.2273209
 [67] 20.3228177 14.5287643 11.8406076 27.3028340 24.6912100 16.3233666
 [73] 24.1122791  8.4975418 17.6159787 28.2607197 21.1535265 18.7690978
 [79] 16.9422091 21.4512270 17.6748531 13.3750017 11.8695908 31.1392194
 [85] 28.0138393 23.6983612 22.8840458 12.6007788 19.4760314 19.4360077
 [91] 14.4611463 23.4065440 17.4159240 28.8559348 18.2677217 18.1551263
 [97] 27.2928719 20.5113641 16.2760049 17.6038989 18.2237981 18.2055435
[103] 18.2083930 14.5308578 16.5493045 18.5171430 16.6709553 18.8142355
[109] 12.7434791 19.9195884  9.2855560 14.5895330  6.6394057 20.0547203
[115] 21.9227432 15.0803300 15.6513233 14.3473480 18.3920107 24.3820053
[121] 25.0463863 23.8795634 13.0166737 19.1549756 14.5528219 18.3444790
[127] 18.2955686  6.9597303  9.4552764 16.9805022 13.0540300 21.2953730
[133] 23.1062534 14.5528014 19.9817079 13.0258808 18.8595577 12.7873386
[139]  5.1501464 20.2624047 21.1599178 16.1369020  3.1343843 12.9545629
[145] 13.2547096 22.6941138 12.0004043 16.2417252 21.8192278 22.3544654
[151]         NA 14.8098469 14.0343727 12.8255594 13.5964584  8.0636477
[157]  3.2767906         NA 18.6542568 12.0696437 12.5598893 17.3859623
[163] 13.9279624 17.4159484 16.0719400 15.2908858  8.9710243         NA
[169]         NA 10.6513075  3.0701939  9.7848040 11.5348218 11.5038437
[175] 14.5312779 12.8351733  4.6682319  5.4473250         NA 12.3013265
[181]         NA         NA  2.7433124 13.1455599         NA  1.9096279
[187]         NA         NA         NA 10.0252578 13.0362720 10.0400608
[193]  9.3351454  8.5731304 11.5596490  9.9884846 11.4851732 12.8219638
[199]         NA 11.4298350         NA  5.4314035         NA  0.6479059
[205]         NA 10.7989316 10.7765727  0.7767590 11.5301218 11.6487081
[211]  9.1210522 12.3044948  9.2316849  1.1541923 11.6692237  3.5075047
[217]         NA  0.7256330 11.8571491  9.0700032  6.7301472  7.5440190
[223]  2.2321651         NA         NA         NA         NA         NA
[229] 11.2385454  1.0987666         NA         NA  6.5987227  4.7418719
[235]  3.7164444         NA  4.4618037  1.4759239  2.9205812         NA
[241]         NA  3.0302048  3.0960765         NA  9.3171390         NA
[247]  3.7839709         NA         NA  2.7959456  0.5674731  0.4805350
[253]         NA         NA         NA  0.8361940  0.7637665  6.3282112
[259]         NA         NA         NA  0.3318622         NA         NA
[265]         NA         NA         NA         NA         NA         NA
[271]  3.9200054  1.6585643  3.3699858         NA         NA         NA
[277]         NA  0.3411046         NA         NA         NA  1.3209888
[283]         NA  0.5354915         NA         NA  1.6357705  0.6785046
[289]         NA  1.1702796         NA         NA         NA         NA
[295]  1.9111287         NA  0.7172052         NA         NA         NA
[301]  2.0134621  2.0740429         NA         NA         NA  4.1026601
[307]         NA  1.0382333         NA         NA         NA         NA
[313]         NA         NA         NA         NA         NA         NA
[319]         NA         NA         NA         NA         NA         NA
[325]         NA         NA         NA         NA         NA         NA
[331]         NA         NA         NA         NA         NA         NA
[337]         NA         NA         NA         NA

$TS
  [1] 52.758891493 52.118320868 47.391199554 46.641548171 51.642393872
  [6] 26.416939148 50.263399900 49.532607263 48.225062592 46.730247388
 [11] 44.475148939 41.086601237 36.929359528 47.776273822 43.926429059
 [16] 42.915505606 42.421368593 42.307719118 39.168138655 45.764180624
 [21] 45.453105334 41.184109159 37.190376127 37.068990234 33.625204801
 [26] 33.298954590 35.892468482 35.986855031 32.804481064 30.884751694
 [31] 30.808851714 41.084894054 37.744326918 37.756033264 36.962618117
 [36] 33.493223154 30.655757400 43.660727352 36.674577129 35.365601674
 [41] 34.203570927 34.195519042 32.886276339 29.128585220 32.378467335
 [46] 31.233518872 21.806270416 20.699627211 31.647559464 27.321073411
 [51] 15.431885394 30.205541853 37.424036322 36.490419976 35.851743291
 [56] 34.525772853 36.614347672 19.907046417 16.458826486 31.494717101
 [61] 29.813856989 26.368282397 34.033557088 33.837831755 30.632478450
 [66] 26.850729861 23.102004796 18.201895048 14.376488908 27.861483463
 [71] 27.351991284 25.553046835 24.737651799 20.310718858 18.303948277
 [76] 29.644084997 25.886164040 24.465882975 24.172105713 22.539193160
 [81] 22.024347038 14.774755741 12.702188209 34.975292875 30.196408118
 [86] 29.720265967 28.579772107 25.918751327 25.881527708 24.243021951
 [91] 16.096783192 29.363915954 28.811878933 29.049635318 22.550448838
 [96] 33.198296997 30.457156616 21.196602642 20.917813145 20.870724788
[101] 20.353753719 19.945218131 22.620584612 16.536159663 26.454460665
[106] 24.308751912 19.252497785 19.120298310 17.188771555 24.506758739
[111] 17.168584065 16.256435804  8.632056270 24.350445631 24.241039661
[116] 19.920700031 19.110024687 21.186553654 21.887912936 28.614560461
[121] 25.905336030 24.970187524 21.340742673 23.715414768 20.770276268
[126] 25.631738955 23.765075195 19.574335696 18.333310204 17.676010649
[131] 19.598361391 25.087893114 23.238877582 19.778962016 23.212935274
[136] 22.242409652 20.070872687 14.154772908  8.354009391 22.081605886
[141] 21.861807589 21.067452823 16.524747161 15.576577594 17.906305098
[146] 28.063908424 16.274751446 21.726875447 24.942899750 22.547916727
[151] 18.258020440 17.737333087 15.956515654 15.205727945 14.267779712
[156]  8.764834090  8.738877865 10.542764358 18.895455619 15.829327554
[161] 13.785357591 17.519284009 20.421793197 19.937691546 17.766894952
[166] 17.106772971  9.736487745  5.770860227  5.471551185 13.261932550
[171] 16.628848757 13.982903061 12.696517498 17.219282993 14.681440203
[176] 14.466508836  6.091689653  5.747608140  3.965531349 14.595582607
[181]  6.866564005  5.847208242  6.651572082 17.137522657  3.903434584
[186]  3.377186511  3.151835745  2.507351235  5.098855248 11.303322908
[191] 15.665554968 14.306446112 12.934980744 11.176179402 16.406848758
[196] 15.129845996 12.785670503 13.597794504  0.489907303 13.980986206
[201]  0.597537935  5.456434411  5.867100481  1.083464148  1.709356227
[206] 13.975641744 12.522430555 13.587246890 11.716583504 14.562033034
[211] 14.484529541 12.499406533 10.571355318 12.961713581 12.434460299
[216]  4.439921630  0.391677493  1.170377273 12.461422983 11.829850065
[221] 11.601958634  9.732840363  7.351077649  7.274553864  6.302056409
[226]  4.146265886  3.169301759  2.063080201 14.260806000  9.418539767
[231]  8.295432301  3.717778997 10.078394440  6.134281900  4.797561218
[236]  6.174564281  6.044712571  5.491163096  5.139871328  4.453431542
[241]  1.843005017  5.730730952  4.002832999  3.921774963 11.350171693
[246]  8.885447687  7.771820668  6.257297600  5.332800559  4.729327043
[251]  4.167116397  1.947772261  1.518413296  6.550339436  6.406272729
[256]  2.844942812  1.183129607  8.951726556  2.414861767  0.361326181
[261]  4.601663363  5.461510381  4.769658840  3.984199074  1.166416414
[266]  1.676269979  5.227390907  3.134893114  8.626816759  6.778140858
[271]  6.424172945  3.149231555  4.257320354  3.521196435  0.838276550
[276]  4.166028104  1.867141403  0.976740769  1.035897182  5.003275650
[281]  5.014696179  1.427372525  7.636613548  5.226652231  3.814127151
[286]  2.110382158  4.376357686  1.809589702  0.878535838  7.169979484
[291]  5.109359153  5.251944810  3.980379368  1.004879778  2.858262870
[296]  1.000085740  0.761431275  4.993971520  0.794590289  4.625576889
[301]  6.548205399  5.049029297  1.532547442  0.712059923  0.549044183
[306]  6.917967824  5.993461972  4.281296955  1.191981124  2.871577298
[311]  0.616771623  0.032825378  0.169818019  3.255176539  1.014768422
[316]  4.655872289  4.349902820  4.163119104  5.414423415  5.357337655
[321]  4.566493006  4.411590033  0.427710521  3.265487185  2.316699903
[326]  5.293578059  1.554805887  3.026451932  4.185572935  3.364451578
[331]  2.180324767  1.467899680  0.001679834  3.963463963  1.641436230
[336]  1.604598132  1.429373547  1.169398469  1.074794889  0.530571086

$PAR
  [1]  NA   1   1   1   2   3   5   5   5   5   5   7   7   9   9   9   9   9
 [19]   9  10  10  11  11  11  11  11  12  13  13  13  13  16  16  19  19  19
 [37]  19  20  20  20  20  24  25  26  27  27  27  27  29  29  29  31  33  33
 [55]  33  33  34  34  34  35  37  40  42  42  42  42  42  42  42  44  45  45
 [73]  45  45  45  46  46  49  49  50  50  51  51  54  54  54  54  54  54  54
 [91]  59  60  60  61  62  64  65  65  65  65  65  65  66  68  71  72  72  72
[109]  72  73  74  74  74  77  77  78  78  79  80  85  87  87  88  89  90  92
[127]  96  96  96  99 100 105 105 105 106 106 106 111 113 114 114 114 116 116
[145] 117 120 123 124 126 126 128 128 128 128 128 128 128 129 131 131 131 136
[163] 140 142 142 142 143 143 143 144 145 145 147 151 151 151 151 151 151 153
[181] 157 157 158 163 168 168 168 168 169 170 171 171 171 171 174 174 174 176
[199] 179 180 181 182 183 187 189 192 193 195 195 196 196 196 196 200 200 203
[217] 203 205 206 206 206 208 208 208 208 208 208 208 211 211 214 216 220 223
[235] 223 224 224 224 224 224 224 225 225 225 229 230 230 230 230 230 230 230
[253] 230 231 231 232 232 233 236 236 237 238 239 239 240 241 242 243 246 246
[271] 246 246 248 249 249 251 251 252 253 254 255 256 258 262 263 264 267 267
[289] 267 269 270 271 273 274 276 276 277 280 280 281 283 284 286 286 286 290
[307] 290 290 290 292 292 292 294 298 300 301 306 306 307 307 307 307 315 318
[325] 318 320 320 321 322 322 322 325 326 329 329 330 331 331 334 337

$EXTANT
  [1] FALSE FALSE FALSE FALSE FALSE FALSE FALSE FALSE FALSE FALSE FALSE FALSE
 [13] FALSE FALSE FALSE FALSE FALSE FALSE FALSE FALSE FALSE FALSE FALSE FALSE
 [25] FALSE FALSE FALSE FALSE FALSE FALSE FALSE FALSE FALSE FALSE FALSE FALSE
 [37] FALSE FALSE FALSE FALSE FALSE FALSE FALSE FALSE FALSE FALSE FALSE FALSE
 [49] FALSE FALSE FALSE FALSE FALSE FALSE FALSE FALSE FALSE FALSE FALSE FALSE
 [61] FALSE FALSE FALSE FALSE FALSE FALSE FALSE FALSE FALSE FALSE FALSE FALSE
 [73] FALSE FALSE FALSE FALSE FALSE FALSE FALSE FALSE FALSE FALSE FALSE FALSE
 [85] FALSE FALSE FALSE FALSE FALSE FALSE FALSE FALSE FALSE FALSE FALSE FALSE
 [97] FALSE FALSE FALSE FALSE FALSE FALSE FALSE FALSE FALSE FALSE FALSE FALSE
[109] FALSE FALSE FALSE FALSE FALSE FALSE FALSE FALSE FALSE FALSE FALSE FALSE
[121] FALSE FALSE FALSE FALSE FALSE FALSE FALSE FALSE FALSE FALSE FALSE FALSE
[133] FALSE FALSE FALSE FALSE FALSE FALSE FALSE FALSE FALSE FALSE FALSE FALSE
[145] FALSE FALSE FALSE FALSE FALSE FALSE  TRUE FALSE FALSE FALSE FALSE FALSE
[157] FALSE  TRUE FALSE FALSE FALSE FALSE FALSE FALSE FALSE FALSE FALSE  TRUE
[169]  TRUE FALSE FALSE FALSE FALSE FALSE FALSE FALSE FALSE FALSE  TRUE FALSE
[181]  TRUE  TRUE FALSE FALSE  TRUE FALSE  TRUE  TRUE  TRUE FALSE FALSE FALSE
[193] FALSE FALSE FALSE FALSE FALSE FALSE  TRUE FALSE  TRUE FALSE  TRUE FALSE
[205]  TRUE FALSE FALSE FALSE FALSE FALSE FALSE FALSE FALSE FALSE FALSE FALSE
[217]  TRUE FALSE FALSE FALSE FALSE FALSE FALSE  TRUE  TRUE  TRUE  TRUE  TRUE
[229] FALSE FALSE  TRUE  TRUE FALSE FALSE FALSE  TRUE FALSE FALSE FALSE  TRUE
[241]  TRUE FALSE FALSE  TRUE FALSE  TRUE FALSE  TRUE  TRUE FALSE FALSE FALSE
[253]  TRUE  TRUE  TRUE FALSE FALSE FALSE  TRUE  TRUE  TRUE FALSE  TRUE  TRUE
[265]  TRUE  TRUE  TRUE  TRUE  TRUE  TRUE FALSE FALSE FALSE  TRUE  TRUE  TRUE
[277]  TRUE FALSE  TRUE  TRUE  TRUE FALSE  TRUE FALSE  TRUE  TRUE FALSE FALSE
[289]  TRUE FALSE  TRUE  TRUE  TRUE  TRUE FALSE  TRUE FALSE  TRUE  TRUE  TRUE
[301] FALSE FALSE  TRUE  TRUE  TRUE FALSE  TRUE FALSE  TRUE  TRUE  TRUE  TRUE
[313]  TRUE  TRUE  TRUE  TRUE  TRUE  TRUE  TRUE  TRUE  TRUE  TRUE  TRUE  TRUE
[325]  TRUE  TRUE  TRUE  TRUE  TRUE  TRUE  TRUE  TRUE  TRUE  TRUE  TRUE  TRUE
[337]  TRUE  TRUE  TRUE  TRUE

