
Birth-death simulation object with 229 species and 36 extant species

Details for some species:

Extinction times (NA means extant)
[1] 15.73730 38.34022 28.80504 34.57453 28.72800 28.48916


Speciation times 
[1] 52.75889 45.14967 42.25695 42.22616 36.09900 29.60844


Species parents (NA for initial)
[1] NA  1  1  1  1  1


Species status (extinct or extant)
[1] "extinct" "extinct" "extinct" "extinct" "extinct" "extinct"


For more details on vector y, try sim$y, with y one of
TE TS PAR EXTANT



$TE
  [1] 15.7373030 38.3402154 28.8050379 34.5745267 28.7279965 28.4891596
  [7] 19.4515097 27.8847941 12.1700093 23.2188795 31.3496414 23.2024463
 [13] 18.8226427 26.4027200 19.8670613 15.9387368 22.6285293 34.3898937
 [19] 22.4156897 29.9939359 21.3074997 21.7089881 41.2769590 18.6972695
 [25] 24.2338443 20.5761945 31.0278119 27.6389306 24.5123062 25.4320258
 [31] 12.7609493 20.6902470 12.4465521 10.6707605 15.8628231 18.6765595
 [37] 16.2799965 22.7029089 31.9470860 20.7384950 30.4281104 20.2217860
 [43] 19.1179405 19.6034082 18.3486870 16.0500490 26.6626218 13.3156774
 [49] 23.9622908 24.3764283 16.0096592 25.0253410 18.0453710 21.4925681
 [55]  2.1173934 18.6583579 14.3070646 19.7778959 18.2324391  9.5009338
 [61] 25.0777509 13.2425544 15.4142975 11.7827280  6.1114590 28.5332838
 [67] 17.4701376 19.4657437 25.1392650 25.5715279 22.3082110 19.5999389
 [73] 17.1400268 17.7357933 18.6076852 14.9980115 23.2292189 28.8346153
 [79] 15.7763768 15.5997158 13.1200230 16.5024820 24.7348027 16.5492901
 [85] 17.8233109 15.4414712 16.1436480 23.3784130 23.5374321 18.0679760
 [91]         NA 15.8171664 13.0262043  9.3041999 12.6094937  3.9395620
 [97] 15.1496946 21.0616340 22.4716840 16.9868114 10.0797444 28.4650026
[103] 11.6198814 18.2000535 23.2992389  0.3230139 15.7280000 16.4945067
[109] 22.1225473 13.7355868 20.5061301  6.6258450  8.3456455         NA
[115] 12.0727750 11.3296803  8.5167003 17.1537316 24.3575474 27.6545901
[121] 16.6017378 16.6109748 15.7526878 17.4127576 17.7941791         NA
[127] 11.7357465 23.0959223 16.1974678 18.0499493 15.2620855 13.2471394
[133] 19.6487533 28.2062428 20.4902663 18.8222045 16.5464390         NA
[139] 18.3119856 18.7195784 16.8337911 18.0048768  5.8716555  0.5833884
[145] 11.3438419 26.3524418 10.1188604 17.0369936 23.1979080 17.3821021
[151] 14.1170349 12.4663791 15.1382777 17.5430384         NA  6.8792276
[157]         NA  7.1335225         NA         NA  0.3821088 25.0709153
[163] 22.1736447 16.0241463 18.5286428  0.2142052 18.3913868 18.7933521
[169] 17.7256424 16.9757820         NA         NA  0.9523925 21.8677207
[175] 28.6716784 23.1286773 17.7194899 15.9912936 13.7460065         NA
[181]  3.8702935         NA  2.0413251         NA  3.1698604         NA
[187]         NA         NA 14.3058894 10.8197474 14.9473943 16.9185391
[193]         NA 24.4564583 25.6164749 13.5702768         NA         NA
[199]         NA         NA         NA  2.4587513         NA         NA
[205]         NA         NA         NA         NA 12.2060434 11.1457802
[211] 18.3348037         NA 19.1645484         NA  1.0769358         NA
[217]         NA         NA         NA         NA 11.6122605 16.3715866
[223] 16.3839934 17.1802480         NA 10.9860308 16.8950096 15.9338963
[229] 14.3545874

$TS
  [1] 52.75889149 45.14966849 42.25695312 42.22615727 36.09899646 29.60843722
  [7] 20.39131449 39.87447124 39.31048209 38.19379279 42.19393512 29.39587333
 [13] 36.22714670 32.94607706 31.72248706 31.30172229 28.88925743 36.50789827
 [19] 24.49933288 35.48289045 26.56912610 23.42504978 41.59541295 32.93755063
 [25] 35.61493035 22.47545132 31.26355441 31.71560413 30.33015727 29.23739636
 [31] 26.19340067 22.14087331 21.00535769 28.56739890 28.17510894 20.28798417
 [37] 17.64224303 22.81092291 35.34018804 34.36400478 32.30078062 28.89017751
 [43] 25.04972004 24.65744104 24.30469664 20.40981299 31.38142059 30.01881309
 [49] 27.26084170 26.26292709 27.18619051 26.41794861 26.22089169 23.72326259
 [55] 21.11511877 19.15253702 15.42548149 20.60356199 20.49696958 13.01825794
 [61] 25.93686698 19.61327700 18.39389876 14.51300221 11.08764350 32.59577869
 [67] 26.78258247 31.81940140 30.54856913 28.50120993 25.71249944 23.98189943
 [73] 22.76469765 21.48805619 21.30853120 19.17643395 29.49134311 29.07083536
 [79] 24.41360341 17.94364828 15.98672203 25.72179926 25.04514412 21.68540664
 [85] 19.39727050 16.90510292 16.58882166 25.35531767 24.23948983 19.89793123
 [91] 11.33289595 18.69738796 13.49288073 13.18123330 12.94635656  6.25285234
 [97] 32.25357051 25.93077840 23.36676059 22.08071573 21.04220175 30.69134487
[103] 29.61370960 20.04889579 29.58718805 27.83598816 16.11398919 22.83527329
[109] 25.34205314 15.95489178 24.83815783  8.84591060  8.50560992  5.58429160
[115] 13.17902991 11.79456393  9.62081721 31.79511340 31.34253504 28.90080018
[121] 24.98443496 22.33489986 19.41577702 24.44854701 19.82903908 14.02860467
[127] 13.81418714 23.26896234 19.72669328 19.06856979 16.11274090 14.15588053
[133] 29.36592528 28.90727085 26.80063797 25.67187467 16.65600880  2.00535871
[139] 22.73888133 22.09065145 21.58006447 21.29928922  7.34822696  6.72091269
[145] 12.79936121 31.60939718 28.89047616 23.62790825 24.86942163 18.98270483
[151] 18.95163114 17.09932294 15.75714960 21.27481301  9.96510781  8.82049254
[157]  8.37341371  8.33461887  5.12905275  2.36191316  2.18426383 28.75687196
[163] 25.23069582 23.58156485 22.54071676  0.97560883 21.62788499 21.14892408
[169] 19.29197894 18.07974812  6.62595923  2.70264498  1.20690358 28.86125713
[175] 28.84317073 24.07882034 18.40485873 20.40939367 17.07775944  7.74296445
[181]  5.94896851  5.44478494  4.11718608  8.21057290  6.57015013  3.96716881
[187]  3.11568380  1.59444692 25.25440814 16.16721786 20.58246310 19.91058892
[193]  5.59415151 28.27819770 25.82131348 13.81720611  6.41230214  6.33105267
[199]  4.21170078  2.00093902  5.69094180  4.01361381  2.50625215  4.90617611
[205]  3.26499267  3.28751649  0.03459377  1.24179283 13.73855766 13.70354807
[211] 19.34792048  5.23838423 24.46570106  2.74468800  1.21897680  3.43507270
[217]  0.24247877  1.79515118  1.03796509  2.39347618 13.04591318 24.30151311
[223] 22.07170732 20.03618866  0.18402754 12.35909781 17.06467725 17.99298127
[229] 16.27843070

$PAR
  [1]  NA   1   1   1   1   1   1   3   3   3   4   5   8   8   8   8   8   9
 [19]   9  10  10  10  11  11  13  13  14  15  15  15  15  15  15  16  16  16
 [37]  16  19  20  20  20  24  24  24  24  24  25  28  29  29  30  30  30  31
 [55]  31  31  31  33  33  33  34  34  34  34  34  40  40  41  41  42  42  42
 [73]  42  42  43  43  47  47  48  48  48  50  50  51  51  51  51  52  53  53
 [91]  55  56  62  64  64  65  66  67  67  67  67  68  68  68  69  69  76  79
[109]  82  86  88  91  91  91  93  94  94  97  97  97  97  97  97  98 101 101
[127] 101 103 103 103 103 103 105 105 106 106 106 106 109 111 111 111 112 112
[145] 115 118 118 118 121 121 121 122 123 124 126 126 126 126 126 126 126 133
[163] 133 133 133 138 140 140 141 141 143 144 144 147 147 147 147 148 151 155
[181] 155 155 155 157 157 157 159 159 162 164 165 165 171 174 174 179 180 180
[199] 180 180 181 182 184 185 185 186 187 188 190 190 192 193 194 198 198 199
[217] 200 201 201 203 210 213 213 213 220 221 222 223 228

$EXTANT
  [1] FALSE FALSE FALSE FALSE FALSE FALSE FALSE FALSE FALSE FALSE FALSE FALSE
 [13] FALSE FALSE FALSE FALSE FALSE FALSE FALSE FALSE FALSE FALSE FALSE FALSE
 [25] FALSE FALSE FALSE FALSE FALSE FALSE FALSE FALSE FALSE FALSE FALSE FALSE
 [37] FALSE FALSE FALSE FALSE FALSE FALSE FALSE FALSE FALSE FALSE FALSE FALSE
 [49] FALSE FALSE FALSE FALSE FALSE FALSE FALSE FALSE FALSE FALSE FALSE FALSE
 [61] FALSE FALSE FALSE FALSE FALSE FALSE FALSE FALSE FALSE FALSE FALSE FALSE
 [73] FALSE FALSE FALSE FALSE FALSE FALSE FALSE FALSE FALSE FALSE FALSE FALSE
 [85] FALSE FALSE FALSE FALSE FALSE FALSE  TRUE FALSE FALSE FALSE FALSE FALSE
 [97] FALSE FALSE FALSE FALSE FALSE FALSE FALSE FALSE FALSE FALSE FALSE FALSE
[109] FALSE FALSE FALSE FALSE FALSE  TRUE FALSE FALSE FALSE FALSE FALSE FALSE
[121] FALSE FALSE FALSE FALSE FALSE  TRUE FALSE FALSE FALSE FALSE FALSE FALSE
[133] FALSE FALSE FALSE FALSE FALSE  TRUE FALSE FALSE FALSE FALSE FALSE FALSE
[145] FALSE FALSE FALSE FALSE FALSE FALSE FALSE FALSE FALSE FALSE  TRUE FALSE
[157]  TRUE FALSE  TRUE  TRUE FALSE FALSE FALSE FALSE FALSE FALSE FALSE FALSE
[169] FALSE FALSE  TRUE  TRUE FALSE FALSE FALSE FALSE FALSE FALSE FALSE  TRUE
[181] FALSE  TRUE FALSE  TRUE FALSE  TRUE  TRUE  TRUE FALSE FALSE FALSE FALSE
[193]  TRUE FALSE FALSE FALSE  TRUE  TRUE  TRUE  TRUE  TRUE FALSE  TRUE  TRUE
[205]  TRUE  TRUE  TRUE  TRUE FALSE FALSE FALSE  TRUE FALSE  TRUE FALSE  TRUE
[217]  TRUE  TRUE  TRUE  TRUE FALSE FALSE FALSE FALSE  TRUE FALSE FALSE FALSE
[229] FALSE

