
Birth-death simulation object with 124 species and 32 extant species

Details for some species:

Extinction times (NA means extant)
[1] 43.02477 34.33021 38.01650 42.37537 23.87374 34.43481


Speciation times 
[1] 52.75889 50.30555 43.33238 45.85867 41.06291 35.77922


Species parents (NA for initial)
[1] NA  1  1  2  2  2


Species status (extinct or extant)
[1] "extinct" "extinct" "extinct" "extinct" "extinct" "extinct"


For more details on vector y, try sim$y, with y one of
TE TS PAR EXTANT



$TE
  [1] 43.024772 34.330210 38.016503 42.375372 23.873744 34.434808 32.877146
  [8] 17.518204 26.371475 27.108296 23.732762 18.113285 20.954954 22.950389
 [15] 18.555982 15.358656 30.353590 21.681616 20.884916 20.715741 18.818725
 [22] 16.465552 15.557412 21.250670 17.966773 21.868884 14.921107 21.516036
 [29] 23.804475 17.970534 26.243366 21.919501 21.667755 13.605221  6.402053
 [36] 17.743850 15.207070 13.402663 16.550112 16.971714 22.379111 15.208518
 [43] 17.945957 15.330221 15.659095 21.176278 21.917596 18.619206 16.619442
 [50] 17.110320 17.947551 19.434977 19.955743 14.580538 10.495123  9.987064
 [57]  8.107891 10.071134        NA 16.204085 15.278383 18.007331 15.792425
 [64] 19.995111 10.255119 13.526459 23.401423 18.353887 21.505651 17.739684
 [71] 21.848722 20.084523  8.390540        NA  4.006985        NA        NA
 [78] 18.791980 14.772890 14.484622 17.551334        NA        NA 18.167508
 [85] 18.834178 16.278582 17.138755        NA        NA        NA        NA
 [92]        NA 11.207059        NA  3.974985        NA        NA        NA
 [99]        NA        NA 18.365084 12.064533  8.088142  4.791760        NA
[106]        NA        NA  1.728498        NA  4.782768        NA        NA
[113]        NA  3.375669        NA  2.635442  1.268382        NA        NA
[120]        NA        NA        NA        NA        NA

$TS
  [1] 52.758891493 50.305554367 43.332384072 45.858673672 41.062905934
  [6] 35.779221104 35.230395902 33.389222383 33.327032524 31.822752347
 [11] 28.590981122 32.602388911 31.564773484 24.497324333 20.039985951
 [16] 19.204451087 30.629405656 30.399637421 27.670566407 28.563186964
 [21] 26.628363526 31.920793756 23.021023570 21.938838725 20.360353867
 [26] 31.535153407 24.410829180 25.386730158 24.999753839 23.484097390
 [31] 27.349799884 24.186110607 27.199322793 26.644580719 18.117974881
 [36] 20.718538977 18.520437558 17.035712308 19.087136811 24.094548857
 [41] 22.940308222 22.241702134 21.870469630 17.679034600 15.880271682
 [46] 22.589238987 21.993825488 24.958573652 23.899071184 18.607807251
 [51] 21.888389790 26.470574317 20.329210111 16.989476762 13.709604923
 [56] 13.480865377 13.155728632 12.313505496  7.680077843 16.622245914
 [61] 17.302729375 19.564637570 17.058951416 20.587670218 15.428482293
 [66] 21.482050121 24.031165040 19.916363580 21.754265063 26.326091014
 [71] 24.839808403 21.748415188 12.411041484  7.468363858  4.115396968
 [76]  1.119331423  0.927598502 20.031859979 15.330093092 21.934711214
 [81] 22.085116733 10.606992574  2.669165375 19.730555653 19.212884931
 [86] 17.821518050 18.989007534  5.339371087  0.191209074  1.601660630
 [91]  1.198165277  0.517624946 19.404360002 19.032759001  4.303345362
 [96]  2.626875469  1.357029717  0.816890179  0.008374156  0.239985624
[101] 18.831471480 13.526236321  8.917256929  7.698962286  6.788610925
[106]  5.418881664  4.889062508  4.453688842  0.083642553  6.068956947
[111]  6.580131820  6.410986635  4.877477064  5.169222717  4.072359285
[116]  3.877325790  2.550619558  2.033918848  1.091031549  4.046363475
[121]  3.915682252  0.511068386  0.220190789  0.004634498

$PAR
  [1]  NA   1   1   2   2   2   5   5   5   5   5   8   8   8   8   8   9   9
 [19]   9  11  11  12  12  12  12  13  13  18  18  18  19  21  22  22  22  23
 [37]  23  23  25  26  26  26  27  27  27  28  28  29  29  30  33  34  34  34
 [55]  34  35  35  35  35  37  39  40  40  43  44  46  48  48  51  52  52  52
 [73]  57  59  59  59  59  64  66  70  71  73  74  78  80  80  81  82  82  83
 [91]  83  83  84  84  88  88  88  88  88  92  93  94  94  94  94  94  94  94
[109]  96 104 105 105 105 106 106 107 107 108 111 112 112 115 119 122

$EXTANT
  [1] FALSE FALSE FALSE FALSE FALSE FALSE FALSE FALSE FALSE FALSE FALSE FALSE
 [13] FALSE FALSE FALSE FALSE FALSE FALSE FALSE FALSE FALSE FALSE FALSE FALSE
 [25] FALSE FALSE FALSE FALSE FALSE FALSE FALSE FALSE FALSE FALSE FALSE FALSE
 [37] FALSE FALSE FALSE FALSE FALSE FALSE FALSE FALSE FALSE FALSE FALSE FALSE
 [49] FALSE FALSE FALSE FALSE FALSE FALSE FALSE FALSE FALSE FALSE  TRUE FALSE
 [61] FALSE FALSE FALSE FALSE FALSE FALSE FALSE FALSE FALSE FALSE FALSE FALSE
 [73] FALSE  TRUE FALSE  TRUE  TRUE FALSE FALSE FALSE FALSE  TRUE  TRUE FALSE
 [85] FALSE FALSE FALSE  TRUE  TRUE  TRUE  TRUE  TRUE FALSE  TRUE FALSE  TRUE
 [97]  TRUE  TRUE  TRUE  TRUE FALSE FALSE FALSE FALSE  TRUE  TRUE  TRUE FALSE
[109]  TRUE FALSE  TRUE  TRUE  TRUE FALSE  TRUE FALSE FALSE  TRUE  TRUE  TRUE
[121]  TRUE  TRUE  TRUE  TRUE

