
Birth-death simulation object with 121 species and 43 extant species

Details for some species:

Extinction times (NA means extant)
[1] 23.69170 26.69791 40.38411 28.87107 23.54017 23.72843


Speciation times 
[1] 52.75889 48.60791 42.72319 36.56573 33.57067 24.73474


Species parents (NA for initial)
[1] NA  1  1  1  1  1


Species status (extinct or extant)
[1] "extinct" "extinct" "extinct" "extinct" "extinct" "extinct"


For more details on vector y, try sim$y, with y one of
TE TS PAR EXTANT



$TE
  [1] 23.6917008 26.6979139 40.3841076 28.8710686 23.5401651 23.7284278
  [7] 26.0894264 14.0016341 20.0534979 17.7012608 17.7454957 23.0604260
 [13] 28.2368315 24.5270744 15.2175697 19.8414039 17.0555790         NA
 [19] 19.0716575 26.9121538 18.4721717 24.2402751 24.2977939 10.1947260
 [25] 24.1907146 17.5601143 17.9294887 10.7012087 11.1697556         NA
 [31]  4.8131920         NA         NA 18.4358975 22.9200961 22.7661241
 [37] 21.6722251 16.4410201 17.5473588  6.6625532 15.3530439 17.9940526
 [43] 11.0053206         NA         NA         NA  1.0552683         NA
 [49] 21.5503238 17.4841280 12.3910436 17.8649058 17.6575556 17.6199415
 [55] 18.0888689 11.0720777         NA 18.7292764 14.8874744 21.2769371
 [61] 16.6027662 12.3312246         NA         NA  2.6310062 14.2861449
 [67] 11.9516492 20.5739770 17.0269742  1.9378736  5.3367139         NA
 [73]  2.2793392         NA 17.5725611 18.7624382 10.4865619 12.4990432
 [79]  9.8364285         NA  0.4044804         NA 18.7301046 17.8674865
 [85]         NA         NA  1.0084159  3.2564949         NA  3.2924419
 [91]         NA         NA         NA         NA         NA         NA
 [97]         NA         NA  1.5288208         NA         NA         NA
[103]  1.8940565  0.1945504         NA         NA         NA         NA
[109]  1.0932931  1.4434968         NA         NA         NA         NA
[115]         NA         NA         NA         NA         NA         NA
[121]  0.1340305

$TS
  [1] 52.758891493 48.607910764 42.723185165 36.565725825 33.570671799
  [6] 24.734739002 28.050479729 32.887140329 24.691987566 24.225802530
 [11] 23.892498726 31.956365832 30.446103178 27.113000330 26.804311535
 [16] 25.732152685 22.563984765 14.609716541 23.866672817 29.184634076
 [21] 30.012626796 29.197104590 26.358348097 18.980292206 24.219378767
 [26] 21.225278981 20.368534414 20.014135926 11.952680072  7.086359344
 [31]  5.236442020  4.410298066  2.563465063 22.065382246 28.576856650
 [36] 23.594137505 25.548720187 24.689793883 24.769185160 11.913695525
 [41] 20.885457825 18.899476744 11.174406922  1.794118713  1.760166794
 [46]  1.068516638  5.208329547  0.298317688 28.419291265 25.389270784
 [51] 16.525766153 21.024443325 20.906902463 23.890367870 21.177354980
 [56] 14.082702653 13.033828589 19.665530053 23.501964078 22.720084020
 [61] 19.558887453 12.711580650 10.485497268  6.000637900  5.963667676
 [66] 19.380869057 15.003976583 21.955538837 18.093511040  8.311232689
 [71]  6.865476375  2.540634517  5.041137126  1.874074277 19.284738662
 [76] 19.064614365 15.632830692 14.565481746 14.598714295  7.445248431
 [81]  2.347150606  0.394087152 19.191417366 18.741982489 13.257532554
 [86]  4.966445659  3.681179791  6.764189511  6.274901832  5.282432262
 [91]  5.032593426  0.522948650  0.300477282  6.462669672  6.390695455
 [96]  6.101963051  2.854901163  4.092949429  4.613204719  4.275651500
[101]  5.731888790  3.414550942  3.286874685  1.485825840  5.183367331
[106]  4.321823744  0.120116488  4.495703480  2.518048541  4.204470280
[111]  0.006245437  3.156365540  1.389422941  3.856722939  0.355148899
[116]  0.134892304  1.106745338  3.995748803  3.413541169  1.729070605
[121]  1.337969446

$PAR
  [1]  NA   1   1   1   1   1   2   5   5   5   6   8   8   8   8   8   8   8
 [19]  11  12  13  13  14  15  16  17  17  17  18  18  18  18  18  19  21  21
 [37]  22  22  23  24  26  28  28  30  30  30  31  33  35  35  38  39  39  49
 [55]  50  51  51  52  54  54  55  57  57  57  57  58  59  60  61  63  63  63
 [73]  64  64  66  66  66  66  67  70  70  74  75  75  79  80  80  85  85  85
 [91]  85  85  86  88  88  89  89  90  91  91  94  94  94  94  95  95  95  96
[109]  98 100 101 102 104 106 108 108 109 110 110 112 119

$EXTANT
  [1] FALSE FALSE FALSE FALSE FALSE FALSE FALSE FALSE FALSE FALSE FALSE FALSE
 [13] FALSE FALSE FALSE FALSE FALSE  TRUE FALSE FALSE FALSE FALSE FALSE FALSE
 [25] FALSE FALSE FALSE FALSE FALSE  TRUE FALSE  TRUE  TRUE FALSE FALSE FALSE
 [37] FALSE FALSE FALSE FALSE FALSE FALSE FALSE  TRUE  TRUE  TRUE FALSE  TRUE
 [49] FALSE FALSE FALSE FALSE FALSE FALSE FALSE FALSE  TRUE FALSE FALSE FALSE
 [61] FALSE FALSE  TRUE  TRUE FALSE FALSE FALSE FALSE FALSE FALSE FALSE  TRUE
 [73] FALSE  TRUE FALSE FALSE FALSE FALSE FALSE  TRUE FALSE  TRUE FALSE FALSE
 [85]  TRUE  TRUE FALSE FALSE  TRUE FALSE  TRUE  TRUE  TRUE  TRUE  TRUE  TRUE
 [97]  TRUE  TRUE FALSE  TRUE  TRUE  TRUE FALSE FALSE  TRUE  TRUE  TRUE  TRUE
[109] FALSE FALSE  TRUE  TRUE  TRUE  TRUE  TRUE  TRUE  TRUE  TRUE  TRUE  TRUE
[121] FALSE

