
Birth-death simulation object with 304 species and 39 extant species

Details for some species:

Extinction times (NA means extant)
[1] 47.36837 41.97594 39.12143 41.13952 29.50847 29.40987


Speciation times 
[1] 52.75889 50.38880 48.18537 47.41526 49.66192 46.89611


Species parents (NA for initial)
[1] NA  1  1  1  2  2


Species status (extinct or extant)
[1] "extinct" "extinct" "extinct" "extinct" "extinct" "extinct"


For more details on vector y, try sim$y, with y one of
TE TS PAR EXTANT



$TE
  [1] 47.3683742 41.9759410 39.1214312 41.1395210 29.5084678 29.4098656
  [7] 41.6797419 21.3532225 24.1748194 44.2257664 36.0344399 32.9899863
 [13] 32.6209229 35.2554639 34.3804285 36.6745979 21.2748832 19.5425910
 [19] 34.9853956 31.5968392 28.3065580 22.0251735 14.8715609 40.6027716
 [25] 31.1963369 15.9760660 34.3234683 29.3338929 18.4714470 29.7972374
 [31]  6.5546988 37.0171455 13.9806463 25.1908697 20.4003388 18.8840551
 [37] 18.3626593 24.2444536 28.0026460 24.1931477 24.9877093 18.9530900
 [43]  7.0591446 40.0282161 12.8220206 30.5128757 16.7082556  5.0132060
 [49] 29.3085972 18.8529703 20.4981543 19.9831574 18.7728414 35.7474233
 [55] 32.9015562 30.7132013 25.0977460 17.9789803 22.5471280 16.5547370
 [61] 15.9993970 10.6401546         NA 23.0488657 23.2598407 27.5745018
 [67] 27.4435558 18.2200113 17.4871025 20.0129541 18.9488922 18.7349911
 [73] 23.4632656 14.8857451 12.3522781 36.9775786 26.0474264 17.6546827
 [79] 17.0378659 16.5775390 15.8836888 12.0495386 22.1276676 15.5249261
 [85] 18.3367636 19.1071145 10.3603565 14.0200257         NA         NA
 [91] 26.4793572 17.6421454 20.8430673 18.6872734 22.7951869 21.2145736
 [97] 18.0156789 17.5160344 16.9720559 20.6396800 17.8236773 23.6839070
[103] 14.2011484 17.6186029  4.1569657         NA 25.3457121 16.6473302
[109] 27.6151023 20.2676367 16.8195662 19.5967051 25.4536272 21.2139057
[115] 17.7588888 15.1695948 16.0368905 17.2531477 17.4583572         NA
[121]         NA 16.2955774 18.3901983 19.4131290 12.2631242 23.3740514
[127] 14.0563889 21.2523537 24.0520603 21.1546807 15.2629051 17.4122897
[133] 21.4908604 16.7971799 16.3167448 16.7257435 16.8151185 17.0639459
[139] 14.1779283 27.7068027 17.3588527 17.7629538 16.6622326 16.2980086
[145] 16.4856357         NA  0.5549977  2.4283057         NA 16.7711346
[151] 21.4896685 11.4489952 17.2613099 18.6654626 12.5647812 21.6996126
[157] 16.1354780  9.9189255 15.4508701 21.1787455 22.3671657 18.7594727
[163] 21.2162319 18.8655601 18.4103903 15.2525959 19.1209577 18.2631573
[169] 15.1532337 19.4648716 15.0211647 16.5260719 14.2332079 13.4278902
[175]         NA  5.6190886 18.1836032  8.2975827 10.3620099 21.5061666
[181] 19.8401782 24.4639163 17.8956133 19.5214217 17.7060144 17.5574778
[187] 16.9359984 16.0074908 18.1917442 20.8327430 17.6801741 18.2892080
[193] 14.9218909 12.6153471 12.3303436  0.1262298 11.9162396  0.5128439
[199]  8.7844101 15.6829062 23.0655715 18.1557950 19.1836096 18.4796313
[205] 14.5237926 17.0670956 10.0488452 18.0668134 15.2479592 19.2169038
[211] 17.6582514 10.6792213 15.4127164 12.7587931 14.0875332 10.7522786
[217]  7.2182637  1.8207891         NA 18.4771741 14.5088676 18.7530464
[223] 17.8767176 20.4708294 20.7930856 10.6306221 18.6846615 16.3157350
[229] 15.3575888 14.5340311 14.3090661  0.8645834  9.2796652 22.1399352
[235] 12.1918423 12.0374875  5.5226459 14.1298729 19.6925242 17.9544790
[241] 17.2831624 13.2503832         NA 16.1117519  4.1251929 10.1146466
[247]  4.2847505         NA  4.5656549  9.9617775 17.4566824 11.1797392
[253] 10.1089843 16.4127922 15.5169892  7.5584316         NA         NA
[259]         NA         NA  3.3214425  2.4498374 13.1276737  8.5096664
[265]         NA         NA  6.6396826         NA         NA  4.0992542
[271] 14.8333924 15.9303148  0.7476701         NA         NA         NA
[277]  2.9347625         NA         NA  0.4437429 10.4258023  3.2229759
[283]  5.5208860         NA         NA  0.5889692         NA 17.2344230
[289]  1.7402991         NA         NA  4.0208530         NA  3.6197920
[295]  0.5541691         NA         NA         NA  2.4536578         NA
[301]         NA         NA         NA         NA

$TS
  [1] 52.7588915 50.3888010 48.1853655 47.4152587 49.6619212 46.8961134
  [7] 46.2770146 45.7582652 43.5342900 45.5965737 46.0481610 45.4180608
 [13] 36.9454389 40.2585634 38.8899245 38.0652377 30.0562240 28.8430538
 [19] 37.0649663 34.4764347 28.5978229 28.5870882 27.0241398 45.4146814
 [25] 43.6357090 36.1177835 37.1065765 36.9397122 35.2715750 37.7420472
 [31] 35.5736878 37.7244193 37.6030660 28.6475262 22.8942911 23.4772018
 [37] 20.5959587 28.5543204 28.1433149 27.9570305 26.3812221 22.2260994
 [43] 15.3051164 43.9877930 41.8614707 32.1266971 31.2708656 30.0659297
 [49] 30.1985165 28.4975410 28.4424591 27.7558666 26.9774131 37.4691116
 [55] 33.5170757 34.4461894 31.6297529 28.1655563 23.7533798 19.8428272
 [61] 17.7089841 13.9023808  7.0808694 31.8344272 30.5787257 29.6104857
 [67] 28.2048496 20.6281484 18.7031829 21.4651151 20.8326714 19.3299027
 [73] 27.6535210 24.8737733 13.7357541 38.9446752 27.4549410 27.1649363
 [79] 24.5882044 23.2850358 17.3821600 12.8864904 23.3592992 23.3191734
 [85] 21.6619730 20.8167214 18.6077051 19.0416031  6.1341787  5.0871726
 [91] 28.2819399 24.4570766 23.8291918 19.6479373 25.4763242 23.6164536
 [97] 22.5331594 20.5332236 32.8346587 30.6486513 26.1872944 25.0119822
[103] 23.4729601 20.4846301  4.5127896  0.7034717 31.6121764 23.6633601
[109] 29.5199906 29.1272551 20.4284615 19.8945696 26.1611870 22.5716904
[115] 23.0646960 20.1438123 17.2606752 18.8828633 18.5183207  4.2315914
[121]  4.5052909 22.4154024 19.3548161 19.5153347 31.9556780 25.3358948
[127] 24.8053639 30.6470394 26.7334191 25.5068235 24.1053724 21.9597755
[133] 24.7705534 24.5351081 18.2637893 28.3561571 27.8120556 20.0897983
[139] 18.1976638 29.4982637 24.4016881 21.9902375 17.7970031 16.5325761
[145] 18.3802756  0.9181520  3.8479860  2.5302898  1.6555754 17.9685775
[151] 25.7284278 22.4390865 20.3013613 19.7823938 14.4832795 22.3603398
[157] 16.5736947 14.7869817 29.8971132 29.4825697 26.3951084 24.6524277
[163] 21.2993392 23.2069594 18.4482768 22.6178207 22.1430163 19.2957875
[169] 17.9614131 19.9671036 18.6703880 18.1662431 14.4249293 16.7648751
[175]  0.6636138 13.6626186 19.5989497 12.8688962 10.6337171 28.6818899
[181] 25.9674959 25.9201050 17.9401364 24.9784395 22.5381735 23.8757631
[187] 23.4490377 23.4040324 21.8980711 21.0547384 19.4305693 21.0751892
[193] 20.6576290 15.7383396 15.2064164  0.5920246 13.3635593 11.4452196
[199]  8.9508194 24.8871034 24.6601438 24.4403464 23.7303880 20.8522343
[205] 21.9555360 20.4717436 18.6643022 23.3234738 21.1280111 19.5761351
[211] 18.0613752 17.3579474 17.0133652 16.1566364 14.2055553 12.7942947
[217] 12.7687268  6.3074543  1.7818591 24.4094257 17.5739587 23.6852064
[223] 23.5913840 22.7491135 22.4430768 20.4478965 19.9530649 16.3794501
[229] 19.4654738 17.4587940 17.0231558 15.8685988 10.9984752 23.1153062
[235] 14.8432164 13.6565831  7.5156519 24.2032697 20.7196677 20.8968728
[241] 17.5857363 15.7473015 13.6003973 19.8619802 15.7417770 16.4307414
[247]  5.8404768  1.1579424  9.6106400 12.6238909 19.2042269 15.1159683
[253] 14.5752221 20.0559434 17.3164352  9.4412285  8.7401205  5.4786751
[259]  3.7845750  2.6051808  8.9381166  8.7616568 14.6207039 10.8878969
[265]  0.9880212  0.3613416  8.5808493  6.7236551  6.5783929  5.9330003
[271] 15.0154574 19.3580720  2.5617475  1.7259121  7.7055870  7.2353303
[277]  6.0801940  4.5158999  3.9806854  5.4209388 13.2932258  7.8124260
[283]  7.0532621  4.7507297  4.4814581  1.6955150  4.6844250 17.9915204
[289]  5.7653967  5.6906681  4.8223520  5.9009256  4.0024080  7.5661160
[295]  3.7502598  3.4557358  4.7957276  0.1461057  4.5204996  3.1376080
[301]  5.1102586  1.2397017  4.4731871  0.5854262

$PAR
  [1]  NA   1   1   1   2   2   3   3   4   5   6   6   6   8   8   8   8   8
 [19]   9   9   9   9   9  11  11  11  12  12  12  14  15  16  16  17  17  18
 [37]  18  21  22  22  23  23  23  24  25  25  28  28  29  29  29  29  29  30
 [55]  30  31  31  31  31  31  31  31  31  33  33  33  33  33  33  35  36  37
 [73]  38  38  43  45  45  45  45  45  45  45  47  47  47  47  47  48  48  48
 [91]  50  50  50  50  51  51  51  52  56  57  57  58  58  58  63  63  64  64
[109]  65  66  68  71  73  74  84  84  87  88  88  89  90  92  94  97  99  99
[127]  99 100 100 100 100 100 101 101 104 107 107 108 108 109 110 115 116 116
[145] 118 120 121 121 121 122 125 125 125 125 125 127 127 127 128 128 128 128
[163] 128 130 132 133 134 134 136 138 138 139 139 145 149 152 154 155 158 159
[181] 159 159 159 160 160 161 161 161 162 166 166 167 167 169 174 175 176 176
[199] 178 180 180 181 181 181 184 185 185 186 186 187 187 187 188 193 194 197
[217] 197 198 198 200 200 201 202 202 203 203 203 205 206 207 207 207 207 208
[235] 212 214 217 220 220 225 226 226 226 227 230 231 232 232 233 236 238 238
[253] 238 239 241 243 243 243 243 243 245 245 246 246 248 248 249 249 249 249
[271] 252 254 257 259 261 261 261 261 261 262 263 267 267 268 268 269 270 272
[289] 275 275 275 276 277 282 284 284 290 290 291 291 294 297 299 300

$EXTANT
  [1] FALSE FALSE FALSE FALSE FALSE FALSE FALSE FALSE FALSE FALSE FALSE FALSE
 [13] FALSE FALSE FALSE FALSE FALSE FALSE FALSE FALSE FALSE FALSE FALSE FALSE
 [25] FALSE FALSE FALSE FALSE FALSE FALSE FALSE FALSE FALSE FALSE FALSE FALSE
 [37] FALSE FALSE FALSE FALSE FALSE FALSE FALSE FALSE FALSE FALSE FALSE FALSE
 [49] FALSE FALSE FALSE FALSE FALSE FALSE FALSE FALSE FALSE FALSE FALSE FALSE
 [61] FALSE FALSE  TRUE FALSE FALSE FALSE FALSE FALSE FALSE FALSE FALSE FALSE
 [73] FALSE FALSE FALSE FALSE FALSE FALSE FALSE FALSE FALSE FALSE FALSE FALSE
 [85] FALSE FALSE FALSE FALSE  TRUE  TRUE FALSE FALSE FALSE FALSE FALSE FALSE
 [97] FALSE FALSE FALSE FALSE FALSE FALSE FALSE FALSE FALSE  TRUE FALSE FALSE
[109] FALSE FALSE FALSE FALSE FALSE FALSE FALSE FALSE FALSE FALSE FALSE  TRUE
[121]  TRUE FALSE FALSE FALSE FALSE FALSE FALSE FALSE FALSE FALSE FALSE FALSE
[133] FALSE FALSE FALSE FALSE FALSE FALSE FALSE FALSE FALSE FALSE FALSE FALSE
[145] FALSE  TRUE FALSE FALSE  TRUE FALSE FALSE FALSE FALSE FALSE FALSE FALSE
[157] FALSE FALSE FALSE FALSE FALSE FALSE FALSE FALSE FALSE FALSE FALSE FALSE
[169] FALSE FALSE FALSE FALSE FALSE FALSE  TRUE FALSE FALSE FALSE FALSE FALSE
[181] FALSE FALSE FALSE FALSE FALSE FALSE FALSE FALSE FALSE FALSE FALSE FALSE
[193] FALSE FALSE FALSE FALSE FALSE FALSE FALSE FALSE FALSE FALSE FALSE FALSE
[205] FALSE FALSE FALSE FALSE FALSE FALSE FALSE FALSE FALSE FALSE FALSE FALSE
[217] FALSE FALSE  TRUE FALSE FALSE FALSE FALSE FALSE FALSE FALSE FALSE FALSE
[229] FALSE FALSE FALSE FALSE FALSE FALSE FALSE FALSE FALSE FALSE FALSE FALSE
[241] FALSE FALSE  TRUE FALSE FALSE FALSE FALSE  TRUE FALSE FALSE FALSE FALSE
[253] FALSE FALSE FALSE FALSE  TRUE  TRUE  TRUE  TRUE FALSE FALSE FALSE FALSE
[265]  TRUE  TRUE FALSE  TRUE  TRUE FALSE FALSE FALSE FALSE  TRUE  TRUE  TRUE
[277] FALSE  TRUE  TRUE FALSE FALSE FALSE FALSE  TRUE  TRUE FALSE  TRUE FALSE
[289] FALSE  TRUE  TRUE FALSE  TRUE FALSE FALSE  TRUE  TRUE  TRUE FALSE  TRUE
[301]  TRUE  TRUE  TRUE  TRUE

