
Birth-death simulation object with 290 species and 91 extant species

Details for some species:

Extinction times (NA means extant)
[1] 51.04745 42.54685 41.61491 38.02514 23.54455 34.00617


Speciation times 
[1] 52.75889 51.70884 48.30642 47.49412 46.30368 42.80228


Species parents (NA for initial)
[1] NA  1  2  3  3  4


Species status (extinct or extant)
[1] "extinct" "extinct" "extinct" "extinct" "extinct" "extinct"


For more details on vector y, try sim$y, with y one of
TE TS PAR EXTANT



$TE
  [1] 51.0474534 42.5468540 41.6149068 38.0251352 23.5445534 34.0061687
  [7] 14.4067100 34.7420373 36.8544183 17.7919127 41.3675361 33.5043408
 [13] 29.4639903 25.6007440 27.1635502 27.1555280 18.5150326 15.7383525
 [19]  9.5712022 19.5728127 18.7231975 14.2385130 14.5183470 13.7989092
 [25] 27.8964212 11.8115740 27.9896278 17.4915560 28.2270766 26.7639776
 [31] 16.8656305 27.2840152 25.9992502 23.0248459 18.8547969 15.5177223
 [37] 14.1455965 21.3533977 19.4413481 22.1205068 21.5823174 18.3238963
 [43] 14.0694481         NA 12.7729656 11.4348952 14.2477947  9.3446259
 [49] 20.8903902 22.5559385 13.1966697  9.8907548  3.0496097 26.5610338
 [55] 14.9899655 15.0988121  9.8984561 14.5582369 16.9876225 15.6142274
 [61] 16.4843076 12.8845674 17.4859633 20.8202879 18.8717837 19.7911859
 [67] 10.6888107 22.7728164 11.2544064 19.3442825 20.6683394 14.7173145
 [73] 13.0768781 22.8672815 11.7173232 13.9143648         NA         NA
 [79]  8.3844045 14.9355784 13.4466914 24.1581401 24.8999624 17.3560771
 [85]         NA 15.5550225 16.4039498 18.8453494 13.3803090  9.3954013
 [91]         NA  2.1819727  5.2077854 18.6054534 20.5942536 10.1752700
 [97] 20.4646790 17.8045120 15.5896129 14.2692862 18.8390413 12.5902065
[103] 19.7052893 15.3860969 12.5689350 16.7606850 12.7206865 13.5109527
[109] 17.6842611 15.9556586 17.8868390 16.6366127 16.9776471 15.9160652
[115] 13.6528619 23.3905357 20.4064022 11.0565218 13.8217812 12.1319463
[121]         NA  1.8475603         NA  2.6934889  0.1435974 22.9076196
[127] 22.9421150         NA  5.4473695         NA 26.6497679 19.0938585
[133] 17.8033173 12.7226797  0.2751196  9.7214430  0.1679152  9.6538437
[139]         NA         NA         NA 13.9100083  2.6820803 15.8553683
[145] 11.6120153  9.8132479 17.8165742 11.6754099 16.2682821 15.2941701
[151] 16.9685892 15.4157906 13.4550279         NA 12.6288475 12.9262247
[157] 11.0655174  5.7740161         NA         NA 22.8179851         NA
[163]  5.4858652         NA  4.5824156         NA  2.4703186  7.0402928
[169]  3.8732661         NA         NA  0.4598842         NA  3.6782925
[175]         NA  2.6525105         NA  2.0860066         NA  1.8504494
[181]         NA         NA         NA         NA         NA         NA
[187] 12.1121077 16.1927229  7.8287914 13.1923193 16.2695205         NA
[193] 13.8555004 11.4560041         NA  3.6553689         NA         NA
[199]  5.2467201         NA  5.4143469         NA         NA  5.1851033
[205]  1.8197711         NA         NA         NA  1.8615717         NA
[211]  2.0545001         NA         NA         NA         NA         NA
[217]         NA         NA         NA  1.3768399         NA  4.1946131
[223]         NA         NA         NA  1.0576411         NA         NA
[229]         NA         NA         NA 12.5666172  3.9968936 15.5219142
[235] 13.9291341 11.1116866 16.7729733 11.0950550 10.8160147  1.3383721
[241]  1.4669955  9.4432322         NA  4.0137383         NA         NA
[247]  1.3247095         NA  1.7964116  1.2557931  3.8156470         NA
[253]         NA         NA  2.3292671         NA         NA  2.6028111
[259]         NA         NA 16.2247990 13.2238256 11.9926642         NA
[265]  2.9667535         NA         NA         NA         NA         NA
[271]         NA         NA         NA         NA  1.6403431  2.4576603
[277]         NA         NA 14.0267159         NA  4.1535922         NA
[283]         NA         NA         NA         NA         NA         NA
[289]         NA         NA

$TS
  [1] 52.75889149 51.70884049 48.30642172 47.49411983 46.30368082 42.80228267
  [7] 41.53969828 39.90831169 36.97143933 29.63543665 41.71429486 36.10905472
 [13] 33.42390841 32.35986444 31.25611295 29.13575201 25.63929016 20.21467125
 [19] 17.69124596 28.42227735 25.91837463 25.77418991 20.32598619 18.13728003
 [25] 36.09686966 30.52356814 30.01099240 30.65364780 28.53427904 28.47345101
 [31] 26.56348316 30.38553504 28.39130819 27.65558316 25.30351435 24.91730312
 [37] 23.02813285 26.86673287 26.40247293 25.09211199 24.85445181 23.98929482
 [43] 19.31659705 18.79525509 15.76293949 17.25596183 15.62163122 15.44233327
 [49] 27.95574223 24.50605722 18.15109582 13.10239993 29.50630923 29.95148240
 [55] 25.49549594 24.87533308 18.30236716 28.18928726 26.26065921 22.03557595
 [61] 19.15969857 19.00347970 17.75194352 25.82675608 22.11390932 22.12186964
 [67] 20.11562103 23.30798603 21.66404082 23.59608867 20.91183061 20.74572840
 [73] 24.53156741 23.18647814 17.30591577 14.07364403  8.74408118  8.47496467
 [79]  8.39602662 15.00670920 14.74588447 27.64556831 26.60601433 23.91340285
 [85] 13.87507422 27.73493795 20.52184852 19.57741722 17.35740451 15.58489889
 [91]  8.40191387  8.19856200  7.37290156 21.49380484 23.70987634 11.10439478
 [97] 25.17714681 17.95652855 17.58022497 16.55538691 20.78069717 20.68671824
[103] 21.53689896 20.38849625 16.12823448 17.04130699 14.71151687 14.09420984
[109] 18.99546191 20.99296546 19.13665857 21.48575875 20.77392244 18.46314208
[115] 17.24880814 23.61621929 21.00585369 14.25788160 13.98345927 16.78957869
[121]  7.92152716  7.29420780  6.55870563  7.90584076  0.78483275 25.86658699
[127] 25.77115383  9.34664227  8.02983497  0.98775652 27.46412677 22.95046648
[133] 18.44347179 15.24059342 11.31635528 11.02259208 10.51683678  9.68095573
[139]  8.13393626  6.93664202  6.96949302 20.61557137 10.47609399 17.52813533
[145] 17.42413394 18.58416511 18.38018420 18.03974604 16.79496832 18.21024295
[151] 19.62523324 16.70116469 20.55347394 11.77644440 15.72507524 13.25292532
[157] 12.45308765  7.21214838  4.64301294  2.93285893 24.36530597  8.09069136
[163]  7.03768739  6.06363057  5.99047293  6.99820077  8.69607805  7.11923885
[169]  6.62876680  4.97578182  4.43438807  3.99547565  6.95724714  6.26160144
[175]  4.34332384  4.01619632  3.87014127  3.55903082  0.37559614  4.68436468
[181]  0.50587402  5.22331893  3.76148477  0.14045666  4.96597482  2.77493626
[187] 14.13586710 18.57278933 12.84261795 16.98428334 16.40862125 19.89681742
[193] 15.02026001 13.52403696  5.44915828  4.65224472  3.89192175  0.55845700
[199]  6.96135853  1.83030350  6.73221363  0.89852155  0.17258398  5.77337160
[205]  5.35799802  2.19320769  0.50384912  4.57915725  4.54680023  3.49845285
[211]  3.97497390  4.76528807  1.34223978  2.85831211  0.53451981  6.68876101
[217]  4.19117397  4.02843157  1.40904805  5.85857053  5.62655508  5.52873699
[223]  1.46184772  0.99219375  4.00390496  2.49726630  0.10615676  0.26448662
[229]  3.86260839  1.61979415  1.02945399 12.85447222  7.83486097 15.74587365
[235] 14.17635686 18.61923291 17.61244741 15.47170338 11.75231470  6.21123057
[241]  4.07574069 12.96622372  4.33247877  4.08458413  2.21679086  3.40321883
[247]  2.22518579  2.11506538  2.35812561  2.41911279  3.92474627  1.28989715
[253]  4.33233218  0.01047549  5.50563158  4.68947194  0.91472842  3.98819867
[259]  1.36407854  3.65393753 18.07037064 14.62400046 14.98188232 13.01433992
[265]  5.79831764  4.29011634  3.01013030  1.98995031  1.06291204  0.24786877
[271]  0.27519741  1.99891338  1.75002109  0.36692683  2.47582043  3.57657187
[277]  3.39466922  1.27566892 14.18906197  6.17043888  4.92792134  3.69248920
[283]  2.24582032  0.44848513  1.19381757  1.08815779  0.85506012  0.17836148
[289]  0.92230670  2.02223565

$PAR
  [1]  NA   1   2   3   3   4   5   5   5   5   6   6   7   7   7   7   7   7
 [19]   7  10  10  10  10  10  12  13  13  14  14  14  14  15  15  16  17  17
 [37]  17  20  20  20  21  22  22  22  22  23  23  23  26  26  26  26  27  28
 [55]  28  28  28  30  31  31  31  31  31  34  35  36  37  38  38  39  39  39
 [73]  41  41  43  43  44  44  44  48  48  49  49  50  51  53  53  53  53  53
 [91]  53  53  53  55  56  57  58  58  58  58  59  59  60  60  60  62  62  62
[109]  65  66  67  70  70  72  72  73  73  73  73  75  77  77  77  78  78  83
[127]  83  85  85  85  86  86  87  89  90  90  90  90  91  91  92  94  96  99
[145]  99 102 110 110 110 111 112 112 117 118 120 120 120 122 124 124 127 128
[163] 128 128 128 129 135 135 135 135 135 135 137 137 137 137 137 137 137 139
[181] 139 140 140 141 143 143 145 146 146 148 149 153 153 153 154 154 154 160
[199] 162 162 163 164 164 166 166 166 166 167 167 167 169 170 170 171 171 173
[217] 173 173 173 174 174 174 177 177 182 182 182 183 185 185 186 187 189 190
[235] 190 192 192 192 192 192 192 194 195 205 205 208 209 209 210 211 212 212
[253] 216 218 220 222 223 225 225 229 236 236 238 238 240 240 241 241 243 243
[271] 248 250 250 252 255 258 258 260 263 264 264 265 267 273 278 280 280 280
[289] 282 283

$EXTANT
  [1] FALSE FALSE FALSE FALSE FALSE FALSE FALSE FALSE FALSE FALSE FALSE FALSE
 [13] FALSE FALSE FALSE FALSE FALSE FALSE FALSE FALSE FALSE FALSE FALSE FALSE
 [25] FALSE FALSE FALSE FALSE FALSE FALSE FALSE FALSE FALSE FALSE FALSE FALSE
 [37] FALSE FALSE FALSE FALSE FALSE FALSE FALSE  TRUE FALSE FALSE FALSE FALSE
 [49] FALSE FALSE FALSE FALSE FALSE FALSE FALSE FALSE FALSE FALSE FALSE FALSE
 [61] FALSE FALSE FALSE FALSE FALSE FALSE FALSE FALSE FALSE FALSE FALSE FALSE
 [73] FALSE FALSE FALSE FALSE  TRUE  TRUE FALSE FALSE FALSE FALSE FALSE FALSE
 [85]  TRUE FALSE FALSE FALSE FALSE FALSE  TRUE FALSE FALSE FALSE FALSE FALSE
 [97] FALSE FALSE FALSE FALSE FALSE FALSE FALSE FALSE FALSE FALSE FALSE FALSE
[109] FALSE FALSE FALSE FALSE FALSE FALSE FALSE FALSE FALSE FALSE FALSE FALSE
[121]  TRUE FALSE  TRUE FALSE FALSE FALSE FALSE  TRUE FALSE  TRUE FALSE FALSE
[133] FALSE FALSE FALSE FALSE FALSE FALSE  TRUE  TRUE  TRUE FALSE FALSE FALSE
[145] FALSE FALSE FALSE FALSE FALSE FALSE FALSE FALSE FALSE  TRUE FALSE FALSE
[157] FALSE FALSE  TRUE  TRUE FALSE  TRUE FALSE  TRUE FALSE  TRUE FALSE FALSE
[169] FALSE  TRUE  TRUE FALSE  TRUE FALSE  TRUE FALSE  TRUE FALSE  TRUE FALSE
[181]  TRUE  TRUE  TRUE  TRUE  TRUE  TRUE FALSE FALSE FALSE FALSE FALSE  TRUE
[193] FALSE FALSE  TRUE FALSE  TRUE  TRUE FALSE  TRUE FALSE  TRUE  TRUE FALSE
[205] FALSE  TRUE  TRUE  TRUE FALSE  TRUE FALSE  TRUE  TRUE  TRUE  TRUE  TRUE
[217]  TRUE  TRUE  TRUE FALSE  TRUE FALSE  TRUE  TRUE  TRUE FALSE  TRUE  TRUE
[229]  TRUE  TRUE  TRUE FALSE FALSE FALSE FALSE FALSE FALSE FALSE FALSE FALSE
[241] FALSE FALSE  TRUE FALSE  TRUE  TRUE FALSE  TRUE FALSE FALSE FALSE  TRUE
[253]  TRUE  TRUE FALSE  TRUE  TRUE FALSE  TRUE  TRUE FALSE FALSE FALSE  TRUE
[265] FALSE  TRUE  TRUE  TRUE  TRUE  TRUE  TRUE  TRUE  TRUE  TRUE FALSE FALSE
[277]  TRUE  TRUE FALSE  TRUE FALSE  TRUE  TRUE  TRUE  TRUE  TRUE  TRUE  TRUE
[289]  TRUE  TRUE

