
Birth-death simulation object with 160 species and 35 extant species

Details for some species:

Extinction times (NA means extant)
[1] 24.27979 49.74430 35.05270 48.63900 39.96464 35.05554


Speciation times 
[1] 52.75889 51.47624 50.39196 49.53594 45.64450 41.70749


Species parents (NA for initial)
[1] NA  1  1  1  1  1


Species status (extinct or extant)
[1] "extinct" "extinct" "extinct" "extinct" "extinct" "extinct"


For more details on vector y, try sim$y, with y one of
TE TS PAR EXTANT



$TE
  [1] 24.2797935 49.7443038 35.0527004 48.6390049 39.9646414 35.0555412
  [7] 39.3484414 29.6666757 23.0104603 44.4255287 25.2825214 37.7533590
 [13] 33.8697530 39.3557196 17.7448599 44.8629351 26.3650276 36.5186519
 [19] 24.8554137 19.2701561 35.3143433 47.6088883 43.3977818 24.6192678
 [25] 26.3671028 17.3974911 15.5668625 10.1653127 22.3556973 19.4147920
 [31] 19.8076403 25.9843084 42.8356116 36.2911109 32.7169910 35.1900505
 [37] 20.7664666 15.6894992 18.7286280 18.5297666 17.0589442 24.5519771
 [43] 19.2308010 18.2549588 23.8905700 30.6445938 17.9884806 16.5211369
 [49] 18.0766956 14.4402046 14.7277432 14.9951319 12.1301153 12.5961808
 [55]  9.5449223 15.5871148 26.8478352 31.7054702 27.7422687 17.1864369
 [61] 13.9502053 18.8485910 13.2842921 16.3039491 17.8277703 12.7356284
 [67] 10.9508545 10.9457590 12.6778602 13.3288504 11.5426287 17.5145211
 [73] 14.1960726         NA 16.3582726 25.1929435 17.7561059 16.2273822
 [79] 17.3882937         NA  7.6154233  9.6214790 14.5838182 12.2430160
 [85] 13.3452413 12.3797526 15.0177720  5.4272004  0.3842432  2.0182040
 [91]         NA         NA  1.1517389 11.3856525         NA  4.9112979
 [97]         NA         NA  7.2410148  7.2764665         NA  9.6995609
[103] 11.8105532 11.7312726  7.1692641  2.4926957         NA 10.9962854
[109]  4.3418081  1.0831627         NA         NA         NA         NA
[115]  4.5519147  9.0194260  2.0871796         NA         NA  1.3819665
[121]  8.5756657 10.4971143  2.2123776  9.3955421         NA  6.2849971
[127]         NA  0.8158658         NA  0.9448364         NA  5.4664516
[133]         NA 10.6257998  5.0441490  7.5715563         NA  9.3134431
[139]  4.5304638  0.2039972  0.3247953         NA         NA         NA
[145]         NA  3.2294997         NA  2.5340916  1.5223656         NA
[151]         NA  4.1153213         NA         NA  3.7727008         NA
[157]         NA         NA         NA         NA

$TS
  [1] 52.7588915 51.4762372 50.3919598 49.5359388 45.6445030 41.7074907
  [7] 41.4293498 36.4931565 26.2381133 49.5879101 48.5655382 46.9030566
 [13] 43.9870170 40.1457593 37.6392064 45.1470213 38.5503270 37.0759048
 [19] 31.0147134 23.1820987 48.8700426 48.1951025 45.4789544 37.7950871
 [25] 30.0717741 29.2274897 28.6587219 28.6446002 28.0755266 26.7761825
 [31] 21.3199953 29.5404462 44.8086745 36.9786449 36.4783990 35.8657192
 [37] 26.5925259 21.0396153 20.5123533 19.0097018 17.2220086 26.1169365
 [43] 25.9091497 25.2074417 26.2102140 34.3743463 24.6111523 24.4704194
 [49] 21.8495711 18.6146204 20.4057317 20.1974351 22.1434338 21.6772196
 [55] 18.8266467 24.1032902 33.3897869 32.5758755 32.3922716 21.9659269
 [61] 15.1659651 19.0118605 17.6172466 19.1654730 21.2735420 16.3062405
 [67] 13.1099735 19.1066936 17.9708022 13.8681293 13.2772160 18.2010198
 [73] 16.7105390 11.7151212 19.8642657 31.1412655 21.6785605 19.5240887
 [79] 18.6247340 15.4105122 13.6760365 17.1248628 16.7060863 14.5201562
 [85] 13.6668437 15.6150019 18.1067901  8.0045849  6.2668895  4.7848870
 [91]  3.2742456  1.8768242  1.4768496 18.3515271  5.9688634  5.7942901
 [97]  5.3167444  3.2060247  8.8982662 11.0643209 10.8770180 15.6663492
[103] 13.0229077 12.3843990 13.0120627  4.2219484  2.0681545 11.8930688
[109]  4.5650605  3.5821806  0.9858195  0.7052111  4.3023716  2.2500518
[115] 10.4134209  9.5065524  8.0230752  6.2250542  4.0962687  4.0789215
[121] 13.7881957 12.2126267 10.4031331  9.8814930  0.1411731 11.7652001
[127]  2.4464846  2.0622492  7.2695824  6.0574710  5.3929394  5.8070959
[133]  5.6048334 11.1642996  8.3840753  7.9858114  2.8377791 11.6461927
[139]  8.4515159  0.5181711  3.6333385  2.0808902  1.7028805  0.7383977
[145]  5.6136278  6.1836565  5.9076060  5.5279490  2.7617107  4.9915130
[151]  4.4105843  5.6399762  5.5151522  4.5969691  4.0903362  3.4692857
[157]  1.1427565  0.8340514  3.9472884  0.9880996

$PAR
  [1]  NA   1   1   1   1   1   1   1   1   3   3   3   3   3   3   5   6   6
 [19]   8   9  10  11  12  12  15  15  15  15  15  15  15  19  21  21  24  24
 [37]  26  27  27  27  27  29  29  29  30  35  37  37  37  38  39  39  44  44
 [55]  44  45  46  46  46  47  50  51  51  52  53  53  53  54  54  54  54  55
 [73]  55  55  56  59  60  60  60  63  63  64  64  66  66  68  72  74  74  74
 [91]  74  74  74  78  80  80  80  80  81  82  82  83  84  84  86  89  91  94
[109]  95  95  95  95  97  98 100 100 101 101 101 101 102 103 105 105 107 108
[127] 113 114 115 115 115 117 118 121 123 123 123 126 126 127 129 129 129 129
[145] 130 135 135 135 137 145 145 146 146 147 147 153 153 153 154 154

$EXTANT
  [1] FALSE FALSE FALSE FALSE FALSE FALSE FALSE FALSE FALSE FALSE FALSE FALSE
 [13] FALSE FALSE FALSE FALSE FALSE FALSE FALSE FALSE FALSE FALSE FALSE FALSE
 [25] FALSE FALSE FALSE FALSE FALSE FALSE FALSE FALSE FALSE FALSE FALSE FALSE
 [37] FALSE FALSE FALSE FALSE FALSE FALSE FALSE FALSE FALSE FALSE FALSE FALSE
 [49] FALSE FALSE FALSE FALSE FALSE FALSE FALSE FALSE FALSE FALSE FALSE FALSE
 [61] FALSE FALSE FALSE FALSE FALSE FALSE FALSE FALSE FALSE FALSE FALSE FALSE
 [73] FALSE  TRUE FALSE FALSE FALSE FALSE FALSE  TRUE FALSE FALSE FALSE FALSE
 [85] FALSE FALSE FALSE FALSE FALSE FALSE  TRUE  TRUE FALSE FALSE  TRUE FALSE
 [97]  TRUE  TRUE FALSE FALSE  TRUE FALSE FALSE FALSE FALSE FALSE  TRUE FALSE
[109] FALSE FALSE  TRUE  TRUE  TRUE  TRUE FALSE FALSE FALSE  TRUE  TRUE FALSE
[121] FALSE FALSE FALSE FALSE  TRUE FALSE  TRUE FALSE  TRUE FALSE  TRUE FALSE
[133]  TRUE FALSE FALSE FALSE  TRUE FALSE FALSE FALSE FALSE  TRUE  TRUE  TRUE
[145]  TRUE FALSE  TRUE FALSE FALSE  TRUE  TRUE FALSE  TRUE  TRUE FALSE  TRUE
[157]  TRUE  TRUE  TRUE  TRUE

