
Birth-death simulation object with 90 species and 13 extant species

Details for some species:

Extinction times (NA means extant)
[1] 47.56030 34.65949 31.93549 43.09606 39.93569 33.40336


Speciation times 
[1] 52.75889 49.64838 48.18222 47.69662 41.23153 39.81488


Species parents (NA for initial)
[1] NA  1  2  2  2  2


Species status (extinct or extant)
[1] "extinct" "extinct" "extinct" "extinct" "extinct" "extinct"


For more details on vector y, try sim$y, with y one of
TE TS PAR EXTANT



$TE
 [1] 47.560297 34.659491 31.935493 43.096060 39.935690 33.403357 36.674117
 [8] 35.095830 44.040539 36.133166 27.437167 32.969458 23.868036 41.635208
[15] 27.369874 38.682311 31.429747 30.095971 25.893523 16.175218 21.886326
[22] 27.480886 28.169617 22.553536 17.913404 22.431585 12.205884 35.391029
[29] 32.179584 17.192718 30.705872 27.508573 11.336067 19.550313 27.205518
[36] 23.397879 15.750644 20.086865 20.533154 16.180504 26.584330 28.754601
[43] 17.626187 16.888582 17.489508 19.248075 15.521763 17.075313 10.568071
[50] 25.524381 18.560687 16.890283 18.379109 19.559588 16.514356 23.381461
[57]  6.184753 11.975446 20.179778 15.307936 21.763386 16.898602 15.632738
[64] 14.564979 19.556815 18.751135 16.709951 12.302682        NA 14.571340
[71] 14.361753 19.589357        NA        NA 11.562801 12.372589        NA
[78] 12.518090  4.101488        NA 13.481061        NA  5.379901        NA
[85]        NA        NA        NA        NA        NA        NA

$TS
 [1] 52.7588915 49.6483819 48.1822207 47.6966248 41.2315294 39.8148767
 [7] 45.1995703 40.2604683 47.3443896 37.4947231 36.3373080 34.6288752
[13] 33.4205720 43.8019296 40.3378351 38.7858474 37.2605691 35.5047869
[19] 33.6829051 33.1105414 28.6193597 33.2316214 31.8445158 28.5487640
[25] 27.6741693 42.8513371 32.0223901 36.4715715 33.8658321 30.1300147
[31] 33.4201638 27.5680828 32.4204701 29.4094135 28.7082063 24.5319395
[37] 17.1802036 24.5665259 23.5828394 28.5339715 27.8838175 29.9540995
[43] 25.7935541 17.0387672 26.2298603 22.8652456 21.6900575 28.6375790
[49] 27.3888628 26.3610877 22.0955775 19.0562157 21.9806978 21.4952521
[55] 16.6591818 23.7984766 23.4182865 21.9258385 21.4457680 18.6671398
[61] 25.5839679 21.7018088 17.2005448 16.9414032 20.9171939 18.8133943
[67] 18.6449715 14.3889747  6.3522606 17.4778024 16.0357087 21.1796012
[73]  5.8493834  4.3144728 15.1089408 14.6629704  3.0772654 14.0131926
[79] 14.5011645  0.5098820 13.6947948  6.9450030  6.6336199  5.9696668
[85]  4.5650125  5.5577961  1.5638744  1.1780305  0.4640013  0.2051344

$PAR
 [1] NA  1  2  2  2  2  3  3  4  6  6  6  6  7  7  7  7  8 11 11 11 13 13 13 13
[26] 14 15 17 17 18 19 19 20 20 20 20 20 21 21 22 22 26 26 27 30 30 33 34 34 34
[51] 43 43 45 45 47 48 48 48 48 48 49 49 49 52 57 57 57 57 57 58 58 62 69 69 70
[76] 70 73 75 76 77 79 79 79 79 79 84 84 84 84 87

$EXTANT
 [1] FALSE FALSE FALSE FALSE FALSE FALSE FALSE FALSE FALSE FALSE FALSE FALSE
[13] FALSE FALSE FALSE FALSE FALSE FALSE FALSE FALSE FALSE FALSE FALSE FALSE
[25] FALSE FALSE FALSE FALSE FALSE FALSE FALSE FALSE FALSE FALSE FALSE FALSE
[37] FALSE FALSE FALSE FALSE FALSE FALSE FALSE FALSE FALSE FALSE FALSE FALSE
[49] FALSE FALSE FALSE FALSE FALSE FALSE FALSE FALSE FALSE FALSE FALSE FALSE
[61] FALSE FALSE FALSE FALSE FALSE FALSE FALSE FALSE  TRUE FALSE FALSE FALSE
[73]  TRUE  TRUE FALSE FALSE  TRUE FALSE FALSE  TRUE FALSE  TRUE FALSE  TRUE
[85]  TRUE  TRUE  TRUE  TRUE  TRUE  TRUE

