
Birth-death simulation object with 252 species and 73 extant species

Details for some species:

Extinction times (NA means extant)
[1] 32.98261 33.44851 20.32721 34.04566 23.77866 11.28739


Speciation times 
[1] 52.75889 42.36594 39.20430 35.37609 41.12747 35.39918


Species parents (NA for initial)
[1] NA  1  1  1  2  2


Species status (extinct or extant)
[1] "extinct" "extinct" "extinct" "extinct" "extinct" "extinct"


For more details on vector y, try sim$y, with y one of
TE TS PAR EXTANT



$TE
  [1] 32.9826099 33.4485059 20.3272063 34.0456642 23.7786602 11.2873881
  [7] 15.2990898 10.9908910 25.7557327 19.2122209 15.2125497 36.3384745
 [13] 17.6615139 11.6474589 22.5722202 17.7301745 17.9055642 15.6651232
 [19] 24.2862047 19.4385199 25.1903115 28.7885700 23.7474860 23.3837193
 [25] 23.9350806 16.3339459 18.3425012 23.1049979 14.8660128 18.7214288
 [31] 19.1193931 10.1193652 13.6180219 12.7567653 27.8260250 18.9828182
 [37] 20.0974562 18.5371685 24.1912831 19.9838378 19.3595931 16.2445165
 [43] 27.5598639 16.0621085 15.1540540 20.3267551 20.2755367  9.4631850
 [49] 12.3940244 15.7211956 13.5328407  9.7180983 22.5029851 15.4173269
 [55] 18.5583025 18.7956680 14.6216595 13.6508660 12.5363808 24.2412020
 [61] 17.8444593 21.2902710 18.2992892 17.2714487 21.0269438 16.9848922
 [67] 22.7766560 15.8105791 22.2735677 17.7462967 18.5181811 14.4726449
 [73] 15.9206615 15.5617978 13.9319025 15.5948725 17.1474316 15.6659675
 [79] 18.7017900 15.9071654 12.1454501 18.0298722 20.6619004 17.9540070
 [85] 16.1239327 18.0133362 15.2420163 28.1954737  0.2581621 11.7659233
 [91] 13.0373614 20.5143591  6.6893532 18.0560093  1.9326646 16.5830719
 [97] 18.6447535 14.4465323 15.9948446 17.5327712 18.5659204 17.1738295
[103] 15.3906908 17.2588232 15.1410973         NA  5.1222660 15.8594254
[109] 11.4901644 17.5479378 15.5959071 13.5897651 15.6275641 11.5250369
[115]  9.7927365  2.6057207 10.5508720  9.9530590  7.4636258         NA
[121]  4.4817026 16.5538977 13.9897661 15.0121680 15.1353666 14.2399367
[127] 16.2230892  5.7610467  7.1406271         NA  1.6290964  7.3804733
[133] 14.7715318  7.7348269 10.6081585 10.5360147         NA         NA
[139]         NA  6.2893566  0.9464232  3.0551012  0.3917283 15.7869412
[145] 14.1265832 11.6848326 11.7775988  4.3447727  4.6078474         NA
[151]  4.7413266  3.8061703  1.1293905         NA  4.5860349         NA
[157]         NA         NA         NA  1.3031028  4.4662448  0.1804118
[163]  0.5173602         NA         NA         NA         NA         NA
[169]  3.4365781         NA 12.5659768  0.1944918  5.6216777  0.9275300
[175]         NA         NA  8.8766402         NA         NA  2.5251767
[181]         NA         NA  4.1882870  1.5165220  4.1158105  0.2959617
[187]         NA  1.5429196         NA         NA         NA         NA
[193]         NA         NA  2.9114997         NA         NA  1.0759032
[199] 13.3423824  0.4371308         NA  0.1530005         NA  1.2909670
[205]         NA         NA         NA  5.7627569         NA         NA
[211]         NA         NA         NA  0.9301664         NA         NA
[217]         NA         NA         NA         NA         NA 14.3537154
[223]         NA         NA  5.0196418  4.9964854         NA         NA
[229]  3.7381534         NA         NA         NA         NA         NA
[235]  7.3860301  5.4643480         NA         NA  4.8455606         NA
[241]  2.4866714         NA         NA         NA         NA         NA
[247]         NA         NA         NA         NA         NA         NA

$TS
  [1] 52.7588915 42.3659382 39.2043035 35.3760897 41.1274666 35.3991795
  [7] 33.8212226 33.7443858 32.6560126 30.4335533 21.9505130 38.3200371
 [13] 31.4623922 12.8282777 26.0819875 19.8293748 19.6566822 32.3871342
 [19] 28.9357102 23.5078013 32.0124157 29.1818339 27.3554183 30.0202467
 [25] 29.7748160 20.4457703 18.5630098 23.3798574 18.9616645 31.8793918
 [31] 23.2028038 20.3023474 24.9814921 21.1971751 29.5111555 26.6228835
 [37] 23.9975010 27.0880159 24.3258975 26.6529860 19.7604617 16.6206747
 [43] 31.6176662 30.3488752 25.0122884 21.0980253 20.6675001 20.1386719
 [49] 20.0165109 16.8713070 16.2031716 11.5643065 23.1875722 21.6727542
 [55] 20.7097392 18.9745190 16.2028072 15.7735290 14.6617659 28.9994883
 [61] 19.4111861 24.9966810 24.5196497 21.4384264 25.7700384 25.6674139
 [67] 23.2181045 29.5008539 27.9477244 20.3006874 18.7058569 15.9308694
 [73] 16.2106199 16.5862550 15.5918951 27.4770809 20.9526955 19.7353150
 [79] 18.8293934 17.9509006 24.5314154 23.8759335 21.5715312 20.2418456
 [85] 18.9481092 18.6696469 17.1413129 28.4867646 25.9082749 24.8137247
 [91] 23.9085617 21.4067496 19.1577046 18.6589059 14.2514970 17.8913677
 [97] 19.5440698 17.5911041 24.0870603 23.9803425 22.7087707 17.8142974
[103] 16.4526634 20.2346568 17.4309224 14.0544941 10.8168911 17.4535100
[109] 22.6135077 17.8194007 16.2049551 15.4397184 18.4827893 16.7201823
[115] 10.9693613 10.4371541 13.0477102  9.9615442  8.3761466  6.1355773
[121]  5.8473616 17.3773183 14.8103841 21.1084962 17.0205817 19.0157973
[127] 17.1469496  8.5459245  8.0993099  7.2099244  5.2054054  7.6874422
[133] 15.7241784 13.3482836 12.1399510 11.5919861  8.1485075  4.9540351
[139]  3.2279708  7.9663903  6.1341271  5.9371375  5.8878970 18.9970279
[145] 16.8851956 16.1147310 14.6320060  6.9895066  6.6455401  7.8445899
[151]  5.6157958  4.2593951 13.1648203 11.8363438 10.7379476  8.6568700
[157]  8.2832907  7.6291715  2.7756588  4.9381767  4.7699997  1.0652440
[163]  0.9208052  4.1783680  3.8563331  3.8970548  3.4806280  5.7534209
[169]  5.0872981  4.4268271 18.6481079  4.6406073  7.7978393  3.0592032
[175]  1.7127786  1.2730674 10.6318840  4.3640294  4.3084733  4.0464204
[181]  2.3674982  1.5445626  8.8681905  4.7560406  8.9224482  2.7077324
[187]  2.4724740  5.6001718  5.0186159  3.8717790  4.7613236  1.8819969
[193]  1.5275789  1.8402489  2.9597937  2.2376667  5.0156938  3.7757260
[199] 16.0158496  3.8608325  1.8102096  6.5263290  6.3448011  6.1643973
[205]  0.1734928  3.5202664  0.1002543  8.7203925  3.9884665  8.8717154
[211]  6.2378787  5.7010855  1.8958551  2.8130073  4.9269622  3.0928058
[217]  2.6779940  2.5281269  1.2884089  2.1286791  4.0356486 14.4814538
[223]  3.9239585  1.1947571  8.0102577  7.9963512  0.5304332  5.0868410
[229]  4.0950542  2.1947821  2.0276822  3.8063610  0.9735744  7.1674032
[235]  7.6341263  7.0668632  4.0159221  1.4389147  5.8442254  5.0975045
[241]  2.5634585  6.8540677  0.2069910  0.9187932  4.0654667  4.2792316
[247]  0.9409851  3.1076606  0.6568737  0.5182588  0.9103517  0.4986961

$PAR
  [1]  NA   1   1   1   2   2   3   3   3   3   3   5   6   6   7   7   7   8
 [19]   8   8   9   9   9  10  10  10  11  13  17  18  18  18  19  20  21  21
 [37]  23  24  24  25  26  29  30  30  30  30  30  30  31  32  32  32  33  33
 [55]  33  34  34  34  34  35  36  38  38  38  40  40  40  43  44  44  44  45
 [73]  48  50  51  60  63  64  64  64  65  65  65  66  66  66  66  68  68  68
 [91]  68  68  68  70  75  77  78  78  81  81  82  85  87  89  89  89  89  90
[109]  91  91  91  91  93  93  93  93  95  95  95  95  95  96  98  99  99 100
[127] 105 106 106 106 106 107 109 109 109 109 116 116 116 119 120 120 120 124
[145] 124 126 126 128 128 129 130 130 134 134 134 134 134 137 137 138 138 138
[163] 138 141 141 142 142 143 143 143 144 148 150 150 150 150 153 153 153 153
[181] 153 153 154 154 155 156 156 157 158 158 160 160 160 166 167 167 168 169
[199] 171 172 172 173 173 173 178 179 181 183 184 185 185 185 187 188 189 190
[217] 191 191 193 196 197 199 203 203 208 208 209 210 211 211 211 212 213 225
[235] 226 226 228 230 234 234 234 236 237 238 240 242 242 245 245 245 247 249

$EXTANT
  [1] FALSE FALSE FALSE FALSE FALSE FALSE FALSE FALSE FALSE FALSE FALSE FALSE
 [13] FALSE FALSE FALSE FALSE FALSE FALSE FALSE FALSE FALSE FALSE FALSE FALSE
 [25] FALSE FALSE FALSE FALSE FALSE FALSE FALSE FALSE FALSE FALSE FALSE FALSE
 [37] FALSE FALSE FALSE FALSE FALSE FALSE FALSE FALSE FALSE FALSE FALSE FALSE
 [49] FALSE FALSE FALSE FALSE FALSE FALSE FALSE FALSE FALSE FALSE FALSE FALSE
 [61] FALSE FALSE FALSE FALSE FALSE FALSE FALSE FALSE FALSE FALSE FALSE FALSE
 [73] FALSE FALSE FALSE FALSE FALSE FALSE FALSE FALSE FALSE FALSE FALSE FALSE
 [85] FALSE FALSE FALSE FALSE FALSE FALSE FALSE FALSE FALSE FALSE FALSE FALSE
 [97] FALSE FALSE FALSE FALSE FALSE FALSE FALSE FALSE FALSE  TRUE FALSE FALSE
[109] FALSE FALSE FALSE FALSE FALSE FALSE FALSE FALSE FALSE FALSE FALSE  TRUE
[121] FALSE FALSE FALSE FALSE FALSE FALSE FALSE FALSE FALSE  TRUE FALSE FALSE
[133] FALSE FALSE FALSE FALSE  TRUE  TRUE  TRUE FALSE FALSE FALSE FALSE FALSE
[145] FALSE FALSE FALSE FALSE FALSE  TRUE FALSE FALSE FALSE  TRUE FALSE  TRUE
[157]  TRUE  TRUE  TRUE FALSE FALSE FALSE FALSE  TRUE  TRUE  TRUE  TRUE  TRUE
[169] FALSE  TRUE FALSE FALSE FALSE FALSE  TRUE  TRUE FALSE  TRUE  TRUE FALSE
[181]  TRUE  TRUE FALSE FALSE FALSE FALSE  TRUE FALSE  TRUE  TRUE  TRUE  TRUE
[193]  TRUE  TRUE FALSE  TRUE  TRUE FALSE FALSE FALSE  TRUE FALSE  TRUE FALSE
[205]  TRUE  TRUE  TRUE FALSE  TRUE  TRUE  TRUE  TRUE  TRUE FALSE  TRUE  TRUE
[217]  TRUE  TRUE  TRUE  TRUE  TRUE FALSE  TRUE  TRUE FALSE FALSE  TRUE  TRUE
[229] FALSE  TRUE  TRUE  TRUE  TRUE  TRUE FALSE FALSE  TRUE  TRUE FALSE  TRUE
[241] FALSE  TRUE  TRUE  TRUE  TRUE  TRUE  TRUE  TRUE  TRUE  TRUE  TRUE  TRUE

